0,26.0
25,26.0
50,26.0
24,26.0
23,26.0
22,26.0
51,26.0
21,26.0
20,26.0
26,26.0
19,26.0
52,26.0
17,26.0
16,26.0
15,26.0
14,26.0
53,26.0
13,26.0
54,26.0
18,26.0
27,26.0
49,26.0
48,26.0
37,26.0
39,26.0
36,26.0
35,26.0
40,26.0
34,26.0
33,26.0
32,26.0
41,26.0
31,26.0
30,26.0
42,26.0
43,26.0
44,26.0
45,26.0
46,26.0
29,26.0
47,26.0
28,26.0
55,26.0
56,26.0
38,26.0
10,26.0
6,26.0
61,26.0
7,26.0
8,26.0
9,26.0
5,26.0
4,26.0
3,26.0
60,26.0
59,26.0
57,26.0
12,26.0
2,26.0
58,26.0
1,26.0
11,26.0
62,26.0
21,112.6
0,112.8
55,114.3
59,114.5
53,115.7
33,115.8
36,116.0
41,116.3
17,117.1
58,117.3
9,117.9
37,118.3
13,118.7
56,119.3
39,119.4
1,123.8
2,124.3
29,126.1
60,126.5
8,126.6
12,129.7
16,132.7
42,133.1
3,134.3
40,134.3
5,135.6
27,135.7
47,136.0
10,138.2
28,138.5
52,139.4
11,139.4
31,140.3
37,141.0
41,144.8
56,145.4
29,145.5
60,146.7
12,147.1
61,147.7
32,147.8
49,147.9
53,147.9
15,148.0
36,148.1
55,148.6
34,148.9
13,152.1
3,152.6
23,155.2
42,157.6
40,158.2
0,159.1
27,161.3
28,161.7
5,161.9
38,162.7
6,162.8
1,163.5
47,165.5
52,165.9
8,166.1
9,166.8
30,168.6
56,174.9
61,176.5
11,176.8
26,178.1
53,178.9
45,181.3
37,184.6
12,187.3
36,187.7
60,190.4
29,191.1
3,194.3
41,194.5
55,195.1
24,196.4
17,196.8
52,198.0
42,198.5
56,199.3
28,199.4
59,199.5
27,199.5
31,199.8
40,200.1
39,200.2
37,200.3
12,200.4
49,201.0
10,201.0
58,201.1
47,201.5
8,201.7
32,201.8
16,201.8
29,203.3
2,204.0
0,204.2
5,204.4
60,206.3
11,206.6
21,209.3
30,209.4
3,211.4
41,212.4
12,214.3
29,216.7
55,218.2
42,218.3
56,219.1
13,219.9
47,221.0
28,221.2
37,222.3
52,222.9
27,225.9
10,227.0
53,261.7
60,267.4
12,270.5
29,271.0
42,273.6
3,273.8
37,274.4
41,274.5
56,276.7
5,277.0
34,280.2
11,280.6
31,280.6
55,281.5
52,282.3
12,282.8
10,282.9
28,283.1
29,283.3
60,283.8
40,283.9
47,284.8
30,285.5
27,286.9
13,290.0
3,291.7
37,292.8
42,293.0
41,293.4
29,296.5
56,297.1
12,297.5
5,298.1
34,300.3
40,301.1
60,305.8
55,309.4
13,310.0
12,318.7
29,326.9
42,330.6
41,487.0
33,511.8
27,521.8
40,537.0
47,537.3
31,543.3
11,543.5
28,554.4
3,557.3
52,581.9
33,650.8
53,651.1
56,654.0
55,656.0
37,656.4
11,657.1
8,657.5
10,657.7
36,658.0
17,658.9
31,659.0
41,659.2
13,661.3
60,662.0
29,662.0
27,663.7
12,664.3
28,664.6
59,666.1
3,666.8
58,667.1
39,667.2
52,667.8
42,668.3
47,670.2
5,670.3
49,670.6
40,670.7
30,671.4
37,673.2
56,674.1
29,675.6
34,676.8
12,677.2
10,677.2
11,677.5
60,678.5
41,679.5
55,679.7
53,679.9
3,682.4
32,682.5
13,683.0
31,683.1
28,683.4
0,683.6
27,683.8
36,686.1
52,686.4
29,687.9
42,688.5
40,688.5
16,689.3
9,690.9
1,691.2
56,691.5
5,692.5
61,693.0
8,693.1
21,693.3
47,694.1
34,695.7
6,697.7
23,698.5
12,699.4
3,700.8
37,701.1
15,701.7
38,703.8
29,710.8
45,711.8
42,712.2
60,712.7
40,717.6
0,718.5
2,727.9
53,730.8
27,731.3
41,734.2
60,736.2
37,736.2
56,737.5
28,740.0
10,740.6
12,741.3
3,742.1
55,742.4
29,742.8
42,743.0
11,745.1
52,745.1
8,746.2
31,747.2
30,748.5
47,748.8
40,751.9
5,752.3
60,753.1
41,754.0
37,754.3
12,756.3
56,757.0
29,757.5
34,757.8
27,758.9
39,761.1
58,761.3
3,761.6
10,761.6
28,763.6
42,765.1
47,768.9
52,771.0
40,773.2
12,778.3
33,805.5
60,808.6
17,810.1
29,816.7
3,818.2
37,818.4
53,818.4
42,819.2
41,820.3
12,820.8
5,821.6
56,822.0
59,822.9
21,823.1
60,823.7
11,825.2
52,826.7
55,826.9
28,828.2
10,829.5
29,829.7
47,829.7
34,830.2
27,831.4
40,833.7
12,834.1
13,836.2
3,836.2
37,836.8
31,837.1
0,837.3
42,838.4
30,838.5
41,838.8
36,839.9
56,842.5
60,842.8
29,843.9
52,846.2
39,848.2
12,848.6
11,849.2
10,856.1
40,864.1
42,873.3
29,881.7
8,888.8
3,897.2
60,897.7
53,898.3
52,898.3
28,899.4
41,899.6
37,900.0
47,900.4
29,900.9
12,901.0
27,901.4
55,902.1
5,902.1
56,902.6
42,903.5
2,905.9
34,906.2
0,906.6
10,909.4
40,909.8
11,911.4
21,912.3
29,914.1
3,914.6
60,914.7
31,915.8
12,916.0
47,917.6
28,918.8
37,919.9
30,920.4
5,922.2
52,922.5
56,923.9
42,924.1
27,925.4
41,928.1
40,928.6
34,928.7
29,933.0
23,935.9
32,936.2
12,938.7
60,949.8
17,1139.9
53,1149.7
13,1178.1
33,1191.5
52,1239.7
36,1265.1
11,1270.0
33,1276.3
53,1276.7
17,1277.9
56,1280.0
8,1281.1
39,1281.8
55,1282.0
37,1282.7
59,1283.2
3,1285.2
26,1285.6
58,1285.7
41,1285.7
10,1285.9
13,1286.7
60,1287.2
31,1287.3
29,1287.7
47,1288.7
27,1289.8
12,1290.1
28,1291.7
52,1292.4
0,1292.5
42,1293.8
36,1294.6
21,1295.1
32,1295.1
11,1295.1
5,1296.0
30,1296.1
40,1297.2
35,1298.3
37,1299.5
56,1300.3
3,1301.0
29,1301.7
34,1302.6
53,1303.3
60,1303.8
12,1303.9
55,1305.8
10,1305.8
47,1306.5
41,1307.7
2,1308.6
23,1310.4
27,1310.9
28,1311.0
52,1311.5
13,1312.1
31,1312.3
42,1314.3
49,1314.8
40,1316.0
8,1317.0
16,1317.5
32,1318.6
5,1319.5
1,1319.5
9,1320.1
11,1320.8
34,1321.9
61,1321.9
3,1323.2
36,1323.6
15,1325.3
37,1328.5
56,1328.7
29,1328.9
17,1329.1
12,1329.5
0,1330.4
38,1331.7
42,1336.5
60,1337.7
53,1345.2
40,1345.4
28,1346.6
45,1348.8
3,1352.5
41,1359.8
60,1361.3
39,1361.3
8,1361.7
37,1361.9
52,1362.2
56,1364.3
27,1364.3
47,1365.3
10,1365.7
29,1366.1
12,1366.3
55,1367.2
42,1368.5
3,1371.0
11,1372.1
28,1372.2
17,1373.5
30,1373.8
53,1374.2
31,1376.7
5,1377.1
2,1379.8
60,1379.8
12,1381.0
29,1381.2
37,1381.4
40,1381.6
41,1381.8
56,1383.4
52,1384.5
34,1385.8
10,1386.2
47,1389.7
42,1394.1
3,1395.7
29,1397.0
33,1429.4
12,1441.1
42,1441.9
60,1442.5
37,1444.1
56,1444.2
53,1444.4
41,1445.5
29,1445.6
28,1447.4
40,1448.0
5,1449.2
11,1450.2
55,1451.0
52,1451.6
27,1452.0
3,1452.8
12,1453.2
10,1454.8
31,1456.3
47,1456.9
13,1457.3
29,1458.7
60,1459.9
34,1460.9
36,1463.1
42,1463.2
37,1463.3
56,1463.4
30,1464.3
41,1464.8
40,1465.3
12,1467.7
28,1470.0
5,1470.8
52,1472.6
3,1473.7
29,1475.5
11,1475.5
47,1478.5
10,1479.8
42,1502.8
58,1511.4
39,1511.8
17,1511.9
60,1514.5
0,1517.8
37,1523.9
41,1524.2
21,1526.0
12,1526.8
29,1527.5
56,1527.5
55,1527.9
42,1529.8
40,1530.2
60,1530.3
3,1532.2
27,1532.6
34,1533.6
52,1533.9
10,1535.7
28,1537.1
47,1537.5
2,1539.8
5,1540.1
29,1540.1
11,1540.9
12,1541.9
37,1542.8
41,1543.4
31,1545.5
40,1548.3
56,1548.5
42,1550.8
30,1551.2
60,1551.4
3,1552.8
34,1557.1
23,1560.6
29,1561.8
12,1564.6
32,1570.3
53,1752.4
41,1782.4
55,1792.8
13,1800.7
27,1814.1
8,1816.9
33,1817.6
59,1825.9
36,1870.1
52,1878.6
47,1878.7
11,1889.5
28,1890.8
53,1901.3
33,1901.7
17,1902.6
36,1902.9
56,1904.4
8,1905.1
39,1905.3
58,1905.8
55,1906.1
37,1906.2
40,1907.0
59,1908.0
41,1909.4
31,1910.6
60,1910.7
13,1911.0
10,1911.0
29,1912.4
5,1913.8
27,1913.9
12,1915.3
0,1916.1
3,1917.4
11,1917.6
52,1918.2
2,1918.3
42,1918.6
32,1918.6
21,1918.9
28,1919.3
30,1919.8
47,1920.4
37,1923.2
56,1925.0
29,1926.2
34,1926.9
60,1927.5
40,1927.7
12,1929.3
53,1929.6
41,1929.8
55,1930.0
10,1930.8
36,1931.2
5,1931.4
3,1933.5
49,1933.6
6,1934.5
23,1935.1
31,1935.2
27,1935.8
13,1937.0
16,1937.5
52,1938.1
42,1939.2
9,1939.4
28,1940.2
11,1941.1
8,1942.6
1,1943.5
32,1943.5
47,1945.1
40,1945.7
61,1947.2
34,1947.9
15,1949.2
37,1950.5
17,1952.5
29,1953.4
0,1954.0
56,1954.6
3,1956.0
38,1958.5
60,1958.8
42,1962.2
45,1965.5
27,1972.4
53,1982.7
12,1986.0
60,1987.6
37,1988.7
56,1988.8
28,1989.2
41,1990.3
8,1991.2
29,1992.1
3,1992.3
5,1992.5
52,1994.4
55,1994.7
42,1996.5
2,1996.7
10,1998.6
47,1999.3
12,1999.5
30,2000.2
11,2000.3
27,2003.7
31,2004.6
60,2005.1
29,2005.6
37,2007.5
56,2008.0
40,2008.3
3,2012.5
28,2013.1
34,2014.2
5,2014.4
39,2016.2
12,2016.9
41,2018.6
47,2020.6
0,2021.7
52,2023.2
42,2023.3
29,2023.6
33,2055.1
17,2057.8
58,2059.9
60,2060.4
12,2066.1
37,2068.8
53,2068.9
41,2069.9
56,2070.4
10,2070.8
29,2071.4
40,2074.7
55,2076.0
60,2076.9
3,2077.5
52,2077.6
27,2077.7
42,2077.7
12,2078.4
28,2081.2
47,2081.7
11,2082.2
13,2084.2
29,2085.3
5,2085.9
37,2087.9
34,2088.9
41,2089.5
30,2090.0
56,2090.7
10,2090.9
40,2092.0
12,2093.5
31,2096.5
3,2098.1
59,2098.5
36,2098.7
42,2100.7
60,2100.8
29,2101.3
52,2102.1
47,2103.7
21,2148.2
60,2148.5
37,2150.2
41,2150.5
55,2152.0
29,2152.1
12,2152.1
56,2152.8
5,2153.3
42,2153.5
28,2153.6
3,2156.8
40,2157.3
27,2157.9
52,2158.7
11,2159.1
34,2160.5
2,2160.7
47,2161.8
10,2161.9
0,2162.4
29,2164.7
60,2166.2
12,2167.4
31,2169.9
41,2170.0
37,2170.6
30,2171.6
56,2173.6
42,2174.2
5,2175.1
28,2176.2
3,2177.3
40,2177.8
52,2185.6
29,2185.9
12,2189.9
53,2404.3
55,2481.3
27,2501.0
33,2516.3
17,2517.1
8,2518.7
58,2519.1
39,2519.3
11,2521.3
13,2522.5
60,2525.5
53,2527.2
36,2529.6
56,2530.7
55,2531.8
37,2532.9
59,2533.8
41,2535.2
10,2535.5
31,2536.5
47,2536.6
26,2536.7
29,2538.2
27,2539.6
12,2540.5
28,2542.3
3,2542.7
0,2542.8
52,2543.6
60,2544.3
42,2544.5
34,2545.1
2,2545.8
30,2545.9
11,2546.6
5,2546.9
21,2547.0
32,2547.2
40,2548.2
33,2549.5
35,2549.5
37,2550.2
56,2551.2
29,2552.2
13,2552.9
17,2553.5
47,2554.2
8,2554.3
12,2554.6
55,2555.7
10,2555.8
41,2556.3
53,2558.0
36,2558.2
3,2558.8
39,2559.8
31,2561.0
27,2561.9
52,2563.2
28,2563.2
58,2564.0
16,2564.8
49,2564.9
42,2565.2
34,2565.3
60,2565.5
40,2567.3
1,2569.8
9,2569.9
61,2571.9
6,2572.6
5,2574.3
15,2575.3
23,2576.2
37,2580.0
0,2581.2
29,2581.3
12,2581.4
27,2600.4
3,2605.4
56,2607.5
53,2608.3
8,2609.4
60,2612.3
28,2612.8
37,2613.3
10,2614.4
2,2614.8
42,2615.1
47,2616.0
41,2616.1
12,2616.1
29,2616.2
0,2617.9
21,2619.3
55,2620.3
11,2620.5
52,2620.7
45,2621.9
3,2622.1
30,2623.7
27,2625.4
31,2626.2
5,2626.4
56,2626.7
29,2629.5
60,2629.6
12,2630.9
37,2631.7
28,2632.1
39,2633.6
42,2633.7
10,2634.1
47,2636.1
3,2640.7
58,2642.5
41,2643.5
29,2645.5
59,2651.8
33,2679.9
17,2684.8
60,2687.8
56,2689.0
42,2690.3
12,2691.3
53,2693.0
52,2693.6
37,2694.0
41,2694.8
29,2695.5
40,2697.8
28,2697.8
55,2700.3
27,2700.5
34,2700.9
3,2701.0
13,2701.4
31,2703.0
12,2703.5
60,2703.7
10,2705.1
47,2705.3
5,2707.6
56,2708.2
29,2709.1
42,2709.8
52,2712.9
37,2712.9
41,2715.0
40,2715.6
12,2716.3
3,2720.0
13,2721.2
34,2723.4
29,2724.3
28,2724.6
58,2730.2
60,2731.2
40,2735.2
42,2738.2
12,2770.6
29,2771.6
56,2773.2
52,2773.5
60,2773.9
53,2774.2
10,2774.9
41,2775.3
37,2775.6
47,2776.2
55,2777.0
5,2777.3
42,2778.7
27,2779.0
0,2779.4
3,2780.0
11,2780.9
2,2781.1
28,2783.6
29,2784.2
12,2784.6
31,2784.8
60,2791.8
21,2792.3
56,2792.5
30,2793.8
47,2794.0
40,2794.0
10,2794.7
41,2794.9
37,2795.7
52,2796.9
5,2797.3
29,2798.3
3,2798.7
42,2799.3
34,2801.1
12,2801.5
27,2805.2
55,3045.7
29,3125.6
33,3138.8
17,3138.9
36,3139.4
8,3140.5
39,3140.6
58,3140.8
59,3141.5
11,3141.8
31,3142.9
32,3145.2
53,3145.4
56,3146.8
28,3148.0
38,3148.1
40,3148.2
55,3149.0
37,3149.1
13,3149.9
41,3152.0
0,3152.3
2,3153.2
24,3154.0
21,3154.8
27,3155.0
60,3155.6
30,3156.2
33,3156.3
42,3157.1
23,3157.2
17,3157.6
9,3158.5
8,3159.1
59,3159.2
36,3159.6
29,3159.7
49,3159.7
52,3159.9
26,3160.1
39,3160.1
35,3161.0
58,3161.1
3,3161.4
16,3161.9
11,3163.2
53,3163.4
31,3163.6
18,3163.6
10,3163.8
47,3164.3
1,3164.4
50,3164.7
45,3164.9
7,3165.2
6,3165.3
61,3165.7
56,3167.3
15,3167.3
57,3167.4
12,3167.8
55,3168.7
37,3169.6
13,3169.6
51,3169.9
25,3170.6
32,3171.0
14,3171.0
28,3171.2
20,3171.3
38,3171.4
22,3171.6
34,3171.7
4,3172.1
40,3172.2
0,3172.5
48,3172.9
54,3173.1
41,3174.3
27,3174.9
24,3175.2
2,3175.2
60,3175.3
46,3175.7
21,3176.1
43,3176.5
62,3177.1
59,3177.3
5,3177.4
42,3177.9
30,3178.4
33,3178.4
29,3178.8
8,3179.0
17,3179.7
9,3179.9
19,3180.6
49,3181.4
36,3182.4
52,3182.5
58,3182.7
3,3182.7
39,3184.1
53,3184.3
26,3184.6
23,3184.9
35,3185.3
44,3187.3
47,3188.0
1,3188.2
31,3189.1
0,3195.1
11,3202.7
41,3209.3
8,3219.3
9,3222.5
56,3223.1
59,3223.2
53,3225.8
33,3226.6
55,3226.8
29,3226.9
21,3227.3
13,3228.7
17,3229.0
2,3229.1
58,3229.8
39,3231.8
27,3235.7
36,3235.8
60,3237.1
41,3237.3
0,3237.4
11,3237.7
42,3243.8
8,3244.3
12,3249.4
56,3250.0
53,3250.5
9,3257.1
52,3258.7
29,3260.2
2,3261.3
21,3266.8
58,3280.0
0,3286.8
33,3299.0
17,3299.7
27,3301.4
49,3301.7
59,3302.0
55,3302.2
37,3303.3
31,3303.5
13,3303.6
53,3304.2
32,3306.8
60,3307.0
39,3307.1
58,3307.4
36,3307.5
8,3307.7
56,3308.4
28,3308.5
30,3309.3
38,3311.2
35,3311.3
41,3311.8
2,3312.3
0,3312.6
21,3313.0
11,3313.8
10,3317.1
42,3317.3
29,3318.0
33,3318.3
40,3319.0
16,3319.1
47,3319.6
9,3320.0
17,3321.3
3,3322.1
52,3322.5
53,3323.1
59,3323.3
24,3323.6
55,3323.7
37,3324.2
27,3324.8
26,3324.9
34,3325.4
1,3325.5
12,3325.5
14,3325.6
6,3326.8
45,3326.9
43,3327.2
31,3327.3
13,3327.3
22,3327.9
60,3328.3
49,3330.3
61,3330.5
8,3331.0
15,3331.1
56,3331.6
39,3332.4
18,3332.8
58,3333.7
51,3333.8
36,3334.3
5,3334.4
23,3334.5
28,3335.2
4,3336.4
50,3336.7
32,3337.5
57,3337.6
0,3338.1
30,3338.1
41,3339.8
20,3340.0
38,3340.4
21,3340.5
29,3340.8
2,3342.1
42,3342.2
37,3343.0
40,3343.5
25,3343.6
11,3344.7
35,3344.8
48,3346.3
9,3346.3
53,3346.4
59,3346.5
55,3347.1
3,3348.4
47,3348.4
33,3348.6
24,3350.4
10,3350.6
27,3351.5
52,3351.5
16,3351.6
60,3352.3
62,3352.8
12,3352.9
54,3353.4
46,3354.4
17,3354.8
1,3355.1
7,3355.4
13,3357.1
26,3358.9
49,3360.2
43,3361.6
8,3362.3
44,3362.8
45,3365.2
22,3368.0
29,3373.4
41,3379.9
58,3380.1
39,3380.7
53,3381.7
56,3381.9
33,3386.1
0,3387.5
2,3387.9
17,3388.2
21,3388.7
8,3388.9
36,3390.5
55,3390.8
9,3390.9
59,3391.4
37,3392.2
42,3395.1
13,3395.3
60,3397.1
11,3397.3
27,3402.2
53,3403.0
58,3406.4
35,3406.8
56,3407.5
12,3409.0
52,3409.3
29,3409.7
0,3422.0
2,3422.2
60,3423.8
8,3431.5
9,3446.7
39,3470.2
41,3556.6
37,3573.8
17,3583.8
31,3584.0
15,3590.7
14,3592.5
51,3593.4
4,3593.9
30,3594.0
40,3594.3
33,3596.8
38,3603.8
28,3603.8
61,3604.0
23,3607.0
3,3607.3
5,3610.0
34,3610.8
59,3612.9
21,3613.6
49,3613.7
6,3616.6
0,3616.9
9,3618.2
10,3618.6
8,3619.1
47,3619.3
37,3619.3
1,3619.8
32,3622.0
19,3624.4
53,3625.5
55,3625.8
45,3626.5
41,3626.7
40,3626.7
29,3627.9
14,3628.3
56,3628.5
13,3629.4
16,3629.5
17,3630.1
42,3631.5
2,3631.8
30,3632.3
24,3632.3
25,3632.4
33,3632.5
38,3633.0
27,3633.0
60,3633.4
51,3633.9
15,3634.6
54,3635.4
52,3636.0
31,3636.1
58,3636.4
26,3636.7
48,3637.3
35,3637.4
12,3637.7
62,3637.7
43,3637.8
4,3638.1
36,3639.3
59,3639.9
61,3640.4
3,3640.6
28,3640.8
11,3640.9
39,3641.2
50,3641.4
18,3641.6
20,3642.5
7,3642.7
21,3642.7
49,3643.0
0,3643.2
5,3643.9
34,3645.1
9,3645.8
47,3646.6
44,3646.9
10,3647.5
6,3647.5
55,3647.7
46,3648.0
37,3648.0
1,3648.1
8,3648.2
57,3648.8
41,3648.8
53,3649.5
23,3649.6
29,3650.0
13,3650.2
40,3651.4
32,3651.7
56,3651.8
22,3651.8
42,3653.3
24,3653.7
38,3654.6
14,3655.2
30,3655.6
16,3655.8
2,3655.8
27,3655.9
19,3656.7
17,3657.2
33,3658.0
51,3658.6
45,3658.9
31,3659.1
60,3659.9
52,3660.8
15,3661.2
12,3661.3
35,3662.4
58,3662.6
59,3663.0
26,3664.0
21,3665.1
0,3665.4
54,3665.8
61,3667.3
3,3669.0
28,3671.0
43,3671.1
9,3672.3
41,3680.7
29,3681.0
53,3685.5
20,3695.3
36,3765.4
39,3765.9
8,3766.0
37,3768.1
55,3768.4
13,3769.8
17,3771.6
53,3773.2
33,3773.6
11,3775.0
59,3775.3
56,3777.4
58,3777.8
40,3779.6
41,3781.3
42,3783.0
31,3783.4
0,3783.9
21,3784.7
27,3785.0
60,3786.3
2,3786.3
18,3786.6
8,3788.0
39,3788.0
36,3789.3
49,3790.8
28,3791.3
32,3791.5
30,3791.7
55,3792.4
47,3792.6
29,3793.0
1,3793.5
52,3793.9
35,3795.1
13,3795.2
37,3795.8
38,3796.2
53,3796.5
10,3797.2
17,3798.0
9,3798.3
26,3798.4
59,3798.7
6,3799.7
50,3800.7
62,3801.2
33,3801.4
23,3801.7
3,3803.3
56,3806.5
11,3807.0
41,3807.7
16,3808.4
34,3809.0
12,3810.7
0,3811.6
58,3812.7
24,3812.8
27,3813.0
42,3813.4
5,3813.6
40,3814.5
60,3815.1
61,3815.6
8,3815.9
31,3815.9
21,3817.0
39,3817.5
20,3818.0
2,3819.7
15,3820.5
55,3821.1
14,3821.1
49,3821.3
51,3821.8
36,3822.0
29,3822.1
37,3823.1
13,3824.2
57,3824.6
53,3825.4
43,3825.4
45,3825.5
47,3825.6
18,3825.8
59,3826.0
52,3826.6
28,3826.9
38,3827.2
1,3827.4
30,3827.5
9,3831.8
17,3832.7
35,3832.8
32,3835.2
41,3835.4
4,3837.0
7,3837.2
44,3839.6
10,3840.5
0,3840.7
3,3841.0
33,3843.5
8,3843.7
56,3844.0
42,3844.6
21,3846.7
26,3846.9
27,3847.8
58,3848.1
55,3850.7
31,3851.0
53,3851.2
40,3852.0
39,3852.5
29,3852.7
60,3852.7
17,3852.8
23,3853.2
2,3853.3
59,3854.5
36,3854.7
13,3855.5
22,3859.1
37,3861.1
41,3861.4
28,3862.5
49,3862.7
0,3862.8
24,3863.1
1,3866.0
8,3866.5
12,3868.7
42,3874.3
43,3875.2
21,3876.1
53,3878.2
3,3878.7
27,3878.9
9,3886.7
47,3889.8
29,3890.2
17,3925.0
33,3925.0
56,3926.4
39,3926.6
59,3927.2
55,3928.1
58,3928.8
31,3933.0
53,3933.9
2,3934.4
8,3935.2
32,3936.0
36,3936.5
35,3939.1
13,3939.5
60,3940.1
41,3943.7
0,3943.8
52,3945.7
30,3946.1
21,3946.2
37,3946.9
33,3948.2
17,3949.6
12,3950.0
59,3950.7
56,3951.8
27,3952.7
39,3952.8
29,3956.4
10,3956.9
55,3957.0
53,3960.6
42,3961.0
58,3961.6
28,3962.7
9,3963.4
8,3970.9
2,3971.8
36,3973.7
0,3978.6
13,3979.3
41,3984.7
12,3994.2
31,3994.4
1,3999.9
32,4001.2
56,4003.7
21,4004.3
60,4004.5
33,4009.6
17,4009.8
53,4010.4
59,4011.0
11,4011.2
36,4011.5
8,4011.6
39,4011.6
55,4013.3
58,4014.0
13,4016.0
38,4016.4
16,4016.4
27,4016.7
37,4016.9
31,4017.2
0,4017.4
41,4017.7
2,4018.4
3,4019.2
52,4020.1
35,4020.4
29,4021.4
30,4022.5
28,4023.0
42,4023.7
10,4024.8
40,4025.4
56,4025.6
26,4026.0
12,4026.4
61,4027.3
60,4029.6
32,4029.7
21,4030.9
53,4031.5
9,4032.6
59,4033.1
17,4033.2
49,4033.7
6,4034.7
33,4034.8
8,4035.4
39,4037.0
36,4038.6
47,4039.1
55,4039.2
11,4040.5
24,4040.7
1,4041.6
50,4042.0
37,4042.7
34,4042.9
18,4043.2
52,4043.5
27,4043.8
13,4044.4
0,4044.7
38,4046.1
57,4046.7
41,4047.4
31,4048.2
14,4049.0
29,4049.1
58,4049.2
51,4049.8
3,4050.9
62,4051.9
43,4052.3
16,4052.5
2,4053.5
23,4054.4
12,4054.9
35,4056.4
42,4057.4
5,4057.8
56,4058.3
45,4058.9
20,4059.2
40,4060.7
28,4060.8
30,4060.9
48,4061.6
59,4061.8
53,4062.6
21,4063.6
60,4064.6
61,4065.9
8,4067.4
9,4067.6
46,4068.1
49,4068.5
15,4069.1
0,4074.2
1,4081.7
22,4089.0
44,4092.5
2,4094.1
42,4096.8
29,4098.6
23,4099.3
21,4101.4
0,4129.5
41,4164.8
55,4199.1
17,4201.0
37,4206.9
13,4209.3
39,4221.9
38,4234.6
3,4236.9
27,4243.8
36,4244.4
6,4245.8
26,4251.0
19,4252.4
24,4252.7
47,4253.6
10,4257.8
53,4261.9
25,4266.0
17,4266.9
4,4268.9
0,4270.7
49,4271.8
55,4272.9
37,4273.5
59,4274.3
12,4275.4
31,4278.5
58,4279.3
14,4279.4
38,4280.2
3,4280.7
28,4280.7
52,4280.9
27,4282.1
61,4283.4
56,4283.8
9,4283.8
48,4285.3
33,4285.3
40,4285.5
21,4286.4
51,4287.4
24,4290.1
47,4291.2
30,4291.3
1,4292.5
26,4294.8
62,4295.3
60,4295.6
13,4296.1
2,4297.1
42,4297.5
8,4297.5
41,4298.3
57,4298.4
10,4298.9
0,4299.1
43,4299.6
53,4300.2
29,4300.8
35,4300.9
50,4301.3
11,4301.6
5,4301.7
37,4302.1
55,4302.1
49,4302.2
59,4302.7
54,4303.1
39,4303.3
46,4303.5
36,4303.8
32,4304.3
22,4304.7
15,4305.1
16,4305.2
17,4306.4
18,4306.6
38,4307.7
45,4307.8
23,4308.0
7,4308.7
4,4309.0
31,4309.1
25,4309.5
34,4310.0
3,4310.3
28,4310.8
12,4311.2
14,4311.6
9,4312.2
27,4312.3
20,4312.7
21,4313.2
40,4313.2
56,4313.8
33,4313.9
6,4313.9
52,4314.1
47,4314.5
19,4314.7
24,4315.3
51,4315.6
58,4316.0
61,4317.0
13,4317.2
42,4318.8
41,4319.0
44,4319.3
1,4320.1
48,4320.2
60,4320.3
30,4320.6
0,4321.2
26,4321.4
29,4321.6
8,4321.7
55,4322.9
2,4323.3
59,4323.7
53,4324.2
37,4325.6
57,4328.2
10,4329.0
49,4329.1
35,4329.2
62,4329.8
43,4330.4
5,4333.2
39,4334.5
15,4336.9
9,4339.2
21,4355.8
41,4366.6
58,4374.3
53,4389.7
17,4390.3
36,4390.4
33,4392.1
31,4397.7
28,4399.3
39,4399.5
40,4399.5
27,4400.1
8,4400.2
58,4400.8
41,4401.4
59,4402.0
2,4402.6
21,4402.7
56,4405.0
0,4405.6
38,4406.9
37,4407.4
42,4408.0
55,4408.8
53,4409.9
18,4410.3
60,4411.2
36,4414.2
17,4414.3
30,4415.7
9,4416.4
13,4417.5
24,4419.1
3,4419.6
23,4420.7
47,4420.8
33,4421.5
12,4426.5
35,4426.6
1,4428.0
41,4428.6
39,4429.7
27,4430.0
59,4430.1
8,4430.9
31,4431.3
16,4431.8
28,4433.0
20,4435.0
2,4435.0
10,4435.7
61,4436.3
40,4437.9
0,4438.3
52,4439.6
21,4439.9
58,4440.6
56,4441.8
49,4443.6
37,4444.0
29,4444.6
53,4445.2
42,4447.8
38,4447.9
55,4447.9
60,4449.8
22,4449.9
17,4450.5
62,4453.3
36,4454.1
14,4454.6
9,4455.7
32,4456.8
13,4458.9
59,4460.1
57,4462.1
15,4466.0
18,4466.0
24,4466.4
8,4468.2
41,4468.2
27,4468.8
0,4469.3
39,4469.5
35,4470.3
3,4470.9
30,4471.8
53,4473.6
2,4473.8
33,4474.8
56,4475.6
43,4475.8
31,4476.7
58,4476.8
36,4477.7
23,4477.9
28,4478.4
1,4478.6
21,4479.1
17,4479.3
12,4480.1
6,4480.8
42,4482.2
55,4482.7
47,4483.4
37,4485.3
59,4485.9
51,4486.6
10,4486.8
13,4487.5
8,4488.3
48,4488.7
60,4488.9
26,4493.1
52,4493.3
27,4493.5
0,4493.6
40,4494.3
53,4495.4
49,4495.7
41,4495.7
9,4496.5
39,4497.6
29,4497.8
32,4498.3
38,4498.5
2,4500.8
3,4501.6
24,4501.9
30,4502.0
56,4502.8
35,4503.1
33,4504.8
31,4506.8
16,4508.2
21,4508.9
12,4510.3
58,4510.4
28,4511.2
36,4512.5
14,4514.2
42,4514.3
55,4516.8
37,4521.1
1,4523.6
43,4523.9
0,4527.5
23,4530.4
2,4549.4
53,4550.3
8,4551.1
17,4552.6
27,4560.8
59,4563.3
39,4564.1
33,4564.5
56,4566.1
0,4566.9
21,4567.3
36,4567.9
29,4569.7
58,4570.4
41,4570.5
31,4571.6
53,4572.3
42,4573.1
28,4574.0
9,4574.5
52,4576.6
8,4577.7
2,4578.0
49,4578.6
55,4581.5
12,4586.5
60,4589.5
30,4589.8
0,4611.2
53,4615.0
27,4617.5
41,4628.2
17,4630.3
3,4630.7
37,4632.6
59,4632.6
53,4635.7
36,4637.1
39,4637.7
8,4638.1
56,4639.8
33,4640.7
2,4641.3
31,4641.7
10,4642.5
58,4642.7
21,4642.8
0,4642.8
42,4645.1
13,4645.5
28,4645.6
27,4645.9
52,4646.0
55,4646.2
30,4650.9
60,4652.9
47,4653.3
35,4653.4
38,4654.1
41,4655.2
17,4655.3
12,4656.5
59,4657.7
53,4658.1
37,4662.1
3,4662.7
32,4662.7
36,4664.8
9,4665.0
40,4665.2
39,4665.5
8,4665.8
1,4666.1
51,4666.1
16,4666.3
49,4668.5
52,4669.7
29,4671.0
56,4671.5
33,4671.5
24,4672.1
2,4672.2
48,4674.1
26,4674.3
0,4675.8
42,4676.8
31,4677.8
21,4678.3
27,4679.4
13,4680.7
28,4681.6
58,4682.4
55,4685.3
12,4686.2
10,4687.4
59,4689.4
53,4690.4
60,4691.7
23,4693.0
43,4693.9
38,4695.5
35,4695.8
37,4697.5
47,4697.7
41,4698.8
14,4699.5
17,4704.1
8,4704.1
30,4705.3
18,4705.4
3,4706.1
40,4706.8
49,4706.9
6,4708.1
29,4708.6
36,4710.1
9,4710.6
4,4711.0
39,4713.6
0,4715.6
2,4716.0
56,4717.3
22,4718.9
1,4719.4
61,4722.3
42,4723.4
24,4726.5
59,4728.6
21,4729.4
45,4733.7
58,4736.7
55,4737.4
57,4741.8
41,4742.3
53,4745.4
15,4749.4
62,4752.3
20,4754.1
0,4756.0
27,4757.8
2,4766.0
60,4767.4
21,4779.1
12,4780.1
9,4784.0
41,4785.1
59,4786.2
5,4788.0
1,4816.7
51,4816.8
42,4820.4
2,4825.1
46,4830.0
34,4837.9
52,4842.5
55,4851.0
40,4852.4
54,4855.9
21,4856.8
32,4861.5
0,4862.2
11,4863.2
41,4865.0
24,4866.5
29,4870.4
30,4870.5
15,4871.1
27,4871.5
61,4872.6
59,4875.4
13,4879.5
43,4879.7
42,4880.4
9,4881.2
53,4881.5
38,4882.3
50,4883.1
4,4884.4
33,4885.7
44,4885.9
56,4886.0
34,4886.5
16,4886.8
39,4886.8
31,4887.6
55,4888.1
8,4889.1
14,4890.1
49,4890.6
47,4891.0
2,4891.1
12,4891.1
28,4891.9
35,4892.7
23,4893.9
37,4894.5
60,4894.6
58,4895.5
3,4895.8
0,4896.2
17,4896.3
21,4896.7
36,4896.8
51,4897.6
18,4899.3
6,4900.0
40,4900.1
41,4900.3
52,4900.5
1,4900.8
54,4901.2
24,4901.3
26,4901.5
62,4902.6
48,4902.9
59,4903.2
29,4904.2
11,4904.3
5,4904.3
27,4904.6
20,4905.7
10,4906.1
13,4907.2
30,4907.7
42,4908.1
9,4908.3
57,4908.6
45,4908.9
61,4909.0
53,4909.0
38,4909.6
15,4910.0
7,4910.7
32,4912.0
19,4912.1
55,4912.7
8,4912.9
25,4913.4
46,4914.3
56,4914.9
22,4915.9
31,4916.1
49,4916.4
50,4916.9
47,4917.3
33,4917.8
37,4917.9
34,4918.0
14,4918.7
21,4919.2
39,4919.4
0,4919.5
16,4919.6
4,4920.1
2,4920.4
12,4920.4
43,4920.7
35,4922.6
3,4923.1
58,4923.1
28,4923.2
51,4923.6
24,4924.3
60,4924.3
41,4924.3
17,4924.7
23,4925.0
36,4926.0
40,4927.5
44,4927.9
1,4929.4
26,4929.6
59,4929.8
52,4930.6
29,4930.7
18,4931.6
27,4933.0
13,4936.5
42,4936.7
62,4938.6
9,4938.9
53,4939.2
6,4940.1
20,4964.8
21,4968.7
0,4980.5
8,5016.6
55,5022.3
53,5022.8
30,5025.6
17,5025.8
10,5028.0
59,5028.6
21,5028.8
2,5029.0
39,5029.1
58,5029.7
0,5029.8
56,5031.2
28,5031.5
36,5031.6
41,5033.2
61,5033.9
33,5034.2
15,5034.6
31,5034.7
42,5034.9
27,5036.2
60,5036.6
38,5037.1
13,5038.0
8,5041.1
47,5043.4
3,5044.6
37,5044.6
53,5046.7
9,5046.7
49,5050.0
57,5050.7
24,5052.9
59,5053.4
55,5053.9
17,5054.2
1,5054.6
2,5055.6
21,5056.4
18,5056.5
35,5056.5
6,5057.4
5,5058.4
20,5058.6
28,5059.8
0,5060.5
30,5060.6
39,5061.8
41,5061.9
10,5062.4
51,5062.9
16,5063.1
12,5063.7
40,5065.0
58,5065.7
29,5066.5
60,5066.7
36,5066.9
42,5070.1
19,5071.0
56,5071.6
14,5071.9
32,5072.5
48,5072.7
38,5073.4
61,5074.4
27,5076.4
8,5078.4
31,5079.3
26,5079.7
59,5079.8
23,5081.1
62,5081.6
13,5082.7
9,5082.9
37,5083.8
33,5085.6
3,5085.9
24,5086.7
53,5086.8
49,5088.1
15,5088.6
21,5089.3
43,5090.1
17,5090.6
47,5090.9
0,5091.4
55,5092.4
52,5092.8
2,5093.2
41,5093.8
28,5095.0
18,5095.8
1,5096.1
40,5099.1
35,5100.7
8,5100.9
30,5101.0
56,5101.4
36,5102.0
31,5102.6
53,5102.6
60,5102.6
39,5103.0
58,5103.3
42,5104.2
59,5104.6
10,5105.5
29,5105.8
27,5106.2
13,5107.9
51,5108.0
38,5108.6
33,5109.4
5,5109.6
22,5109.8
16,5111.0
3,5111.1
21,5111.1
34,5112.7
14,5113.0
12,5113.1
0,5114.1
17,5114.4
32,5114.8
48,5115.3
26,5117.0
2,5117.7
9,5118.1
24,5118.6
50,5119.3
6,5120.4
37,5120.5
28,5120.8
20,5121.8
55,5122.4
41,5123.1
25,5123.2
53,5124.8
49,5125.3
8,5126.3
56,5128.3
52,5128.5
42,5130.8
31,5130.9
43,5131.0
47,5131.1
1,5132.1
35,5134.1
30,5134.2
13,5136.4
59,5138.9
29,5139.2
39,5179.4
36,5179.5
58,5180.2
0,5181.7
21,5181.9
60,5182.0
53,5182.7
33,5182.7
17,5186.9
8,5188.0
2,5191.0
56,5191.3
10,5191.6
59,5191.6
12,5195.2
42,5197.4
41,5199.4
13,5201.8
28,5205.9
27,5207.8
55,5208.0
53,5210.7
52,5214.7
58,5215.1
39,5215.2
9,5215.6
0,5216.9
36,5218.5
21,5220.0
12,5220.3
35,5227.6
15,5227.9
38,5228.2
60,5230.2
24,5232.1
2,5242.2
41,5246.1
17,5253.0
33,5255.5
59,5255.8
53,5255.8
31,5257.7
30,5259.2
8,5262.1
61,5264.1
28,5264.5
56,5264.7
36,5265.2
39,5266.1
58,5266.7
21,5266.8
3,5266.8
0,5267.3
42,5267.7
2,5267.8
13,5268.3
12,5269.4
55,5269.6
10,5269.6
27,5269.7
16,5272.6
60,5273.5
41,5274.4
37,5275.3
53,5275.7
38,5275.9
35,5276.3
24,5276.8
17,5276.9
40,5277.7
48,5278.0
59,5279.7
9,5281.0
51,5281.1
1,5283.8
33,5283.9
31,5284.0
52,5284.6
18,5285.9
29,5288.1
15,5288.4
30,5288.7
8,5288.9
32,5289.1
12,5291.0
6,5291.8
23,5291.9
36,5293.1
56,5293.9
28,5294.0
57,5294.1
14,5294.4
20,5295.5
0,5296.2
49,5296.4
13,5296.6
47,5296.8
3,5297.0
26,5297.8
21,5298.6
27,5299.4
39,5299.7
42,5299.7
58,5299.9
55,5300.2
2,5300.8
24,5302.3
10,5303.0
50,5303.8
53,5305.8
37,5306.1
59,5306.7
5,5307.1
41,5308.4
60,5308.6
17,5308.8
61,5309.4
16,5309.7
4,5309.8
43,5312.8
48,5313.3
38,5313.6
40,5314.2
52,5314.3
34,5315.7
9,5317.8
51,5318.8
31,5319.1
29,5319.4
62,5320.3
1,5321.9
35,5322.6
8,5322.8
33,5324.8
0,5326.1
28,5328.1
49,5329.1
47,5330.4
3,5330.8
15,5330.8
22,5331.8
21,5332.0
42,5334.7
2,5339.8
23,5342.0
45,5342.1
44,5343.9
41,5352.1
53,5362.4
20,5373.0
59,5476.7
14,5483.0
13,5487.3
55,5498.6
58,5500.9
24,5508.9
27,5511.8
11,5513.6
54,5515.3
30,5516.7
10,5520.3
43,5525.0
12,5525.4
32,5527.6
56,5527.8
18,5528.7
26,5529.5
36,5530.3
7,5534.8
46,5535.2
13,5537.3
55,5537.8
53,5538.0
5,5538.1
2,5542.7
24,5543.1
25,5543.4
9,5543.9
39,5545.1
51,5545.1
49,5545.4
0,5546.0
29,5546.7
3,5547.1
33,5547.1
41,5547.6
28,5549.6
47,5549.7
31,5550.2
1,5550.6
27,5551.3
58,5552.2
42,5552.3
38,5553.0
37,5553.7
21,5554.3
6,5554.6
61,5555.4
16,5556.2
12,5558.3
40,5558.3
59,5558.6
56,5559.2
22,5559.4
50,5560.7
52,5561.4
60,5561.6
14,5561.7
57,5561.7
54,5562.5
15,5562.5
8,5562.7
19,5563.1
35,5563.2
34,5563.9
55,5564.0
20,5564.5
11,5564.7
23,5564.8
17,5565.4
4,5565.4
26,5566.8
30,5567.0
43,5568.3
13,5568.5
24,5568.6
48,5568.7
5,5568.9
62,5569.0
53,5569.1
36,5569.5
10,5569.5
49,5570.4
2,5570.5
9,5570.8
0,5571.4
44,5571.6
45,5572.1
29,5573.3
3,5573.5
32,5573.7
33,5574.1
18,5574.1
51,5574.7
41,5574.8
28,5574.9
27,5575.0
47,5576.1
39,5577.0
46,5577.5
21,5577.6
42,5577.8
1,5578.1
31,5578.2
38,5578.6
37,5578.8
7,5579.1
59,5580.2
58,5581.0
61,5581.8
25,5582.0
16,5583.9
12,5584.3
40,5584.5
55,5586.6
6,5587.1
56,5587.8
60,5588.4
52,5589.9
15,5591.2
8,5591.4
17,5592.8
53,5598.3
9,5599.8
21,5626.8
0,5633.4
2,5635.4
41,5636.0
20,5643.2
53,5647.9
59,5649.8
27,5650.8
8,5650.8
21,5654.1
28,5654.3
39,5654.9
30,5658.6
0,5659.0
17,5659.3
42,5660.2
36,5661.1
31,5661.2
2,5661.2
60,5664.4
41,5664.7
24,5672.2
56,5673.7
53,5676.5
29,5681.1
59,5683.0
27,5686.2
1,5693.1
15,5693.8
62,5694.1
8,5694.7
37,5694.9
9,5701.8
0,5710.4
58,5712.8
23,5716.4
41,5717.9
60,5720.2
59,5723.4
2,5723.9
53,5724.8
13,5725.7
10,5726.5
8,5727.4
28,5728.1
39,5728.5
3,5729.3
31,5729.9
21,5730.6
17,5733.3
36,5733.4
35,5734.2
42,5734.8
27,5734.9
0,5735.1
33,5736.1
30,5736.5
61,5736.9
56,5736.9
6,5737.0
55,5738.5
26,5738.9
37,5739.1
47,5740.2
49,5741.4
24,5743.5
16,5743.7
32,5744.7
41,5745.1
15,5745.3
53,5745.9
20,5746.1
60,5748.1
1,5748.2
51,5748.7
59,5749.7
2,5750.2
8,5750.6
29,5750.8
48,5750.9
58,5751.0
13,5755.1
28,5755.5
12,5756.7
10,5756.8
38,5756.9
31,5757.0
40,5757.2
9,5757.3
52,5757.4
21,5758.3
39,5758.3
3,5759.0
43,5759.1
14,5759.7
4,5759.8
18,5760.2
7,5760.5
22,5760.6
0,5760.6
5,5761.1
42,5763.5
27,5764.1
56,5767.3
57,5767.6
17,5767.9
23,5768.2
55,5768.3
36,5770.2
37,5770.9
24,5771.2
30,5771.4
35,5772.2
19,5772.5
49,5773.0
62,5774.6
41,5774.9
53,5775.1
34,5775.3
61,5775.7
47,5776.5
29,5777.2
26,5778.8
59,5779.1
33,5780.6
16,5780.9
32,5782.0
8,5782.1
60,5782.3
50,5782.4
25,5783.1
6,5783.2
15,5783.2
58,5783.7
1,5784.1
51,5784.2
2,5784.8
21,5786.6
0,5787.1
13,5789.1
40,5789.6
28,5789.8
48,5790.2
38,5790.4
31,5790.6
12,5791.1
44,5794.9
9,5796.6
10,5799.7
42,5800.0
14,5800.4
56,5800.8
39,5801.7
53,5803.6
55,5804.0
27,5804.6
30,5805.3
8,5806.5
29,5810.0
28,5811.8
31,5812.3
20,5812.4
41,5812.9
33,5813.4
2,5813.6
24,5813.7
59,5813.9
21,5817.1
0,5818.4
60,5821.0
13,5825.2
52,5829.5
53,5830.1
12,5834.0
39,5838.2
42,5839.1
17,5840.9
23,5871.4
8,5881.7
36,5884.8
56,5885.2
53,5887.1
27,5890.2
10,5890.9
0,5892.3
28,5893.1
31,5893.2
2,5893.2
21,5893.5
29,5894.1
37,5894.7
39,5895.0
24,5895.7
32,5897.3
41,5898.5
17,5898.6
42,5899.3
3,5899.6
59,5900.0
60,5901.6
13,5901.7
30,5901.8
48,5902.9
35,5903.6
58,5904.0
8,5905.9
6,5905.9
9,5906.7
47,5908.5
12,5911.0
53,5911.0
33,5911.5
52,5911.8
15,5913.9
36,5915.7
55,5916.3
24,5916.5
29,5917.3
27,5917.5
49,5918.0
31,5918.3
56,5920.2
0,5922.1
26,5924.8
16,5924.8
28,5925.1
1,5925.4
37,5925.9
2,5926.6
10,5926.8
61,5926.9
21,5927.1
43,5927.6
39,5927.7
59,5928.7
22,5929.6
20,5931.4
42,5932.0
41,5932.8
23,5933.7
3,5935.2
38,5935.4
51,5936.0
17,5937.3
60,5938.7
13,5939.3
8,5942.8
12,5943.2
29,5944.4
48,5944.5
40,5945.2
30,5947.0
53,5947.9
47,5948.7
24,5949.5
0,5951.2
5,5951.6
32,5951.8
9,5952.6
31,5952.7
55,5953.1
58,5954.1
14,5954.5
18,5955.2
52,5955.7
27,5955.9
35,5956.7
15,5958.7
49,5958.7
37,5961.0
1,5961.8
21,5964.3
57,5965.4
56,5965.8
59,5967.1
62,5967.9
16,5971.5
42,5973.3
41,5975.3
2,5976.1
38,5977.8
60,5978.1
33,5978.4
39,5978.6
61,5979.7
13,5980.8
17,5981.1
43,5982.2
29,5983.3
36,5985.5
23,5986.2
0,5987.3
34,5988.2
53,5988.4
55,5991.2
20,5994.6
40,5996.3
10,5997.1
24,6001.6
12,6002.8
59,6004.5
9,6005.3
21,6005.6
35,6008.3
15,6009.1
8,6012.0
42,6012.5
14,6013.1
3,6014.9
51,6015.4
1,6016.1
58,6017.9
28,6018.2
56,6018.6
44,6021.1
0,6025.1
37,6025.6
41,6026.4
6,6027.1
2,6030.2
38,6033.4
29,6035.1
26,6036.4
13,6038.5
27,6039.1
21,6044.8
53,6047.7
24,6047.7
33,6051.3
9,6051.3
8,6054.8
59,6054.9
45,6055.0
49,6055.4
31,6056.5
30,6061.3
5,6063.2
0,6065.1
55,6066.4
12,6067.0
40,6068.3
47,6072.5
42,6075.3
3,6077.3
1,6078.8
58,6079.0
60,6079.7
13,6080.0
14,6080.0
2,6080.6
38,6082.4
36,6082.7
28,6083.2
37,6083.9
51,6085.2
41,6086.1
53,6086.6
52,6086.9
9,6088.5
39,6089.9
56,6092.0
43,6094.0
34,6095.5
7,6097.0
46,6098.5
35,6099.2
11,6099.4
17,6099.9
29,6100.4
8,6102.2
33,6102.5
24,6102.6
21,6103.7
49,6103.8
48,6104.7
59,6104.8
10,6105.1
0,6105.4
40,6105.4
16,6105.7
27,6106.0
6,6106.4
31,6106.7
23,6107.6
55,6108.7
30,6108.8
54,6109.2
4,6110.4
45,6111.7
22,6112.3
5,6112.6
62,6113.0
42,6113.7
32,6114.5
3,6114.7
47,6115.2
15,6115.6
61,6115.7
26,6117.0
12,6117.1
13,6118.1
53,6118.7
57,6119.6
41,6119.8
44,6119.9
37,6120.4
38,6120.5
58,6121.8
2,6121.9
1,6122.6
9,6122.9
51,6123.2
19,6123.4
14,6123.4
52,6124.3
50,6124.8
28,6125.7
39,6125.9
60,6126.0
56,6126.5
24,6127.5
29,6127.6
36,6128.1
18,6128.8
20,6129.0
21,6129.3
25,6129.6
11,6131.4
0,6131.9
8,6132.3
49,6132.5
34,6132.8
35,6133.6
33,6133.8
55,6134.1
59,6134.7
40,6134.8
31,6135.1
43,6135.2
27,6136.5
17,6137.2
16,6138.5
6,6141.0
30,6141.5
42,6143.8
48,6144.9
23,6146.4
61,6147.5
41,6147.9
62,6151.0
15,6152.2
37,6155.6
9,6156.0
53,6164.5
52,6175.9
0,6189.3
29,6213.0
40,6260.5
13,6264.5
2,6267.3
53,6270.4
32,6271.1
26,6271.7
8,6272.2
10,6272.3
39,6273.2
31,6274.7
28,6275.5
58,6277.6
21,6278.6
0,6278.7
3,6278.7
56,6279.2
30,6279.5
42,6281.5
51,6281.6
24,6281.7
59,6281.8
27,6281.9
17,6282.4
47,6282.4
6,6283.6
33,6283.9
4,6284.0
22,6284.0
1,6286.6
5,6287.6
35,6287.7
38,6288.0
55,6288.4
12,6288.7
29,6290.5
43,6290.5
60,6291.1
53,6291.1
13,6291.4
2,6291.4
37,6291.9
48,6292.8
49,6293.5
8,6293.7
57,6295.6
36,6296.5
11,6296.8
14,6298.6
10,6299.2
31,6299.4
7,6299.6
9,6300.0
28,6300.6
26,6301.0
52,6301.3
46,6301.4
15,6302.5
45,6302.9
0,6303.5
16,6304.0
41,6304.1
40,6304.5
39,6304.7
21,6305.0
24,6305.6
32,6305.8
50,6306.0
58,6306.5
3,6306.6
42,6307.0
59,6307.6
25,6307.8
56,6308.4
30,6308.6
23,6309.4
27,6309.4
34,6309.7
61,6309.7
47,6310.1
51,6311.0
17,6312.4
18,6313.7
38,6314.0
55,6314.3
33,6315.2
53,6315.4
29,6317.5
6,6317.6
35,6318.1
2,6319.2
44,6319.7
12,6319.9
19,6319.9
62,6319.9
1,6320.3
13,6320.3
20,6320.5
60,6320.8
37,6321.8
8,6322.2
22,6324.1
5,6324.7
0,6327.7
40,6329.3
9,6329.7
43,6329.8
36,6330.1
54,6330.4
21,6330.6
57,6331.1
41,6331.2
59,6334.1
49,6334.4
15,6334.4
39,6340.7
61,6342.9
58,6346.8
28,6347.3
53,6348.4
56,6348.9
8,6350.9
27,6352.4
31,6352.4
30,6353.2
2,6354.7
42,6360.0
29,6361.3
21,6361.4
6,6362.4
0,6363.9
10,6372.7
53,6374.0
8,6379.5
29,6389.9
2,6397.7
28,6399.1
27,6418.6
56,6424.8
31,6426.3
13,6430.2
8,6430.8
17,6430.9
53,6430.9
51,6431.7
26,6432.3
32,6433.5
28,6433.6
2,6435.5
3,6435.6
55,6436.2
0,6438.3
21,6438.4
24,6439.6
35,6440.2
33,6440.8
30,6441.2
42,6441.2
12,6441.5
10,6442.9
6,6443.5
29,6444.3
27,6444.5
52,6444.5
48,6444.6
31,6445.7
47,6447.3
4,6449.0
56,6451.5
43,6451.9
60,6451.9
49,6452.1
16,6453.7
8,6453.8
23,6454.2
53,6454.8
37,6454.8
38,6455.4
24,6459.0
5,6459.6
28,6460.8
13,6460.9
1,6461.3
59,6461.8
3,6461.8
29,6462.8
39,6463.0
58,6463.5
26,6464.4
36,6464.5
14,6465.3
2,6465.4
18,6465.8
21,6466.2
22,6467.2
51,6467.4
0,6467.5
31,6467.6
9,6468.1
42,6468.7
12,6469.0
17,6469.4
55,6469.4
32,6469.5
52,6472.1
50,6472.3
25,6473.5
41,6473.7
48,6474.3
40,6475.1
27,6475.6
15,6476.8
7,6477.6
10,6479.3
30,6479.5
47,6479.6
60,6484.4
33,6484.8
37,6486.5
29,6486.8
35,6487.0
61,6487.2
53,6487.5
8,6490.0
24,6490.7
56,6490.7
38,6491.4
20,6492.2
59,6492.3
16,6493.3
13,6493.8
1,6493.9
43,6495.6
21,6495.8
0,6495.8
62,6496.1
23,6498.0
2,6498.2
58,6499.0
57,6500.1
39,6501.1
44,6503.7
28,6507.1
42,6509.3
17,6509.3
53,6510.1
8,6511.6
40,6513.4
41,6515.6
31,6516.5
22,6520.1
21,6521.0
2,6521.3
15,6521.3
0,6522.7
59,6523.6
29,6523.9
12,6525.6
61,6525.6
27,6526.0
60,6526.6
9,6526.9
37,6527.5
24,6529.1
18,6531.4
6,6533.6
52,6535.6
53,6539.2
8,6541.5
29,6550.1
58,6550.3
41,6557.0
42,6588.2
31,6692.1
51,6698.7
28,6719.1
49,6719.7
13,6725.1
55,6728.1
14,6730.3
26,6734.5
30,6734.8
43,6737.1
1,6737.2
4,6741.0
3,6742.5
5,6742.7
35,6743.9
56,6744.2
39,6745.4
48,6746.3
33,6746.7
47,6747.2
45,6747.5
34,6751.7
17,6754.3
11,6755.5
53,6758.4
10,6759.3
51,6759.5
42,6759.6
49,6760.2
36,6761.2
8,6762.1
40,6762.1
46,6763.8
55,6764.2
21,6765.1
38,6765.4
37,6765.5
31,6766.1
59,6766.1
0,6766.1
29,6766.5
41,6767.1
60,6767.2
6,6767.6
30,6768.5
13,6769.1
9,6769.1
12,6770.5
24,6771.5
27,6772.3
1,6772.5
14,6773.5
52,6773.8
50,6774.5
2,6775.0
28,6777.4
47,6777.7
26,6777.9
58,6778.8
61,6779.5
3,6779.7
25,6779.7
19,6779.8
56,6782.1
35,6782.3
53,6782.3
16,6782.7
15,6783.1
54,6783.4
39,6783.8
33,6784.0
5,6784.3
62,6784.5
57,6785.4
42,6786.0
18,6786.1
4,6786.3
45,6786.8
11,6786.9
43,6786.9
17,6787.0
10,6787.1
34,6787.1
32,6787.3
23,6787.5
49,6787.7
51,6788.5
55,6789.3
8,6789.4
20,6789.6
7,6789.7
44,6789.9
48,6790.1
0,6790.4
40,6790.6
21,6790.8
22,6790.8
37,6790.9
36,6791.0
59,6791.6
29,6792.0
31,6792.1
38,6792.2
41,6792.3
13,6794.7
60,6795.4
9,6795.7
24,6795.7
30,6795.8
12,6797.3
27,6798.0
1,6798.6
2,6801.3
47,6802.1
6,6802.6
46,6803.0
28,6803.9
52,6804.4
61,6806.0
26,6806.1
58,6806.9
14,6806.9
53,6807.3
3,6808.6
42,6810.8
15,6812.2
9,6835.8
41,6841.8
21,6843.5
8,6890.7
0,6896.9
53,6897.4
28,6903.4
35,6903.9
59,6904.7
21,6904.8
2,6905.3
27,6905.7
17,6906.0
6,6907.1
30,6910.1
51,6910.7
26,6911.0
8,6912.1
56,6912.7
31,6913.0
29,6913.6
10,6915.1
42,6916.1
5,6919.2
37,6920.6
43,6921.7
39,6923.2
53,6923.7
58,6924.6
55,6924.7
18,6925.3
3,6926.2
0,6926.4
49,6927.4
40,6927.7
24,6928.4
9,6928.6
62,6930.5
13,6930.7
14,6930.9
59,6933.1
41,6936.2
21,6936.7
60,6937.0
2,6937.4
27,6937.9
15,6938.7
16,6939.1
47,6940.5
1,6940.6
57,6941.0
8,6945.1
38,6945.7
17,6945.7
28,6945.8
32,6946.2
33,6946.6
31,6947.0
22,6947.2
61,6947.9
23,6949.8
12,6950.8
6,6950.9
51,6951.0
29,6951.3
19,6951.7
42,6952.0
53,6952.2
56,6953.5
20,6954.2
4,6955.1
55,6955.5
35,6956.4
34,6957.3
37,6957.8
39,6958.4
52,6958.6
7,6959.8
26,6960.0
59,6961.0
40,6961.1
0,6961.2
10,6961.7
5,6962.1
9,6962.9
58,6963.3
13,6964.3
60,6965.4
24,6965.9
30,6966.1
49,6966.3
3,6966.5
21,6966.8
36,6967.1
41,6968.0
14,6969.0
48,6969.6
2,6970.3
27,6970.6
28,6970.9
8,6971.8
53,6972.3
43,6972.6
18,6974.0
11,6975.4
1,6975.7
42,6976.7
31,6976.9
15,6977.0
38,6977.1
51,6977.5
47,6977.7
32,6978.0
17,6978.4
16,6978.7
6,6979.8
62,6980.3
61,6980.9
56,6981.0
26,6981.0
29,6981.0
57,6981.7
0,6981.8
35,6982.3
25,6982.6
44,6983.5
12,6983.6
33,6984.3
10,6984.8
55,6986.0
21,6986.3
59,6986.8
22,6986.9
50,6987.0
30,6987.4
5,6987.5
4,6988.4
23,6988.9
37,6989.4
58,6989.8
24,6990.4
39,6991.1
8,6991.8
2,6991.9
13,6991.9
3,6992.1
40,6992.8
53,6992.9
27,6993.4
28,6994.5
9,6995.1
34,6996.1
49,6996.6
52,6996.7
41,6996.8
60,6999.3
14,7001.4
45,7001.6
20,7001.7
48,7002.2
29,7003.4
42,7005.4
53,7050.4
21,7053.9
0,7056.4
8,7061.4
2,7063.9
6,7069.1
12,7070.6
42,7073.1
53,7073.8
31,7073.8
56,7073.9
24,7077.8
43,7077.9
21,7079.0
29,7079.9
27,7079.9
1,7086.9
22,7091.4
0,7095.2
12,7098.4
35,7100.6
2,7105.8
10,7109.0
8,7112.0
24,7117.3
28,7129.1
42,7129.9
51,7133.2
26,7133.5
53,7134.6
30,7134.8
8,7136.4
48,7138.0
32,7138.5
21,7138.7
3,7139.9
2,7140.3
27,7141.2
31,7142.7
0,7143.0
6,7143.6
25,7144.7
10,7147.0
24,7148.3
29,7149.3
52,7149.6
58,7149.7
47,7150.6
56,7150.7
22,7151.6
43,7151.8
14,7153.0
28,7153.3
5,7153.4
38,7153.5
12,7155.5
35,7156.6
53,7157.0
1,7157.1
21,7157.6
13,7157.8
42,7158.0
8,7159.7
26,7160.6
49,7161.0
59,7162.1
48,7163.5
51,7163.6
46,7163.7
30,7163.8
7,7164.0
31,7164.2
24,7165.7
3,7165.9
25,7166.1
2,7167.9
4,7168.4
37,7168.8
15,7169.0
9,7169.1
27,7169.3
41,7169.4
50,7170.0
36,7170.5
40,7171.5
29,7172.2
0,7172.5
55,7173.1
52,7174.0
33,7174.3
32,7174.9
61,7175.1
17,7175.5
60,7176.2
22,7177.6
6,7180.2
12,7180.5
21,7181.3
62,7182.1
11,7182.4
34,7184.2
47,7184.6
39,7184.8
58,7185.5
10,7185.6
38,7186.1
56,7186.4
23,7186.5
44,7187.4
53,7187.5
18,7188.7
14,7190.4
13,7190.5
19,7190.8
1,7190.8
35,7191.0
59,7191.1
42,7191.3
16,7191.6
45,7191.6
8,7193.9
20,7196.2
41,7196.7
30,7199.1
37,7201.3
57,7202.1
9,7204.1
40,7204.8
15,7207.1
61,7208.2
36,7209.2
55,7210.2
17,7212.1
60,7214.2
2,7215.9
62,7221.8
59,7222.5
0,7225.6
39,7227.8
41,7236.2
53,7236.6
58,7246.5
29,7259.4
24,7347.5
28,7355.5
31,7363.1
27,7364.6
49,7367.2
26,7370.9
13,7372.5
38,7379.8
43,7379.9
12,7382.0
5,7382.4
52,7385.7
33,7393.5
42,7399.0
55,7399.0
53,7399.4
29,7402.0
31,7404.6
24,7408.0
14,7408.5
51,7409.8
8,7410.5
21,7410.6
28,7411.2
0,7411.4
54,7413.8
3,7416.2
41,7417.2
47,7417.6
49,7418.7
2,7419.3
9,7419.9
60,7423.8
38,7424.2
27,7425.2
56,7426.5
13,7426.6
1,7427.8
37,7431.0
34,7431.7
40,7434.0
55,7434.5
26,7435.2
12,7437.4
42,7437.6
36,7439.1
33,7439.6
53,7439.8
23,7440.0
5,7440.4
4,7440.5
30,7440.7
17,7441.1
24,7441.3
29,7441.5
21,7442.1
31,7443.0
8,7444.3
58,7444.3
6,7444.7
35,7445.5
48,7445.9
59,7446.1
50,7446.3
41,7446.4
52,7446.7
39,7447.0
0,7447.1
25,7447.2
14,7448.5
51,7448.8
28,7450.1
10,7450.2
49,7451.1
61,7451.2
47,7451.2
22,7451.4
7,7452.3
44,7452.6
9,7453.6
15,7453.8
38,7453.8
57,7454.6
3,7454.9
19,7454.9
16,7455.2
43,7456.1
20,7456.5
27,7457.4
56,7457.8
13,7457.8
60,7457.9
2,7458.1
37,7458.3
1,7458.9
18,7459.0
32,7459.2
11,7459.6
45,7460.0
55,7460.5
40,7460.9
34,7461.9
62,7462.2
54,7462.5
42,7463.4
21,7463.5
46,7463.6
24,7464.0
53,7464.2
30,7465.4
12,7465.8
33,7466.0
29,7466.7
17,7466.7
26,7467.0
8,7468.7
59,7468.9
31,7469.3
36,7469.4
0,7470.1
41,7470.3
58,7471.0
5,7471.5
23,7471.8
35,7473.7
4,7474.9
52,7475.6
28,7476.5
39,7476.6
61,7477.3
47,7479.2
9,7479.5
6,7480.5
14,7480.5
38,7482.1
49,7483.6
15,7486.4
21,7501.3
2,7512.1
20,7512.3
53,7513.2
42,7516.5
17,7519.6
51,7520.7
27,7522.0
8,7525.4
28,7528.1
10,7531.0
21,7531.4
30,7532.4
6,7533.3
26,7534.2
13,7535.2
2,7536.8
14,7536.8
59,7537.4
53,7538.9
0,7542.3
22,7542.5
1,7544.1
5,7544.9
31,7545.3
58,7548.4
24,7548.9
60,7552.6
27,7553.3
29,7555.3
9,7555.4
42,7557.4
61,7560.0
43,7561.3
40,7563.1
8,7563.1
41,7569.1
21,7569.6
35,7569.7
18,7572.0
2,7574.8
59,7576.3
20,7577.3
12,7578.5
49,7581.6
15,7582.7
53,7590.5
10,7590.5
0,7593.7
17,7594.8
47,7597.4
28,7602.2
16,7602.3
8,7602.8
19,7604.1
2,7605.2
27,7605.3
51,7605.6
26,7605.9
30,7606.1
14,7606.3
21,7606.6
56,7607.3
42,7608.0
31,7608.0
59,7608.3
6,7608.5
55,7608.7
29,7608.8
61,7610.4
57,7611.1
53,7611.8
35,7612.6
60,7612.8
5,7612.9
32,7613.4
58,7614.0
3,7615.8
24,7615.9
13,7617.0
20,7617.0
10,7617.6
48,7618.3
37,7619.8
12,7619.9
1,7620.6
38,7622.7
43,7622.8
49,7623.2
0,7624.7
40,7625.3
11,7625.4
9,7626.4
22,7627.0
41,7627.1
8,7627.6
28,7628.7
21,7628.9
4,7629.3
17,7629.9
7,7630.7
2,7631.3
31,7632.3
27,7632.4
15,7632.7
52,7633.5
39,7633.8
47,7634.1
29,7634.3
36,7634.9
59,7635.2
44,7635.4
18,7635.5
51,7636.1
55,7636.3
30,7637.0
62,7637.2
26,7637.3
42,7637.9
56,7638.0
53,7638.0
16,7639.4
33,7639.5
24,7639.5
25,7639.7
23,7640.1
14,7640.5
6,7641.3
61,7642.9
35,7644.5
58,7647.0
54,7647.2
60,7647.4
12,7649.3
3,7649.6
0,7651.6
13,7652.7
37,7653.6
41,7654.3
21,7654.6
38,7655.6
40,7655.7
57,7655.7
1,7655.8
2,7660.6
20,7661.6
19,7661.7
59,7662.0
17,7662.7
9,7663.2
10,7663.5
29,7668.5
34,7669.8
8,7674.7
28,7675.8
27,7677.2
53,7678.9
42,7683.0
6,7688.0
2,7688.9
21,7692.6
30,7692.8
26,7695.8
24,7696.1
29,7697.1
31,7697.2
8,7700.2
12,7705.0
27,7705.4
28,7707.0
48,7707.1
59,7708.8
53,7711.3
52,7712.2
61,7715.3
0,7715.8
21,7718.6
7,7720.7
24,7722.7
29,7728.3
20,7729.1
2,7729.2
58,7739.4
14,7739.6
6,7743.7
12,7755.4
51,7761.2
2,7765.2
10,7765.3
53,7765.3
35,7765.7
21,7765.7
31,7765.7
8,7766.1
56,7766.6
28,7767.3
27,7768.7
59,7770.8
42,7770.9
26,7771.0
30,7771.3
6,7772.1
14,7772.8
24,7774.4
22,7775.8
61,7776.1
0,7776.3
32,7776.3
29,7778.7
12,7780.3
15,7780.5
43,7780.6
48,7782.1
20,7782.5
17,7782.7
58,7783.4
21,7785.8
1,7787.0
55,7788.4
31,7789.1
52,7789.7
62,7791.7
13,7791.8
53,7792.9
24,7793.3
3,7793.3
2,7794.2
9,7795.5
8,7796.3
41,7796.4
39,7796.6
56,7799.2
51,7799.9
49,7799.9
40,7800.6
37,7801.3
27,7801.4
59,7803.1
28,7803.3
5,7804.0
10,7804.7
42,7805.2
38,7806.2
29,7807.1
0,7807.3
12,7807.5
60,7807.6
26,7809.6
16,7810.3
30,7811.0
7,7814.4
35,7815.1
23,7815.4
21,7815.7
6,7816.8
47,7817.2
36,7818.4
32,7820.0
55,7821.4
17,7822.0
61,7823.1
53,7823.4
14,7823.8
33,7825.4
31,7826.4
24,7827.1
18,7827.8
15,7828.7
41,7829.0
20,7831.0
43,7831.6
8,7831.9
40,7832.2
2,7832.4
1,7832.6
58,7832.9
34,7833.5
56,7834.9
45,7835.2
48,7835.9
9,7836.2
59,7836.3
13,7836.4
37,7837.5
44,7838.1
0,7839.1
49,7839.7
42,7839.9
29,7841.7
57,7842.2
22,7842.4
38,7842.4
60,7845.4
12,7846.8
27,7847.0
39,7848.9
62,7849.3
21,7849.3
41,7855.4
61,7861.8
19,7865.3
15,7870.5
40,7870.8
17,7870.9
14,7932.3
53,7962.8
51,7971.7
24,7989.9
30,7999.1
28,8002.7
55,8003.2
3,8012.0
4,8019.7
23,8020.9
50,8031.5
16,8043.2
59,8044.2
21,8045.3
52,8045.9
11,8048.0
10,8048.5
36,8049.6
46,8059.2
35,8062.7
29,8067.9
13,8067.9
27,8068.5
37,8070.6
8,8072.6
53,8073.1
51,8073.3
0,8075.3
2,8075.9
9,8076.1
24,8076.6
47,8076.6
55,8079.5
3,8079.7
58,8082.5
30,8085.6
32,8085.9
26,8086.2
39,8087.5
21,8088.0
42,8089.2
6,8089.5
49,8090.2
61,8090.3
38,8092.3
1,8092.5
31,8093.0
10,8093.8
52,8094.3
60,8094.6
14,8095.1
59,8095.8
17,8096.9
28,8097.2
41,8098.0
36,8099.0
4,8100.1
11,8100.6
12,8100.8
40,8101.1
33,8102.4
56,8103.1
37,8103.6
5,8103.8
24,8104.0
53,8104.1
27,8104.4
13,8105.0
54,8105.0
34,8105.7
57,8106.0
0,8106.1
23,8106.4
47,8106.8
8,8107.0
22,8107.2
29,8108.2
55,8108.3
2,8108.3
48,8108.4
16,8109.1
9,8109.8
15,8110.1
35,8111.1
51,8111.2
43,8111.5
3,8111.6
45,8112.2
50,8112.5
58,8113.0
20,8113.2
21,8114.3
30,8114.3
7,8115.1
42,8115.2
62,8115.5
18,8116.5
38,8116.9
49,8117.9
19,8118.3
59,8118.8
32,8119.1
44,8119.1
31,8119.2
41,8119.5
25,8120.1
52,8120.9
39,8121.8
1,8121.9
60,8122.3
14,8122.4
26,8122.8
28,8123.1
61,8123.7
46,8123.9
10,8124.6
17,8124.9
13,8126.0
24,8126.7
6,8127.1
36,8127.3
40,8127.5
12,8127.8
37,8128.0
0,8129.5
53,8129.8
29,8131.6
5,8131.7
33,8131.8
27,8132.1
56,8132.6
55,8133.0
47,8134.2
8,8134.6
4,8135.2
34,8135.4
9,8136.3
23,8139.7
2,8140.0
15,8140.1
21,8140.5
42,8144.9
59,8147.2
28,8149.6
20,8152.1
53,8156.6
14,8159.2
8,8161.1
41,8163.2
21,8172.5
61,8174.0
58,8179.3
60,8187.2
29,8192.3
18,8211.5
51,8225.0
17,8230.6
26,8230.6
6,8231.4
31,8231.8
8,8234.0
28,8234.9
53,8236.8
59,8237.4
15,8238.8
62,8239.0
14,8239.9
27,8242.9
20,8243.0
61,8246.5
21,8247.4
30,8247.6
29,8252.3
2,8265.5
41,8267.9
60,8274.1
8,8277.5
12,8277.8
42,8282.8
38,8282.9
40,8285.3
59,8285.7
0,8288.5
9,8294.3
28,8306.8
53,8307.3
5,8308.2
14,8310.1
8,8310.8
26,8312.1
15,8312.6
10,8312.9
16,8313.5
31,8314.0
51,8314.5
42,8314.9
27,8315.6
21,8316.8
2,8317.1
61,8317.2
17,8317.3
59,8318.8
49,8318.9
20,8318.9
6,8319.1
13,8320.2
29,8323.0
30,8323.1
3,8325.2
56,8325.4
0,8326.7
1,8327.8
43,8328.4
12,8328.4
50,8328.9
22,8329.4
24,8330.2
41,8331.4
36,8331.5
60,8332.1
33,8332.2
25,8333.1
58,8333.8
38,8334.5
55,8334.7
53,8335.0
28,8335.8
18,8336.4
40,8336.7
47,8337.0
8,8337.4
48,8337.8
9,8338.7
32,8339.3
37,8339.4
4,8339.7
35,8340.9
5,8341.5
26,8341.9
52,8342.6
14,8343.3
27,8344.5
42,8344.6
34,8344.8
21,8345.5
19,8345.7
31,8346.0
59,8346.3
7,8347.1
10,8347.8
57,8348.1
62,8349.8
2,8349.8
49,8350.0
51,8350.7
61,8351.6
39,8351.8
16,8352.6
45,8352.7
13,8353.1
29,8353.2
15,8353.4
1,8353.9
0,8355.0
20,8355.4
41,8356.2
23,8356.6
12,8357.3
56,8357.5
3,8357.5
30,8357.6
17,8358.9
6,8359.0
24,8359.9
38,8360.5
53,8362.0
55,8362.6
46,8363.0
60,8363.8
43,8364.4
33,8364.9
28,8365.2
40,8366.1
8,8366.3
36,8366.8
58,8367.7
37,8367.7
22,8367.9
47,8367.9
44,8370.5
9,8371.0
59,8372.1
21,8372.3
42,8373.4
35,8375.2
14,8376.8
32,8377.5
18,8378.3
31,8379.4
26,8379.4
34,8381.1
27,8382.0
5,8382.4
13,8383.2
0,8383.3
48,8383.4
2,8386.2
49,8388.0
53,8388.8
8,8389.4
28,8389.6
29,8391.4
15,8391.7
41,8391.8
20,8400.6
50,8401.9
21,8404.5
25,8404.8
59,8428.7
61,8438.7
62,8462.4
1,8582.3
51,8590.2
53,8593.1
42,8599.3
24,8605.1
27,8608.9
30,8609.6
10,8611.4
31,8613.1
33,8613.3
58,8613.7
55,8614.3
9,8614.9
6,8616.0
3,8620.7
38,8621.0
11,8622.2
16,8623.3
4,8623.4
56,8624.0
12,8624.3
39,8624.6
45,8625.6
23,8627.2
43,8627.2
52,8629.2
7,8630.6
17,8630.6
57,8631.0
19,8632.0
28,8633.5
54,8633.7
24,8634.0
13,8634.1
37,8634.2
59,8636.5
21,8636.9
47,8637.7
2,8637.9
1,8638.2
49,8639.2
51,8639.2
36,8639.9
53,8640.1
27,8640.8
40,8640.8
60,8641.0
0,8641.5
55,8642.1
61,8642.6
26,8642.8
8,8643.2
41,8643.6
32,8644.6
14,8644.8
42,8645.0
48,8646.1
33,8646.2
29,8646.3
5,8647.3
9,8648.1
3,8648.1
30,8648.8
58,8649.0
34,8649.0
6,8649.5
35,8650.3
38,8650.6
50,8650.6
62,8651.8
31,8652.2
56,8653.0
15,8653.6
25,8653.8
12,8653.9
20,8654.5
10,8654.6
52,8655.2
24,8656.8
39,8657.0
23,8657.1
18,8657.3
44,8657.6
11,8658.1
22,8658.3
13,8658.7
4,8658.7
46,8659.4
47,8659.7
17,8660.5
59,8660.6
37,8661.0
28,8661.0
21,8661.2
16,8661.8
43,8662.6
2,8662.6
49,8662.9
0,8663.1
53,8663.9
1,8664.7
40,8664.7
55,8664.7
45,8664.8
54,8665.2
51,8665.6
57,8665.7
41,8666.0
27,8666.4
7,8666.9
60,8667.4
42,8668.0
36,8668.1
19,8668.4
61,8670.0
8,8670.4
29,8670.7
26,8671.4
9,8673.4
33,8673.7
5,8675.5
38,8678.2
58,8678.3
13,8708.8
21,8712.7
20,8714.7
41,8715.7
14,8716.4
2,8717.2
53,8721.0
0,8726.2
40,8727.0
17,8734.4
23,8751.3
59,8760.0
9,8761.8
15,8766.4
6,8772.6
31,8774.0
21,8776.8
53,8777.9
8,8778.0
28,8779.2
30,8781.4
58,8781.6
14,8782.7
17,8782.9
25,8783.4
2,8783.4
10,8785.5
12,8785.7
32,8786.0
26,8786.1
51,8787.7
59,8788.4
49,8788.5
24,8789.3
5,8789.5
27,8789.6
13,8789.9
61,8791.8
20,8792.5
29,8793.1
56,8794.1
18,8794.4
52,8794.6
9,8794.8
47,8795.0
50,8796.5
1,8797.1
3,8797.1
62,8798.2
55,8798.6
34,8800.7
4,8802.1
39,8802.5
54,8802.8
33,8802.8
0,8802.9
41,8803.0
60,8805.2
21,8805.3
53,8806.1
22,8806.4
31,8807.1
6,8808.1
42,8808.6
15,8808.7
28,8809.2
40,8810.0
43,8810.1
8,8810.5
37,8810.9
35,8812.2
58,8812.3
38,8812.8
2,8814.3
36,8815.7
59,8815.9
14,8816.3
49,8817.8
30,8817.8
17,8817.9
25,8818.4
26,8818.7
12,8819.0
27,8819.9
24,8819.9
23,8820.1
5,8820.5
29,8822.7
10,8823.8
47,8823.9
61,8824.3
16,8824.7
44,8824.9
32,8824.9
7,8825.0
13,8825.6
9,8827.8
20,8828.1
56,8828.5
41,8829.0
1,8829.6
55,8829.7
51,8829.8
0,8831.9
53,8833.5
34,8833.6
52,8834.7
19,8834.8
48,8834.9
18,8835.0
11,8835.4
57,8835.8
21,8837.5
60,8837.5
39,8837.6
3,8837.8
40,8838.4
42,8839.6
31,8841.7
62,8841.9
37,8842.4
38,8842.9
33,8843.7
8,8843.9
58,8844.3
15,8844.4
28,8844.6
2,8844.9
59,8845.6
22,8850.7
17,8850.9
14,8851.4
49,8851.6
29,8852.5
24,8852.6
12,8852.8
27,8852.8
53,8853.3
35,8853.6
43,8854.1
30,8855.8
4,8856.3
26,8856.5
61,8856.9
13,8856.9
50,8857.7
5,8857.7
51,8858.1
6,8858.9
32,8860.4
21,8860.9
10,8861.8
47,8861.8
9,8861.8
56,8862.3
55,8862.6
41,8864.6
20,8866.2
8,8870.4
52,8871.6
53,8927.6
2,8930.3
28,8930.3
58,8933.8
59,8935.0
12,8939.6
25,8940.7
8,8944.2
14,8944.3
21,8946.7
15,8947.5
29,8950.9
50,8952.7
53,8958.0
20,8958.8
1,8960.0
61,8960.3
52,8964.4
12,8966.0
2,8968.5
9,8969.0
60,8970.8
25,8972.1
27,8973.4
30,8974.1
17,8974.5
59,8976.5
10,8979.1
13,8983.1
6,8983.2
28,8983.6
0,8985.2
41,8994.1
36,8999.6
58,9002.8
5,9004.8
21,9007.0
51,9008.1
31,9008.4
53,9008.8
49,9009.8
14,9010.1
27,9012.7
8,9013.3
16,9013.7
29,9013.8
9,9013.9
38,9014.3
42,9014.5
28,9016.3
2,9017.4
26,9018.6
59,9019.3
54,9019.6
15,9020.1
30,9020.7
12,9020.7
61,9021.1
55,9021.1
33,9021.5
56,9021.8
17,9021.9
32,9023.0
25,9023.1
50,9023.4
6,9025.2
22,9025.4
13,9025.8
24,9026.5
10,9027.2
20,9027.2
52,9028.2
60,9028.8
1,9029.3
3,9029.9
41,9030.1
47,9031.0
4,9031.2
44,9031.7
58,9032.6
40,9032.7
34,9033.1
53,9033.3
37,9033.7
23,9033.7
21,9034.4
31,9035.3
45,9036.1
43,9036.3
36,9036.3
29,9036.4
49,9037.6
0,9037.8
5,9037.9
27,9038.5
18,9039.3
12,9039.6
51,9040.6
8,9041.2
9,9041.2
14,9041.3
28,9041.7
38,9043.0
7,9043.0
42,9043.1
62,9043.4
59,9044.3
39,9044.5
46,9044.9
2,9045.0
16,9045.8
55,9047.2
50,9048.4
25,9048.9
26,9049.9
56,9050.6
24,9051.6
52,9051.6
30,9051.7
61,9052.6
35,9052.7
13,9053.1
15,9053.6
48,9053.9
32,9054.6
41,9054.8
17,9055.7
33,9056.3
57,9057.6
10,9057.7
53,9058.5
3,9058.7
47,9059.2
1,9059.5
40,9059.6
54,9059.6
19,9060.4
20,9060.6
60,9060.8
21,9061.8
6,9061.9
37,9062.2
12,9063.1
29,9064.7
34,9065.6
0,9065.9
58,9066.0
31,9067.6
22,9070.1
59,9072.7
23,9073.1
49,9075.1
8,9076.5
9,9092.4
14,9207.8
61,9223.9
55,9238.2
51,9238.4
2,9255.0
5,9261.6
38,9263.9
28,9263.9
4,9264.0
11,9265.6
44,9266.2
62,9269.7
24,9275.6
56,9276.5
43,9281.1
27,9282.6
42,9283.8
39,9288.8
14,9289.9
41,9290.0
21,9292.3
8,9293.7
36,9297.6
2,9298.1
18,9298.7
12,9300.2
55,9300.3
0,9302.4
47,9304.0
28,9306.1
53,9306.3
13,9306.8
51,9308.4
45,9308.8
29,9309.4
40,9309.9
61,9311.1
24,9311.3
31,9311.7
33,9313.6
49,9314.1
27,9314.2
15,9314.3
34,9315.0
9,9316.7
35,9317.3
5,9318.4
60,9318.9
58,9319.0
17,9319.2
1,9320.5
26,9321.3
38,9321.3
59,9322.2
3,9322.2
20,9322.8
30,9323.1
41,9323.4
37,9324.0
4,9324.3
42,9324.4
16,9324.6
56,9325.6
25,9326.0
8,9326.7
6,9328.3
52,9329.1
55,9329.5
21,9329.8
54,9329.9
14,9330.3
57,9330.3
0,9331.5
46,9332.2
12,9332.4
2,9332.5
13,9332.7
32,9333.9
53,9334.0
19,9334.3
23,9334.4
39,9334.5
62,9334.6
47,9334.8
10,9334.9
36,9335.7
28,9336.0
50,9336.2
24,9337.0
29,9337.9
11,9338.4
48,9338.5
43,9338.5
40,9338.6
9,9339.5
31,9339.5
51,9339.5
49,9340.2
33,9340.3
44,9340.9
27,9341.1
61,9341.7
18,9343.0
34,9343.4
22,9343.8
5,9343.9
45,9344.4
60,9344.5
1,9344.6
59,9345.0
7,9345.2
17,9345.3
35,9346.1
38,9346.7
15,9347.1
3,9347.4
26,9347.6
37,9347.7
58,9348.0
41,9350.3
42,9350.7
30,9351.1
21,9351.5
55,9351.7
56,9352.5
0,9353.5
52,9354.0
8,9354.1
13,9355.4
4,9357.9
20,9358.9
53,9359.8
2,9363.4
9,9366.4
61,9391.3
17,9391.7
14,9394.3
27,9398.3
54,9400.9
43,9401.4
59,9402.4
49,9403.2
28,9403.3
6,9404.9
51,9405.9
8,9406.0
62,9410.3
58,9411.5
60,9411.8
12,9413.9
15,9414.7
53,9415.0
2,9415.5
29,9416.5
9,9422.0
5,9423.4
26,9423.8
21,9429.6
20,9432.5
7,9433.5
18,9434.4
41,9436.1
59,9438.0
61,9439.5
27,9440.5
0,9440.6
22,9442.6
23,9445.0
40,9449.3
42,9456.2
29,9459.2
47,9462.2
8,9467.2
2,9468.4
14,9472.7
21,9476.1
15,9480.8
32,9482.4
28,9482.7
10,9484.2
53,9484.6
27,9484.7
17,9485.7
49,9486.3
26,9486.5
0,9486.6
59,9487.0
24,9487.6
51,9489.3
25,9490.2
6,9490.2
58,9490.9
1,9491.2
5,9492.1
61,9492.1
18,9492.1
12,9492.2
20,9492.4
8,9492.8
43,9493.4
62,9494.9
29,9495.1
4,9495.3
7,9496.8
13,9498.5
9,9500.5
31,9501.0
50,9501.1
56,9501.1
47,9501.3
33,9502.7
14,9503.6
48,9504.5
2,9505.3
60,9505.5
55,9505.5
41,9506.2
21,9509.7
22,9510.0
38,9511.3
54,9511.4
40,9512.0
36,9512.4
19,9512.5
3,9512.7
39,9512.8
52,9512.8
42,9513.5
27,9513.5
59,9514.2
30,9514.3
16,9514.5
24,9514.9
28,9515.1
53,9515.8
37,9515.9
0,9516.9
10,9517.0
15,9518.9
34,9519.7
49,9519.8
23,9520.0
26,9520.6
32,9520.6
25,9522.3
57,9524.0
29,9524.4
58,9524.8
61,9525.1
1,9525.1
46,9525.4
8,9525.7
5,9526.9
51,9527.1
12,9527.7
17,9528.7
47,9530.1
13,9531.5
44,9533.0
56,9533.5
55,9534.1
20,9534.2
41,9534.3
31,9534.4
6,9534.8
33,9535.1
35,9535.9
60,9537.2
9,9537.3
38,9537.3
18,9537.3
62,9538.5
2,9538.7
43,9538.9
40,9539.5
21,9539.8
59,9540.7
14,9542.7
24,9544.2
0,9544.4
37,9545.0
42,9545.5
53,9548.0
45,9548.8
28,9549.1
39,9549.2
27,9549.5
30,9551.2
48,9551.5
4,9551.5
10,9552.0
15,9553.5
58,9556.4
12,9556.8
22,9556.9
8,9557.1
36,9558.9
61,9559.4
49,9560.1
50,9560.4
51,9560.9
13,9560.9
54,9562.3
17,9562.5
29,9563.3
14,9563.8
32,9565.0
6,9565.1
56,9566.5
33,9566.9
31,9566.9
55,9566.9
9,9567.8
52,9569.1
34,9570.1
41,9570.4
53,9574.6
59,9575.2
47,9575.4
2,9576.0
7,9576.4
25,9577.1
20,9578.7
62,9588.7
8,9633.5
18,9637.3
58,9638.5
28,9639.0
12,9639.4
27,9639.9
26,9643.3
14,9643.9
50,9644.1
29,9644.3
10,9646.5
48,9647.2
15,9651.1
53,9653.7
25,9654.8
61,9655.1
59,9655.6
2,9655.9
6,9657.0
21,9658.7
20,9660.4
17,9662.1
47,9662.3
38,9662.5
54,9666.8
8,9668.0
0,9668.6
9,9669.1
51,9669.5
50,9669.7
12,9670.7
29,9671.8
62,9671.8
5,9671.9
41,9673.4
48,9673.6
13,9673.9
22,9674.4
31,9674.8
27,9675.2
56,9676.4
49,9676.9
14,9681.1
18,9681.8
58,9683.1
52,9687.9
33,9693.8
61,9694.1
24,9694.9
60,9695.1
59,9695.6
55,9695.8
40,9696.3
2,9696.8
53,9697.9
21,9698.0
23,9698.6
42,9699.3
37,9699.8
29,9700.4
36,9701.5
38,9701.6
1,9702.6
28,9702.8
47,9703.0
17,9703.5
35,9704.3
16,9704.7
25,9705.3
15,9705.7
41,9706.2
19,9707.6
7,9708.1
0,9708.4
26,9708.6
20,9710.8
31,9713.6
3,9714.8
30,9716.0
13,9718.2
9,9719.8
32,9719.9
39,9720.6
12,9720.7
8,9721.0
27,9721.7
10,9722.2
59,9722.9
56,9723.3
40,9723.9
43,9725.0
34,9725.1
24,9725.8
60,9726.4
55,9727.7
49,9727.8
4,9729.0
14,9729.1
58,9729.3
29,9729.3
52,9729.9
51,9730.2
5,9730.6
62,9730.9
37,9732.3
42,9732.9
33,9733.0
21,9733.2
53,9733.5
48,9734.3
61,9734.3
38,9734.4
47,9734.8
2,9735.2
18,9736.2
1,9737.0
57,9738.1
23,9739.8
28,9739.8
6,9740.4
17,9742.7
0,9743.1
41,9744.4
35,9745.9
26,9747.7
15,9748.8
22,9749.0
36,9749.8
59,9750.9
50,9751.4
16,9752.3
9,9752.4
44,9752.5
13,9752.6
20,9755.8
27,9757.0
55,9757.2
40,9757.7
12,9757.9
24,9757.9
30,9758.5
54,9758.8
10,9759.2
31,9759.7
34,9760.2
45,9760.4
60,9760.8
8,9761.3
56,9761.9
39,9762.1
21,9762.4
14,9763.8
43,9764.3
29,9765.4
32,9765.6
58,9766.6
49,9767.0
3,9767.8
42,9770.3
0,9776.4
53,9793.1
9,9798.9
41,9802.8
55,9831.7
23,9841.5
13,9880.2
37,9897.5
33,9921.7
52,9927.7
38,9930.3
1,9938.0
24,9954.8
47,9955.2
27,9956.5
51,9956.6
2,9959.8
5,9966.7
19,9981.5
11,9987.1
55,9988.2
28,9990.8
25,9995.1
14,9997.9
13,9998.0
