12,88.1
11,88.3
18,88.8
3,88.9
22,89.2
29,89.3
9,89.5
1,90.4
23,90.5
5,91.0
16,91.0
14,91.2
8,91.2
24,91.4
12,91.5
15,91.7
11,91.9
10,92.1
26,92.3
2,92.6
21,92.9
18,92.9
22,93.8
3,93.8
29,93.9
6,95.0
12,95.4
9,95.7
11,96.1
18,97.2
5,97.7
1,98.2
22,99.8
16,100.4
29,100.6
12,101.3
8,102.1
23,102.1
3,102.6
11,103.0
14,103.7
18,104.1
21,106.4
24,106.9
15,107.4
6,107.6
9,109.6
12,110.8
22,110.9
5,111.1
11,114.1
29,114.1
26,117.3
18,124.1
3,127.2
12,167.8
11,168.0
18,168.5
3,168.6
22,168.9
29,168.9
9,169.1
1,170.1
23,170.1
16,170.6
5,170.6
14,170.8
8,170.8
24,170.9
12,171.1
15,171.3
11,171.5
10,171.7
26,171.8
2,172.1
18,172.4
21,172.4
22,173.3
3,173.3
29,173.5
6,174.1
12,174.9
9,175.2
11,175.6
18,176.6
5,176.9
1,177.6
22,179.3
16,179.6
29,179.9
12,180.5
23,180.8
8,180.9
3,181.2
11,181.8
14,182.8
18,183.3
15,185.6
21,185.8
24,186.3
9,190.3
6,190.9
5,191.6
12,191.9
22,192.4
26,193.0
29,195.6
11,195.7
24,199.5
10,199.9
18,200.8
9,202.1
12,247.8
11,248.0
18,248.4
3,248.5
22,248.8
29,248.9
9,249.0
1,250.0
23,250.1
16,250.5
5,250.6
24,250.8
8,250.8
14,250.8
12,251.1
15,251.3
11,251.4
10,251.5
26,251.8
2,252.1
18,252.4
21,252.4
3,253.3
22,253.4
29,253.5
6,254.1
12,254.9
9,255.1
11,255.4
18,256.8
5,257.1
1,257.6
22,259.3
16,259.6
29,260.0
12,260.5
8,260.9
23,260.9
3,261.3
11,261.8
14,262.9
18,263.6
24,265.5
15,265.7
21,266.0
9,266.8
10,268.6
6,271.4
12,271.5
22,271.6
5,272.4
11,274.0
26,274.0
29,276.2
24,279.9
18,282.0
9,289.4
12,633.0
11,633.3
18,633.7
3,633.9
22,634.1
29,634.2
9,634.4
1,635.3
23,635.5
16,635.9
5,636.0
8,636.1
14,636.1
24,636.3
12,636.5
15,636.6
11,636.8
10,637.1
26,637.2
2,637.6
21,637.8
18,637.9
3,638.7
22,638.8
29,638.9
6,639.8
12,640.4
9,640.7
11,641.0
18,642.2
5,642.5
1,643.0
22,644.9
16,645.2
29,645.8
12,646.3
8,646.8
23,647.0
3,647.1
11,647.6
14,648.8
18,649.0
21,651.4
15,652.0
24,652.3
6,654.3
9,655.3
12,656.2
5,656.2
22,656.4
11,658.7
29,659.8
26,661.6
18,669.2
3,683.3
12,712.8
11,713.0
18,713.5
3,713.6
29,713.9
22,713.9
9,714.1
1,715.0
23,715.1
16,715.6
5,715.6
14,715.8
8,715.8
24,716.0
12,716.1
15,716.3
11,716.5
10,716.7
26,716.8
2,717.1
21,717.4
18,717.4
3,718.3
22,718.3
29,718.5
6,718.9
12,719.9
9,720.0
11,720.6
18,721.6
5,721.9
1,722.6
22,724.3
16,724.6
29,724.9
12,725.5
23,725.8
8,725.8
3,726.2
11,726.9
14,727.9
18,728.3
15,730.7
21,730.7
24,731.4
9,734.1
6,734.8
5,736.8
12,736.9
22,737.3
26,738.0
11,740.8
29,740.8
18,745.5
24,745.8
10,746.3
9,747.1
12,792.8
11,793.0
18,793.4
3,793.5
22,793.8
29,793.9
9,794.0
1,795.0
23,795.2
16,795.6
5,795.6
24,795.8
14,795.8
8,795.8
12,796.1
15,796.3
11,796.4
10,796.5
26,796.8
2,797.1
21,797.4
18,797.4
3,798.3
22,798.4
29,798.5
6,799.1
12,799.9
9,800.1
11,800.4
18,801.8
5,802.1
1,802.6
22,804.3
16,804.7
29,805.0
12,805.5
8,805.9
23,805.9
3,806.4
11,806.8
14,807.9
18,808.6
24,810.4
21,810.5
15,810.7
9,811.5
10,813.3
6,815.8
22,816.7
12,816.8
5,817.4
26,819.2
11,819.5
29,821.4
24,825.8
18,827.1
9,831.9
12,872.8
11,873.0
18,873.4
3,873.5
22,873.8
29,873.9
9,874.1
1,875.0
23,875.1
16,875.5
5,875.6
8,875.8
14,875.8
24,875.9
12,876.1
15,876.3
11,876.4
10,876.7
26,876.8
2,877.1
21,877.4
18,877.5
3,878.3
22,878.4
29,878.5
6,878.9
12,879.9
9,880.0
11,880.4
18,881.7
5,882.1
1,882.6
22,884.2
16,884.6
29,885.0
12,885.5
23,885.9
8,885.9
3,886.3
11,886.8
14,887.8
18,888.6
15,890.8
21,891.1
24,891.5
9,894.4
6,894.5
12,896.8
22,896.9
5,897.9
26,899.3
11,901.0
29,901.3
18,906.0
12,1258.0
11,1258.3
18,1258.7
3,1258.9
22,1259.1
29,1259.2
9,1259.4
1,1260.3
23,1260.5
16,1260.9
5,1261.0
8,1261.1
14,1261.1
24,1261.3
12,1261.5
15,1261.6
11,1261.8
10,1262.1
26,1262.2
2,1262.6
21,1262.8
18,1262.9
3,1263.8
22,1263.8
29,1263.9
6,1264.8
12,1265.4
9,1265.7
11,1266.0
18,1267.2
5,1267.7
1,1268.0
22,1269.9
16,1270.2
29,1270.8
12,1271.3
8,1271.8
23,1272.0
3,1272.6
11,1272.6
14,1273.9
18,1274.0
21,1276.4
15,1277.0
24,1277.3
6,1279.2
9,1280.3
12,1281.3
22,1281.4
5,1281.5
11,1283.6
29,1284.7
26,1286.5
18,1294.3
12,1337.8
11,1338.0
18,1338.5
3,1338.6
22,1338.9
29,1338.9
9,1339.1
1,1340.0
23,1340.2
16,1340.6
5,1340.6
8,1340.8
14,1340.8
24,1341.0
12,1341.1
15,1341.3
11,1341.5
10,1341.8
26,1341.8
2,1342.1
21,1342.3
18,1342.4
22,1343.3
3,1343.3
29,1343.5
6,1344.0
12,1344.9
9,1345.0
11,1345.6
18,1346.6
5,1346.9
1,1347.6
22,1349.3
16,1349.6
29,1349.9
12,1350.5
23,1350.8
8,1350.9
3,1351.2
11,1351.9
14,1352.9
18,1353.3
15,1355.7
21,1355.7
24,1356.5
9,1359.2
6,1359.8
5,1361.9
12,1361.9
22,1362.3
26,1363.4
11,1365.8
29,1366.2
18,1370.9
24,1371.3
10,1372.0
9,1372.5
12,1417.8
11,1418.0
18,1418.4
3,1418.5
22,1418.8
29,1418.9
9,1419.0
1,1420.0
23,1420.2
16,1420.6
5,1420.6
24,1420.8
14,1420.8
8,1420.8
12,1421.1
15,1421.3
11,1421.4
10,1421.5
26,1421.8
2,1422.1
18,1422.4
21,1422.4
3,1423.3
22,1423.4
29,1423.5
6,1424.1
12,1424.9
9,1425.1
11,1425.4
18,1426.8
5,1427.1
1,1427.6
22,1429.3
16,1429.7
29,1430.0
12,1430.5
8,1430.9
23,1430.9
3,1431.4
11,1431.8
14,1432.9
18,1433.6
24,1435.3
21,1435.5
15,1435.7
9,1436.4
10,1438.1
6,1440.9
22,1441.5
12,1441.8
5,1442.4
11,1444.4
26,1444.4
29,1446.7
24,1451.3
18,1452.6
9,1456.9
12,1497.8
11,1498.0
18,1498.4
3,1498.5
22,1498.8
29,1498.9
9,1499.1
1,1500.0
23,1500.2
16,1500.6
5,1500.7
14,1500.8
8,1500.8
24,1500.9
12,1501.1
15,1501.3
11,1501.4
10,1501.7
26,1501.8
2,1502.1
21,1502.4
18,1502.5
3,1503.3
22,1503.4
29,1503.5
6,1504.0
12,1504.9
9,1505.0
11,1505.6
18,1506.7
5,1507.1
1,1507.6
22,1509.3
16,1509.7
29,1510.0
12,1510.5
8,1510.9
23,1510.9
3,1511.3
11,1512.2
14,1512.9
18,1513.6
15,1515.8
21,1516.1
24,1516.7
9,1519.4
6,1520.3
12,1521.4
22,1521.9
5,1523.4
26,1524.8
29,1527.0
11,1527.6
18,1531.2
12,1883.0
11,1883.3
18,1883.7
3,1883.9
22,1884.1
29,1884.2
9,1884.4
1,1885.3
23,1885.5
16,1885.9
5,1886.0
14,1886.1
8,1886.1
24,1886.3
12,1886.5
15,1886.6
11,1886.8
10,1887.1
26,1887.2
2,1887.6
21,1887.8
18,1887.9
22,1888.8
3,1888.8
29,1888.9
6,1889.8
12,1890.4
9,1890.7
11,1891.0
18,1892.2
5,1892.7
1,1893.1
22,1894.9
16,1895.2
29,1895.8
12,1896.3
8,1896.8
23,1897.0
3,1897.6
11,1897.6
14,1898.9
18,1899.1
21,1901.4
15,1902.0
24,1902.4
6,1904.3
9,1905.4
12,1906.3
22,1906.4
5,1906.5
11,1908.9
29,1909.7
26,1911.6
18,1919.3
12,1962.8
11,1963.0
18,1963.5
3,1963.6
22,1963.9
29,1963.9
9,1964.0
1,1965.1
23,1965.2
16,1965.6
5,1965.6
8,1965.8
14,1965.8
24,1966.0
12,1966.1
15,1966.3
11,1966.5
26,1966.8
10,1966.8
2,1967.1
21,1967.2
18,1967.4
3,1968.3
22,1968.4
29,1968.5
6,1969.0
9,1969.8
12,1969.9
11,1970.6
18,1971.8
5,1971.9
1,1972.6
22,1974.3
16,1974.6
29,1974.9
12,1975.5
23,1975.8
8,1975.9
3,1976.2
11,1976.9
14,1977.9
18,1978.6
21,1980.0
15,1980.7
24,1981.5
9,1982.8
6,1984.9
12,1986.9
5,1986.9
22,1987.2
26,1988.4
11,1990.8
29,1991.1
24,1997.1
9,1997.8
18,1997.8
10,1997.8
12,2042.8
11,2043.0
3,2043.5
18,2043.5
22,2043.8
29,2043.9
9,2044.0
1,2045.0
23,2045.2
16,2045.6
5,2045.6
14,2045.8
8,2045.8
24,2045.8
12,2046.1
15,2046.3
11,2046.4
10,2046.5
26,2046.8
2,2047.1
18,2047.4
21,2047.4
3,2048.3
22,2048.4
29,2048.5
6,2049.1
12,2049.9
9,2050.1
11,2050.6
18,2051.8
5,2052.1
1,2052.6
22,2054.3
16,2054.7
29,2055.0
12,2055.5
8,2055.9
23,2055.9
3,2056.4
11,2057.1
14,2057.9
18,2058.6
24,2060.2
15,2060.7
21,2061.0
9,2061.3
10,2063.0
6,2065.9
22,2066.6
12,2066.7
5,2068.0
26,2069.4
11,2070.2
29,2071.3
24,2076.0
18,2077.1
9,2083.3
12,2122.8
11,2123.0
18,2123.4
3,2123.5
22,2123.8
29,2123.9
9,2124.1
1,2125.0
23,2125.2
16,2125.6
5,2125.7
8,2125.8
14,2125.8
24,2125.9
12,2126.1
15,2126.3
11,2126.4
10,2126.7
26,2126.8
2,2127.1
21,2127.4
18,2127.5
3,2128.3
22,2128.4
29,2128.5
6,2129.0
12,2129.9
9,2130.0
11,2130.6
18,2131.7
5,2132.1
1,2132.6
22,2134.3
16,2134.7
29,2135.0
12,2135.5
8,2135.9
23,2135.9
3,2136.3
11,2137.1
14,2137.9
18,2138.6
15,2140.8
21,2141.1
24,2141.8
9,2144.4
6,2145.3
12,2146.4
22,2146.9
5,2148.5
26,2149.8
29,2151.1
11,2152.5
18,2156.8
12,2508.0
11,2508.3
18,2508.7
3,2508.9
22,2509.1
29,2509.3
9,2509.4
1,2510.3
23,2510.5
16,2510.9
5,2511.0
14,2511.1
8,2511.1
24,2511.4
12,2511.5
15,2511.6
11,2511.8
10,2512.1
26,2512.2
2,2512.6
21,2512.9
18,2512.9
3,2513.8
22,2513.8
29,2513.9
6,2514.8
12,2515.4
9,2515.7
11,2516.0
18,2517.2
5,2517.7
1,2518.1
22,2519.9
16,2520.2
29,2520.8
12,2521.3
8,2521.9
23,2522.1
11,2522.6
3,2522.6
14,2523.9
18,2524.1
21,2526.4
15,2527.0
24,2527.5
6,2529.6
9,2530.4
12,2531.2
5,2531.5
22,2531.7
11,2533.8
29,2534.7
26,2536.8
18,2544.3
12,2587.8
11,2588.0
18,2588.5
3,2588.6
22,2588.9
29,2588.9
9,2589.1
1,2590.1
23,2590.1
5,2590.6
16,2590.6
14,2590.8
8,2590.8
24,2591.0
12,2591.1
15,2591.3
11,2591.5
26,2591.8
10,2591.8
2,2592.1
18,2592.4
21,2592.4
3,2593.3
22,2593.4
29,2593.5
6,2593.9
12,2594.9
9,2595.3
11,2595.6
18,2596.8
5,2596.9
1,2597.6
22,2599.3
16,2599.6
29,2599.9
12,2600.5
23,2600.8
8,2600.8
3,2601.2
11,2601.9
14,2602.9
18,2603.6
21,2605.8
15,2606.3
24,2606.5
6,2609.8
9,2610.3
12,2611.9
5,2611.9
22,2612.4
26,2613.4
11,2615.8
29,2616.0
18,2622.8
24,2623.0
10,2623.9
9,2624.3
12,2667.8
11,2668.0
18,2668.5
3,2668.5
22,2668.8
29,2668.9
9,2669.0
1,2670.0
23,2670.2
5,2670.6
16,2670.6
24,2670.7
8,2670.8
14,2670.8
12,2671.1
15,2671.3
11,2671.4
10,2671.5
26,2671.9
2,2672.1
21,2672.4
18,2672.5
3,2673.3
22,2673.4
29,2673.5
6,2674.1
12,2674.9
9,2675.1
11,2675.6
18,2676.8
5,2677.1
1,2677.6
22,2679.3
16,2679.7
29,2680.0
12,2680.5
23,2680.9
8,2680.9
3,2681.4
11,2682.1
14,2682.9
18,2683.6
24,2685.0
15,2685.7
21,2686.1
9,2686.2
10,2687.7
6,2690.5
12,2691.7
22,2692.0
5,2693.0
26,2694.5
11,2695.2
29,2696.3
24,2700.7
18,2702.1
9,2707.5
12,2747.8
11,2748.0
3,2748.5
18,2748.5
22,2748.8
29,2748.9
9,2749.1
1,2750.0
23,2750.2
16,2750.6
5,2750.7
8,2750.8
14,2750.8
24,2750.9
12,2751.1
15,2751.3
11,2751.4
10,2751.7
26,2751.9
2,2752.1
21,2752.4
18,2752.5
3,2753.3
22,2753.4
29,2753.5
6,2754.0
12,2754.9
9,2755.0
11,2755.6
18,2756.7
5,2757.1
1,2757.6
22,2759.3
16,2759.7
29,2760.0
12,2760.5
8,2760.9
23,2760.9
3,2761.3
11,2762.2
14,2762.9
18,2763.6
21,2766.1
15,2766.4
24,2766.8
9,2769.5
6,2770.4
12,2771.5
22,2772.0
5,2773.4
26,2774.9
29,2776.0
11,2777.5
18,2781.7
12,3133.1
11,3133.3
18,3133.8
3,3134.0
22,3134.2
29,3134.4
9,3134.6
1,3135.5
23,3135.8
16,3136.1
5,3136.3
8,3136.4
14,3136.4
12,3136.5
24,3136.7
11,3136.8
15,3137.0
26,3137.6
10,3137.6
18,3137.9
2,3138.1
21,3138.4
22,3138.9
3,3138.9
29,3139.1
12,3140.4
6,3140.7
11,3141.0
9,3141.0
18,3142.2
5,3143.0
1,3143.8
22,3145.2
29,3146.1
16,3146.3
12,3146.4
11,3147.8
3,3148.1
8,3148.6
23,3149.3
18,3149.3
14,3152.0
12,3157.5
22,3159.3
11,3163.4
9,3167.6
5,3169.1
12,3212.9
11,3213.1
18,3213.6
3,3213.7
29,3214.0
22,3214.0
9,3214.3
1,3215.3
23,3215.4
16,3215.8
5,3215.8
8,3216.0
14,3216.0
24,3216.2
12,3216.2
11,3216.5
15,3216.6
26,3217.2
10,3217.2
18,3217.5
2,3217.6
21,3218.0
22,3218.4
3,3218.4
29,3218.6
6,3219.8
12,3220.1
9,3220.5
11,3220.7
18,3221.8
5,3222.2
1,3223.2
22,3224.6
29,3225.2
16,3225.6
12,3226.0
3,3226.9
23,3227.4
11,3227.4
8,3227.5
18,3228.8
14,3230.5
24,3236.0
12,3236.7
9,3237.9
22,3238.6
5,3239.7
15,3240.5
11,3241.9
6,3243.5
29,3245.6
24,3250.2
9,3251.7
10,3251.8
12,3292.9
11,3293.1
18,3293.6
3,3293.7
22,3293.9
29,3294.0
9,3294.2
1,3295.3
23,3295.4
16,3295.8
5,3295.9
24,3296.0
8,3296.0
14,3296.0
12,3296.2
11,3296.5
15,3296.6
10,3297.0
26,3297.2
18,3297.6
2,3297.6
21,3298.0
3,3298.4
22,3298.5
29,3298.6
6,3299.8
12,3300.1
9,3300.3
11,3300.6
18,3301.9
5,3302.4
1,3303.2
22,3304.6
29,3305.3
16,3305.6
12,3306.0
11,3307.1
3,3307.1
23,3307.4
8,3307.6
18,3309.2
14,3310.5
24,3310.7
9,3311.4
10,3313.2
12,3316.9
22,3318.9
11,3321.3
6,3321.7
5,3321.7
15,3323.6
29,3331.9
12,3372.9
11,3373.1
18,3373.5
3,3373.7
22,3373.9
29,3374.0
9,3374.3
1,3375.3
23,3375.4
16,3375.8
5,3375.9
14,3376.0
8,3376.0
12,3376.2
24,3376.2
11,3376.5
15,3376.6
26,3377.2
10,3377.2
18,3377.6
2,3377.7
21,3378.0
3,3378.4
22,3378.5
29,3378.6
6,3379.8
12,3380.1
9,3380.5
11,3380.6
18,3381.9
5,3382.4
1,3383.2
22,3384.5
29,3385.3
16,3385.6
12,3386.0
11,3387.0
3,3387.0
23,3387.4
8,3387.6
18,3388.9
14,3389.8
24,3395.4
12,3396.9
22,3398.6
9,3398.7
11,3401.3
5,3402.5
6,3402.6
29,3418.1
12,3758.1
11,3758.3
3,3759.0
29,3759.4
9,3759.6
18,3760.3
4,3760.4
1,3760.6
23,3760.8
16,3761.1
5,3761.3
8,3761.4
14,3761.4
12,3761.5
24,3761.7
11,3761.8
15,3762.0
26,3762.6
10,3762.7
22,3762.9
2,3763.2
21,3763.5
29,3764.0
3,3764.0
12,3765.4
6,3765.8
9,3766.0
11,3766.0
18,3766.4
5,3768.0
1,3768.8
29,3771.1
12,3771.4
16,3771.7
11,3772.7
4,3773.2
8,3773.5
3,3773.6
23,3774.3
22,3776.5
14,3776.6
18,3780.2
24,3781.2
12,3783.6
11,3788.8
5,3789.2
12,3837.9
11,3838.1
3,3838.7
29,3839.1
9,3839.3
4,3840.1
18,3840.1
1,3840.3
23,3840.5
16,3840.8
5,3840.9
14,3841.0
8,3841.1
24,3841.2
12,3841.2
11,3841.5
15,3841.7
10,3842.2
26,3842.3
22,3842.4
2,3842.7
21,3843.0
3,3843.4
29,3843.6
6,3844.9
12,3845.1
11,3845.7
9,3845.8
18,3846.1
5,3847.4
1,3848.3
29,3850.3
16,3850.6
12,3851.0
4,3851.9
3,3852.0
11,3852.4
8,3852.8
23,3853.1
14,3854.3
22,3856.4
24,3858.2
18,3859.9
12,3862.6
5,3864.3
11,3866.7
9,3873.8
24,3874.9
10,3876.6
12,3917.9
11,3918.1
3,3918.7
29,3919.1
9,3919.2
18,3920.1
4,3920.1
1,3920.3
23,3920.5
16,3920.8
5,3920.9
14,3921.0
24,3921.0
8,3921.1
12,3921.2
11,3921.5
15,3921.7
10,3921.9
26,3922.3
22,3922.4
2,3922.7
21,3923.0
3,3923.5
29,3923.6
6,3924.9
12,3925.1
9,3925.4
11,3925.6
18,3926.1
5,3927.4
1,3928.3
29,3930.3
16,3930.6
12,3931.0
4,3931.4
11,3932.0
3,3932.2
8,3932.7
23,3933.2
14,3934.3
24,3935.4
22,3936.2
9,3936.5
10,3938.1
18,3939.6
12,3942.7
11,3946.0
5,3946.2
6,3952.7
24,3959.7
12,3997.9
11,3998.0
3,3998.7
29,3999.1
9,3999.3
4,4000.1
18,4000.1
1,4000.3
23,4000.4
16,4000.8
5,4000.9
14,4001.0
8,4001.1
12,4001.2
24,4001.2
11,4001.4
15,4001.7
10,4002.2
26,4002.3
22,4002.4
2,4002.7
21,4003.0
3,4003.4
29,4003.6
6,4004.9
12,4005.1
11,4005.4
9,4005.5
18,4006.1
5,4007.4
1,4008.3
29,4010.3
16,4010.6
12,4011.0
4,4011.4
11,4011.9
3,4012.1
8,4012.8
23,4013.1
14,4014.5
22,4016.4
24,4019.2
18,4019.6
12,4022.8
11,4025.1
5,4029.7
12,4383.1
4,4383.9
14,4384.1
11,4384.2
9,4384.6
22,4385.2
29,4385.2
18,4385.3
1,4385.6
23,4385.8
13,4385.9
31,4386.1
16,4386.1
30,4386.2
5,4386.3
8,4386.4
12,4386.5
3,4386.6
24,4386.7
20,4386.9
15,4387.0
26,4387.6
10,4387.7
2,4388.2
4,4388.4
21,4388.5
14,4388.6
11,4388.7
12,4390.4
6,4390.8
22,4390.8
9,4391.0
29,4391.2
18,4391.6
5,4393.0
31,4393.7
1,4393.8
30,4393.8
13,4394.5
4,4395.2
14,4395.5
11,4396.2
12,4396.4
16,4396.7
8,4398.5
23,4399.3
20,4399.9
22,4402.0
29,4403.3
18,4406.0
5,4406.3
21,4408.4
12,4411.9
9,4415.1
24,4416.1
12,4462.9
4,4463.5
14,4463.8
11,4463.9
9,4464.3
29,4464.8
22,4464.9
18,4465.1
1,4465.3
23,4465.4
13,4465.5
30,4465.6
16,4465.8
5,4465.8
31,4465.8
8,4466.1
3,4466.1
12,4466.2
24,4466.3
20,4466.4
15,4466.7
10,4467.1
26,4467.3
2,4467.6
21,4467.9
4,4468.0
14,4468.1
11,4468.3
12,4470.1
6,4470.2
22,4470.4
9,4470.5
29,4470.6
18,4471.1
5,4472.4
30,4472.9
31,4473.2
1,4473.3
13,4473.9
14,4474.6
4,4474.6
11,4475.4
16,4475.6
12,4476.0
20,4477.7
8,4477.7
23,4478.0
22,4481.1
29,4482.3
18,4485.0
5,4485.5
24,4486.0
21,4486.5
12,4489.7
9,4489.9
30,4491.3
14,4493.3
24,4500.1
10,4501.1
11,4501.5
9,4502.9
12,4542.9
4,4543.5
14,4543.8
11,4543.9
9,4544.2
29,4544.8
22,4544.8
18,4545.1
1,4545.3
23,4545.4
13,4545.5
30,4545.6
31,4545.7
5,4545.8
16,4545.8
24,4546.0
3,4546.1
8,4546.1
12,4546.2
20,4546.4
15,4546.7
10,4546.9
26,4547.3
2,4547.7
4,4547.8
21,4547.9
14,4548.1
11,4548.3
12,4550.1
6,4550.2
29,4550.4
22,4550.4
9,4550.4
18,4551.1
5,4552.2
30,4552.6
31,4553.2
1,4553.3
13,4553.9
4,4554.1
14,4554.6
11,4555.4
16,4555.6
12,4556.0
8,4557.7
20,4557.8
23,4558.1
24,4560.7
22,4561.1
9,4561.5
29,4562.0
10,4563.0
18,4564.7
5,4565.4
21,4565.8
12,4569.7
30,4571.9
4,4573.7
14,4574.1
11,4584.0
12,4622.9
4,4623.5
14,4623.8
11,4623.9
9,4624.3
22,4624.8
29,4624.8
18,4625.1
1,4625.3
23,4625.4
13,4625.4
30,4625.6
31,4625.7
16,4625.8
5,4625.8
8,4626.1
3,4626.2
24,4626.2
12,4626.2
20,4626.4
15,4626.7
10,4627.1
26,4627.3
2,4627.7
4,4627.8
21,4627.9
14,4628.1
11,4628.3
12,4630.1
6,4630.2
22,4630.4
29,4630.4
9,4630.5
18,4631.1
5,4632.4
30,4632.9
31,4633.2
1,4633.3
13,4633.9
4,4634.1
14,4634.7
11,4635.4
16,4635.6
12,4636.0
8,4637.7
20,4637.8
23,4638.1
22,4641.2
29,4642.1
18,4644.7
21,4646.0
5,4646.4
24,4648.5
12,4649.8
9,4650.8
4,4653.9
14,4655.2
30,4662.0
12,5008.1
1,5008.7
4,5008.8
14,5009.1
11,5009.2
8,5009.4
3,5009.5
22,5010.1
29,5010.2
18,5010.3
13,5010.8
23,5010.8
31,5011.0
16,5011.1
30,5011.1
5,5011.3
12,5011.5
20,5011.8
15,5012.0
9,5012.2
1,5012.5
27,5012.6
26,5012.7
2,5013.2
4,5013.3
14,5013.5
21,5013.5
11,5013.7
8,5014.1
3,5014.7
12,5015.4
22,5015.8
6,5015.8
29,5016.0
18,5016.6
1,5017.7
5,5018.0
31,5018.5
30,5018.6
13,5019.3
4,5020.0
14,5020.3
11,5021.2
12,5021.4
16,5021.7
8,5022.2
23,5024.3
20,5024.6
3,5024.7
22,5027.0
1,5027.5
29,5028.2
18,5031.0
27,5031.4
21,5033.6
5,5036.5
12,5037.0
12,5087.9
1,5088.4
4,5088.5
14,5088.8
11,5089.0
8,5089.1
3,5089.1
22,5089.9
29,5089.9
18,5090.1
23,5090.5
13,5090.5
30,5090.7
31,5090.8
16,5090.8
5,5090.9
12,5091.2
20,5091.4
15,5091.7
9,5091.8
27,5092.1
26,5092.3
1,5092.3
2,5092.5
21,5092.9
4,5093.0
14,5093.1
11,5093.4
8,5093.8
3,5094.3
12,5095.1
6,5095.2
22,5095.4
29,5095.6
18,5096.1
1,5097.2
5,5097.4
30,5097.9
31,5098.2
13,5098.9
14,5099.6
4,5099.6
16,5100.6
11,5100.7
12,5101.0
8,5101.6
20,5102.9
23,5103.1
3,5103.8
22,5106.2
1,5106.5
27,5107.6
29,5107.6
18,5110.0
21,5111.9
5,5114.5
12,5114.7
14,5120.9
12,5167.9
1,5168.4
4,5168.5
14,5168.8
11,5168.9
8,5169.0
3,5169.1
22,5169.9
29,5169.9
18,5170.1
23,5170.4
13,5170.5
30,5170.7
16,5170.8
31,5170.8
5,5170.9
12,5171.2
20,5171.4
15,5171.7
9,5171.8
27,5172.1
26,5172.3
1,5172.3
2,5172.6
4,5172.8
21,5172.9
14,5173.1
11,5173.4
8,5173.8
3,5174.2
12,5175.1
6,5175.2
22,5175.4
29,5175.6
18,5176.1
1,5177.2
5,5177.4
30,5177.9
31,5178.2
13,5178.9
4,5179.1
14,5179.6
16,5180.6
11,5180.7
12,5181.0
8,5181.5
23,5183.1
3,5183.3
20,5183.4
22,5186.2
1,5186.2
27,5187.0
29,5187.5
18,5189.7
21,5191.0
12,5194.7
5,5195.2
4,5198.7
14,5202.8
12,5247.9
1,5248.4
4,5248.5
14,5248.8
8,5249.0
11,5249.0
3,5249.1
22,5249.9
29,5249.9
18,5250.1
23,5250.4
13,5250.5
30,5250.7
31,5250.8
16,5250.8
5,5250.9
12,5251.2
20,5251.4
15,5251.7
9,5251.8
27,5252.1
1,5252.3
26,5252.3
2,5252.7
4,5252.8
21,5252.9
14,5253.1
11,5253.4
8,5253.8
3,5254.2
12,5255.1
6,5255.2
22,5255.4
29,5255.6
18,5256.1
1,5257.2
5,5257.4
31,5258.2
30,5258.2
13,5258.9
4,5259.1
14,5259.7
16,5260.6
11,5260.7
12,5261.0
8,5261.5
23,5263.1
3,5263.3
20,5263.5
1,5266.2
22,5266.3
27,5267.0
29,5267.6
18,5269.7
21,5271.2
12,5274.8
5,5277.5
4,5278.9
14,5286.0
12,5633.1
3,5633.4
22,5633.5
1,5633.7
4,5633.8
14,5634.1
23,5634.1
11,5634.2
8,5634.3
29,5635.2
18,5635.3
13,5635.8
31,5636.0
16,5636.1
30,5636.1
5,5636.3
12,5636.5
20,5636.9
15,5637.0
3,5637.0
6,5637.1
9,5637.2
22,5637.4
27,5637.5
1,5637.5
26,5637.7
2,5638.2
4,5638.3
14,5638.5
21,5638.5
11,5638.7
8,5639.1
23,5639.4
12,5640.4
29,5641.0
18,5641.6
3,5641.7
22,5641.9
1,5642.7
5,5643.0
31,5643.5
30,5643.6
13,5644.3
4,5645.0
14,5645.3
11,5646.2
12,5646.4
16,5646.7
8,5647.2
20,5648.9
22,5649.7
3,5649.7
23,5650.6
1,5652.5
29,5653.2
21,5655.8
18,5656.0
27,5656.3
12,5659.6
5,5660.3
14,5664.8
11,5668.9
4,5669.6
12,5712.9
3,5713.0
22,5713.2
1,5713.4
4,5713.5
23,5713.7
14,5713.7
11,5713.9
8,5714.1
29,5714.9
18,5715.1
13,5715.4
31,5715.7
16,5715.7
30,5715.7
5,5715.8
12,5716.2
20,5716.3
3,5716.6
15,5716.7
6,5716.7
9,5716.8
22,5717.0
27,5717.1
26,5717.3
1,5717.3
2,5717.5
21,5717.8
4,5717.8
14,5718.1
11,5718.2
23,5718.7
8,5718.8
12,5720.1
29,5720.6
3,5721.0
18,5721.1
22,5721.4
1,5722.2
5,5722.2
30,5722.9
31,5723.1
13,5723.5
4,5724.1
14,5724.6
11,5725.4
16,5725.5
12,5726.0
8,5726.6
20,5727.1
23,5728.3
3,5728.5
22,5728.9
1,5731.1
27,5732.7
29,5732.7
21,5734.1
18,5735.0
12,5738.6
5,5738.6
14,5739.9
4,5741.3
11,5742.1
22,5755.7
12,5792.9
3,5793.0
22,5793.2
1,5793.4
4,5793.5
23,5793.7
14,5793.7
11,5793.9
8,5794.0
29,5794.9
18,5795.1
13,5795.4
30,5795.7
16,5795.7
31,5795.7
5,5795.8
12,5796.2
20,5796.3
3,5796.6
6,5796.7
15,5796.7
9,5796.8
22,5797.0
27,5797.1
26,5797.3
1,5797.3
2,5797.5
21,5797.8
4,5797.8
14,5798.1
11,5798.2
23,5798.7
8,5798.8
12,5800.1
29,5800.6
3,5801.0
18,5801.1
22,5801.4
1,5802.2
5,5802.2
30,5802.9
31,5803.2
13,5803.5
4,5804.1
14,5804.6
11,5805.4
16,5805.5
12,5806.0
8,5806.5
20,5807.2
23,5808.3
3,5808.5
22,5808.6
1,5811.1
27,5812.0
29,5812.5
21,5813.7
18,5814.7
12,5818.7
5,5818.9
14,5820.8
4,5821.3
11,5823.3
22,5832.3
12,5872.9
3,5873.0
22,5873.2
1,5873.4
4,5873.5
23,5873.7
14,5873.8
11,5873.9
8,5874.0
29,5874.9
18,5875.1
13,5875.4
16,5875.7
30,5875.7
31,5875.7
5,5875.8
12,5876.2
20,5876.4
3,5876.6
15,5876.7
6,5876.7
9,5876.8
22,5877.0
27,5877.1
1,5877.3
26,5877.3
2,5877.6
4,5877.8
21,5877.8
14,5878.1
11,5878.3
23,5878.7
8,5878.8
12,5880.1
29,5880.6
3,5881.0
18,5881.1
22,5881.4
1,5882.2
5,5882.4
30,5883.0
31,5883.2
13,5883.6
4,5884.1
14,5884.6
11,5885.4
16,5885.5
12,5886.0
8,5886.5
20,5887.7
23,5888.3
3,5888.6
22,5888.6
1,5891.1
27,5892.0
29,5892.6
21,5893.8
18,5894.7
12,5898.8
5,5900.3
4,5901.6
14,5901.8
11,5904.6
22,5915.2
3,6258.4
22,6258.5
4,6258.8
12,6258.9
14,6259.1
23,6259.1
11,6259.2
8,6259.3
29,6260.2
18,6260.3
1,6260.6
13,6260.8
31,6261.0
30,6261.1
5,6261.3
16,6261.3
0,6261.4
20,6261.8
15,6262.0
3,6262.0
6,6262.1
22,6262.4
27,6262.5
26,6262.7
17,6263.0
2,6263.2
12,6263.3
4,6263.3
21,6263.4
14,6263.5
11,6263.7
8,6264.1
23,6264.4
29,6266.0
18,6266.6
3,6266.7
22,6266.9
1,6268.0
5,6268.0
31,6268.5
30,6268.6
13,6269.3
4,6270.0
14,6270.3
12,6270.5
11,6271.2
8,6272.2
16,6272.9
20,6273.9
22,6274.7
3,6274.7
23,6275.5
0,6277.6
29,6278.2
21,6280.9
18,6281.0
27,6283.1
5,6286.9
14,6294.7
4,6297.6
22,6303.9
3,6338.0
22,6338.2
4,6338.5
12,6338.6
23,6338.7
14,6338.8
11,6338.9
8,6339.1
29,6339.9
18,6340.1
1,6340.2
13,6340.4
30,6340.7
31,6340.7
16,6340.8
5,6340.8
0,6341.0
20,6341.3
3,6341.6
15,6341.7
6,6341.8
22,6342.0
17,6342.2
27,6342.2
26,6342.3
2,6342.5
21,6342.7
4,6342.8
12,6343.1
14,6343.1
11,6343.3
23,6343.7
8,6343.8
29,6345.6
3,6346.0
18,6346.1
22,6346.4
1,6346.8
5,6347.4
30,6347.9
31,6348.1
13,6348.5
4,6349.1
14,6349.6
12,6350.3
11,6350.4
16,6351.4
8,6351.6
20,6352.1
23,6353.4
3,6353.5
22,6353.6
0,6354.7
29,6357.6
21,6358.0
27,6359.2
18,6360.0
5,6364.7
4,6366.3
11,6368.1
14,6369.2
22,6370.8
3,6418.0
22,6418.2
4,6418.5
12,6418.6
23,6418.7
14,6418.8
11,6418.9
8,6419.0
29,6419.9
18,6420.1
1,6420.2
13,6420.4
31,6420.7
30,6420.7
16,6420.8
5,6420.9
0,6421.0
20,6421.3
3,6421.6
6,6421.7
15,6421.7
22,6422.0
17,6422.2
27,6422.2
26,6422.3
2,6422.5
21,6422.7
4,6422.8
12,6422.9
14,6423.1
11,6423.3
23,6423.7
8,6423.8
29,6425.6
3,6426.0
18,6426.1
22,6426.4
1,6426.9
5,6427.4
30,6427.9
31,6428.2
13,6428.6
4,6429.1
14,6429.6
12,6430.1
11,6430.4
16,6431.0
8,6431.5
20,6432.6
23,6433.4
3,6433.5
22,6433.6
0,6434.8
29,6437.5
21,6437.9
27,6438.3
18,6439.7
5,6445.2
4,6446.5
11,6449.0
14,6451.7
22,6452.4
3,6498.0
22,6498.2
4,6498.5
12,6498.6
23,6498.7
14,6498.8
11,6498.9
8,6499.0
29,6499.9
18,6500.1
1,6500.2
13,6500.4
31,6500.7
30,6500.7
16,6500.8
5,6500.9
0,6501.0
20,6501.4
3,6501.6
15,6501.7
6,6501.7
22,6502.0
27,6502.2
17,6502.2
26,6502.3
2,6502.6
21,6502.7
4,6502.8
12,6502.9
14,6503.1
11,6503.3
23,6503.7
8,6503.8
29,6505.6
3,6506.0
18,6506.1
22,6506.4
1,6507.1
5,6507.4
30,6507.9
31,6508.2
13,6508.6
4,6509.1
14,6509.6
12,6510.1
11,6510.4
16,6511.4
8,6511.5
20,6512.7
23,6513.4
22,6513.6
3,6513.6
0,6514.9
29,6517.6
27,6518.3
21,6518.7
18,6519.7
4,6526.7
5,6527.7
11,6530.2
22,6534.4
22,6883.0
3,6883.4
23,6883.5
29,6883.6
4,6883.8
12,6883.9
31,6884.0
14,6884.1
6,6884.2
11,6884.2
8,6884.3
1,6885.7
7,6885.8
13,6885.8
30,6886.1
16,6886.2
22,6886.2
0,6886.3
20,6886.8
3,6887.0
15,6887.0
23,6887.4
27,6887.5
29,6887.6
26,6887.7
17,6887.9
31,6888.1
2,6888.2
4,6888.3
12,6888.3
14,6888.5
18,6888.6
11,6888.7
6,6888.9
22,6889.1
8,6889.1
3,6891.7
29,6891.9
23,6892.9
1,6893.0
22,6893.2
31,6893.5
30,6893.6
7,6893.6
13,6894.3
4,6895.0
14,6895.3
12,6895.5
11,6896.2
6,6897.1
8,6897.2
16,6898.5
29,6898.6
22,6899.5
20,6899.6
3,6899.7
23,6903.2
0,6903.3
31,6905.1
27,6905.7
22,6912.4
4,6916.7
14,6919.5
22,6962.8
3,6963.0
23,6963.2
29,6963.4
4,6963.5
12,6963.7
14,6963.8
31,6963.8
11,6963.9
6,6963.9
8,6964.1
1,6965.3
13,6965.3
7,6965.5
22,6965.8
30,6965.8
16,6965.9
0,6966.0
20,6966.4
3,6966.6
15,6966.7
23,6967.0
29,6967.1
27,6967.2
26,6967.2
17,6967.5
2,6967.6
31,6967.8
4,6967.8
14,6968.1
12,6968.1
18,6968.2
11,6968.4
6,6968.5
8,6968.8
22,6968.8
3,6971.0
29,6971.5
1,6972.1
23,6972.3
22,6972.8
7,6973.0
30,6973.2
31,6973.2
13,6973.5
4,6974.1
14,6974.6
12,6975.3
11,6975.6
6,6976.3
8,6976.6
16,6976.6
20,6977.8
29,6978.1
3,6978.6
22,6978.9
0,6980.9
23,6982.1
27,6983.3
31,6984.4
4,6989.3
22,6990.2
14,6993.7
22,7042.7
3,7043.0
23,7043.2
29,7043.4
4,7043.5
12,7043.6
14,7043.8
6,7043.8
31,7043.8
11,7043.9
8,7044.0
1,7045.3
13,7045.4
7,7045.5
22,7045.8
30,7045.8
16,7045.9
0,7046.0
20,7046.4
3,7046.6
15,7046.7
23,7047.0
27,7047.2
26,7047.2
29,7047.2
17,7047.5
2,7047.6
4,7047.8
31,7047.8
12,7048.1
14,7048.1
18,7048.2
11,7048.3
6,7048.5
8,7048.8
22,7048.8
3,7051.0
29,7051.5
1,7052.1
23,7052.3
22,7052.8
7,7052.9
31,7053.2
30,7053.2
13,7053.5
4,7054.1
14,7054.6
12,7055.3
11,7055.4
6,7056.3
8,7056.5
16,7056.6
20,7057.9
29,7058.2
3,7058.6
22,7058.9
0,7061.0
23,7062.2
27,7062.8
31,7064.4
4,7069.8
22,7070.3
14,7075.0
22,7122.7
3,7123.0
23,7123.2
29,7123.4
4,7123.5
12,7123.6
14,7123.8
31,7123.8
6,7123.8
11,7123.9
8,7124.0
1,7125.3
13,7125.4
7,7125.5
22,7125.8
30,7125.8
16,7125.9
0,7126.0
20,7126.4
3,7126.6
15,7126.7
23,7127.0
29,7127.2
27,7127.2
26,7127.3
17,7127.6
2,7127.7
31,7127.8
4,7127.8
14,7128.1
12,7128.1
18,7128.2
11,7128.3
6,7128.5
22,7128.8
8,7128.8
3,7131.0
29,7131.5
1,7132.1
23,7132.3
22,7132.8
7,7132.9
31,7133.2
30,7133.2
13,7133.6
4,7134.1
14,7134.6
12,7135.3
11,7135.5
6,7136.3
8,7136.5
16,7136.6
20,7137.9
29,7138.2
3,7138.6
22,7138.9
0,7141.1
23,7142.2
27,7142.7
31,7144.4
4,7150.2
22,7150.4
14,7156.1
8,7508.3
22,7508.3
3,7508.4
23,7508.5
1,7508.8
4,7508.8
12,7508.9
31,7509.0
6,7509.1
14,7509.1
2,7509.1
11,7509.2
29,7509.3
26,7509.3
7,7510.8
13,7510.8
30,7511.1
16,7511.2
0,7511.3
20,7511.8
22,7511.8
8,7511.8
3,7512.0
15,7512.0
23,7512.4
27,7512.5
17,7512.9
1,7512.9
31,7513.1
12,7513.3
4,7513.3
14,7513.5
18,7513.6
11,7513.7
29,7513.8
2,7513.8
6,7513.9
26,7514.2
22,7515.9
8,7516.0
3,7516.7
23,7517.9
7,7518.4
31,7518.5
1,7518.6
30,7518.6
13,7519.3
4,7520.0
14,7520.3
12,7520.5
29,7520.8
11,7521.2
6,7522.1
2,7522.2
22,7522.4
8,7522.8
26,7522.9
16,7523.5
20,7524.6
3,7524.7
23,7528.1
0,7529.6
1,7529.9
31,7530.1
27,7530.9
22,7537.3
8,7588.0
22,7588.0
3,7588.0
23,7588.2
1,7588.4
4,7588.6
12,7588.7
31,7588.8
14,7588.8
2,7588.8
6,7588.9
29,7589.0
11,7589.0
26,7589.1
13,7590.3
7,7590.5
30,7590.8
16,7590.9
0,7591.0
20,7591.4
22,7591.4
8,7591.5
3,7591.6
15,7591.7
23,7592.0
27,7592.2
17,7592.5
1,7592.5
31,7592.8
4,7593.0
14,7593.1
12,7593.1
2,7593.3
18,7593.3
11,7593.4
6,7593.5
29,7593.5
26,7593.7
22,7595.4
8,7595.6
3,7596.0
23,7597.3
1,7597.9
7,7598.0
31,7598.2
30,7598.5
13,7598.5
4,7599.6
14,7599.6
12,7600.3
29,7600.4
11,7600.7
2,7601.2
6,7601.3
22,7601.6
8,7602.0
16,7602.1
26,7602.1
20,7603.4
3,7603.6
0,7605.0
23,7606.9
1,7607.7
27,7608.3
31,7609.4
22,7614.5
8,7620.4
14,7625.1
22,7668.0
8,7668.0
3,7668.0
23,7668.2
1,7668.4
4,7668.5
12,7668.6
2,7668.7
31,7668.8
14,7668.8
11,7668.9
6,7668.9
29,7669.0
26,7669.0
13,7670.4
7,7670.5
30,7670.8
16,7670.9
0,7671.0
22,7671.4
8,7671.5
20,7671.5
3,7671.6
15,7671.7
23,7672.0
27,7672.2
17,7672.5
1,7672.5
31,7672.8
4,7672.8
12,7673.1
14,7673.1
18,7673.3
2,7673.4
11,7673.4
6,7673.5
29,7673.5
26,7673.8
22,7675.3
8,7675.6
3,7676.0
23,7677.3
1,7677.9
7,7677.9
31,7678.2
30,7678.3
13,7678.5
4,7679.2
14,7679.6
12,7680.3
29,7680.4
11,7680.6
6,7681.3
2,7681.3
22,7681.5
16,7681.7
8,7682.0
26,7682.1
20,7683.5
3,7683.6
0,7685.1
23,7687.0
27,7687.8
1,7687.9
31,7689.4
22,7694.7
8,7701.3
22,7748.0
3,7748.0
8,7748.0
23,7748.2
1,7748.4
4,7748.5
12,7748.6
2,7748.7
14,7748.8
31,7748.8
11,7748.9
6,7748.9
29,7749.0
26,7749.0
13,7750.4
7,7750.5
30,7750.8
16,7750.9
0,7751.0
22,7751.4
8,7751.5
20,7751.5
3,7751.6
15,7751.7
23,7752.0
27,7752.2
1,7752.5
17,7752.6
4,7752.8
31,7752.8
12,7753.1
14,7753.1
18,7753.3
11,7753.4
2,7753.4
6,7753.5
29,7753.5
26,7753.8
22,7755.3
8,7755.6
3,7756.0
23,7757.3
7,7757.9
1,7757.9
31,7758.2
30,7758.3
13,7758.6
4,7759.2
14,7759.7
12,7760.3
29,7760.4
11,7760.7
2,7761.3
6,7761.3
22,7761.6
16,7761.7
8,7762.0
26,7762.1
20,7763.5
3,7763.6
0,7765.2
23,7767.0
27,7767.7
1,7768.0
31,7769.4
22,7774.9
8,7781.9
23,8132.7
31,8133.1
8,8133.3
22,8133.3
6,8133.3
3,8133.4
4,8133.8
1,8133.8
2,8134.1
14,8134.1
26,8134.3
29,8134.3
20,8134.5
23,8135.6
7,8135.8
13,8135.8
15,8136.0
30,8136.1
16,8136.2
31,8136.3
0,8136.3
22,8136.8
8,8136.8
6,8136.9
3,8137.0
12,8137.3
27,8137.5
11,8137.9
1,8137.9
17,8137.9
4,8138.3
14,8138.5
18,8138.6
2,8138.8
29,8138.8
23,8138.9
26,8139.2
31,8139.6
20,8140.0
22,8140.9
8,8141.0
3,8141.7
6,8141.8
7,8143.4
23,8143.6
30,8143.6
1,8143.6
13,8144.3
31,8144.3
4,8145.0
14,8145.3
29,8145.9
2,8147.2
22,8147.4
8,8147.8
26,8147.9
16,8148.5
3,8149.7
6,8150.8
20,8151.2
23,8151.5
31,8152.5
15,8154.3
0,8154.6
1,8156.1
27,8157.9
22,8165.6
23,8212.4
31,8212.9
22,8213.0
8,8213.0
3,8213.1
6,8213.1
1,8213.4
4,8213.6
2,8213.8
14,8213.8
29,8214.0
26,8214.1
20,8214.2
23,8215.3
13,8215.4
7,8215.5
15,8215.6
30,8215.8
16,8215.9
0,8216.0
31,8216.1
22,8216.4
8,8216.5
6,8216.7
3,8216.7
12,8217.0
27,8217.1
11,8217.4
17,8217.5
1,8217.5
4,8218.0
14,8218.1
18,8218.2
2,8218.3
23,8218.5
29,8218.5
26,8218.8
31,8219.3
20,8219.5
22,8220.4
8,8220.6
3,8221.2
6,8221.4
1,8222.9
7,8223.0
23,8223.2
13,8223.5
30,8223.5
31,8223.9
4,8224.6
14,8224.7
29,8225.4
2,8226.2
22,8226.6
8,8227.1
16,8227.1
26,8227.1
3,8228.7
0,8230.0
6,8230.0
20,8230.2
23,8230.8
15,8231.5
31,8231.7
27,8232.0
1,8233.3
22,8240.9
8,8250.9
23,8292.4
31,8292.9
22,8293.0
3,8293.0
8,8293.0
6,8293.1
1,8293.4
4,8293.5
14,8293.8
2,8293.8
29,8294.0
26,8294.1
20,8294.2
23,8295.3
13,8295.4
7,8295.5
15,8295.7
30,8295.8
16,8295.9
0,8296.0
31,8296.1
22,8296.4
8,8296.5
3,8296.6
6,8296.7
12,8297.0
27,8297.1
11,8297.4
1,8297.5
17,8297.5
4,8298.0
18,8298.1
14,8298.1
2,8298.4
29,8298.4
23,8298.5
26,8298.8
31,8299.4
20,8299.6
22,8300.4
8,8300.6
3,8301.1
6,8301.4
1,8302.9
7,8302.9
23,8303.0
30,8303.3
13,8303.6
31,8304.0
4,8304.6
14,8304.7
29,8305.2
2,8306.3
22,8306.6
16,8307.1
8,8307.1
26,8307.2
3,8308.6
6,8309.7
0,8310.1
20,8310.2
23,8310.4
15,8311.7
27,8312.0
31,8312.1
1,8313.5
22,8321.0
29,8325.4
8,8330.6
23,8372.4
31,8372.9
8,8373.0
22,8373.0
3,8373.0
6,8373.1
1,8373.4
4,8373.5
2,8373.8
14,8373.8
29,8374.0
26,8374.1
20,8374.2
23,8375.3
13,8375.4
7,8375.5
15,8375.7
30,8375.8
16,8375.9
0,8376.0
31,8376.1
22,8376.4
8,8376.5
3,8376.7
6,8376.7
12,8377.0
27,8377.1
11,8377.5
1,8377.5
17,8377.6
4,8377.8
14,8378.1
18,8378.2
29,8378.4
2,8378.4
23,8378.5
26,8378.8
31,8379.4
20,8379.6
22,8380.4
8,8380.6
3,8381.2
6,8381.4
1,8382.9
7,8382.9
23,8383.0
30,8383.3
13,8383.6
31,8384.0
4,8384.2
14,8384.7
29,8385.2
2,8386.3
22,8386.6
8,8387.1
16,8387.1
26,8387.2
3,8388.8
6,8389.7
20,8390.2
0,8390.2
23,8390.4
15,8391.9
27,8392.0
31,8392.1
1,8393.9
22,8401.2
29,8406.3
8,8410.5
31,8758.1
23,8758.2
22,8758.3
8,8758.3
6,8758.3
3,8758.6
4,8758.8
1,8758.8
29,8759.3
26,8759.3
11,8759.5
20,8759.5
2,8760.4
7,8760.8
13,8760.8
15,8760.9
30,8761.1
14,8761.1
16,8761.2
31,8761.3
0,8761.3
23,8761.8
8,8761.8
22,8761.8
6,8761.9
12,8762.3
27,8762.5
3,8762.5
17,8762.9
1,8762.9
4,8763.3
18,8763.6
29,8763.8
26,8764.2
11,8764.4
31,8764.6
20,8764.9
22,8765.9
8,8766.0
23,8766.6
6,8766.9
3,8767.3
2,8768.3
7,8768.4
1,8768.6
30,8768.6
31,8769.3
13,8769.3
14,8770.0
4,8770.0
29,8770.9
11,8772.2
22,8772.3
8,8772.8
26,8772.9
16,8773.5
3,8775.2
20,8775.2
23,8775.2
6,8775.9
31,8777.0
0,8778.0
1,8779.9
15,8784.3
22,8788.4
27,8790.4
31,8837.9
23,8837.9
22,8838.0
8,8838.0
6,8838.1
3,8838.2
1,8838.4
4,8838.5
26,8839.1
29,8839.1
11,8839.2
20,8839.2
2,8840.1
13,8840.4
7,8840.5
15,8840.7
14,8840.8
30,8840.8
16,8840.9
0,8841.0
31,8841.1
23,8841.4
22,8841.4
8,8841.5
6,8841.7
12,8841.9
3,8842.1
27,8842.2
17,8842.4
1,8842.5
4,8842.8
18,8843.2
29,8843.5
26,8843.7
11,8844.0
31,8844.3
20,8844.4
22,8845.4
8,8845.6
23,8846.0
6,8846.4
3,8846.6
2,8847.6
1,8847.9
30,8848.2
7,8848.3
13,8848.6
31,8848.9
4,8849.2
14,8849.3
29,8850.5
11,8851.3
22,8851.6
26,8852.0
8,8852.0
16,8852.1
23,8853.9
3,8854.0
20,8854.1
6,8854.9
0,8854.9
31,8856.4
15,8857.4
1,8857.7
27,8858.6
22,8865.5
8,8873.3
23,8917.9
31,8917.9
22,8918.0
8,8918.0
6,8918.0
3,8918.2
1,8918.4
4,8918.5
26,8919.0
29,8919.1
11,8919.2
20,8919.2
2,8920.0
13,8920.4
7,8920.5
15,8920.7
30,8920.8
14,8920.8
16,8920.9
0,8921.0
31,8921.1
22,8921.4
23,8921.4
8,8921.5
6,8921.7
12,8921.9
3,8922.1
27,8922.1
17,8922.4
1,8922.5
4,8922.8
18,8923.2
29,8923.5
26,8923.8
11,8924.0
20,8924.4
31,8924.4
22,8925.3
8,8925.6
23,8926.2
6,8926.4
3,8926.6
2,8927.8
1,8927.9
30,8928.2
7,8928.2
13,8928.6
31,8929.0
4,8929.2
14,8929.3
29,8930.4
11,8931.3
22,8931.5
16,8932.1
8,8932.1
26,8932.1
3,8934.0
20,8934.1
23,8934.3
6,8934.6
0,8934.9
31,8936.6
15,8937.3
1,8937.9
27,8938.5
22,8945.5
8,8954.0
23,8997.9
31,8997.9
22,8998.0
8,8998.0
6,8998.0
3,8998.2
1,8998.4
4,8998.5
26,8999.0
29,8999.1
20,8999.2
11,8999.2
2,9000.0
13,9000.4
7,9000.5
15,9000.7
30,9000.8
14,9000.8
16,9000.9
0,9001.0
31,9001.1
22,9001.4
23,9001.4
8,9001.5
6,9001.7
12,9001.9
3,9002.1
27,9002.1
17,9002.4
1,9002.5
4,9002.8
18,9003.2
29,9003.5
26,9003.8
11,9004.0
31,9004.4
20,9004.4
22,9005.3
8,9005.6
23,9006.2
6,9006.4
3,9006.6
2,9007.8
1,9007.9
7,9008.2
30,9008.2
13,9008.9
31,9009.0
4,9009.2
14,9009.3
29,9010.4
11,9011.4
22,9011.5
26,9012.1
8,9012.1
16,9012.1
3,9014.1
20,9014.1
23,9014.3
6,9014.6
0,9014.9
31,9016.6
15,9017.2
1,9018.0
27,9018.6
22,9025.6
8,9034.5
6,9382.9
31,9383.1
3,9383.1
23,9383.2
22,9383.3
1,9383.8
4,9383.8
8,9384.1
7,9384.2
29,9384.3
20,9384.5
2,9385.4
13,9385.8
15,9385.9
26,9386.0
6,9386.1
30,9386.1
16,9386.2
14,9386.2
0,9386.3
31,9386.3
11,9386.4
3,9386.5
12,9386.7
22,9386.8
23,9386.8
27,9387.5
17,9387.9
1,9387.9
4,9388.3
7,9388.7
29,9388.8
8,9388.8
19,9389.2
6,9389.5
31,9389.6
3,9389.8
20,9389.9
22,9390.9
23,9391.6
2,9393.3
30,9393.6
1,9393.6
31,9394.3
6,9394.3
13,9394.3
3,9394.4
11,9394.4
4,9395.0
14,9395.0
7,9395.2
29,9395.9
12,9396.3
8,9396.7
26,9396.8
22,9397.3
16,9398.5
23,9400.2
20,9400.5
31,9402.5
3,9402.6
6,9403.2
0,9403.3
27,9404.8
1,9405.7
15,9409.5
22,9412.8
6,9462.7
3,9462.8
23,9462.9
31,9462.9
22,9463.0
1,9463.4
4,9463.5
8,9463.7
7,9464.0
29,9464.1
20,9464.2
2,9465.1
13,9465.4
26,9465.6
15,9465.7
30,9465.8
16,9465.9
14,9465.9
6,9465.9
11,9466.0
31,9466.1
3,9466.1
0,9466.1
12,9466.3
22,9466.4
23,9466.4
27,9467.1
17,9467.4
1,9467.5
4,9467.8
7,9468.3
8,9468.4
19,9468.5
29,9468.5
31,9469.3
3,9469.3
6,9469.3
20,9469.4
22,9470.4
23,9471.0
2,9472.6
1,9472.9
30,9473.2
11,9473.5
3,9473.7
31,9473.9
13,9473.9
6,9474.1
4,9474.2
7,9474.6
14,9474.7
12,9475.5
29,9475.5
26,9475.6
8,9475.7
16,9476.6
22,9476.6
23,9478.9
20,9479.3
3,9480.9
0,9481.3
27,9481.8
31,9482.0
15,9482.4
6,9482.6
1,9483.3
22,9491.1
3,9507.2
6,9542.7
3,9542.8
31,9542.9
23,9542.9
22,9543.0
1,9543.4
4,9543.5
8,9543.7
29,9544.0
7,9544.0
20,9544.2
2,9545.0
13,9545.4
26,9545.6
15,9545.7
30,9545.8
14,9545.9
6,9545.9
16,9545.9
11,9546.0
0,9546.1
3,9546.1
31,9546.1
12,9546.3
23,9546.4
22,9546.4
27,9547.1
17,9547.4
1,9547.5
4,9547.8
7,9548.3
8,9548.3
19,9548.5
29,9548.5
6,9549.3
3,9549.3
20,9549.4
31,9549.4
22,9550.3
23,9551.2
2,9552.8
1,9552.9
30,9553.2
11,9553.5
3,9553.7
13,9553.9
31,9554.0
6,9554.1
4,9554.2
7,9554.6
14,9554.7
29,9555.4
12,9555.4
8,9555.6
26,9555.6
16,9556.6
22,9556.6
20,9559.3
23,9559.3
3,9560.9
27,9561.3
0,9561.3
31,9562.2
15,9562.3
6,9562.5
1,9563.4
22,9571.4
7,9581.0
3,9586.1
6,9622.6
3,9622.7
31,9622.9
23,9622.9
22,9623.0
1,9623.4
4,9623.5
8,9623.7
7,9624.0
29,9624.1
20,9624.2
2,9625.0
13,9625.4
26,9625.6
15,9625.7
30,9625.8
6,9625.8
16,9625.9
14,9625.9
3,9626.0
11,9626.0
31,9626.1
0,9626.1
12,9626.2
22,9626.4
23,9626.4
27,9627.1
17,9627.4
1,9627.5
4,9627.8
7,9628.3
8,9628.4
29,9628.5
19,9628.5
6,9629.1
3,9629.2
31,9629.4
20,9629.4
22,9630.3
23,9631.2
2,9632.8
1,9632.9
30,9633.3
11,9633.5
3,9633.6
6,9633.8
13,9633.9
31,9634.0
4,9634.2
7,9634.6
14,9634.7
29,9635.4
12,9635.5
26,9635.7
8,9636.0
16,9636.6
22,9636.6
23,9639.3
20,9639.3
3,9640.7
0,9641.3
27,9641.4
6,9641.9
31,9642.2
15,9642.2
1,9643.5
22,9651.6
7,9663.0
3,9665.7
