0,26.0
23,26.0
46,26.0
47,26.0
22,26.0
21,26.0
20,26.0
19,26.0
18,26.0
45,26.0
17,26.0
49,26.0
50,26.0
15,26.0
14,26.0
51,26.0
13,26.0
12,26.0
52,26.0
16,26.0
11,26.0
24,26.0
25,26.0
35,26.0
36,26.0
37,26.0
34,26.0
38,26.0
33,26.0
39,26.0
40,26.0
44,26.0
32,26.0
41,26.0
42,26.0
30,26.0
29,26.0
28,26.0
27,26.0
43,26.0
26,26.0
31,26.0
10,26.0
48,26.0
7,26.0
62,26.0
1,26.0
2,26.0
60,26.0
3,26.0
8,26.0
9,26.0
59,26.0
58,26.0
4,26.0
57,26.0
56,26.0
54,26.0
5,26.0
53,26.0
61,26.0
6,26.0
55,26.0
44,112.0
24,116.5
15,116.8
59,117.7
42,120.5
54,122.8
43,124.3
5,127.6
56,128.8
55,128.9
0,129.8
35,131.3
22,132.2
26,134.0
7,135.0
45,137.6
23,137.6
30,138.5
51,138.7
52,140.1
24,141.0
33,141.1
59,141.4
4,142.3
13,142.5
27,143.0
9,144.4
54,146.0
16,146.0
11,146.1
46,146.3
32,148.0
3,148.5
43,152.8
55,153.7
0,153.9
10,154.6
26,155.1
6,155.8
44,156.5
48,157.2
41,157.6
34,157.6
23,160.1
15,161.5
45,161.9
30,163.9
22,164.7
7,166.7
59,168.4
42,169.1
52,171.4
24,172.4
33,173.1
35,175.5
17,176.7
54,182.0
55,186.4
15,190.3
56,192.0
9,192.6
59,192.7
38,193.1
23,196.4
12,196.8
26,196.9
18,197.2
7,197.3
27,198.1
16,198.2
51,198.9
43,199.6
0,200.0
5,200.4
30,201.2
48,201.3
4,204.0
55,205.0
22,206.0
3,207.9
46,208.1
45,209.1
44,210.3
59,211.2
32,211.2
6,211.5
15,211.7
9,213.4
23,213.8
7,215.5
35,215.8
26,215.9
34,221.2
51,225.0
4,225.9
43,226.5
0,228.0
22,231.7
24,232.0
55,262.6
23,271.3
59,274.2
30,275.6
7,276.6
43,277.3
46,277.4
0,277.5
45,278.0
9,278.4
24,279.3
54,279.7
51,280.5
55,280.7
22,280.8
26,280.9
13,282.6
35,284.8
4,285.7
15,287.6
6,288.2
52,288.4
23,288.6
7,290.7
0,292.4
33,292.8
54,293.0
11,296.1
59,296.2
56,296.2
16,297.1
55,297.2
45,297.3
43,297.8
30,298.4
46,298.7
10,298.8
22,299.3
13,300.0
9,300.5
51,300.7
24,301.1
5,302.3
26,302.4
32,305.3
54,306.3
52,306.5
23,307.9
33,309.0
7,310.8
34,312.8
35,313.2
6,313.2
0,313.5
4,314.9
59,319.1
55,546.0
24,555.5
54,556.7
45,614.9
13,643.6
54,651.4
59,653.4
35,654.5
55,655.2
24,655.8
56,658.3
9,658.4
5,658.5
16,658.9
10,659.3
23,662.4
52,663.9
15,664.9
0,665.7
7,665.9
43,665.9
51,666.0
30,666.4
26,666.9
34,667.1
6,667.4
33,668.1
48,668.6
22,669.2
13,669.4
12,670.5
4,670.7
54,670.7
46,670.7
45,671.0
59,671.2
32,671.3
27,671.4
38,671.5
55,671.8
3,672.3
11,673.1
44,673.3
24,675.3
35,676.4
17,679.1
9,679.5
23,679.5
7,680.9
56,681.0
10,681.3
52,681.3
0,681.3
51,682.2
33,682.3
26,684.1
53,684.5
30,684.8
59,685.0
13,685.4
41,686.4
54,686.9
5,687.0
50,689.0
55,689.5
34,689.6
32,690.0
43,690.3
45,691.4
16,692.6
15,693.1
22,693.2
42,693.3
6,693.5
24,694.2
46,699.1
59,703.1
4,705.8
23,706.6
7,706.8
44,707.6
21,710.1
0,713.6
13,722.8
54,723.7
26,740.6
51,741.3
55,741.9
23,743.7
9,744.1
7,746.0
43,746.4
45,747.6
0,748.1
59,748.2
15,750.4
22,751.8
30,753.5
18,753.8
4,754.3
46,756.9
26,760.6
6,761.1
55,763.0
23,764.2
51,764.4
7,765.7
45,768.7
9,772.7
4,777.1
43,778.5
22,781.4
0,784.0
26,784.8
55,801.8
16,802.8
17,806.6
35,807.1
59,814.0
54,819.7
9,820.0
7,824.4
55,824.8
0,824.9
15,825.5
23,825.7
43,825.8
51,828.1
18,828.7
33,829.2
24,829.7
26,829.7
22,831.0
30,832.2
13,833.1
4,833.4
54,834.4
52,836.3
11,836.5
56,837.2
46,837.2
0,839.9
7,840.7
45,841.0
55,841.3
10,841.3
9,843.9
23,845.2
33,845.7
43,846.1
59,846.7
22,849.5
54,849.9
24,852.6
26,858.1
13,858.2
0,859.9
4,861.8
52,862.9
54,874.8
55,883.4
5,894.8
59,895.6
23,898.3
16,898.7
51,900.3
18,901.1
15,903.2
17,904.1
7,904.7
46,905.8
43,906.2
30,906.4
9,906.9
0,907.0
55,907.1
26,908.2
22,911.4
6,912.6
4,913.0
23,915.5
45,916.4
32,917.0
51,918.5
59,920.2
55,922.8
15,927.4
46,927.5
0,928.9
43,929.2
22,931.0
26,931.4
9,935.3
45,940.8
59,940.9
55,943.7
15,957.4
54,1142.7
35,1198.7
48,1220.2
52,1222.2
32,1232.2
13,1269.2
29,1270.3
8,1270.5
34,1270.6
6,1275.3
23,1276.2
54,1277.4
30,1278.4
59,1278.6
35,1279.2
16,1279.4
55,1280.0
5,1281.0
56,1281.4
24,1282.4
48,1282.7
9,1283.1
51,1283.4
7,1284.8
4,1285.1
52,1285.2
11,1286.2
17,1286.3
32,1289.0
43,1290.0
0,1291.2
15,1291.4
26,1291.5
22,1293.8
3,1294.8
33,1294.9
38,1294.9
18,1295.5
44,1295.7
46,1295.8
55,1296.0
45,1296.4
23,1296.6
54,1298.5
59,1298.8
27,1299.8
13,1299.9
51,1300.1
30,1300.1
6,1300.4
12,1301.3
7,1301.7
10,1302.2
34,1303.3
24,1303.4
9,1304.5
35,1305.2
52,1306.2
4,1306.5
56,1308.1
0,1309.0
11,1309.2
26,1309.7
55,1311.5
32,1311.5
33,1312.4
42,1312.5
16,1312.7
41,1313.1
43,1313.4
23,1314.5
59,1316.2
15,1316.8
22,1316.9
48,1317.0
45,1317.6
5,1319.0
54,1319.1
17,1323.2
46,1324.1
13,1324.3
24,1331.0
59,1340.9
55,1347.6
15,1347.7
54,1352.0
34,1352.9
7,1364.5
26,1365.4
0,1365.8
9,1367.5
23,1368.3
51,1368.8
18,1369.7
45,1372.7
43,1372.9
55,1374.7
22,1378.3
4,1378.8
30,1381.2
46,1383.3
7,1384.2
26,1385.2
0,1385.5
6,1387.2
23,1387.6
45,1393.5
51,1394.6
55,1402.7
43,1404.0
4,1406.2
22,1407.9
59,1427.5
16,1427.7
17,1431.7
35,1435.1
5,1436.6
7,1441.9
55,1443.2
54,1446.0
9,1446.4
24,1446.8
18,1446.8
0,1448.0
43,1448.3
23,1449.0
22,1451.4
26,1452.0
51,1453.3
13,1453.5
15,1453.9
30,1455.0
7,1456.3
4,1456.6
46,1457.7
10,1460.4
55,1461.0
54,1461.2
52,1461.8
0,1462.8
33,1465.1
24,1466.9
56,1467.3
43,1467.9
23,1468.5
22,1469.2
7,1476.1
13,1479.3
26,1479.6
4,1479.9
54,1480.4
59,1482.3
55,1483.6
46,1485.7
54,1512.7
59,1523.5
18,1523.7
0,1524.0
23,1524.7
16,1526.7
51,1528.0
55,1528.4
15,1530.5
43,1530.7
45,1531.1
9,1531.1
7,1532.0
30,1532.6
17,1535.5
26,1536.1
6,1536.3
22,1536.4
4,1540.0
24,1540.4
23,1543.0
46,1543.3
59,1543.3
0,1546.5
55,1549.5
7,1550.3
45,1550.8
35,1552.5
51,1552.6
15,1554.0
22,1555.0
9,1558.2
59,1561.1
26,1561.3
24,1561.6
6,1563.0
41,1563.3
34,1567.2
15,1580.1
59,1582.0
17,1585.2
5,1647.1
35,1787.6
43,1807.8
33,1861.0
52,1865.4
13,1873.8
48,1883.5
29,1895.0
8,1896.0
54,1902.3
59,1903.1
30,1903.5
35,1903.7
16,1904.1
56,1905.2
55,1905.4
5,1905.9
24,1906.5
13,1907.4
9,1908.2
7,1909.2
52,1910.3
17,1910.6
4,1910.8
46,1911.1
10,1911.7
45,1911.8
34,1912.4
11,1912.9
23,1914.0
15,1914.1
50,1914.4
43,1915.6
48,1915.9
51,1916.9
0,1916.9
26,1917.0
32,1917.1
6,1917.2
18,1918.4
22,1919.4
33,1919.8
38,1920.6
44,1920.9
3,1922.1
59,1922.1
55,1922.5
54,1923.6
30,1925.1
7,1925.5
12,1925.9
35,1926.3
24,1926.4
13,1928.2
45,1929.8
27,1930.0
9,1930.0
46,1930.6
41,1930.7
52,1931.6
23,1932.0
4,1932.1
56,1932.4
26,1935.5
0,1935.8
34,1935.8
59,1936.1
10,1936.4
16,1936.8
11,1937.0
33,1937.8
15,1938.6
53,1939.4
43,1939.7
42,1939.7
5,1939.7
51,1941.1
17,1941.4
6,1942.3
55,1942.3
22,1942.7
54,1945.8
13,1950.3
24,1951.5
59,1954.3
45,1958.9
15,1973.3
59,1986.9
7,1988.0
23,1988.9
55,1992.4
9,1994.3
18,1994.7
30,1996.4
26,1997.1
43,1998.4
0,1999.7
16,1999.9
51,2001.2
22,2003.1
4,2003.4
23,2006.0
45,2006.1
7,2006.4
46,2008.0
6,2010.6
55,2016.9
26,2020.9
43,2029.1
22,2031.5
0,2033.2
17,2056.9
24,2057.4
54,2061.6
23,2061.7
5,2062.0
7,2067.6
16,2068.7
59,2069.1
51,2070.2
18,2071.0
43,2072.1
9,2072.2
0,2072.4
45,2073.7
30,2073.9
55,2075.2
22,2075.6
26,2075.8
15,2076.3
23,2078.3
4,2078.4
54,2079.2
13,2080.2
24,2080.6
46,2081.3
7,2081.7
35,2084.8
52,2088.1
6,2088.8
0,2089.4
33,2089.7
51,2091.5
10,2091.8
22,2092.9
54,2093.0
45,2093.4
55,2096.1
9,2097.6
43,2098.2
26,2098.3
23,2099.3
11,2099.5
30,2100.1
24,2103.1
7,2103.4
4,2103.4
13,2105.0
46,2106.5
0,2108.4
54,2115.4
54,2145.8
59,2146.3
18,2147.5
16,2149.2
15,2149.3
17,2151.6
55,2154.7
23,2155.5
0,2156.5
43,2156.6
7,2157.2
9,2158.8
22,2159.6
51,2159.7
26,2160.0
35,2162.7
59,2165.4
4,2165.4
30,2166.4
46,2167.4
13,2173.0
55,2173.2
24,2174.5
41,2177.2
34,2177.6
22,2178.6
59,2178.7
15,2179.0
23,2179.5
0,2180.8
43,2181.4
7,2181.8
56,2182.4
33,2182.7
32,2186.2
16,2186.9
26,2188.3
17,2191.6
9,2193.1
55,2196.0
59,2199.2
15,2213.2
41,2232.2
35,2441.6
52,2508.0
5,2518.2
48,2519.3
29,2521.3
8,2521.5
54,2527.6
59,2528.1
16,2529.1
56,2529.5
35,2530.2
6,2530.7
55,2530.7
24,2532.9
9,2533.7
51,2535.2
13,2535.4
17,2536.3
4,2536.6
34,2537.5
10,2537.7
46,2538.3
23,2539.4
45,2540.2
52,2540.6
43,2541.2
0,2541.8
7,2541.9
15,2542.0
32,2542.3
26,2542.3
30,2542.8
18,2543.0
33,2543.2
22,2544.8
59,2545.7
55,2547.0
41,2548.7
54,2549.0
3,2549.2
11,2549.5
44,2549.6
38,2550.5
24,2552.4
51,2552.7
35,2552.8
5,2554.6
9,2555.3
56,2555.6
16,2555.9
13,2555.9
12,2556.3
27,2557.2
23,2557.6
6,2557.7
4,2558.1
46,2558.4
33,2559.0
48,2559.4
59,2559.7
0,2560.1
34,2560.2
45,2560.3
26,2560.7
7,2561.0
52,2561.4
10,2562.3
30,2562.8
43,2566.1
17,2566.1
15,2566.8
55,2566.8
42,2567.4
50,2567.8
22,2568.5
32,2569.2
59,2577.9
24,2579.4
15,2599.3
54,2606.6
59,2610.9
16,2611.8
23,2614.2
51,2614.5
0,2615.3
55,2615.4
9,2616.5
18,2619.4
7,2620.0
26,2622.2
43,2623.9
30,2627.7
22,2628.8
4,2628.9
23,2631.6
45,2633.0
46,2634.0
6,2634.1
0,2634.3
51,2635.7
55,2636.1
7,2641.5
9,2641.9
26,2646.3
43,2653.9
22,2656.1
17,2682.5
35,2687.8
5,2689.5
16,2691.4
59,2693.3
23,2694.7
18,2695.5
24,2696.7
54,2697.2
7,2698.0
55,2698.4
9,2698.7
0,2699.4
43,2699.8
45,2701.2
15,2701.6
26,2702.6
22,2703.1
51,2703.3
33,2705.0
30,2706.2
4,2706.4
46,2709.9
11,2710.0
13,2710.9
6,2711.3
54,2711.8
7,2712.1
23,2712.3
52,2714.0
55,2715.2
0,2715.2
56,2715.5
10,2716.2
24,2716.2
22,2720.9
43,2721.3
45,2721.7
33,2722.8
9,2724.3
54,2727.3
26,2729.0
23,2733.5
13,2735.7
54,2757.9
16,2771.2
7,2771.3
18,2772.7
59,2772.8
51,2773.6
0,2774.0
55,2774.2
17,2778.3
30,2778.4
15,2778.6
4,2779.2
9,2779.9
43,2780.4
23,2780.6
35,2782.7
46,2782.9
26,2784.8
22,2786.9
7,2790.3
59,2792.1
55,2793.0
51,2794.3
0,2796.6
4,2801.7
23,2802.9
15,2803.7
35,2807.6
59,2808.5
34,2809.5
32,2809.6
22,2815.7
43,2832.2
15,2836.9
26,2840.2
59,2866.6
55,2991.9
24,3000.0
35,3001.4
56,3005.8
5,3046.8
33,3052.0
9,3052.2
52,3052.7
13,3061.3
6,3076.8
46,3132.6
29,3142.1
8,3142.8
30,3143.9
54,3145.1
16,3146.3
59,3146.5
56,3147.1
35,3147.8
5,3148.5
55,3148.6
10,3148.7
48,3148.8
24,3149.7
41,3149.9
13,3150.0
9,3150.9
15,3151.3
17,3151.4
34,3152.1
52,3152.8
45,3152.9
18,3152.9
32,3154.1
23,3154.2
6,3154.5
43,3155.1
44,3155.2
51,3155.9
38,3156.1
33,3156.6
26,3157.5
3,3158.0
12,3158.2
11,3158.8
22,3159.0
27,3159.1
42,3159.2
53,3160.5
4,3161.2
29,3162.1
54,3163.1
46,3163.5
50,3163.6
21,3164.4
35,3164.5
31,3164.7
30,3165.3
56,3165.3
8,3165.5
0,3165.8
16,3165.9
59,3166.1
55,3166.7
48,3167.0
25,3167.2
24,3167.6
7,3167.6
5,3168.7
61,3169.3
10,3169.4
58,3169.8
40,3170.4
15,3170.9
14,3171.0
28,3171.0
1,3171.4
13,3171.5
9,3172.1
45,3173.0
20,3173.5
52,3173.6
57,3173.9
17,3174.4
37,3174.5
60,3174.6
36,3174.7
47,3174.9
49,3175.2
19,3175.2
6,3175.3
32,3175.4
18,3176.1
39,3176.2
43,3176.5
44,3176.6
2,3176.6
51,3176.7
23,3177.0
26,3177.8
34,3178.5
33,3178.6
38,3178.9
22,3180.8
41,3182.1
27,3182.4
4,3183.2
42,3184.2
12,3186.0
0,3186.7
35,3186.7
62,3187.1
3,3187.5
46,3188.0
54,3188.5
59,3189.8
55,3190.2
24,3190.2
16,3193.3
15,3194.0
21,3194.0
5,3194.6
13,3221.6
18,3223.1
56,3223.5
22,3224.9
17,3225.0
59,3230.3
54,3230.5
5,3230.6
16,3231.1
55,3233.5
24,3233.8
44,3234.6
43,3235.0
9,3235.5
35,3235.7
23,3241.4
15,3242.4
34,3245.2
60,3257.5
18,3264.7
42,3265.1
22,3266.8
0,3276.4
44,3280.0
24,3281.9
59,3285.7
19,3299.4
5,3299.9
54,3300.2
56,3301.1
13,3303.5
48,3303.8
8,3304.2
52,3306.4
29,3307.1
59,3307.2
16,3307.3
35,3308.9
32,3308.9
24,3309.4
55,3310.3
18,3310.7
27,3310.8
17,3311.8
15,3312.3
26,3312.7
6,3314.1
23,3314.4
9,3314.9
43,3315.0
30,3315.2
45,3316.7
34,3317.8
44,3319.0
22,3320.5
54,3320.8
33,3321.0
3,3321.6
1,3322.0
42,3322.7
56,3322.7
5,3322.8
4,3323.0
10,3323.2
11,3324.1
7,3324.2
12,3324.2
20,3325.3
38,3326.5
61,3326.8
48,3328.6
25,3329.1
0,3329.3
35,3329.4
51,3329.5
50,3330.2
46,3331.1
59,3331.2
24,3331.6
28,3331.6
13,3332.6
16,3333.0
52,3333.0
55,3333.8
40,3334.4
8,3334.9
41,3335.5
32,3335.9
60,3337.9
26,3338.9
15,3339.0
27,3340.2
18,3340.6
37,3341.1
43,3341.5
39,3341.8
17,3342.6
45,3343.2
19,3343.4
6,3344.1
9,3346.2
23,3346.9
44,3347.4
22,3347.4
54,3347.5
33,3348.2
30,3350.0
5,3350.6
56,3351.1
7,3351.4
10,3352.6
42,3355.4
2,3356.9
35,3357.0
62,3357.0
4,3357.1
21,3359.0
61,3359.4
1,3361.8
0,3362.2
3,3362.7
24,3363.1
25,3368.3
46,3370.8
28,3372.1
26,3373.6
43,3376.0
55,3378.5
18,3378.7
15,3378.7
59,3379.9
16,3380.2
5,3384.4
34,3385.0
19,3388.2
54,3388.4
35,3388.6
17,3389.7
12,3390.6
56,3390.6
27,3390.8
13,3391.6
9,3394.4
24,3396.0
20,3397.3
44,3398.5
40,3399.9
23,3400.1
22,3401.9
55,3403.5
59,3405.8
16,3406.8
33,3408.4
15,3409.2
32,3410.9
18,3411.5
43,3411.8
41,3412.3
35,3416.9
54,3417.0
5,3417.6
26,3420.7
7,3421.0
60,3422.4
0,3424.5
56,3433.9
27,3438.7
44,3465.6
4,3467.0
24,3490.3
55,3603.1
38,3609.1
59,3611.3
48,3618.2
31,3621.7
6,3622.0
52,3624.5
45,3634.2
36,3636.5
51,3640.4
58,3642.1
50,3642.5
11,3644.9
29,3645.4
30,3645.5
8,3649.7
42,3650.9
43,3650.9
5,3651.0
55,3651.6
44,3654.3
56,3655.3
13,3656.5
48,3656.7
25,3657.3
28,3657.5
53,3657.8
10,3659.0
27,3660.5
20,3661.1
24,3662.4
15,3662.6
6,3664.2
32,3664.3
61,3665.4
0,3666.0
4,3666.0
16,3666.2
35,3666.8
33,3667.8
7,3668.1
59,3668.5
38,3668.9
9,3669.1
1,3669.8
12,3669.9
46,3670.1
52,3670.2
18,3670.4
22,3671.2
45,3672.2
14,3672.7
37,3673.2
34,3673.8
23,3673.9
54,3674.2
47,3675.0
2,3676.0
50,3676.2
26,3676.4
51,3676.8
43,3676.8
49,3676.9
55,3677.3
19,3677.4
30,3677.9
21,3678.1
11,3678.2
17,3678.5
40,3678.7
5,3679.1
60,3679.2
29,3679.2
57,3679.3
3,3679.3
31,3679.8
56,3680.0
8,3680.2
44,3680.8
36,3681.3
41,3681.4
48,3681.8
15,3683.0
13,3684.0
62,3684.4
53,3684.5
28,3684.9
10,3684.9
42,3685.1
58,3685.3
25,3685.4
6,3685.5
27,3686.2
0,3687.3
24,3687.4
35,3687.5
32,3688.3
7,3688.6
16,3690.5
33,3691.0
4,3691.1
61,3691.6
59,3691.7
52,3692.1
20,3692.3
39,3692.3
46,3692.7
22,3693.0
45,3694.7
18,3694.8
12,3695.4
1,3696.5
38,3696.7
43,3697.8
23,3697.9
55,3698.6
37,3699.3
26,3699.9
54,3701.2
19,3702.4
15,3704.3
44,3704.9
5,3706.0
17,3706.5
2,3707.5
40,3708.3
60,3708.8
56,3710.1
61,3740.1
16,3765.4
13,3768.7
34,3768.8
35,3769.0
48,3769.7
8,3770.2
59,3773.6
54,3774.3
5,3775.6
9,3775.7
55,3776.2
17,3777.4
27,3778.1
18,3779.1
41,3779.7
15,3780.6
56,3781.8
24,3783.0
42,3785.5
22,3786.2
52,3787.3
10,3788.5
32,3788.5
44,3788.6
16,3789.4
38,3791.2
0,3793.7
33,3793.9
7,3796.0
26,3796.0
12,3796.5
35,3796.8
23,3799.5
54,3800.1
51,3800.1
48,3800.5
13,3802.1
8,3802.6
59,3803.0
5,3803.4
34,3804.2
6,3805.0
55,3806.2
4,3807.2
61,3808.6
43,3810.8
28,3811.0
40,3813.1
27,3813.1
30,3813.4
60,3813.8
15,3813.9
18,3815.3
17,3815.5
19,3816.7
56,3817.6
24,3819.2
1,3820.9
11,3822.5
9,3823.1
62,3824.6
32,3825.1
37,3826.2
22,3826.7
44,3826.8
3,3827.2
52,3827.2
42,3828.1
45,3828.4
0,3828.4
35,3829.3
38,3830.4
33,3830.8
50,3831.0
16,3832.4
39,3832.6
7,3833.4
25,3833.9
10,3837.0
26,3837.0
23,3837.9
46,3838.8
48,3839.2
12,3839.2
59,3839.5
20,3840.6
54,3842.9
55,3843.0
21,3843.0
43,3843.1
15,3843.3
4,3844.8
5,3845.2
2,3846.4
18,3847.3
51,3849.2
17,3849.5
6,3849.5
56,3849.8
19,3850.0
13,3850.8
61,3851.3
16,3851.4
8,3852.5
57,3853.0
35,3853.0
41,3853.1
44,3854.1
52,3854.2
24,3854.2
22,3854.8
34,3855.0
27,3856.4
58,3856.9
38,3858.5
60,3858.9
32,3859.4
59,3860.1
42,3860.6
3,3860.7
26,3860.7
45,3861.2
1,3862.8
33,3863.0
9,3863.1
40,3863.4
48,3863.7
28,3863.9
23,3864.2
54,3864.8
10,3864.9
0,3865.1
5,3866.5
55,3867.3
15,3868.7
25,3869.4
12,3872.1
50,3873.9
43,3874.0
4,3874.7
7,3874.9
46,3879.2
24,3884.3
59,3925.9
16,3926.0
18,3928.8
17,3929.7
13,3930.7
35,3934.9
54,3936.0
5,3936.6
56,3936.6
55,3940.0
52,3941.2
44,3942.2
15,3948.7
27,3949.4
34,3949.8
8,3954.8
59,3955.3
16,3955.6
26,3957.9
24,3959.9
23,3965.5
18,3973.1
5,3973.5
33,3979.2
54,3980.2
22,3981.2
10,3984.7
35,3993.7
17,4002.9
13,4007.0
48,4007.0
19,4010.1
54,4010.8
16,4011.1
59,4011.5
32,4011.6
5,4012.2
55,4013.0
9,4013.1
29,4014.9
18,4015.1
35,4015.4
15,4015.5
56,4016.2
52,4016.3
34,4018.4
24,4018.8
38,4018.9
27,4019.5
8,4019.6
10,4019.8
44,4019.8
33,4021.9
39,4022.0
12,4022.6
26,4023.0
11,4023.5
23,4024.0
42,4024.5
51,4024.9
6,4025.8
22,4026.9
17,4029.6
4,4030.1
54,4030.2
45,4031.1
48,4031.4
30,4033.4
13,4034.2
16,4034.8
20,4035.1
0,4036.1
59,4036.7
5,4036.7
7,4036.9
41,4038.2
55,4038.4
3,4038.4
32,4038.6
37,4039.6
50,4040.5
35,4040.7
15,4040.8
43,4041.3
14,4041.9
9,4042.5
52,4043.2
56,4043.4
62,4044.5
25,4044.6
18,4045.5
36,4046.2
19,4046.2
33,4046.4
40,4046.5
10,4046.7
1,4046.9
61,4047.2
60,4047.6
24,4047.7
27,4048.7
38,4048.8
57,4049.2
44,4050.2
8,4051.3
26,4051.4
21,4051.4
53,4051.8
28,4052.8
51,4056.0
46,4056.6
22,4057.3
12,4059.2
11,4059.5
45,4061.4
4,4061.9
42,4062.3
23,4064.1
0,4065.1
5,4067.0
15,4067.1
7,4068.4
43,4068.5
2,4068.5
17,4072.5
3,4075.1
44,4083.0
1,4088.8
22,4096.2
27,4109.2
55,4119.3
18,4122.7
19,4129.3
59,4202.2
20,4208.3
54,4213.3
52,4220.1
35,4221.3
48,4224.0
16,4230.6
25,4232.5
6,4234.0
32,4235.1
34,4236.4
37,4236.4
26,4239.9
13,4244.4
29,4244.9
50,4245.6
58,4246.5
30,4246.6
15,4248.3
27,4248.8
39,4249.7
49,4250.6
31,4254.7
38,4257.1
55,4257.9
56,4259.3
47,4259.4
44,4259.9
35,4260.5
12,4263.5
48,4264.0
43,4265.5
24,4266.3
61,4266.8
4,4266.8
22,4267.4
54,4267.5
40,4267.5
18,4267.6
20,4268.3
28,4268.6
59,4268.8
45,4269.0
7,4269.5
16,4269.5
0,4269.6
6,4270.1
25,4270.5
33,4270.7
51,4271.6
32,4271.7
26,4271.9
23,4272.4
5,4272.9
21,4273.2
11,4273.4
52,4273.7
8,4274.3
46,4275.5
37,4275.7
53,4276.5
60,4277.1
42,4277.3
19,4277.7
1,4277.8
3,4277.9
15,4278.3
36,4278.8
10,4278.8
14,4280.1
9,4280.2
27,4281.7
55,4281.8
50,4282.4
58,4282.8
35,4283.8
41,4283.9
56,4284.2
57,4284.2
48,4284.4
30,4286.0
17,4286.3
44,4286.5
13,4287.4
2,4287.7
38,4287.7
49,4288.0
43,4288.2
34,4288.4
12,4289.2
62,4289.9
31,4289.9
22,4290.7
54,4291.5
29,4292.1
24,4292.1
4,4292.3
0,4292.3
59,4292.4
45,4292.6
7,4292.8
6,4292.9
47,4293.4
18,4293.7
26,4294.6
33,4294.9
61,4295.5
28,4295.5
39,4296.0
51,4296.6
52,4296.8
16,4296.9
25,4297.2
5,4297.3
23,4298.5
40,4298.9
8,4299.0
20,4299.4
46,4300.8
21,4301.5
32,4301.8
15,4302.0
1,4305.6
60,4305.7
55,4306.2
19,4306.3
37,4307.4
42,4309.3
2,4354.2
59,4373.2
54,4390.1
17,4391.3
56,4392.7
35,4392.9
48,4393.6
44,4393.7
41,4395.2
16,4397.8
59,4398.0
10,4398.3
22,4398.4
55,4398.9
9,4398.9
27,4400.7
18,4400.7
15,4402.3
5,4403.2
24,4403.9
13,4406.2
4,4407.1
34,4407.1
8,4407.5
52,4408.3
0,4408.3
58,4410.0
54,4410.2
32,4411.4
3,4411.7
38,4412.5
61,4413.0
11,4413.2
43,4414.1
26,4414.5
29,4415.3
60,4415.6
33,4415.7
17,4416.8
12,4417.1
6,4417.5
35,4417.5
23,4417.6
30,4419.5
48,4419.6
56,4419.8
44,4420.9
19,4421.2
50,4421.5
16,4422.0
51,4422.4
42,4422.7
57,4423.1
59,4424.1
55,4424.4
36,4424.5
7,4425.0
10,4425.4
22,4426.2
53,4426.7
15,4427.0
40,4428.8
9,4428.8
27,4429.0
24,4430.0
45,4430.2
5,4430.7
1,4432.2
41,4433.2
18,4433.2
25,4433.5
4,4435.2
46,4435.6
13,4435.6
52,4435.8
0,4436.2
54,4436.8
39,4437.1
2,4438.5
8,4439.2
43,4440.4
20,4441.0
32,4441.3
37,4441.7
38,4442.9
28,4444.1
61,4444.3
35,4444.9
33,4445.1
14,4445.1
26,4445.5
60,4448.2
44,4448.7
21,4449.8
23,4451.7
3,4452.4
15,4455.1
22,4456.1
42,4457.0
19,4458.5
45,4460.1
27,4462.5
5,4466.5
18,4467.9
59,4469.1
47,4469.3
16,4469.6
24,4470.9
55,4471.2
17,4471.7
48,4473.7
10,4474.9
56,4477.0
34,4478.1
54,4478.6
52,4482.2
8,4483.7
15,4485.1
13,4486.9
9,4491.8
23,4491.9
5,4492.1
32,4494.6
27,4494.6
59,4496.7
55,4497.5
44,4502.0
26,4504.1
60,4505.3
35,4505.8
7,4507.4
16,4507.7
54,4508.0
18,4512.4
12,4526.7
33,4533.1
38,4548.4
17,4551.9
48,4552.7
52,4554.1
24,4554.9
54,4555.4
16,4555.9
55,4557.0
10,4557.2
41,4557.2
59,4557.7
35,4558.7
15,4560.3
18,4561.5
56,4562.1
29,4562.2
13,4563.2
5,4563.9
34,4565.2
32,4566.8
9,4567.7
33,4568.3
44,4570.3
12,4571.1
27,4572.0
60,4572.3
8,4572.6
4,4572.6
61,4573.1
51,4573.2
58,4574.4
54,4575.2
30,4576.0
38,4576.7
52,4576.8
26,4576.8
22,4577.1
11,4577.4
16,4579.4
48,4579.5
55,4580.9
24,4580.9
23,4581.0
17,4581.0
0,4581.3
59,4581.4
43,4582.0
6,4582.5
42,4583.3
1,4583.9
35,4584.9
7,4585.1
10,4586.5
15,4587.4
19,4590.7
56,4592.7
50,4593.6
13,4595.0
25,4596.2
32,4597.1
33,4598.5
5,4598.8
18,4600.8
45,4601.7
44,4603.8
46,4604.6
4,4605.2
27,4608.9
3,4609.5
41,4610.1
37,4611.0
26,4611.4
62,4612.1
39,4612.2
40,4612.8
60,4613.8
59,4615.5
61,4615.9
28,4617.6
22,4618.1
43,4618.7
24,4619.2
2,4619.2
15,4623.9
0,4625.2
55,4625.6
16,4626.7
17,4628.9
54,4629.1
8,4630.0
38,4630.1
18,4632.2
52,4634.2
34,4634.5
35,4635.2
12,4636.6
44,4636.7
48,4637.4
5,4637.7
59,4637.9
23,4639.5
9,4639.6
19,4640.5
27,4641.1
42,4641.1
13,4642.6
24,4642.9
45,4643.3
10,4643.8
4,4643.8
7,4644.0
26,4644.1
56,4644.6
32,4645.7
21,4646.2
55,4646.7
15,4646.8
33,4647.2
16,4647.7
22,4648.1
1,4648.6
54,4648.9
29,4650.6
51,4650.7
50,4651.0
17,4654.0
11,4654.3
3,4654.5
52,4655.2
41,4656.0
6,4657.3
60,4657.3
43,4661.4
59,4661.7
8,4661.8
18,4662.7
35,4663.1
38,4663.3
25,4663.5
5,4664.8
48,4666.1
44,4669.1
0,4669.3
15,4671.7
46,4671.9
26,4673.1
27,4674.3
23,4675.0
24,4675.7
4,4676.8
45,4684.7
28,4688.3
55,4840.9
12,4846.1
59,4846.2
54,4852.8
16,4858.0
61,4861.1
7,4866.8
56,4869.9
34,4872.9
42,4875.7
58,4876.6
33,4877.0
19,4877.3
13,4879.3
37,4879.6
36,4882.0
10,4883.3
22,4884.1
20,4884.3
9,4885.0
32,4887.8
49,4888.3
30,4891.7
53,4891.8
55,4894.5
12,4897.6
24,4897.7
48,4898.2
7,4899.2
15,4899.7
40,4900.3
60,4900.6
44,4901.0
35,4901.5
59,4902.1
38,4902.8
31,4903.5
25,4903.7
11,4904.9
57,4905.2
0,4905.4
46,4906.3
27,4906.6
52,4907.0
54,4907.3
43,4907.8
51,4908.2
23,4908.4
5,4908.7
61,4908.8
1,4909.1
50,4909.6
8,4909.8
21,4910.1
56,4910.3
6,4911.1
14,4912.0
17,4912.7
4,4913.1
2,4913.5
45,4913.7
28,4913.8
26,4913.8
47,4914.1
10,4915.7
19,4915.9
16,4916.0
18,4916.5
3,4918.2
33,4918.5
55,4919.2
32,4919.9
42,4919.9
22,4920.0
15,4920.1
13,4920.3
29,4920.7
58,4920.9
41,4921.0
48,4921.3
37,4921.4
9,4922.0
20,4923.0
34,4923.4
24,4923.8
7,4923.9
30,4924.3
35,4924.7
36,4924.8
44,4925.0
49,4925.3
0,4926.8
59,4927.0
53,4927.2
52,4927.5
12,4927.6
38,4928.7
43,4928.8
62,4929.4
46,4930.2
25,4930.4
27,4931.2
11,4932.7
39,4932.8
56,4933.5
60,4933.5
5,4933.6
23,4934.0
54,4934.2
6,4934.3
51,4934.4
8,4934.5
40,4935.8
50,4936.5
31,4937.0
1,4938.0
4,4938.1
26,4938.2
61,4938.3
21,4939.6
45,4939.9
17,4940.3
57,4940.6
15,4941.4
16,4942.3
18,4942.5
19,4943.9
55,4945.2
28,4947.6
22,4948.3
2,4949.6
44,4950.9
14,4951.0
59,5015.0
56,5017.8
13,5018.0
41,5019.9
10,5022.0
35,5023.0
48,5023.1
16,5023.2
32,5024.1
55,5025.1
15,5025.5
17,5025.6
54,5025.9
18,5026.5
24,5027.4
33,5027.5
34,5029.2
9,5030.4
8,5030.5
42,5033.6
59,5036.7
0,5038.1
5,5038.5
38,5039.5
43,5039.7
7,5039.7
12,5039.8
60,5039.9
3,5040.4
11,5040.9
58,5041.8
44,5042.6
61,5043.5
27,5044.0
22,5044.2
47,5046.3
23,5047.0
56,5047.4
13,5047.6
10,5048.1
52,5048.3
15,5049.0
16,5049.1
26,5049.2
37,5049.7
54,5051.4
19,5051.5
35,5051.8
48,5052.5
55,5052.7
17,5055.7
24,5056.0
32,5057.4
25,5060.7
40,5061.9
33,5062.1
45,5062.4
1,5063.7
18,5063.7
50,5064.3
59,5066.1
29,5066.2
20,5066.2
0,5066.3
46,5067.3
2,5069.0
7,5070.3
4,5070.3
5,5070.6
43,5071.2
42,5071.5
14,5071.8
44,5073.2
22,5075.0
51,5075.4
27,5075.5
6,5076.6
41,5077.8
12,5078.0
15,5078.7
39,5078.9
21,5078.9
34,5079.0
30,5079.2
38,5079.3
58,5079.6
23,5080.2
28,5082.4
26,5083.2
60,5086.9
16,5090.0
61,5090.4
35,5091.3
45,5091.3
8,5094.0
18,5094.1
24,5094.5
3,5094.7
17,5095.6
54,5096.1
47,5096.1
0,5096.3
55,5096.4
19,5097.0
59,5097.7
10,5098.9
25,5099.5
48,5100.1
56,5100.2
43,5100.6
33,5101.4
44,5101.5
13,5102.0
15,5102.6
4,5102.7
1,5103.6
5,5104.2
11,5106.1
22,5106.2
32,5106.4
23,5107.5
52,5108.0
27,5108.7
34,5109.3
46,5110.5
16,5110.9
7,5111.5
12,5112.9
38,5116.4
26,5117.5
55,5118.7
54,5121.3
8,5122.5
59,5122.6
60,5124.4
18,5124.5
15,5128.7
10,5132.1
16,5174.8
17,5178.3
13,5185.4
59,5186.1
55,5189.4
54,5190.2
15,5191.2
18,5193.9
16,5202.1
10,5203.4
22,5212.3
59,5212.9
27,5220.4
44,5222.2
15,5222.7
23,5224.2
5,5229.9
42,5234.2
0,5254.0
17,5256.6
34,5257.1
8,5257.2
56,5257.4
48,5258.9
35,5259.6
11,5260.1
16,5261.1
59,5261.3
32,5261.3
58,5262.1
29,5262.5
41,5262.7
54,5262.8
33,5263.1
55,5263.3
15,5264.8
18,5265.1
24,5266.2
9,5267.3
10,5268.1
38,5268.2
13,5269.4
45,5269.9
12,5270.7
50,5271.3
23,5272.1
27,5273.4
5,5273.6
22,5274.0
52,5275.0
60,5276.5
44,5276.9
26,5277.4
17,5280.2
59,5280.8
16,5281.9
3,5281.9
56,5282.2
42,5283.2
48,5283.7
25,5283.9
54,5284.1
8,5284.3
2,5284.3
6,5285.0
35,5285.1
40,5285.7
43,5286.1
34,5286.4
7,5286.6
55,5287.1
0,5288.9
61,5288.9
15,5289.0
11,5289.6
33,5290.1
4,5290.7
32,5291.3
37,5291.5
47,5295.1
1,5295.1
18,5295.6
24,5296.6
14,5296.9
10,5297.1
19,5297.9
58,5299.5
59,5300.4
57,5301.0
38,5302.4
22,5302.5
46,5302.9
45,5303.3
27,5304.3
13,5305.3
12,5306.2
50,5306.5
52,5306.6
51,5307.0
23,5307.1
5,5308.5
9,5310.0
44,5310.2
26,5310.4
15,5311.8
28,5312.2
21,5312.3
39,5312.5
43,5313.5
60,5315.9
17,5316.9
0,5318.8
42,5319.3
7,5321.2
25,5328.7
4,5329.2
3,5329.7
2,5336.4
22,5336.7
18,5339.4
46,5340.2
45,5341.4
19,5344.7
55,5459.8
54,5481.9
44,5485.1
48,5488.9
56,5493.6
16,5494.4
24,5495.1
47,5496.7
6,5498.1
8,5498.9
1,5504.8
36,5506.0
40,5506.7
29,5507.0
20,5507.4
35,5513.3
30,5514.3
55,5517.2
15,5518.0
33,5521.4
26,5521.6
38,5522.5
27,5523.4
43,5525.1
53,5526.3
25,5528.2
48,5531.1
10,5531.5
52,5531.7
12,5531.9
41,5532.2
54,5532.8
61,5533.7
62,5534.4
59,5534.8
44,5534.9
50,5535.8
56,5536.2
4,5536.7
24,5536.8
6,5538.0
42,5539.5
32,5539.5
16,5540.4
60,5541.5
5,5542.4
35,5542.8
7,5543.1
9,5543.5
45,5543.9
0,5544.9
46,5545.0
18,5545.1
51,5545.3
28,5545.6
11,5545.6
23,5546.9
15,5547.2
31,5548.2
55,5548.3
22,5548.5
21,5549.3
34,5549.7
37,5549.7
13,5550.0
14,5550.2
26,5550.6
8,5551.1
58,5551.8
2,5552.9
43,5553.1
30,5553.3
38,5553.5
27,5553.6
1,5554.1
3,5554.7
19,5554.9
20,5555.3
29,5555.5
57,5555.7
48,5556.6
40,5557.0
52,5557.4
17,5557.6
47,5557.9
39,5558.1
25,5558.2
49,5558.8
33,5559.2
54,5559.4
56,5559.5
44,5559.7
53,5560.2
10,5560.3
59,5561.3
6,5561.7
12,5561.8
50,5562.1
36,5562.2
4,5563.9
24,5564.4
61,5564.5
7,5564.5
35,5565.2
32,5566.4
15,5567.2
0,5567.7
16,5567.8
5,5567.9
46,5567.9
42,5568.0
45,5568.3
18,5569.5
41,5570.0
23,5570.2
60,5570.5
51,5571.8
22,5572.1
55,5572.2
62,5574.4
26,5574.7
28,5574.8
43,5577.1
8,5577.6
37,5578.1
21,5579.4
34,5593.8
15,5619.1
0,5619.9
59,5640.2
54,5641.1
17,5642.9
56,5643.4
44,5644.2
11,5644.6
48,5645.6
16,5648.1
27,5649.2
18,5651.4
15,5652.0
58,5652.6
8,5652.8
55,5653.4
34,5653.9
19,5655.1
38,5659.5
24,5662.1
41,5662.6
40,5664.0
59,5664.0
61,5664.5
12,5664.7
13,5665.2
5,5666.0
10,5666.5
54,5666.7
22,5666.9
60,5667.7
23,5669.5
9,5670.9
25,5672.5
7,5672.7
16,5673.9
44,5674.6
17,5674.8
47,5674.8
1,5674.9
56,5679.6
2,5680.1
15,5680.4
42,5680.5
48,5680.9
0,5684.2
43,5684.5
26,5685.2
27,5685.6
11,5688.6
4,5688.9
55,5689.2
29,5689.9
18,5690.5
35,5690.8
45,5692.6
52,5695.2
32,5700.2
24,5700.2
6,5700.4
39,5701.5
59,5703.1
22,5703.2
58,5703.4
38,5703.5
54,5704.2
8,5705.1
3,5705.7
10,5706.0
12,5707.1
19,5708.7
7,5709.3
5,5709.8
40,5710.1
37,5711.8
15,5712.1
44,5713.1
46,5713.2
51,5713.3
25,5713.8
21,5714.8
60,5716.1
50,5716.3
33,5716.8
56,5716.8
16,5717.5
48,5717.7
23,5717.8
26,5717.9
0,5718.4
17,5719.3
34,5720.0
1,5720.8
42,5721.2
27,5721.8
18,5723.2
30,5723.6
35,5723.8
55,5724.2
43,5724.2
59,5724.8
54,5725.2
4,5726.2
8,5726.3
11,5726.7
13,5727.3
61,5728.4
28,5728.8
20,5728.9
22,5729.6
52,5729.7
14,5730.0
29,5730.4
10,5730.5
58,5731.1
24,5731.2
15,5731.3
41,5731.4
38,5731.9
12,5732.1
45,5732.3
32,5734.3
47,5734.3
44,5735.0
5,5736.0
6,5737.1
16,5737.1
48,5738.9
19,5739.5
56,5739.9
2,5740.0
7,5740.0
9,5740.6
53,5740.8
25,5743.0
26,5743.3
23,5744.6
46,5745.8
0,5747.4
60,5748.5
27,5748.9
59,5749.1
3,5750.6
21,5753.7
43,5754.8
8,5802.2
18,5803.2
54,5803.7
34,5806.0
55,5808.3
16,5811.2
59,5811.5
15,5812.1
22,5814.2
44,5823.8
23,5837.9
27,5839.1
59,5839.4
15,5850.0
16,5851.7
12,5861.7
5,5862.2
18,5874.8
54,5880.4
8,5880.8
48,5882.1
11,5882.4
56,5882.5
17,5884.6
16,5885.4
59,5887.7
4,5889.9
15,5891.6
34,5891.9
55,5892.2
44,5892.9
52,5893.0
42,5895.3
27,5895.9
12,5896.1
23,5897.0
35,5898.1
29,5898.2
10,5898.6
22,5899.8
60,5900.1
18,5900.6
5,5901.1
58,5903.7
24,5903.9
38,5904.3
54,5904.5
26,5904.7
30,5905.1
41,5906.2
39,5907.8
33,5908.1
50,5908.5
16,5908.7
8,5909.1
59,5909.4
13,5910.0
48,5911.6
56,5912.0
1,5912.6
17,5914.0
51,5914.3
11,5915.2
15,5916.0
45,5916.2
43,5916.3
40,5916.8
0,5917.1
25,5917.8
61,5920.5
4,5920.5
19,5921.3
55,5921.6
44,5922.4
32,5922.4
52,5922.9
27,5924.9
7,5925.8
36,5926.6
35,5927.6
14,5928.5
10,5929.0
22,5929.1
37,5929.1
23,5929.8
59,5930.3
18,5931.7
24,5931.9
54,5932.7
26,5934.0
2,5934.2
6,5934.4
46,5935.2
12,5935.4
34,5935.9
42,5937.0
47,5937.1
38,5937.3
5,5937.9
15,5939.4
48,5939.5
33,5940.1
30,5940.2
9,5940.7
60,5941.4
28,5943.3
16,5944.1
0,5945.0
56,5945.1
45,5947.1
43,5947.2
21,5948.9
3,5949.8
58,5950.5
1,5952.7
44,5953.5
27,5959.1
8,5959.1
19,5959.3
25,5959.6
50,5960.4
4,5961.9
22,5962.6
24,5964.5
23,5965.1
61,5980.6
55,5990.5
59,5991.9
15,6010.4
18,6024.8
43,6028.5
40,6124.1
10,6131.0
35,6134.2
52,6141.6
26,6150.7
13,6152.5
20,6152.7
46,6161.4
15,6162.9
6,6163.8
11,6164.7
51,6167.6
32,6168.0
7,6172.9
53,6173.0
49,6175.1
27,6178.4
59,6179.2
18,6181.1
5,6182.6
17,6185.1
26,6185.2
44,6185.7
31,6186.0
29,6186.4
57,6187.0
54,6187.1
33,6188.0
48,6188.1
56,6188.5
8,6189.3
22,6190.0
28,6190.1
43,6190.4
35,6192.2
55,6192.5
21,6193.0
15,6193.1
39,6193.1
61,6193.1
10,6193.3
25,6194.1
38,6194.1
0,6194.5
11,6195.8
52,6195.9
13,6197.9
45,6198.5
16,6198.6
58,6199.4
12,6200.0
60,6200.4
6,6200.4
42,6200.5
4,6200.8
41,6202.1
34,6202.8
47,6203.4
51,6203.4
1,6203.9
23,6204.4
46,6204.4
14,6204.5
24,6204.7
32,6205.0
30,6205.0
7,6205.3
19,6206.0
50,6207.3
5,6208.8
40,6208.8
20,6208.8
9,6209.1
2,6209.3
48,6209.5
27,6209.6
44,6209.9
26,6210.1
37,6210.5
56,6210.8
49,6211.0
18,6211.5
54,6212.1
59,6212.2
43,6212.9
53,6213.6
15,6213.8
36,6214.0
17,6214.0
55,6214.3
33,6214.7
35,6214.8
8,6215.4
22,6215.5
62,6216.0
31,6217.4
0,6217.6
28,6218.0
3,6218.5
38,6218.7
10,6219.3
25,6219.3
52,6220.8
21,6221.2
29,6221.3
45,6221.3
57,6221.4
61,6221.5
6,6223.0
16,6223.2
11,6225.3
60,6225.5
4,6225.8
24,6226.5
13,6228.5
42,6229.3
39,6231.0
12,6231.5
58,6232.6
46,6232.9
1,6233.1
44,6233.1
7,6233.4
41,6234.8
19,6235.5
5,6237.8
55,6242.7
59,6243.1
15,6263.6
18,6264.8
54,6266.2
17,6266.5
56,6268.9
40,6269.6
34,6271.2
22,6271.3
8,6272.0
16,6272.5
27,6273.5
59,6274.5
0,6274.8
55,6278.5
60,6282.3
13,6286.9
41,6288.6
61,6289.2
15,6289.7
19,6292.0
18,6293.1
54,6293.4
39,6301.8
44,6302.4
38,6302.4
16,6302.6
59,6305.3
10,6307.1
12,6307.2
17,6313.6
40,6314.5
55,6322.9
27,6327.4
11,6329.4
24,6337.2
34,6344.9
47,6348.1
56,6349.7
23,6349.7
16,6352.1
54,6354.2
18,6354.3
59,6357.2
55,6357.5
26,6358.0
11,6359.2
15,6360.2
27,6360.9
8,6360.9
10,6362.6
17,6363.5
44,6363.6
60,6364.0
24,6369.2
19,6372.9
13,6373.5
38,6375.6
12,6378.1
34,6378.5
4,6379.0
22,6379.0
16,6379.6
25,6380.0
23,6381.6
43,6382.4
59,6387.8
7,6388.2
54,6388.4
52,6388.5
18,6388.9
39,6388.9
0,6389.7
55,6390.2
56,6390.8
40,6390.9
15,6391.4
41,6391.5
26,6397.9
45,6400.2
48,6400.4
2,6400.5
51,6403.3
27,6403.4
47,6404.6
44,6405.3
6,6406.3
5,6406.6
46,6408.5
60,6414.3
28,6414.8
24,6416.2
10,6416.8
42,6416.9
16,6420.1
43,6420.4
4,6421.6
11,6422.2
7,6422.6
22,6422.6
55,6422.9
23,6423.3
9,6423.8
17,6424.4
32,6424.7
21,6425.1
25,6425.2
35,6425.8
12,6426.4
18,6428.0
8,6428.4
54,6428.5
15,6428.6
50,6428.9
38,6428.9
0,6429.2
58,6429.6
56,6429.6
48,6430.0
59,6430.3
33,6431.2
13,6432.8
52,6433.3
19,6433.7
27,6434.1
34,6434.7
30,6434.9
14,6435.0
26,6435.3
29,6436.7
44,6437.0
1,6437.6
16,6437.7
10,6438.9
41,6439.8
24,6440.0
45,6440.5
60,6440.9
39,6441.1
47,6441.6
55,6441.8
37,6442.2
6,6442.3
61,6442.9
40,6443.5
11,6444.1
5,6445.0
46,6446.2
22,6447.4
43,6447.4
7,6447.9
15,6447.9
4,6448.2
17,6448.7
59,6448.8
62,6448.8
35,6448.9
51,6449.3
54,6449.9
23,6450.0
49,6450.7
18,6451.2
20,6451.3
3,6452.0
25,6452.2
48,6453.0
56,6453.3
28,6453.7
38,6454.8
8,6454.8
42,6454.8
32,6454.9
2,6455.2
12,6455.6
57,6457.6
0,6457.9
16,6462.7
21,6464.1
19,6464.9
27,6465.3
26,6466.4
55,6469.9
59,6506.1
15,6512.0
47,6512.4
60,6513.2
34,6513.5
16,6514.8
41,6515.8
18,6516.3
54,6517.5
55,6521.2
22,6523.1
24,6523.6
56,6524.1
17,6525.3
44,6525.4
59,6526.9
8,6528.1
27,6531.7
10,6535.7
11,6535.7
15,6538.7
23,6540.3
16,6541.8
61,6542.0
40,6545.6
60,6549.9
55,6550.1
19,6552.2
59,6552.6
54,6554.9
39,6555.7
18,6556.9
26,6559.1
5,6562.5
43,6571.3
15,6576.3
37,6579.9
45,6586.8
27,6588.1
0,6591.6
44,6591.6
22,6591.9
34,6597.0
24,6599.5
46,6601.2
23,6605.4
4,6621.0
48,6624.5
45,6628.7
1,6629.4
26,6629.7
50,6630.8
18,6633.7
7,6634.3
52,6643.8
6,6643.9
43,6648.1
55,6649.8
27,6655.1
22,6657.2
15,6660.7
25,6660.8
16,6661.5
58,6661.6
0,6662.8
60,6662.9
12,6663.4
44,6667.3
31,6667.9
14,6668.9
4,6669.5
48,6670.0
36,6670.6
38,6671.0
30,6671.0
13,6672.7
33,6673.1
9,6674.6
28,6675.1
21,6677.2
53,6677.9
24,6678.9
35,6679.0
5,6679.1
56,6679.7
26,6680.0
7,6681.4
45,6682.4
46,6684.0
6,6685.8
43,6686.0
10,6686.8
55,6687.4
51,6687.6
50,6688.3
23,6689.0
54,6689.1
59,6689.1
32,6689.2
19,6691.6
18,6691.9
61,6692.0
11,6692.7
27,6692.8
44,6693.2
15,6693.3
52,6694.0
1,6694.2
8,6694.3
25,6694.3
22,6694.6
48,6694.9
42,6695.1
0,6695.6
2,6695.6
37,6696.0
47,6696.7
49,6696.8
17,6697.4
16,6697.6
40,6697.9
12,6698.2
20,6698.7
39,6700.2
34,6700.6
41,6700.9
60,6701.0
3,6701.4
4,6701.6
29,6701.7
38,6702.5
58,6702.6
33,6702.9
14,6704.2
30,6705.2
35,6705.5
13,6706.3
26,6707.5
56,6707.8
24,6708.0
57,6708.1
5,6708.3
28,6708.4
62,6708.4
45,6708.7
21,6709.7
55,6709.9
7,6709.9
6,6710.3
36,6710.7
10,6711.6
46,6711.7
9,6712.0
43,6712.2
53,6712.8
59,6713.4
31,6713.4
51,6714.1
15,6715.2
48,6715.8
32,6716.7
50,6716.9
54,6717.4
23,6718.5
44,6718.7
61,6718.8
18,6719.7
19,6719.7
22,6720.3
27,6720.4
0,6720.9
8,6721.4
37,6725.1
25,6725.3
52,6725.5
16,6727.3
40,6728.3
17,6729.6
15,6769.8
59,6789.6
60,6805.0
55,6889.5
11,6891.7
56,6892.2
34,6892.8
38,6892.9
41,6893.9
39,6894.1
12,6896.0
16,6896.1
24,6897.3
54,6899.1
47,6899.5
59,6899.5
35,6899.8
33,6900.0
4,6900.9
15,6902.0
18,6902.6
8,6904.3
17,6904.3
13,6905.0
10,6906.6
60,6907.3
5,6907.3
58,6907.7
27,6907.9
61,6907.9
14,6908.2
20,6908.4
55,6909.4
19,6910.5
44,6910.8
23,6911.3
52,6913.8
42,6914.1
26,6914.7
56,6915.0
49,6915.0
1,6915.5
9,6916.0
2,6916.1
7,6916.4
11,6917.1
25,6917.3
57,6917.4
34,6917.7
38,6917.9
40,6918.5
48,6918.6
22,6918.9
16,6919.3
3,6919.4
24,6920.9
45,6921.5
54,6921.6
29,6921.9
0,6922.8
43,6923.6
37,6924.0
6,6924.1
59,6924.7
30,6924.9
15,6925.2
62,6925.6
53,6925.8
12,6925.9
39,6926.1
35,6926.3
46,6927.5
28,6927.7
4,6928.3
51,6928.4
33,6929.2
18,6929.5
32,6929.5
8,6929.6
50,6930.5
41,6930.7
10,6931.2
55,6931.3
47,6932.0
5,6932.5
21,6932.8
27,6933.7
36,6934.5
17,6935.1
60,6936.3
13,6936.5
44,6936.8
52,6938.1
20,6938.2
19,6938.3
26,6938.7
23,6939.0
7,6939.3
48,6939.4
14,6939.8
61,6940.1
58,6940.5
42,6941.8
56,6942.7
22,6943.5
45,6943.9
25,6945.0
43,6945.6
24,6946.0
0,6946.1
1,6946.9
15,6947.0
16,6947.8
40,6949.0
2,6949.3
49,6950.2
6,6951.2
38,6951.8
3,6952.4
4,6957.2
46,6957.5
55,6969.3
59,6971.7
27,6972.3
18,6974.5
54,6975.5
8,6978.3
16,6979.2
15,6987.2
60,6987.5
34,6989.0
44,6989.1
17,6989.1
39,6992.1
22,6993.8
26,6994.8
10,7000.6
55,7001.5
19,7002.8
23,7004.4
61,7010.7
18,7019.7
24,7036.0
16,7048.4
54,7051.0
59,7051.6
11,7051.9
56,7053.9
38,7055.5
13,7056.2
41,7056.4
55,7060.1
12,7061.8
8,7063.1
27,7063.2
34,7063.6
18,7063.8
15,7064.5
60,7065.8
29,7066.0
23,7067.2
10,7067.7
17,7067.7
44,7069.5
39,7069.6
24,7069.7
16,7070.2
35,7071.1
9,7071.7
26,7072.9
22,7073.2
58,7074.1
54,7074.4
19,7075.1
14,7076.0
59,7078.3
61,7078.4
5,7078.5
28,7080.0
51,7080.7
11,7080.9
4,7081.0
25,7081.1
47,7081.2
52,7081.4
21,7082.4
37,7083.4
38,7084.9
56,7085.3
55,7086.2
40,7086.5
48,7088.1
33,7088.5
7,7089.5
0,7090.2
43,7091.9
15,7092.1
18,7093.4
6,7093.4
13,7093.7
27,7093.9
50,7094.1
45,7094.1
8,7094.2
10,7096.4
46,7097.4
44,7099.8
23,7099.8
12,7100.2
26,7101.9
34,7101.9
24,7103.1
32,7104.2
35,7104.7
54,7104.8
42,7105.3
22,7105.6
41,7106.0
60,7106.1
16,7107.9
19,7108.2
49,7108.6
62,7109.7
17,7110.4
52,7110.6
5,7111.3
58,7111.8
11,7112.5
1,7112.6
55,7113.7
2,7114.1
48,7114.6
57,7114.7
36,7114.8
4,7114.8
9,7114.8
56,7116.7
21,7116.9
25,7117.3
59,7117.7
29,7117.7
39,7117.9
51,7118.0
28,7118.2
38,7118.6
43,7120.1
7,7120.5
30,7120.9
0,7121.2
47,7121.7
20,7123.1
15,7123.3
37,7124.3
45,7124.6
18,7126.3
61,7126.6
6,7126.6
27,7127.1
26,7128.3
3,7129.3
44,7129.5
13,7131.2
10,7131.6
8,7132.0
50,7132.0
24,7132.1
22,7133.7
16,7134.0
54,7135.8
55,7136.5
60,7137.5
33,7139.1
11,7139.9
59,7140.3
41,7140.9
19,7141.0
17,7141.5
34,7141.9
12,7142.0
23,7142.3
39,7147.7
15,7148.1
40,7153.0
18,7154.3
55,7166.9
27,7209.2
38,7329.9
56,7351.8
61,7354.0
54,7354.1
25,7360.1
43,7362.3
16,7362.9
37,7363.9
58,7367.2
14,7367.4
10,7370.0
32,7371.5
52,7372.0
5,7372.1
62,7373.1
34,7374.3
9,7374.7
35,7375.5
57,7376.8
48,7377.3
4,7378.2
42,7380.6
46,7381.1
13,7381.8
55,7384.1
0,7387.3
31,7387.9
53,7388.8
24,7389.6
44,7390.7
38,7392.6
8,7393.2
15,7393.7
43,7394.0
54,7394.2
45,7394.5
56,7394.6
59,7394.7
22,7394.8
29,7396.8
19,7397.4
7,7398.4
26,7399.2
27,7399.3
6,7399.3
12,7400.4
11,7400.6
25,7401.1
50,7401.1
23,7401.3
36,7401.6
52,7401.7
18,7401.7
3,7402.0
1,7402.1
20,7402.1
58,7402.3
5,7402.9
21,7403.4
30,7403.7
51,7403.7
48,7404.5
60,7404.6
40,7404.7
37,7405.2
61,7405.5
16,7405.7
10,7405.7
33,7406.1
14,7406.4
28,7406.4
49,7406.9
35,7407.3
32,7408.4
39,7409.7
47,7410.5
55,7410.8
17,7410.8
4,7411.2
46,7412.2
41,7412.3
34,7413.3
42,7413.5
15,7413.5
57,7413.7
0,7414.1
24,7414.6
44,7415.1
13,7415.9
9,7416.2
2,7416.4
56,7416.6
43,7417.5
45,7418.4
22,7418.5
53,7418.8
59,7419.0
38,7419.2
8,7419.3
31,7419.8
54,7420.0
26,7420.1
6,7420.3
7,7420.5
62,7421.0
27,7422.4
52,7424.0
19,7424.0
25,7424.8
18,7425.4
50,7425.7
48,7426.2
11,7426.4
5,7427.3
12,7427.6
23,7429.1
1,7429.8
29,7429.8
51,7430.5
20,7431.0
60,7432.3
61,7432.7
21,7432.9
16,7433.4
37,7434.2
40,7434.4
3,7435.7
55,7436.3
33,7437.6
35,7438.4
15,7439.6
0,7464.8
44,7466.7
22,7478.7
43,7480.1
17,7520.6
39,7524.8
16,7526.2
55,7529.3
47,7529.5
59,7531.1
41,7533.6
8,7535.8
54,7536.9
18,7538.4
60,7539.1
15,7540.4
34,7544.3
11,7549.2
44,7551.9
27,7551.9
55,7560.4
24,7560.5
16,7563.2
45,7563.5
28,7564.3
10,7569.5
19,7570.0
4,7575.0
61,7575.5
42,7576.7
26,7583.0
17,7586.6
46,7588.6
59,7594.2
0,7596.5
13,7597.4
56,7598.5
58,7598.6
14,7600.2
55,7600.3
60,7600.3
16,7600.5
54,7602.9
18,7603.7
8,7605.3
44,7605.5
11,7605.6
27,7605.7
15,7606.5
38,7606.7
5,7606.9
22,7607.3
10,7607.9
34,7608.1
25,7609.8
39,7610.2
19,7610.2
48,7610.5
17,7610.7
47,7611.0
33,7611.8
35,7612.4
4,7612.8
26,7613.3
12,7613.6
41,7614.3
62,7614.6
52,7614.9
6,7615.2
59,7616.1
43,7616.3
45,7617.2
61,7617.8
23,7618.0
24,7618.7
36,7618.9
32,7619.3
55,7619.7
7,7620.1
30,7620.8
9,7621.1
57,7621.7
20,7621.9
29,7622.8
56,7622.9
13,7622.9
16,7623.0
1,7623.3
46,7624.3
40,7624.4
58,7624.5
0,7624.5
49,7624.6
54,7625.0
28,7626.8
21,7626.8
14,7627.4
60,7627.4
51,7627.7
15,7629.3
42,7629.3
44,7629.8
50,7629.9
53,7630.7
27,7630.8
11,7631.3
31,7631.4
18,7631.6
10,7631.8
38,7631.8
48,7632.3
37,7632.9
8,7633.7
22,7633.8
2,7633.9
35,7634.1
5,7634.9
26,7636.0
25,7636.2
52,7636.8
4,7637.0
3,7637.1
6,7637.8
19,7638.1
33,7638.1
34,7638.6
55,7638.9
43,7639.0
59,7639.2
17,7640.3
12,7642.0
47,7642.5
45,7643.5
61,7644.8
39,7645.0
24,7645.4
7,7647.7
23,7647.9
41,7649.8
0,7650.1
1,7653.8
16,7675.4
60,7676.2
54,7679.1
18,7680.4
55,7685.2
59,7687.3
15,7688.5
27,7689.1
13,7690.6
17,7692.8
8,7694.6
34,7695.3
44,7699.9
16,7700.7
60,7707.8
54,7708.8
61,7710.2
55,7714.4
39,7718.8
22,7732.4
19,7737.4
18,7743.2
42,7747.6
10,7751.7
59,7752.3
11,7754.8
38,7755.7
21,7758.3
56,7758.6
58,7759.3
14,7759.4
52,7759.9
41,7760.3
16,7760.4
54,7762.2
55,7763.4
29,7764.5
60,7766.2
62,7766.3
8,7766.4
9,7766.8
15,7766.8
17,7766.9
18,7767.5
57,7767.5
34,7768.1
48,7768.1
27,7769.5
13,7770.0
44,7770.1
39,7772.1
59,7772.3
26,7773.2
28,7773.6
19,7773.7
20,7773.9
40,7775.2
25,7775.2
4,7775.4
10,7776.1
46,7776.8
33,7777.3
12,7777.4
38,7778.0
35,7778.7
61,7778.9
36,7779.9
47,7780.3
11,7781.0
52,7781.1
30,7781.2
55,7781.9
32,7781.9
16,7782.1
54,7782.3
5,7782.4
51,7783.0
14,7783.2
24,7783.6
43,7783.8
56,7783.9
0,7784.1
7,7785.1
50,7785.1
58,7785.6
37,7786.7
6,7788.0
45,7788.3
57,7788.7
22,7788.9
41,7789.2
42,7789.4
23,7789.6
15,7789.8
1,7790.0
48,7791.4
49,7791.6
59,7792.5
21,7793.0
31,7794.4
27,7794.5
18,7794.8
44,7795.2
60,7795.5
8,7796.4
26,7796.7
17,7797.1
52,7799.7
3,7799.7
55,7800.3
53,7800.5
34,7800.9
2,7801.0
19,7801.4
13,7802.5
62,7802.7
4,7803.1
25,7803.4
46,7803.5
38,7804.3
28,7804.6
54,7804.9
43,7808.4
0,7808.6
24,7810.1
5,7810.2
20,7811.0
47,7812.6
7,7818.1
22,7818.3
45,7818.6
44,7824.7
1,7825.4
27,7963.5
26,7994.3
8,7994.6
16,7995.8
35,7998.2
15,8002.8
56,8003.1
12,8003.4
61,8005.2
21,8006.2
39,8009.5
10,8012.3
48,8012.6
51,8012.7
14,8013.8
6,8016.0
33,8018.0
30,8018.7
50,8019.2
23,8020.0
40,8023.3
11,8023.6
32,8024.2
29,8026.9
9,8027.4
43,8028.2
52,8028.6
44,8028.6
26,8028.7
55,8028.9
4,8031.3
42,8031.7
25,8032.6
27,8033.7
0,8034.0
35,8034.0
18,8034.1
7,8034.6
24,8034.8
8,8034.8
38,8035.8
15,8036.4
46,8036.5
36,8037.5
56,8038.7
16,8039.5
19,8039.6
59,8039.6
45,8039.8
13,8040.6
48,8040.6
54,8041.0
5,8041.0
51,8042.6
28,8042.7
10,8043.3
17,8043.6
6,8043.8
22,8045.2
3,8045.4
12,8045.5
34,8046.8
61,8047.6
58,8047.7
37,8048.1
33,8048.3
2,8048.5
14,8048.6
30,8050.3
1,8051.0
50,8051.0
21,8051.1
60,8051.3
32,8052.3
43,8052.5
23,8052.7
20,8052.8
47,8052.9
53,8053.2
55,8053.4
26,8053.6
44,8054.1
52,8054.8
49,8056.0
57,8056.6
11,8057.0
35,8057.3
24,8057.8
0,8057.9
41,8058.5
15,8058.7
4,8058.8
39,8058.8
27,8059.3
31,8059.9
7,8060.0
9,8060.3
40,8060.3
48,8060.4
46,8060.5
8,8060.6
42,8060.6
25,8061.7
18,8062.3
29,8063.4
62,8064.0
38,8065.0
45,8065.2
59,8065.6
19,8067.5
56,8067.6
22,8069.1
16,8069.3
5,8069.6
6,8069.8
10,8070.8
54,8071.8
17,8072.4
61,8073.7
37,8076.7
12,8077.4
55,8079.4
60,8082.5
0,8130.6
15,8141.4
34,8142.3
13,8142.7
58,8142.8
14,8143.5
33,8144.4
57,8147.9
44,8148.2
54,8150.4
16,8150.7
2,8152.5
60,8152.8
55,8153.3
39,8154.4
18,8154.7
17,8155.0
20,8155.7
59,8157.0
43,8157.3
26,8157.6
41,8160.2
10,8162.0
1,8162.9
35,8163.5
27,8163.9
62,8164.1
19,8164.2
12,8164.4
38,8164.8
61,8164.9
56,8166.5
15,8167.0
23,8169.7
58,8169.9
14,8170.8
34,8170.9
13,8171.4
24,8173.0
21,8173.4
40,8174.1
28,8174.7
51,8175.5
48,8176.2
11,8176.6
0,8176.7
7,8178.0
44,8178.8
54,8179.0
22,8179.5
8,8179.7
33,8179.8
16,8180.6
4,8181.9
55,8182.1
25,8182.3
3,8184.1
46,8184.6
60,8184.7
47,8184.7
57,8184.8
18,8185.2
26,8185.6
45,8185.6
59,8185.9
52,8186.6
50,8187.0
5,8187.4
9,8188.9
43,8189.6
39,8191.0
17,8191.6
6,8191.8
53,8191.8
31,8192.0
15,8192.6
10,8193.9
35,8195.0
27,8195.1
30,8195.4
36,8195.9
20,8196.0
38,8197.5
32,8198.5
42,8199.4
2,8199.5
56,8199.9
48,8200.0
19,8200.2
37,8200.6
1,8200.9
12,8202.0
0,8203.9
24,8204.4
23,8204.5
22,8204.9
7,8205.7
44,8206.4
55,8207.4
21,8208.4
54,8209.6
61,8212.2
28,8212.6
41,8213.4
4,8213.6
25,8213.6
62,8214.2
51,8214.4
45,8215.1
26,8216.1
18,8217.4
5,8217.8
43,8218.3
16,8219.7
60,8219.8
8,8220.5
46,8220.5
34,8223.4
59,8223.8
13,8224.9
50,8225.0
27,8225.5
15,8225.9
47,8226.0
52,8226.3
11,8227.5
49,8228.3
6,8230.4
55,8230.5
54,8231.3
10,8231.4
33,8232.9
58,8233.4
17,8233.4
48,8238.6
39,8241.0
60,8251.2
44,8260.1
18,8269.9
19,8278.3
61,8279.5
0,8279.5
22,8291.8
16,8300.9
15,8302.6
34,8302.9
55,8303.1
14,8304.4
13,8304.8
41,8305.1
59,8306.5
62,8308.0
35,8308.6
12,8309.1
57,8309.8
38,8310.0
26,8310.2
54,8310.2
60,8310.3
39,8312.9
18,8313.6
58,8314.1
56,8314.7
4,8315.0
17,8316.7
10,8318.7
44,8320.8
19,8320.8
7,8321.4
24,8321.6
27,8322.2
33,8323.2
40,8324.3
61,8324.9
45,8325.6
16,8325.8
55,8326.6
59,8327.7
14,8328.3
15,8329.5
57,8330.3
0,8331.1
41,8331.7
34,8332.4
42,8332.7
43,8335.8
48,8336.5
11,8336.5
54,8336.9
38,8337.1
22,8337.4
8,8338.5
47,8339.0
25,8339.6
35,8340.8
20,8341.5
60,8341.8
13,8342.3
51,8342.8
9,8342.9
52,8343.9
31,8344.9
5,8345.4
26,8345.5
1,8345.5
62,8346.8
3,8347.9
18,8347.9
23,8348.5
39,8348.8
46,8350.0
4,8351.5
58,8351.6
10,8351.8
7,8353.0
24,8353.6
17,8353.9
56,8353.9
29,8353.9
12,8354.1
19,8355.1
53,8356.0
55,8356.2
59,8356.4
21,8356.5
45,8356.9
44,8357.3
15,8358.1
2,8359.0
28,8359.1
6,8359.2
27,8359.2
50,8360.8
0,8361.8
48,8363.7
30,8364.2
33,8364.8
43,8366.0
54,8366.0
22,8366.4
16,8368.6
25,8370.7
42,8371.9
8,8372.4
26,8373.9
32,8375.3
52,8375.8
47,8376.6
13,8379.7
60,8379.8
18,8379.9
51,8380.2
4,8380.3
41,8380.8
11,8380.9
5,8381.0
23,8381.8
1,8382.9
46,8384.6
24,8384.6
55,8385.8
44,8386.7
45,8387.0
54,8388.6
10,8388.8
34,8389.0
15,8389.5
27,8390.0
3,8390.1
49,8390.3
61,8391.4
59,8391.7
9,8391.8
16,8392.4
17,8393.6
57,8394.8
38,8396.1
58,8397.8
7,8398.2
14,8398.2
33,8399.7
39,8400.0
0,8403.5
19,8405.4
41,8407.1
60,8407.5
18,8412.5
59,8415.8
57,8418.6
25,8562.7
55,8577.6
15,8585.6
54,8590.9
10,8595.2
56,8595.5
26,8596.8
12,8601.9
52,8603.6
22,8604.9
48,8606.5
47,8606.7
13,8608.8
61,8609.9
43,8611.9
6,8612.6
8,8613.0
31,8615.9
28,8616.2
62,8616.3
21,8616.5
37,8617.0
29,8617.3
35,8617.6
30,8618.0
20,8618.6
53,8620.0
24,8624.4
36,8624.9
40,8625.2
55,8628.3
15,8629.3
26,8629.7
27,8630.9
44,8631.5
32,8632.2
56,8632.4
25,8632.5
5,8633.0
7,8633.2
51,8634.1
4,8634.1
46,8635.0
38,8635.2
48,8635.2
52,8635.3
0,8636.7
50,8637.2
59,8637.5
58,8637.9
12,8638.0
16,8638.1
23,8638.2
33,8638.2
43,8638.6
19,8638.9
54,8639.0
11,8639.3
10,8639.4
18,8639.5
6,8639.9
22,8640.0
41,8640.3
61,8640.5
45,8641.0
49,8642.1
42,8643.7
34,8643.7
35,8644.0
57,8645.5
8,8646.0
3,8646.4
60,8646.6
13,8647.8
21,8648.2
30,8648.7
1,8648.8
47,8649.6
55,8649.9
24,8650.1
9,8650.1
14,8650.4
15,8650.6
28,8652.0
26,8652.1
2,8652.9
53,8653.0
29,8653.1
17,8653.4
39,8653.7
7,8654.2
56,8654.5
48,8654.6
20,8654.6
37,8655.0
31,8655.3
44,8655.7
27,8656.7
32,8656.9
46,8657.6
0,8657.7
5,8657.8
25,8658.2
4,8658.3
52,8658.9
51,8658.9
40,8659.4
36,8659.8
59,8659.8
62,8660.0
38,8660.7
43,8661.7
50,8663.1
16,8663.8
10,8664.2
23,8664.9
22,8664.9
18,8665.5
19,8666.0
6,8666.0
33,8666.2
54,8666.4
45,8666.9
61,8668.7
12,8670.1
35,8670.6
58,8671.8
15,8672.5
41,8674.6
55,8675.5
60,8677.7
44,8724.0
0,8724.1
1,8772.2
27,8772.9
56,8774.2
34,8774.4
13,8774.5
17,8777.2
26,8779.3
60,8780.3
57,8780.6
54,8781.4
39,8782.8
18,8785.2
14,8785.3
16,8786.6
61,8788.3
24,8788.5
58,8788.9
10,8789.5
44,8789.5
33,8789.9
15,8790.3
47,8793.0
55,8793.9
48,8795.5
21,8796.1
62,8797.8
42,8798.8
7,8800.2
8,8800.6
38,8801.7
4,8801.9
43,8802.3
19,8802.4
59,8803.1
28,8806.0
27,8807.4
11,8807.5
45,8808.4
0,8810.3
3,8810.5
5,8811.0
56,8812.0
52,8812.9
22,8814.9
54,8815.1
46,8815.4
1,8816.0
40,8816.5
60,8816.5
51,8816.9
17,8817.2
25,8817.3
24,8818.0
9,8818.9
35,8819.5
13,8820.6
15,8821.2
23,8821.2
18,8821.3
26,8821.8
20,8822.6
44,8823.3
6,8825.2
16,8826.2
12,8827.0
10,8827.1
14,8827.3
29,8827.6
55,8827.9
2,8828.9
57,8830.1
41,8830.2
48,8830.8
53,8831.7
7,8832.2
43,8832.3
21,8832.8
33,8832.8
34,8834.4
4,8834.6
42,8835.7
39,8835.9
30,8835.9
31,8836.0
50,8836.1
32,8836.7
27,8838.9
0,8839.0
45,8839.0
58,8840.0
8,8840.6
52,8840.7
47,8840.7
59,8841.7
54,8841.7
19,8842.4
38,8842.5
56,8842.9
22,8843.3
11,8843.5
46,8844.7
5,8844.8
61,8845.5
25,8845.9
28,8846.5
35,8846.7
51,8847.3
60,8847.3
49,8848.1
15,8848.5
18,8848.6
24,8849.0
26,8849.2
55,8849.6
62,8850.6
10,8850.8
44,8850.8
3,8850.8
13,8851.5
16,8851.9
14,8852.0
6,8852.2
48,8853.3
1,8853.6
17,8854.0
33,8854.5
23,8855.0
57,8855.8
43,8856.3
9,8856.3
12,8856.4
20,8856.9
36,8857.5
29,8857.7
40,8857.8
39,8858.1
7,8858.3
4,8858.9
34,8860.4
41,8860.6
58,8862.9
54,8863.8
27,8865.2
0,8869.3
19,8870.7
60,8873.0
18,8930.3
16,8934.8
10,8939.8
60,8940.3
14,8943.0
39,8946.6
55,8947.5
38,8952.4
57,8953.5
41,8959.0
18,8985.9
54,9006.6
33,9008.1
58,9008.3
13,9010.8
56,9011.6
34,9012.8
52,9012.9
60,9014.9
15,9015.3
11,9015.5
14,9016.9
10,9017.2
39,9017.4
18,9018.6
27,9019.3
16,9019.5
57,9019.8
35,9020.1
47,9021.3
31,9021.9
38,9022.1
55,9023.0
45,9023.1
61,9023.4
8,9027.1
53,9028.1
62,9028.8
5,9029.0
19,9029.7
48,9029.8
54,9030.0
17,9030.2
41,9030.3
46,9030.8
9,9031.5
32,9031.6
42,9032.1
44,9032.8
59,9032.8
12,9033.9
58,9035.0
22,9035.5
21,9036.0
33,9036.0
26,9037.1
56,9038.5
7,9038.5
43,9040.0
13,9040.4
20,9041.0
29,9041.1
57,9041.2
50,9041.5
24,9041.5
4,9041.5
25,9041.9
15,9042.3
52,9042.8
30,9043.1
10,9043.2
0,9043.3
14,9043.6
6,9044.6
60,9045.3
34,9045.4
51,9045.5
2,9046.2
18,9046.8
55,9047.5
35,9047.7
38,9047.7
27,9049.0
16,9049.1
39,9049.8
45,9050.4
11,9051.8
28,9052.1
40,9052.1
48,9052.1
37,9053.0
23,9053.1
3,9053.3
41,9054.4
1,9054.4
61,9054.7
36,9056.7
8,9056.9
47,9057.3
19,9057.5
54,9057.7
53,9057.8
44,9059.0
5,9059.9
32,9060.0
46,9060.4
49,9061.0
22,9061.6
59,9062.2
26,9062.3
17,9063.2
43,9063.4
42,9063.8
7,9064.4
15,9066.3
21,9066.6
0,9068.5
4,9069.1
24,9069.2
62,9070.1
50,9071.5
25,9071.9
6,9073.6
27,9078.0
45,9081.8
55,9097.8
60,9107.1
44,9206.9
18,9215.9
48,9231.4
10,9232.4
43,9240.5
1,9242.0
40,9243.7
28,9244.5
51,9245.4
56,9248.2
52,9248.5
58,9250.2
12,9252.2
23,9252.5
9,9252.9
57,9253.1
13,9258.0
35,9258.2
20,9258.9
26,9261.5
33,9262.9
31,9263.3
29,9264.3
15,9266.3
6,9270.4
46,9270.5
2,9270.7
0,9272.8
22,9273.1
25,9274.4
48,9274.6
7,9275.4
55,9275.6
4,9276.0
27,9276.1
52,9277.6
54,9278.6
24,9278.7
16,9278.8
5,9280.0
18,9280.1
44,9280.4
43,9281.0
14,9281.7
59,9281.9
56,9282.0
61,9282.5
32,9283.2
8,9283.7
10,9284.2
51,9284.6
38,9285.0
50,9285.7
60,9286.0
19,9286.3
11,9286.9
45,9289.6
35,9289.9
49,9290.2
17,9290.4
26,9291.0
30,9291.0
42,9291.2
15,9291.2
23,9291.4
28,9291.6
33,9292.3
12,9292.6
13,9293.5
21,9293.5
58,9294.3
47,9294.7
6,9296.9
0,9297.0
1,9297.4
48,9297.9
22,9298.2
55,9298.5
41,9299.1
53,9299.3
40,9299.5
46,9299.6
20,9299.7
37,9300.2
36,9300.2
39,9300.6
7,9301.1
62,9301.9
34,9302.1
57,9302.2
24,9302.6
29,9302.7
9,9302.9
52,9303.2
4,9303.4
31,9303.7
43,9303.9
3,9304.0
56,9304.4
54,9304.5
27,9304.5
25,9304.8
44,9305.2
5,9305.7
59,9306.3
2,9306.3
16,9307.1
18,9308.1
10,9308.6
51,9309.3
32,9309.9
61,9310.1
8,9310.2
50,9312.8
15,9312.8
35,9313.0
26,9314.7
19,9315.4
45,9315.5
60,9315.7
38,9316.1
17,9317.4
0,9324.0
55,9324.8
12,9325.8
44,9363.2
33,9392.4
58,9394.4
14,9395.4
11,9399.0
56,9399.5
60,9402.9
13,9405.2
39,9405.6
55,9407.1
10,9408.4
15,9409.2
54,9413.2
17,9413.5
18,9413.7
61,9413.9
62,9414.0
20,9414.3
34,9414.8
47,9414.9
40,9415.2
19,9415.4
57,9415.8
41,9415.9
27,9418.9
38,9419.5
7,9420.2
52,9421.0
33,9421.8
9,9421.9
48,9425.7
16,9425.8
58,9426.3
31,9426.7
24,9426.7
14,9427.2
43,9430.8
28,9432.6
44,9432.6
6,9432.8
60,9435.6
59,9436.3
42,9436.3
10,9437.3
55,9437.5
21,9438.3
8,9438.8
35,9439.0
15,9439.0
11,9439.6
56,9439.6
23,9439.7
5,9441.5
12,9441.7
45,9443.0
39,9443.3
46,9445.0
22,9447.2
53,9448.2
0,9448.4
25,9449.2
26,9449.3
7,9449.6
1,9450.0
54,9450.0
30,9451.2
4,9453.7
32,9454.5
18,9454.5
51,9455.1
27,9455.2
19,9456.7
38,9457.0
52,9458.7
2,9460.4
43,9461.1
24,9461.5
6,9461.6
44,9461.9
20,9462.0
40,9462.0
48,9462.2
62,9462.6
33,9462.7
17,9463.0
13,9463.4
36,9463.8
34,9465.4
61,9466.1
15,9466.6
47,9466.8
50,9467.0
55,9467.4
10,9467.7
35,9468.5
3,9469.1
16,9469.2
49,9469.3
56,9469.5
9,9469.5
60,9470.2
59,9470.5
45,9470.7
28,9470.8
58,9472.0
11,9473.0
29,9473.3
14,9473.8
21,9474.1
42,9474.6
57,9474.8
23,9475.3
12,9475.6
22,9475.7
31,9476.1
8,9476.4
26,9476.6
54,9478.0
39,9478.3
0,9478.4
27,9478.8
41,9478.8
5,9480.8
4,9481.4
46,9481.4
52,9482.1
19,9482.7
18,9482.7
25,9482.7
33,9483.2
7,9483.9
38,9484.5
43,9485.3
44,9485.4
1,9487.2
48,9487.4
62,9488.4
51,9488.4
17,9488.6
30,9488.9
15,9489.3
24,9489.7
2,9490.0
55,9491.4
40,9493.4
6,9493.8
10,9494.1
60,9494.7
20,9497.8
39,9553.8
58,9557.8
60,9562.7
57,9563.9
54,9564.0
14,9564.2
41,9567.7
33,9570.1
61,9570.2
10,9571.8
55,9573.9
27,9576.7
62,9578.4
15,9580.1
18,9582.7
19,9583.7
39,9587.7
57,9589.2
38,9590.7
41,9591.4
60,9599.2
16,9609.3
31,9610.6
52,9613.8
0,9616.4
28,9622.5
26,9624.9
11,9629.5
17,9629.8
56,9632.6
34,9636.9
9,9637.4
35,9637.9
10,9638.7
45,9639.0
55,9639.0
13,9639.5
33,9639.5
58,9640.5
60,9640.6
14,9641.3
42,9641.9
54,9642.1
57,9642.6
52,9642.6
27,9642.8
39,9643.3
47,9643.4
44,9644.1
15,9644.4
21,9644.9
62,9645.8
31,9646.0
7,9646.2
48,9646.8
18,9647.0
38,9647.5
19,9647.6
53,9648.5
5,9649.0
4,9649.3
3,9649.9
50,9650.8
12,9650.8
43,9652.6
59,9652.7
22,9653.1
16,9653.1
25,9653.2
61,9654.0
41,9654.7
8,9654.8
32,9655.9
26,9656.3
51,9657.1
23,9657.5
17,9657.6
29,9657.6
2,9657.6
56,9657.8
11,9657.9
20,9659.3
24,9659.6
0,9661.1
37,9661.2
46,9661.2
6,9661.9
55,9662.3
40,9662.5
35,9662.6
10,9663.6
57,9664.1
33,9664.5
45,9665.0
30,9665.6
52,9665.6
60,9666.0
14,9666.6
9,9666.9
54,9667.3
15,9667.9
58,9668.1
1,9668.1
27,9668.2
36,9668.6
44,9668.9
34,9668.9
28,9669.0
49,9669.4
48,9669.7
13,9670.8
7,9670.9
38,9671.7
39,9673.4
18,9674.7
42,9674.7
19,9675.0
21,9676.0
4,9676.6
50,9676.9
22,9677.5
43,9677.6
47,9677.7
59,9678.1
41,9678.3
5,9679.2
53,9679.4
12,9681.5
26,9682.1
16,9682.4
61,9682.8
31,9683.2
3,9683.3
25,9683.5
62,9684.5
24,9685.9
0,9687.2
23,9690.2
55,9692.6
2,9694.0
44,9698.7
60,9719.3
27,9723.0
15,9850.2
52,9856.7
10,9859.9
33,9865.4
56,9866.6
6,9871.1
32,9874.9
17,9877.1
11,9881.3
8,9881.4
35,9883.1
22,9886.3
46,9886.7
45,9890.3
29,9890.4
20,9891.7
1,9892.8
40,9892.9
51,9893.4
55,9897.1
15,9900.0
10,9901.9
37,9902.1
24,9904.6
33,9905.2
52,9905.3
56,9905.6
54,9905.9
26,9906.6
48,9907.4
43,9908.0
7,9909.7
44,9909.8
13,9911.5
0,9912.1
38,9913.4
42,9914.0
6,9914.3
61,9914.6
5,9915.7
4,9915.9
53,9916.1
25,9916.1
18,9916.3
27,9916.9
32,9918.8
59,9918.9
14,9919.3
58,9920.0
22,9921.0
12,9921.4
60,9922.6
30,9922.8
35,9923.0
28,9923.6
50,9923.6
17,9923.7
16,9923.9
19,9924.5
15,9925.5
46,9925.7
8,9925.8
55,9926.0
45,9926.1
47,9928.0
11,9928.1
51,9928.2
31,9928.6
23,9928.9
24,9929.5
21,9929.6
34,9930.4
48,9930.6
43,9931.4
29,9931.8
9,9931.8
56,9932.6
57,9933.2
33,9933.4
1,9934.1
52,9934.5
26,9934.6
54,9934.7
2,9935.1
10,9935.1
44,9935.3
0,9935.6
49,9936.2
36,9936.9
37,9937.1
7,9937.3
40,9937.3
6,9937.6
20,9938.0
41,9938.1
39,9938.2
38,9938.9
62,9939.7
3,9941.2
13,9941.6
4,9942.2
61,9943.1
25,9943.3
27,9943.7
59,9943.8
18,9943.9
5,9944.7
15,9945.8
22,9946.1
53,9946.4
42,9946.5
32,9946.7
45,9949.8
55,9949.8
46,9950.1
35,9950.2
17,9950.8
16,9951.2
60,9952.9
19,9953.1
58,9954.5
24,9956.6
8,9957.8
43,9958.8
12,9962.4
