261,99.6
61,99.6
86,101.1
364,101.3
296,101.9
122,102.0
118,102.2
129,102.3
271,103.4
261,103.9
61,104.1
375,104.5
319,104.7
227,104.7
181,104.9
74,105.5
86,106.1
364,106.3
159,106.7
344,106.7
122,106.8
380,106.9
296,107.0
383,107.2
129,107.4
118,107.5
133,107.6
178,108.4
271,108.4
306,108.5
261,108.6
209,108.8
61,109.2
26,109.3
135,109.7
375,110.1
332,110.3
319,110.4
227,110.4
181,110.5
70,110.7
284,110.8
315,110.9
46,111.3
74,111.5
364,111.8
86,111.9
122,112.2
344,112.7
159,112.7
21,112.7
380,112.8
296,112.9
383,113.0
129,113.3
118,113.3
133,113.6
261,113.9
271,114.0
178,114.4
262,114.6
306,114.7
61,114.9
209,115.1
304,115.2
26,115.5
135,115.9
375,116.4
332,116.6
227,116.7
319,116.9
219,116.9
284,117.0
181,117.0
282,117.1
70,117.3
315,117.4
46,117.8
74,118.3
364,118.3
122,118.4
86,118.5
21,119.0
29,119.2
344,119.5
380,119.6
383,119.6
296,119.7
159,119.7
118,120.1
129,120.1
261,120.2
133,120.3
313,120.4
271,120.5
178,121.5
262,121.5
83,121.6
61,121.7
304,122.4
306,122.4
209,122.7
26,122.8
135,123.1
375,123.6
332,123.9
282,124.0
284,124.2
227,124.4
219,124.5
319,124.9
181,125.0
70,125.0
46,125.3
315,126.5
29,126.6
364,126.7
86,126.8
21,127.0
122,127.0
344,127.5
383,127.5
74,127.6
380,128.0
296,128.2
271,129.6
313,129.7
83,129.8
261,130.5
304,130.9
159,131.0
133,131.1
118,131.2
282,131.9
178,132.3
26,132.9
209,132.9
375,133.4
135,133.9
129,134.1
262,134.7
46,134.7
61,134.9
29,135.3
332,135.5
284,135.8
306,136.0
70,136.1
227,136.6
21,137.7
383,138.3
219,139.0
319,139.2
83,139.7
380,140.0
86,140.1
344,140.2
282,141.0
304,141.9
296,142.7
364,143.2
313,144.8
122,145.8
29,145.8
46,147.8
375,151.3
282,152.2
83,153.0
29,161.3
282,168.1
282,175.1
29,178.6
282,180.8
261,181.6
61,181.7
29,184.8
364,185.5
86,185.9
261,187.1
296,187.2
61,187.2
282,188.0
122,188.2
118,189.7
271,190.4
129,191.1
364,192.7
86,192.9
29,193.0
61,193.7
296,194.1
261,194.5
122,195.7
282,198.0
271,198.6
118,199.0
129,201.0
86,202.1
61,202.9
364,203.0
296,203.0
29,207.0
261,207.9
122,209.9
271,218.0
61,261.3
261,261.5
364,264.1
86,264.6
296,265.9
122,266.4
61,266.6
261,266.9
118,267.0
375,268.2
129,268.3
227,269.3
319,269.4
181,270.9
271,270.9
364,271.0
86,271.3
383,272.5
296,272.6
344,272.8
61,273.2
122,273.4
261,274.2
118,274.9
375,275.0
227,276.6
129,276.7
319,277.0
74,278.2
181,279.0
383,279.6
271,279.6
86,279.6
344,280.1
364,280.4
296,281.3
380,282.1
375,283.0
61,283.1
122,284.4
227,285.9
319,287.3
74,288.1
383,288.5
344,289.2
380,290.9
86,291.4
181,291.4
118,293.5
129,293.8
375,294.3
296,294.6
344,303.1
383,305.1
380,308.1
61,644.5
261,644.6
86,646.1
364,646.3
296,646.9
122,647.0
118,647.2
129,647.3
271,648.2
261,649.0
61,649.0
375,649.5
319,649.5
181,649.6
227,649.6
74,650.3
86,651.1
364,651.3
344,651.5
159,651.5
122,651.8
380,651.9
296,652.0
383,652.2
133,652.3
129,652.4
118,652.5
178,653.2
306,653.2
271,653.3
209,653.4
261,653.7
26,653.7
61,654.1
135,654.4
332,654.7
319,655.1
375,655.1
227,655.2
181,655.2
70,655.2
315,655.3
284,655.4
46,655.9
74,656.2
86,656.9
364,657.0
122,657.4
159,657.5
344,657.6
21,657.7
380,657.8
296,657.9
383,658.0
133,658.2
118,658.3
129,658.3
271,658.9
304,659.0
178,659.1
261,659.2
262,659.3
306,659.4
219,659.7
209,659.7
61,659.8
26,659.9
135,660.6
332,660.9
375,661.4
227,661.5
284,661.6
319,661.6
70,661.7
181,661.7
315,661.8
282,662.0
313,662.3
46,662.4
74,663.2
364,663.4
157,663.5
86,663.5
122,663.9
21,664.0
83,664.4
344,664.5
380,664.6
383,664.6
159,664.7
133,664.9
296,664.9
29,664.9
129,665.4
318,665.7
271,665.8
118,665.9
304,666.1
262,666.4
178,666.6
261,666.7
219,667.1
26,667.3
209,667.3
306,667.4
61,667.4
135,667.9
332,668.5
375,668.8
282,668.9
284,669.1
227,669.8
70,669.9
46,670.2
313,671.0
315,671.4
319,671.5
181,671.8
157,671.8
21,672.3
83,672.6
29,672.8
344,673.2
383,673.3
86,673.4
380,674.3
296,674.7
304,674.7
364,675.5
74,675.6
122,676.8
318,676.8
282,677.0
209,678.3
26,678.5
178,679.5
46,680.2
219,681.2
135,681.4
375,681.5
70,681.7
271,682.0
29,682.4
157,682.7
83,682.9
262,683.1
284,683.2
21,683.8
313,684.5
304,686.4
282,686.7
133,686.9
332,687.6
46,695.2
29,696.1
83,697.0
282,698.8
157,703.5
282,720.0
282,725.7
61,726.4
261,726.7
86,729.6
364,730.2
296,730.8
122,731.8
61,731.9
282,732.7
261,732.9
118,734.4
129,734.7
271,735.8
86,736.2
364,737.1
296,737.2
61,738.8
122,739.0
261,740.8
282,742.3
118,743.8
271,744.6
86,745.2
296,745.5
364,746.4
129,748.3
61,748.7
122,754.2
296,759.3
86,760.1
261,806.6
61,806.8
364,809.7
86,810.3
122,811.1
296,812.1
118,812.1
261,812.3
61,812.3
129,812.6
375,813.0
271,813.3
227,814.4
319,815.1
364,816.4
86,817.1
344,817.5
122,818.1
383,818.5
61,819.1
296,819.1
181,819.5
261,819.7
375,819.8
118,820.1
271,820.6
129,821.0
227,822.3
319,823.4
364,824.6
86,825.4
344,825.5
383,826.1
122,827.6
375,827.7
296,828.1
181,828.8
380,829.2
271,829.6
61,829.7
227,832.3
319,834.4
261,834.8
344,835.2
383,835.5
375,838.0
380,838.9
86,842.4
364,845.4
61,886.6
261,886.8
86,890.9
122,891.0
364,891.2
296,891.3
118,891.9
61,892.0
261,892.4
271,893.7
129,894.7
122,897.5
86,897.8
296,897.9
364,898.1
61,898.6
261,899.4
118,899.7
271,901.0
129,903.1
296,905.9
122,906.2
86,906.3
21,906.8
61,907.0
364,907.4
26,910.0
271,910.1
74,911.4
118,911.7
261,911.9
21,916.3
86,918.9
129,919.4
26,920.7
296,925.6
61,1269.6
261,1269.6
86,1271.2
364,1271.5
296,1272.0
122,1272.1
118,1272.3
129,1272.3
271,1273.4
261,1274.1
61,1274.2
319,1274.5
181,1274.6
375,1274.6
227,1274.6
74,1275.3
86,1276.2
364,1276.4
159,1276.5
344,1276.6
122,1276.9
380,1276.9
296,1277.1
383,1277.2
133,1277.3
129,1277.6
118,1277.6
306,1278.2
178,1278.3
209,1278.4
271,1278.4
26,1278.8
261,1278.9
61,1279.2
135,1279.5
332,1279.7
227,1280.1
319,1280.1
181,1280.2
375,1280.2
315,1280.3
284,1280.4
70,1280.5
74,1281.2
46,1281.2
86,1282.0
364,1282.1
122,1282.5
159,1282.5
344,1282.6
380,1282.8
21,1282.8
296,1283.1
383,1283.1
133,1283.3
129,1283.4
118,1283.4
271,1284.0
304,1284.1
261,1284.3
178,1284.3
262,1284.3
306,1284.4
209,1284.8
219,1284.9
61,1284.9
26,1285.0
135,1285.7
332,1285.9
319,1286.4
227,1286.5
181,1286.5
375,1286.5
284,1286.6
315,1286.8
70,1286.9
46,1287.6
313,1287.7
282,1288.0
74,1288.2
364,1288.6
86,1288.7
122,1289.1
21,1289.4
344,1289.5
157,1289.7
380,1289.7
159,1289.8
383,1289.9
29,1290.0
296,1290.1
133,1290.1
318,1290.5
83,1290.7
129,1290.8
271,1291.3
304,1291.3
118,1291.4
178,1292.0
262,1292.0
261,1292.3
219,1292.4
209,1292.7
26,1292.9
306,1293.0
61,1293.2
135,1293.3
332,1293.8
375,1294.1
284,1294.3
282,1295.0
70,1295.6
46,1295.7
227,1295.7
313,1296.8
315,1297.3
319,1297.5
29,1298.1
181,1298.6
21,1298.6
86,1299.0
344,1299.0
383,1299.1
157,1299.3
83,1299.4
380,1299.7
304,1300.2
296,1301.1
318,1301.7
364,1302.3
282,1303.2
122,1304.5
209,1305.1
74,1306.0
26,1306.5
46,1306.6
375,1307.2
29,1307.8
70,1309.6
83,1310.6
219,1310.7
313,1312.1
282,1313.0
304,1313.1
157,1314.8
29,1321.7
282,1325.2
282,1346.5
261,1351.6
61,1351.6
282,1352.4
86,1354.7
364,1354.8
296,1356.0
61,1357.1
261,1357.3
122,1357.3
271,1358.7
118,1359.1
282,1359.6
129,1360.6
86,1361.5
364,1362.0
296,1362.7
61,1364.1
122,1364.7
261,1365.7
271,1366.5
118,1368.4
86,1370.2
282,1370.4
296,1371.1
129,1372.1
364,1372.2
61,1375.5
122,1377.9
271,1381.8
296,1387.8
261,1431.5
61,1431.7
364,1434.2
86,1434.8
122,1436.2
261,1436.9
61,1437.2
118,1437.3
296,1437.6
375,1437.8
129,1438.6
271,1439.7
364,1440.6
319,1440.8
227,1440.9
86,1441.3
383,1442.6
122,1442.9
344,1443.4
261,1443.5
61,1444.0
375,1444.5
296,1444.6
118,1445.1
129,1447.6
271,1448.2
227,1448.4
319,1449.0
364,1449.1
86,1449.4
383,1450.1
344,1450.8
375,1452.9
122,1452.9
61,1454.4
296,1454.9
261,1455.5
380,1455.9
227,1459.6
383,1460.7
86,1460.8
271,1460.9
344,1461.4
319,1465.4
375,1466.3
380,1467.5
261,1511.9
61,1512.1
364,1513.9
86,1515.3
122,1515.7
296,1516.8
261,1517.4
61,1517.7
129,1518.4
118,1518.7
271,1519.4
364,1520.4
86,1522.0
122,1522.6
181,1523.5
296,1523.5
261,1524.0
61,1524.3
129,1526.5
118,1527.0
271,1527.5
364,1528.6
86,1529.9
122,1531.3
296,1532.3
181,1532.5
61,1533.1
261,1533.4
21,1533.9
271,1539.0
129,1540.1
21,1545.1
86,1545.5
261,1894.7
61,1894.7
86,1896.3
364,1896.5
296,1897.1
122,1897.2
118,1897.4
129,1897.4
271,1898.5
261,1899.1
61,1899.3
319,1899.6
375,1899.7
227,1899.7
181,1899.7
74,1900.3
364,1901.4
86,1901.4
159,1901.5
344,1901.6
380,1901.9
122,1902.1
383,1902.3
296,1902.3
133,1902.4
129,1902.6
118,1902.6
306,1903.2
178,1903.3
209,1903.5
271,1903.5
26,1903.8
261,1903.9
61,1904.3
135,1904.5
332,1904.7
319,1905.2
375,1905.3
181,1905.3
227,1905.3
284,1905.4
315,1905.4
70,1905.7
46,1906.3
74,1906.4
364,1907.1
86,1907.2
159,1907.5
122,1907.6
344,1907.7
380,1907.8
21,1907.9
383,1908.1
296,1908.2
133,1908.3
118,1908.4
129,1908.4
304,1909.2
178,1909.2
271,1909.3
261,1909.3
262,1909.4
306,1909.4
209,1909.8
61,1910.0
26,1910.1
219,1910.1
135,1910.7
332,1910.9
227,1911.6
284,1911.7
319,1911.7
375,1911.8
181,1911.8
315,1912.0
70,1912.2
46,1912.8
313,1913.1
74,1913.4
86,1913.8
364,1913.9
282,1914.1
122,1914.3
21,1914.4
380,1914.5
344,1914.7
159,1914.7
383,1914.7
133,1915.2
296,1915.3
157,1915.5
29,1915.5
318,1915.8
129,1915.9
83,1916.3
304,1916.5
271,1916.6
118,1916.9
262,1917.0
178,1917.1
261,1917.6
219,1917.9
209,1918.0
306,1918.3
135,1918.4
26,1918.4
332,1918.9
61,1919.0
375,1919.5
284,1919.7
46,1921.0
227,1921.1
70,1921.2
282,1921.4
313,1922.7
29,1923.5
315,1923.6
21,1923.9
383,1924.0
319,1924.4
344,1924.5
380,1924.7
86,1925.0
83,1925.3
157,1925.3
304,1926.0
318,1926.9
296,1927.6
181,1928.9
282,1929.8
364,1930.8
122,1931.2
209,1932.1
46,1932.4
29,1933.5
375,1933.8
83,1937.0
26,1939.2
282,1939.6
304,1941.3
29,1946.6
157,1947.0
282,1951.7
282,1971.1
61,1976.9
261,1977.0
282,1977.1
86,1980.6
364,1980.8
296,1981.8
261,1982.7
61,1982.7
122,1982.9
271,1983.5
282,1984.3
118,1984.6
86,1987.4
364,1987.5
129,1987.8
296,1988.7
61,1989.5
261,1989.8
122,1990.3
271,1990.9
118,1994.4
282,1994.6
364,1996.2
86,1996.3
296,1997.1
61,2000.7
271,2002.4
261,2003.7
122,2004.0
61,2056.7
261,2056.9
364,2059.6
86,2059.7
296,2061.4
122,2061.6
61,2062.2
261,2062.3
129,2062.4
118,2063.2
375,2064.0
271,2064.6
227,2065.0
319,2065.9
364,2066.1
86,2066.1
296,2068.4
122,2068.6
61,2069.0
261,2069.1
344,2069.1
383,2069.3
129,2069.8
118,2070.9
375,2071.0
271,2072.0
227,2072.4
319,2073.8
86,2074.0
364,2074.5
344,2076.6
383,2077.3
296,2077.5
122,2079.4
375,2079.5
61,2079.5
227,2083.9
271,2083.9
129,2084.3
344,2085.7
383,2087.1
86,2087.7
261,2088.0
375,2090.8
319,2091.0
61,2137.0
261,2137.1
364,2139.1
86,2140.3
122,2141.5
118,2142.2
61,2142.5
296,2142.6
261,2142.7
271,2143.0
129,2143.2
181,2143.6
364,2145.4
86,2146.7
380,2147.2
122,2148.5
61,2149.2
261,2149.5
296,2149.7
118,2150.2
271,2150.6
133,2150.9
129,2153.3
364,2153.5
181,2153.8
86,2155.5
74,2155.8
380,2156.0
122,2157.8
61,2158.1
296,2158.5
261,2160.6
135,2163.4
133,2163.4
118,2164.3
380,2166.4
271,2166.9
74,2168.1
86,2171.2
135,2179.0
380,2190.7
61,2519.8
261,2519.8
86,2521.4
364,2521.6
296,2522.2
122,2522.3
129,2522.4
118,2522.5
271,2523.6
261,2524.2
61,2524.4
181,2524.7
227,2524.7
319,2524.7
375,2524.8
74,2525.4
159,2526.5
86,2526.5
364,2526.6
344,2526.7
380,2527.1
122,2527.2
383,2527.4
133,2527.4
129,2527.5
296,2527.5
118,2527.7
306,2528.2
178,2528.4
271,2528.6
209,2528.6
26,2528.9
261,2529.0
61,2529.4
135,2529.6
332,2529.7
227,2530.3
375,2530.4
284,2530.4
315,2530.4
319,2530.4
181,2530.5
70,2530.8
74,2531.3
46,2531.4
364,2532.2
86,2532.3
159,2532.5
122,2532.7
344,2532.7
21,2532.9
380,2533.1
383,2533.2
133,2533.4
129,2533.5
118,2533.5
296,2533.5
304,2534.3
271,2534.4
261,2534.4
306,2534.4
178,2534.4
262,2534.4
209,2534.9
219,2535.1
61,2535.1
26,2535.1
135,2535.9
332,2536.1
227,2536.6
284,2536.7
319,2536.8
375,2536.9
181,2536.9
315,2537.1
70,2537.3
46,2537.9
313,2538.1
74,2538.4
86,2538.9
364,2539.1
21,2539.4
122,2539.5
344,2539.7
159,2539.8
380,2539.9
383,2540.0
133,2540.4
282,2540.6
318,2540.9
129,2540.9
29,2540.9
296,2541.0
157,2541.0
304,2541.7
271,2542.0
262,2542.0
118,2542.1
83,2542.1
178,2542.2
219,2542.8
209,2543.2
261,2543.3
26,2543.3
306,2543.5
332,2544.1
135,2544.1
284,2544.5
375,2544.7
61,2545.1
227,2546.2
46,2546.2
70,2546.3
313,2547.5
282,2548.1
29,2549.0
21,2549.2
383,2549.6
319,2549.9
344,2549.9
86,2550.2
315,2550.5
380,2550.7
83,2551.1
157,2551.3
304,2551.5
318,2551.6
296,2554.5
364,2554.8
282,2556.9
46,2558.0
375,2558.6
29,2558.8
209,2560.1
219,2561.6
83,2562.7
122,2565.0
282,2567.1
313,2567.4
304,2567.5
29,2571.7
282,2580.1
282,2596.7
261,2602.0
61,2602.1
282,2602.8
364,2605.5
86,2605.7
296,2606.9
261,2607.7
61,2607.8
271,2609.0
122,2609.2
282,2610.4
118,2610.4
364,2612.3
86,2612.7
296,2613.5
129,2614.0
61,2614.7
261,2615.1
271,2616.8
122,2617.3
118,2620.2
282,2622.1
86,2622.2
296,2622.3
364,2622.5
61,2625.1
271,2639.0
61,2681.9
261,2682.1
86,2685.0
364,2685.3
122,2686.3
296,2686.9
129,2687.1
118,2687.5
261,2687.6
61,2687.6
375,2688.1
227,2690.0
271,2691.1
86,2691.4
319,2691.6
364,2692.0
344,2692.5
383,2692.8
122,2693.6
296,2694.0
181,2694.3
261,2694.6
375,2694.9
61,2695.0
129,2695.8
118,2696.3
227,2697.7
86,2699.2
344,2700.0
271,2700.1
383,2700.2
364,2700.2
319,2700.3
296,2702.8
375,2703.0
122,2703.6
261,2705.5
181,2706.6
61,2707.0
227,2707.7
344,2708.8
383,2710.4
380,2711.7
86,2713.7
375,2716.1
129,2720.4
380,2730.5
261,2761.8
61,2762.6
364,2763.9
86,2765.9
122,2766.5
261,2767.3
296,2767.4
271,2768.3
118,2768.3
61,2768.3
364,2770.2
86,2772.7
122,2773.5
261,2773.7
296,2774.4
61,2775.3
271,2775.4
118,2776.5
364,2778.7
86,2780.7
122,2782.4
296,2782.9
261,2783.9
271,2785.1
61,2785.4
178,2786.7
118,2793.8
86,2802.3
261,3145.2
61,3145.2
86,3147.1
364,3147.2
296,3148.0
122,3148.1
129,3148.1
118,3148.4
271,3149.6
227,3150.9
319,3150.9
181,3151.0
375,3151.1
74,3152.3
159,3153.9
344,3154.1
383,3154.2
133,3154.3
380,3154.5
261,3155.0
178,3155.7
306,3157.2
26,3157.7
61,3157.7
209,3158.4
135,3158.4
332,3159.7
284,3159.7
70,3163.7
21,3163.7
315,3166.3
261,3225.4
61,3225.6
364,3227.2
86,3227.3
122,3228.1
296,3228.4
129,3228.4
118,3228.6
271,3229.4
375,3231.7
181,3231.8
319,3231.8
227,3231.8
74,3234.9
383,3235.8
133,3236.0
261,3237.1
344,3237.2
380,3237.7
159,3238.1
178,3239.0
61,3244.1
261,3305.4
61,3305.7
364,3307.4
86,3307.4
122,3308.2
296,3308.4
129,3308.5
118,3308.5
271,3309.5
375,3312.0
227,3312.0
181,3312.1
319,3312.1
74,3315.8
383,3316.7
261,3316.9
133,3316.9
344,3320.3
178,3320.4
380,3320.6
159,3322.3
61,3331.0
261,3385.5
61,3385.9
364,3387.4
86,3387.4
122,3388.2
296,3388.5
118,3388.6
129,3388.6
271,3389.5
375,3392.1
227,3392.1
319,3392.2
181,3392.2
74,3396.3
383,3397.0
133,3397.3
261,3397.4
178,3402.0
380,3404.2
344,3404.6
86,3768.1
375,3769.5
261,3770.2
61,3770.3
178,3771.2
176,3771.4
83,3771.8
284,3771.9
364,3772.2
119,3772.3
129,3773.2
122,3773.2
118,3773.4
313,3774.7
271,3774.7
67,3775.1
227,3775.9
181,3776.0
368,3776.0
319,3776.0
86,3778.1
159,3779.0
383,3779.2
133,3779.3
380,3779.5
261,3780.0
306,3782.2
26,3782.7
375,3783.0
61,3783.0
209,3783.5
135,3783.5
332,3784.7
70,3788.7
21,3788.7
315,3791.7
86,3848.2
375,3849.7
261,3850.4
61,3850.6
178,3851.4
176,3851.6
83,3851.9
284,3852.0
364,3852.2
119,3852.6
122,3853.1
129,3853.4
118,3853.6
271,3854.4
313,3855.2
67,3855.9
319,3856.8
227,3856.8
181,3856.8
368,3857.2
86,3859.4
383,3860.7
133,3861.0
261,3862.1
380,3862.6
159,3863.1
61,3869.0
375,3869.1
86,3928.2
375,3929.9
261,3930.4
61,3930.7
178,3931.2
176,3931.7
83,3932.0
284,3932.1
364,3932.4
119,3932.7
122,3933.2
129,3933.5
118,3933.5
271,3934.5
313,3935.4
67,3936.1
227,3937.0
319,3937.1
181,3937.1
368,3937.5
86,3939.8
383,3941.6
261,3941.9
133,3941.9
380,3945.7
159,3946.6
61,3955.8
86,4008.3
375,4009.9
261,4010.4
61,4010.9
178,4011.2
176,4011.7
83,4012.0
284,4012.1
364,4012.4
119,4012.8
122,4013.2
129,4013.6
118,4013.6
271,4014.5
313,4015.4
67,4016.2
227,4017.1
319,4017.2
181,4017.2
368,4017.6
86,4019.8
383,4022.0
133,4022.3
261,4022.4
380,4029.5
86,4393.1
375,4394.5
306,4396.0
178,4396.1
176,4396.3
83,4396.7
284,4396.8
364,4397.1
119,4397.2
129,4398.2
61,4398.4
261,4398.5
313,4399.7
67,4400.0
227,4400.8
319,4400.9
368,4400.9
181,4401.0
86,4403.1
159,4404.0
383,4404.2
133,4404.2
114,4404.2
380,4404.5
118,4406.6
26,4407.7
262,4408.0
135,4408.0
375,4408.2
209,4408.4
332,4409.1
70,4412.8
315,4416.3
178,4423.1
82,4423.4
86,4473.2
375,4474.7
306,4476.2
178,4476.6
176,4476.6
83,4476.9
284,4477.0
364,4477.2
119,4477.6
129,4478.4
261,4478.7
61,4478.8
313,4480.2
67,4480.8
319,4481.8
181,4481.8
227,4481.8
368,4482.1
86,4484.4
383,4485.7
133,4485.8
159,4487.6
380,4487.7
114,4488.2
375,4494.0
86,4553.2
375,4554.9
306,4556.2
178,4556.3
176,4556.7
83,4557.0
284,4557.1
364,4557.3
119,4557.7
129,4558.5
261,4558.8
61,4558.9
313,4560.4
67,4561.1
227,4562.0
319,4562.1
181,4562.1
368,4562.5
86,4564.8
383,4566.5
133,4566.7
380,4570.7
159,4571.5
114,4572.9
86,4633.3
375,4634.9
178,4636.2
306,4636.3
176,4636.7
83,4637.0
284,4637.1
364,4637.3
119,4637.8
129,4638.6
261,4638.8
61,4638.9
313,4640.5
67,4641.2
227,4642.1
319,4642.2
181,4642.2
368,4642.6
86,4644.8
383,4646.9
133,4647.1
380,4654.5
261,5020.0
306,5021.0
178,5021.1
26,5021.2
86,5021.7
83,5021.7
284,5021.8
129,5023.2
375,5023.4
157,5023.6
67,5023.6
364,5024.3
313,5024.7
314,5025.6
227,5025.8
354,5026.6
172,5027.4
114,5029.1
383,5029.2
133,5029.2
207,5031.2
119,5031.4
318,5031.8
261,5032.5
135,5032.9
262,5033.3
209,5033.4
332,5034.1
70,5037.9
315,5041.2
82,5047.9
178,5048.1
261,5100.2
306,5101.2
26,5101.4
178,5101.6
86,5101.9
83,5101.9
284,5102.0
129,5103.4
375,5103.6
67,5104.0
157,5104.1
364,5104.6
313,5105.2
314,5106.2
227,5106.8
354,5108.5
172,5108.9
133,5110.7
383,5110.7
114,5113.3
261,5116.6
207,5124.1
318,5125.4
261,5180.3
306,5181.2
178,5181.3
26,5181.5
83,5182.0
86,5182.0
284,5182.1
129,5183.5
375,5183.8
157,5184.3
67,5184.3
364,5184.8
313,5185.4
314,5186.6
227,5187.0
354,5189.4
172,5189.5
383,5191.5
133,5191.6
261,5198.0
114,5198.2
261,5260.4
178,5261.2
306,5261.3
26,5261.5
83,5262.0
86,5262.0
284,5262.1
129,5263.6
375,5263.8
67,5264.3
157,5264.3
364,5264.9
313,5265.5
314,5266.7
227,5267.1
172,5269.7
354,5269.8
383,5271.9
133,5272.0
261,5279.9
207,5285.4
306,5646.0
26,5646.1
351,5647.1
157,5648.5
67,5648.6
231,5649.0
261,5649.1
321,5649.1
313,5649.7
227,5650.9
354,5651.5
172,5652.3
86,5652.5
369,5653.9
114,5654.1
178,5654.3
207,5655.9
119,5656.7
318,5656.8
135,5657.6
262,5658.3
209,5658.4
332,5659.1
70,5662.9
315,5666.2
284,5667.8
82,5672.8
306,5726.2
26,5726.4
351,5727.4
157,5729.1
67,5729.1
261,5729.6
231,5729.7
321,5729.9
313,5730.2
227,5731.8
354,5733.5
172,5733.9
86,5735.1
178,5737.6
114,5738.3
369,5738.7
207,5746.9
318,5758.9
306,5806.2
26,5806.5
351,5807.5
67,5809.3
157,5809.3
261,5809.8
231,5809.9
321,5810.2
313,5810.4
227,5812.0
354,5814.4
172,5814.5
86,5816.4
178,5820.6
114,5823.2
369,5829.9
306,5886.3
26,5886.5
351,5887.5
157,5889.3
67,5889.4
261,5889.9
231,5890.0
321,5890.3
313,5890.5
227,5892.1
172,5894.7
354,5894.8
86,5897.2
178,5905.3
207,5909.6
261,6269.4
70,6270.8
227,6270.9
306,6271.0
26,6271.1
281,6271.5
351,6272.0
157,6273.5
231,6274.0
321,6274.1
85,6275.4
314,6275.4
354,6276.5
172,6277.3
86,6277.9
369,6278.9
114,6279.1
207,6280.9
119,6281.7
318,6281.9
261,6283.0
209,6283.4
332,6284.1
315,6291.3
261,6349.6
70,6351.0
306,6351.2
227,6351.2
26,6351.4
281,6351.8
351,6352.3
157,6354.1
231,6354.7
321,6354.9
85,6356.5
314,6356.5
354,6358.5
172,6358.8
86,6360.7
114,6363.1
369,6363.5
261,6367.2
207,6372.2
261,6429.7
70,6430.9
227,6431.1
306,6431.2
26,6431.5
281,6431.9
351,6432.5
157,6434.3
231,6434.9
321,6435.2
85,6437.0
314,6437.0
172,6439.4
354,6439.4
86,6442.2
114,6447.8
261,6449.4
369,6452.7
261,6509.8
70,6510.9
227,6511.1
306,6511.2
26,6511.5
281,6512.0
351,6512.5
157,6514.3
231,6515.0
321,6515.3
85,6517.1
314,6517.2
172,6519.7
354,6519.8
86,6523.2
261,6533.9
207,6537.0
261,6894.3
114,6895.1
260,6895.4
306,6896.0
26,6896.1
207,6896.3
119,6896.4
281,6896.5
351,6897.0
209,6897.1
308,6898.1
313,6898.2
157,6898.5
78,6898.7
321,6899.0
231,6899.1
314,6900.3
85,6900.4
227,6900.8
354,6901.5
86,6902.9
134,6903.8
369,6903.9
159,6903.9
70,6905.9
261,6908.0
161,6908.0
332,6909.1
224,6909.2
315,6913.9
222,6916.7
261,6974.6
114,6975.3
260,6975.6
306,6976.2
26,6976.4
207,6976.5
119,6976.7
281,6976.8
351,6977.3
209,6977.5
308,6978.5
313,6978.7
157,6979.1
78,6979.3
231,6979.7
321,6979.9
314,6981.5
85,6981.5
227,6981.9
354,6983.5
86,6985.6
134,6986.7
159,6987.3
369,6988.5
261,6992.2
70,6997.9
261,7054.7
114,7055.3
260,7055.6
306,7056.2
26,7056.5
207,7056.6
119,7056.8
281,7056.9
351,7057.4
209,7057.5
308,7058.6
313,7058.8
157,7059.3
78,7059.5
231,7060.0
321,7060.2
314,7062.0
85,7062.0
227,7062.4
354,7064.4
86,7067.1
134,7068.6
159,7070.5
261,7074.4
369,7077.5
261,7134.8
114,7135.3
260,7135.6
306,7136.2
26,7136.5
207,7136.6
119,7136.8
281,7137.0
351,7137.5
209,7137.6
308,7138.7
313,7138.8
157,7139.3
78,7139.6
231,7140.1
321,7140.3
85,7142.2
314,7142.2
227,7142.5
354,7144.8
86,7148.0
134,7149.9
159,7156.3
261,7158.8
70,7163.4
114,7520.0
260,7520.4
306,7521.0
207,7521.3
281,7521.5
351,7522.0
209,7522.1
308,7523.1
313,7523.2
2,7523.4
157,7523.5
231,7524.0
321,7524.0
261,7524.0
67,7524.2
314,7525.3
85,7525.3
6,7526.4
354,7526.5
86,7527.9
369,7528.8
159,7529.1
115,7530.9
70,7530.9
246,7531.9
224,7533.3
315,7537.0
222,7537.9
52,7539.1
11,7539.8
60,7545.8
114,7600.3
260,7600.6
306,7601.2
207,7601.5
281,7601.8
351,7602.3
209,7602.4
308,7603.5
313,7603.7
2,7603.8
157,7604.1
261,7604.6
231,7604.7
321,7604.9
67,7605.0
85,7606.5
314,7606.5
6,7607.7
354,7608.5
86,7610.6
159,7613.0
369,7613.2
70,7621.6
114,7680.3
260,7680.6
306,7681.2
207,7681.6
281,7681.9
351,7682.5
209,7682.5
308,7683.7
313,7683.8
2,7684.0
157,7684.3
261,7684.9
231,7685.0
321,7685.2
67,7685.3
314,7687.0
85,7687.1
6,7688.2
354,7689.4
86,7692.1
159,7697.3
369,7702.9
114,7760.3
260,7760.6
306,7761.2
207,7761.6
281,7762.0
209,7762.5
351,7762.5
308,7763.7
313,7763.9
2,7764.1
157,7764.3
261,7765.0
231,7765.1
321,7765.3
67,7765.4
314,7767.2
85,7767.2
6,7768.5
354,7769.8
86,7773.0
70,7782.9
321,8144.2
114,8145.1
176,8145.3
260,8145.4
182,8145.6
207,8146.3
89,8146.3
315,8146.4
281,8146.5
351,8147.0
365,8147.8
368,8147.9
308,8148.1
37,8148.6
231,8149.0
67,8149.1
314,8150.3
85,8150.4
354,8151.5
369,8153.8
159,8154.0
115,8155.4
70,8155.9
246,8156.4
362,8157.6
224,8158.7
11,8162.8
222,8164.3
306,8167.7
321,8169.2
60,8171.6
355,8173.6
321,8224.8
114,8225.3
176,8225.5
260,8225.6
182,8225.9
207,8226.5
89,8226.5
315,8226.6
281,8226.8
351,8227.3
365,8228.3
368,8228.4
308,8228.5
37,8229.2
231,8229.7
67,8229.9
85,8231.5
314,8231.5
354,8233.4
159,8237.7
369,8238.3
70,8246.9
321,8304.6
114,8305.3
260,8305.6
176,8305.6
182,8306.0
207,8306.6
89,8306.6
315,8306.7
281,8306.9
351,8307.5
365,8308.4
308,8308.6
368,8308.6
37,8309.4
231,8310.0
67,8310.2
85,8312.0
314,8312.0
354,8314.3
159,8321.5
369,8327.0
321,8384.5
114,8385.3
260,8385.6
176,8385.6
182,8386.0
207,8386.6
89,8386.7
315,8386.7
281,8387.0
351,8387.5
365,8388.5
368,8388.7
308,8388.7
37,8389.5
231,8390.1
67,8390.3
314,8392.2
85,8392.2
354,8394.7
70,8407.0
368,8768.8
321,8769.2
182,8770.6
369,8770.8
89,8771.2
224,8771.3
207,8771.3
281,8771.5
78,8771.6
260,8772.0
314,8772.1
81,8772.2
365,8772.8
308,8773.1
119,8773.2
114,8773.2
318,8773.3
37,8773.6
35,8773.7
227,8773.9
231,8774.0
67,8774.1
169,8775.0
85,8775.4
354,8776.5
153,8777.0
176,8777.4
159,8777.6
26,8779.7
115,8780.4
351,8781.0
362,8782.1
368,8783.5
222,8790.1
315,8792.8
321,8794.4
60,8797.9
368,8849.0
321,8849.8
182,8850.9
369,8851.1
207,8851.5
89,8851.5
224,8851.6
281,8851.8
78,8851.9
260,8852.3
314,8852.5
81,8852.6
365,8853.3
308,8853.5
114,8853.7
318,8853.7
119,8853.8
37,8854.2
35,8854.3
227,8854.5
231,8854.7
67,8854.9
169,8856.0
85,8856.5
354,8858.4
153,8858.8
159,8859.6
176,8860.1
26,8865.2
368,8870.5
368,8929.2
321,8929.6
182,8931.0
369,8931.1
207,8931.6
224,8931.6
89,8931.6
281,8931.9
78,8932.0
260,8932.4
314,8932.6
81,8932.7
365,8933.4
308,8933.7
114,8933.8
119,8933.9
318,8933.9
37,8934.4
35,8934.5
227,8934.7
231,8935.0
67,8935.2
169,8936.3
85,8937.0
354,8939.2
153,8939.9
159,8940.6
176,8941.9
368,9009.1
321,9009.5
182,9011.0
369,9011.2
207,9011.6
224,9011.7
89,9011.7
281,9012.0
78,9012.1
260,9012.5
314,9012.7
81,9012.8
365,9013.5
308,9013.7
114,9013.9
318,9013.9
119,9014.0
37,9014.5
35,9014.6
227,9014.8
231,9015.1
67,9015.3
169,9016.4
85,9017.2
354,9019.6
153,9020.3
159,9021.3
176,9023.2
26,9030.4
368,9393.8
321,9394.2
67,9395.3
182,9395.6
369,9395.8
224,9396.3
207,9396.3
281,9396.5
78,9396.6
60,9396.8
260,9397.0
314,9397.1
81,9397.2
202,9397.6
365,9397.8
308,9398.1
119,9398.1
318,9398.3
114,9398.3
259,9398.4
35,9398.6
9,9398.7
169,9400.0
354,9401.5
153,9402.0
176,9402.6
159,9402.9
26,9404.6
115,9405.4
351,9406.3
362,9407.8
100,9408.1
349,9408.3
368,9408.6
66,9411.7
222,9414.9
321,9419.4
368,9474.0
321,9474.8
67,9475.6
182,9475.9
369,9476.1
207,9476.5
224,9476.6
281,9476.8
78,9476.9
60,9477.0
260,9477.4
314,9477.6
81,9477.6
202,9477.9
365,9478.3
308,9478.5
318,9478.7
119,9478.8
114,9478.8
259,9478.9
9,9479.2
35,9479.3
169,9481.0
354,9483.4
153,9483.9
159,9485.1
176,9485.4
26,9490.2
368,9495.8
115,9513.3
368,9554.2
321,9554.6
67,9555.6
182,9556.0
369,9556.1
207,9556.6
224,9556.6
281,9556.9
78,9557.0
60,9557.0
260,9557.5
81,9557.7
314,9557.7
202,9557.8
365,9558.4
308,9558.7
259,9558.8
318,9558.9
114,9558.9
119,9558.9
9,9559.2
35,9559.5
169,9561.3
354,9564.3
153,9565.0
159,9566.4
176,9567.5
368,9634.1
321,9634.5
67,9635.6
182,9636.0
369,9636.2
207,9636.6
224,9636.7
60,9637.0
281,9637.0
78,9637.0
260,9637.5
314,9637.7
202,9637.8
81,9637.8
365,9638.5
308,9638.7
259,9638.8
318,9638.9
114,9639.0
119,9639.0
9,9639.2
35,9639.6
169,9641.4
354,9644.6
153,9645.5
159,9647.0
176,9649.0
26,9655.3
