0,26.0
36,26.0
57,26.0
19,26.0
37,26.0
18,26.0
38,26.0
35,26.0
17,26.0
16,26.0
15,26.0
40,26.0
14,26.0
61,26.0
42,26.0
39,26.0
20,26.0
21,26.0
22,26.0
29,26.0
59,26.0
54,26.0
31,26.0
58,26.0
28,26.0
27,26.0
26,26.0
32,26.0
60,26.0
33,26.0
34,26.0
25,26.0
24,26.0
23,26.0
43,26.0
44,26.0
41,26.0
30,26.0
52,26.0
62,26.0
9,26.0
55,26.0
51,26.0
10,26.0
50,26.0
7,26.0
11,26.0
6,26.0
53,26.0
5,26.0
56,26.0
8,26.0
46,26.0
47,26.0
1,26.0
2,26.0
49,26.0
45,26.0
3,26.0
13,26.0
4,26.0
12,26.0
48,26.0
7,114.6
21,119.9
48,120.3
40,121.0
44,121.3
31,121.9
35,126.6
5,127.2
13,128.6
14,130.7
8,131.4
56,131.9
34,132.7
29,132.7
11,134.7
49,134.8
28,135.9
57,136.7
12,137.6
33,138.0
19,138.2
60,138.5
53,140.6
39,140.7
36,143.2
30,144.4
31,144.9
61,145.1
48,145.5
43,145.6
50,146.5
25,146.7
17,147.1
51,147.7
13,151.0
38,151.5
58,152.0
9,152.3
52,152.4
32,152.9
55,153.0
8,153.3
34,154.2
59,155.0
35,155.9
56,155.9
33,157.9
10,158.1
12,158.1
28,158.3
19,158.6
49,160.5
62,160.7
14,161.1
20,161.9
39,162.0
57,163.0
60,163.2
29,164.3
11,165.0
53,165.4
36,165.7
16,170.9
54,171.9
13,174.1
18,177.3
31,180.3
19,180.7
56,181.2
48,181.3
33,183.2
13,189.8
25,190.8
40,191.0
34,191.6
8,192.1
7,193.1
14,195.2
12,195.6
28,195.7
11,196.1
33,196.9
56,197.7
31,197.9
48,198.5
50,199.5
19,200.0
36,201.8
44,202.6
53,203.1
49,206.8
13,208.6
34,208.9
57,209.9
25,210.3
61,211.7
33,213.3
56,213.7
38,215.0
28,215.4
12,216.4
48,219.4
31,221.8
14,222.1
11,223.9
36,224.4
19,228.0
34,271.2
31,273.7
48,274.1
33,277.1
53,277.1
56,277.4
60,278.8
14,279.9
39,280.2
11,280.3
28,281.0
36,281.3
12,281.3
38,282.3
49,284.1
25,285.2
35,286.6
34,286.7
57,287.3
61,287.4
52,288.0
8,292.4
19,292.8
48,293.9
13,294.4
31,295.1
58,296.6
60,296.9
39,298.9
56,299.7
49,300.2
28,300.5
36,301.4
12,302.1
53,303.0
34,306.2
62,306.7
57,307.3
25,307.9
61,310.7
8,312.0
19,312.7
49,318.2
29,322.0
19,382.2
60,490.7
35,507.5
57,508.8
14,522.5
33,523.0
39,535.8
8,543.4
55,544.7
38,545.7
9,564.9
59,565.6
51,568.7
28,570.3
27,574.8
30,581.4
24,605.4
35,649.7
56,651.4
31,652.4
13,652.7
40,654.0
57,655.5
55,655.7
59,656.7
48,657.6
14,657.9
12,658.0
24,659.4
9,659.9
8,660.7
36,661.1
30,661.1
51,662.6
34,662.7
7,663.0
61,663.5
52,664.1
11,664.2
19,665.3
62,665.3
53,665.4
27,667.3
28,667.7
33,667.7
49,668.1
17,668.4
10,669.2
60,669.6
29,669.7
38,669.9
25,670.4
31,671.2
56,671.3
39,671.7
35,672.8
54,673.0
57,673.0
58,673.1
13,675.3
48,675.6
37,675.8
12,676.1
34,676.5
8,678.5
55,679.7
59,680.0
14,680.2
36,680.5
19,682.0
11,682.8
33,684.7
28,684.7
50,684.7
61,684.9
49,685.5
53,686.0
52,687.0
60,687.1
17,687.2
32,687.2
39,687.7
62,689.5
29,690.3
25,690.7
30,692.0
51,692.3
20,692.4
57,692.5
38,692.8
31,693.0
9,693.3
16,693.5
13,693.6
56,694.5
34,696.4
8,698.5
43,698.8
19,702.8
48,704.9
44,706.2
39,709.5
60,716.1
3,716.3
13,717.4
24,720.4
40,720.9
19,726.0
14,727.8
35,728.3
13,732.2
49,735.0
31,736.3
28,736.8
48,737.2
12,738.8
34,739.9
43,740.0
36,740.7
33,741.1
8,743.4
56,743.8
11,745.5
19,745.6
53,748.1
25,748.7
13,749.2
14,749.5
57,751.9
61,754.3
28,754.5
31,755.6
48,755.8
38,757.3
49,758.0
36,760.4
12,761.3
34,762.0
25,773.6
28,778.0
34,816.6
48,817.2
31,817.5
14,818.2
12,819.5
53,821.7
56,822.0
33,822.8
36,824.5
11,826.4
28,826.4
35,828.3
52,828.4
61,828.5
49,829.0
57,829.8
19,830.0
13,830.1
25,830.8
58,830.8
34,831.3
60,831.5
8,833.3
39,834.1
38,834.5
31,836.2
48,836.3
12,838.2
14,840.7
53,843.0
36,844.4
56,845.8
17,846.7
49,847.1
35,847.2
62,847.5
19,847.5
28,847.6
34,847.7
59,848.5
60,849.7
55,849.9
11,850.9
33,851.7
58,851.9
8,852.8
39,853.6
57,854.2
12,861.5
40,887.0
31,894.7
48,894.7
34,895.0
14,899.7
49,902.6
25,903.1
38,904.7
36,904.9
61,904.9
11,906.7
28,907.4
12,907.5
56,908.0
57,908.1
52,909.1
53,910.5
34,911.3
31,912.7
48,913.0
33,913.0
43,918.7
14,922.2
36,925.5
61,926.4
49,926.5
38,927.1
12,927.1
25,927.2
8,928.3
56,930.7
57,930.7
34,930.8
28,931.2
11,931.9
13,1153.1
35,1166.2
31,1177.9
10,1270.3
24,1271.0
61,1271.6
18,1273.1
48,1273.8
40,1275.5
56,1277.2
35,1277.6
50,1277.8
29,1278.5
13,1279.5
31,1279.5
53,1279.5
52,1280.9
59,1282.6
57,1283.3
55,1283.7
14,1285.2
28,1285.3
12,1286.6
25,1287.4
36,1288.7
34,1288.8
8,1289.3
11,1290.2
30,1290.4
9,1290.5
7,1293.0
51,1293.3
33,1293.5
62,1295.2
49,1295.3
48,1295.9
38,1296.2
58,1296.2
61,1296.3
56,1296.6
19,1296.9
31,1297.3
60,1297.8
39,1299.4
53,1301.0
37,1301.4
27,1301.5
57,1301.7
35,1301.7
34,1303.4
54,1303.5
12,1303.7
28,1303.9
13,1303.9
29,1304.3
17,1304.5
52,1304.6
10,1304.7
43,1305.3
25,1306.9
14,1307.4
20,1307.6
8,1308.2
36,1309.0
11,1309.2
55,1309.7
59,1310.2
33,1312.0
50,1314.2
40,1315.3
49,1315.7
39,1316.2
19,1316.2
60,1317.0
32,1318.3
31,1318.6
48,1319.1
24,1320.9
16,1321.4
56,1322.4
53,1323.6
58,1324.0
28,1324.2
34,1326.7
51,1328.0
29,1329.5
13,1333.1
8,1333.1
44,1335.7
19,1343.2
35,1349.4
14,1349.8
13,1354.4
36,1354.6
40,1358.8
60,1360.2
31,1360.6
19,1360.9
56,1361.9
48,1362.3
12,1363.5
43,1363.6
33,1365.2
34,1366.2
25,1366.4
57,1366.8
61,1367.0
38,1368.3
8,1368.9
28,1369.5
11,1370.5
13,1371.7
36,1372.2
14,1372.3
18,1373.2
53,1374.1
49,1376.6
31,1379.6
48,1381.3
19,1381.4
12,1381.7
52,1382.2
56,1384.6
34,1387.1
25,1387.8
28,1390.8
61,1391.8
36,1394.8
38,1397.2
48,1427.3
28,1435.8
31,1442.2
14,1445.6
53,1447.1
24,1447.3
48,1447.5
34,1447.6
25,1448.2
33,1448.6
36,1451.1
11,1451.1
39,1451.6
57,1451.7
12,1453.4
56,1453.6
49,1454.3
28,1455.4
61,1456.5
60,1456.9
43,1457.6
8,1459.4
35,1459.9
31,1461.1
19,1461.8
38,1463.6
17,1463.9
34,1465.6
13,1467.0
52,1467.7
62,1467.7
48,1468.0
58,1469.1
53,1469.3
14,1469.9
25,1470.3
39,1471.3
36,1472.1
49,1472.8
12,1473.4
11,1475.2
57,1476.5
60,1476.6
8,1479.2
28,1479.3
35,1482.1
19,1483.0
40,1511.2
31,1516.5
34,1521.6
48,1525.8
14,1526.3
33,1526.4
56,1527.9
36,1530.5
11,1530.7
38,1530.9
12,1531.5
43,1532.9
28,1533.0
53,1534.1
31,1534.1
61,1535.1
57,1536.2
34,1536.4
25,1537.4
49,1538.4
52,1542.3
48,1546.1
56,1547.1
14,1550.8
12,1551.7
33,1552.0
36,1552.2
11,1554.0
8,1554.1
38,1554.3
34,1555.4
28,1557.3
61,1557.6
31,1558.9
13,1739.6
56,1765.4
35,1785.3
55,1835.9
9,1852.2
59,1894.8
10,1896.0
24,1896.7
30,1897.4
40,1900.0
58,1902.0
35,1902.3
56,1902.6
31,1904.6
53,1905.3
13,1905.5
52,1906.2
55,1907.1
57,1908.1
14,1909.8
12,1910.6
9,1911.0
62,1911.8
48,1912.4
8,1913.5
34,1914.1
61,1914.2
36,1914.3
25,1914.4
11,1914.6
51,1917.0
43,1917.1
39,1918.2
29,1918.3
33,1919.1
7,1919.4
28,1920.2
49,1920.2
17,1920.7
18,1921.0
38,1921.5
19,1921.8
56,1922.4
31,1923.0
60,1923.2
59,1923.7
27,1924.3
37,1926.6
35,1926.8
57,1927.0
53,1927.2
12,1928.5
52,1929.4
34,1929.5
13,1929.7
50,1930.6
48,1931.2
58,1931.7
14,1933.1
8,1933.3
11,1933.3
55,1933.8
10,1934.6
25,1935.3
36,1935.3
30,1935.5
20,1935.7
61,1935.9
39,1937.4
28,1938.6
33,1939.2
62,1939.7
49,1940.7
19,1941.1
40,1941.1
54,1942.4
60,1943.2
9,1944.1
31,1947.2
17,1948.0
29,1950.2
44,1950.2
51,1950.3
53,1950.3
34,1950.4
13,1959.3
19,1968.2
48,1972.7
14,1972.8
35,1973.1
43,1974.7
28,1976.9
24,1977.1
36,1977.3
56,1977.9
13,1979.4
8,1980.5
60,1982.8
40,1983.8
31,1985.3
19,1985.8
12,1989.3
57,1991.1
33,1991.1
25,1991.3
34,1991.7
48,1992.4
38,1992.9
11,1995.3
36,1996.5
13,1996.9
14,1997.1
28,1997.4
53,1999.5
18,2000.9
49,2002.6
61,2003.1
31,2004.3
52,2006.2
19,2006.3
12,2007.7
34,2009.9
25,2012.3
48,2013.1
36,2019.4
38,2021.3
28,2022.3
31,2056.0
13,2063.4
11,2066.9
14,2067.0
48,2068.5
34,2071.5
53,2071.9
33,2072.2
56,2072.9
31,2073.7
57,2075.0
12,2076.0
36,2076.8
28,2076.9
39,2078.2
35,2078.5
49,2080.1
61,2080.7
60,2083.4
25,2083.7
8,2085.0
14,2088.4
38,2088.5
52,2088.5
48,2089.2
19,2089.2
11,2089.9
13,2090.6
34,2091.4
53,2092.7
56,2093.6
31,2093.7
58,2094.4
62,2094.5
12,2095.5
39,2096.6
35,2098.0
36,2098.0
49,2098.1
33,2098.2
28,2099.2
17,2101.0
60,2102.6
61,2103.8
8,2105.6
19,2111.5
40,2136.4
43,2141.8
34,2146.7
11,2148.1
31,2148.2
48,2150.6
14,2152.3
57,2153.0
38,2154.6
56,2154.6
25,2154.9
36,2156.4
12,2156.6
28,2159.4
61,2159.7
53,2160.5
33,2160.5
34,2161.3
49,2162.0
31,2167.0
11,2168.6
52,2168.9
57,2170.6
48,2171.3
12,2177.1
36,2177.8
14,2178.4
25,2178.8
56,2180.4
34,2180.4
55,2180.5
38,2180.9
28,2184.3
49,2187.8
8,2195.9
57,2197.8
13,2414.5
35,2419.6
55,2455.7
59,2520.1
10,2521.3
61,2522.2
24,2522.3
40,2524.9
16,2527.4
58,2527.7
56,2527.8
35,2527.9
50,2529.5
31,2529.7
13,2530.6
53,2531.5
55,2532.5
52,2532.7
57,2533.0
14,2535.6
12,2536.9
48,2537.4
62,2537.9
9,2539.1
36,2539.2
34,2539.4
8,2539.6
11,2540.0
30,2540.2
51,2542.1
43,2542.6
39,2543.5
29,2543.5
18,2544.1
33,2544.4
28,2545.4
49,2545.5
38,2546.4
19,2546.7
25,2546.9
56,2547.9
61,2548.0
7,2548.1
60,2548.2
59,2548.3
31,2548.7
32,2549.3
27,2549.5
37,2550.4
57,2550.5
35,2552.1
53,2553.0
12,2554.4
13,2554.4
34,2554.7
17,2555.2
55,2555.7
52,2555.8
48,2556.4
58,2556.8
10,2558.2
11,2558.6
14,2558.7
8,2559.8
36,2560.5
54,2562.2
39,2562.4
33,2564.1
28,2564.8
50,2565.1
62,2565.5
49,2565.5
40,2565.8
19,2566.0
60,2568.5
25,2569.1
57,2574.5
31,2575.0
29,2576.5
44,2576.8
51,2579.1
36,2584.0
13,2587.9
19,2593.3
14,2595.6
35,2596.5
28,2600.1
56,2600.5
8,2601.4
61,2602.0
48,2602.1
13,2605.4
60,2608.1
40,2608.3
24,2608.6
31,2609.2
19,2611.1
34,2611.6
43,2613.8
12,2614.4
33,2614.5
36,2615.5
57,2618.7
53,2619.5
48,2619.8
11,2620.0
38,2620.5
14,2620.7
28,2622.0
13,2623.4
25,2625.0
34,2628.2
49,2628.3
31,2628.3
19,2632.2
12,2633.6
52,2634.2
36,2638.0
33,2638.8
48,2640.9
28,2646.0
31,2686.5
11,2692.1
14,2692.8
48,2693.6
56,2696.8
53,2697.1
34,2697.5
61,2697.7
25,2698.3
57,2698.8
13,2698.9
39,2701.5
12,2701.6
36,2701.8
28,2702.5
38,2702.5
35,2703.3
49,2704.0
31,2704.2
52,2704.9
33,2706.4
60,2706.7
43,2707.9
8,2708.6
19,2711.0
11,2711.8
34,2713.0
48,2713.2
62,2713.7
14,2714.2
53,2717.9
58,2719.6
25,2720.2
39,2721.0
56,2721.2
12,2721.5
49,2721.8
35,2722.1
36,2722.8
57,2723.8
61,2724.7
13,2724.8
28,2725.1
31,2725.6
60,2726.1
40,2726.8
8,2729.5
19,2731.8
34,2737.9
48,2771.1
31,2774.3
40,2774.9
57,2776.1
33,2777.2
34,2778.2
14,2778.9
38,2779.6
36,2780.8
11,2783.7
28,2783.9
12,2784.7
43,2788.2
53,2788.3
49,2788.5
25,2788.7
48,2790.4
52,2792.4
31,2794.4
34,2796.8
57,2799.9
36,2801.9
38,2802.8
28,2809.5
12,2810.6
49,2814.3
8,2829.4
48,2833.5
13,3006.7
35,3036.0
57,3045.4
56,3061.4
34,3074.9
51,3103.3
14,3115.7
55,3132.5
24,3141.4
59,3141.5
10,3141.7
9,3142.4
62,3142.4
61,3142.6
30,3143.0
40,3143.6
18,3143.7
16,3144.6
35,3144.8
50,3145.1
56,3146.1
31,3147.1
13,3147.5
11,3148.0
57,3149.5
14,3149.8
33,3149.8
55,3150.0
51,3150.7
25,3151.2
12,3151.5
19,3151.7
48,3151.9
8,3152.3
36,3152.5
43,3152.7
39,3153.2
29,3153.9
27,3154.1
20,3154.1
37,3154.7
7,3154.8
52,3155.7
26,3156.1
28,3156.4
34,3157.0
49,3157.0
53,3157.3
38,3157.4
60,3158.0
58,3158.2
59,3158.8
41,3159.7
44,3160.4
17,3160.6
54,3160.8
32,3160.8
62,3161.1
24,3161.2
40,3161.3
35,3161.4
10,3161.7
9,3161.7
21,3162.1
30,3163.1
6,3163.3
18,3163.5
46,3163.7
16,3164.3
61,3164.7
5,3164.7
1,3164.8
31,3164.8
13,3164.8
3,3165.0
56,3165.3
15,3165.8
11,3166.4
50,3166.8
57,3167.1
42,3167.4
4,3167.7
33,3168.0
55,3168.9
51,3169.0
14,3169.2
48,3170.2
12,3170.3
19,3171.8
47,3172.4
25,3172.6
43,3172.8
27,3173.2
0,3173.5
8,3173.8
22,3173.8
39,3173.8
36,3174.3
2,3175.1
29,3175.2
49,3176.4
34,3176.7
20,3177.4
38,3178.0
7,3179.0
26,3179.1
28,3179.1
60,3179.1
52,3179.5
23,3180.0
58,3181.9
44,3182.9
24,3183.7
35,3186.4
40,3186.7
62,3187.7
21,3188.4
41,3188.4
3,3190.9
18,3191.0
1,3193.8
5,3194.5
19,3199.7
14,3221.4
56,3221.5
31,3221.7
13,3222.0
60,3222.3
10,3223.5
48,3223.9
61,3224.1
9,3224.3
59,3225.9
43,3225.9
50,3226.2
51,3226.3
40,3227.1
30,3227.2
35,3229.2
8,3231.3
24,3234.0
53,3234.5
28,3238.2
29,3240.1
49,3241.3
7,3246.1
19,3247.7
48,3248.8
44,3252.3
31,3253.0
8,3271.1
5,3273.4
21,3275.3
43,3275.4
40,3299.1
56,3301.0
60,3301.4
13,3301.9
9,3302.4
14,3302.8
57,3304.3
55,3304.6
62,3305.2
18,3306.2
12,3307.8
35,3308.4
36,3308.4
31,3308.5
8,3309.1
24,3309.6
48,3309.8
52,3311.9
16,3312.7
11,3313.1
29,3313.4
10,3313.7
43,3313.8
59,3314.5
58,3314.6
28,3315.3
50,3315.4
51,3315.7
7,3315.8
34,3316.4
25,3316.6
30,3317.2
44,3317.5
40,3317.8
61,3318.1
49,3318.8
19,3319.1
27,3319.3
33,3320.4
46,3320.8
53,3320.8
56,3321.8
22,3322.7
13,3323.8
14,3324.3
6,3324.8
5,3325.1
57,3325.4
9,3327.0
21,3327.9
31,3328.3
55,3328.6
60,3329.1
42,3329.6
1,3330.5
48,3331.1
11,3331.3
38,3331.3
32,3331.4
18,3331.6
35,3331.8
62,3332.2
3,3332.3
36,3333.9
12,3334.6
24,3334.7
41,3336.4
34,3337.1
39,3337.2
16,3337.8
37,3338.4
8,3338.6
26,3338.6
43,3339.6
29,3339.6
52,3340.3
51,3341.5
58,3342.1
4,3342.1
28,3342.3
20,3343.8
49,3344.2
10,3344.5
7,3344.7
19,3344.9
40,3345.1
50,3345.1
47,3345.6
25,3345.8
59,3347.4
44,3347.8
27,3348.0
45,3348.2
31,3348.8
48,3351.1
15,3351.1
0,3351.3
30,3351.8
2,3353.6
13,3354.9
56,3355.3
57,3356.2
5,3356.8
53,3357.0
22,3359.4
14,3360.7
60,3363.2
21,3363.2
1,3365.9
3,3369.1
19,3379.9
35,3381.4
8,3382.0
36,3382.1
43,3383.8
24,3384.3
40,3385.0
61,3385.7
18,3387.2
62,3387.5
9,3388.4
31,3389.6
56,3391.4
48,3391.9
41,3392.0
13,3392.2
14,3392.4
55,3395.4
57,3395.7
10,3396.7
59,3396.8
51,3398.2
34,3398.8
28,3399.0
60,3400.9
50,3402.2
11,3403.6
29,3403.8
35,3404.0
58,3404.9
49,3405.1
19,3409.3
40,3410.7
8,3411.1
7,3415.3
31,3415.7
48,3422.5
43,3439.1
44,3446.3
46,3593.5
14,3612.1
42,3612.2
13,3613.2
34,3616.1
6,3618.4
55,3621.4
54,3622.6
30,3625.4
52,3626.8
57,3628.2
25,3629.2
38,3629.4
12,3629.5
36,3629.9
24,3630.2
18,3631.0
32,3632.3
16,3633.9
62,3634.3
9,3634.4
53,3636.8
26,3636.8
33,3637.4
56,3639.1
51,3643.2
31,3644.1
27,3644.2
49,3645.5
34,3645.5
61,3645.8
40,3646.5
19,3646.6
35,3647.3
41,3648.0
11,3649.1
37,3649.4
39,3649.5
59,3650.3
13,3650.8
14,3651.0
29,3651.2
7,3651.4
28,3651.9
55,3652.3
20,3652.4
1,3652.4
5,3652.7
3,3652.8
44,3652.8
43,3652.9
21,3653.8
48,3654.0
46,3654.2
30,3654.4
42,3655.7
60,3655.9
50,3655.9
12,3656.5
15,3656.8
57,3657.0
38,3657.0
10,3657.3
18,3657.5
58,3657.6
36,3657.8
52,3658.0
47,3658.0
4,3658.7
17,3658.8
6,3659.9
8,3659.9
0,3661.5
16,3662.0
22,3662.2
24,3662.2
23,3663.0
33,3663.1
9,3663.4
62,3663.5
2,3665.5
25,3665.6
31,3665.8
26,3666.0
56,3666.4
27,3666.5
49,3667.4
34,3667.7
51,3667.7
32,3667.9
35,3668.2
19,3668.5
40,3670.0
53,3670.3
11,3670.7
13,3672.1
54,3672.2
37,3672.2
39,3672.3
14,3672.6
29,3673.2
41,3673.3
20,3673.3
61,3674.4
48,3675.6
3,3675.6
28,3675.9
44,3676.0
55,3676.9
7,3677.0
59,3677.5
30,3677.5
1,3678.1
43,3678.1
45,3678.2
5,3678.3
60,3678.8
21,3678.8
50,3680.9
38,3682.4
58,3682.7
42,3683.4
18,3684.6
15,3688.5
47,3688.9
36,3689.8
24,3691.6
46,3693.9
22,3697.3
19,3699.4
51,3704.6
49,3746.8
40,3764.2
35,3764.9
13,3766.6
31,3767.0
9,3767.9
10,3768.4
62,3769.4
57,3769.6
12,3770.0
8,3773.6
16,3774.6
56,3775.6
24,3776.5
33,3777.5
14,3777.7
52,3778.4
59,3778.6
6,3778.9
48,3779.1
51,3779.7
27,3780.1
30,3780.3
55,3781.7
36,3782.8
18,3783.0
40,3783.2
61,3783.3
35,3783.5
29,3783.9
19,3784.8
43,3785.4
34,3785.5
28,3785.8
38,3786.3
60,3787.4
49,3787.8
31,3788.1
39,3788.2
13,3789.6
58,3790.0
53,3791.1
5,3792.1
11,3792.4
57,3792.5
10,3793.0
9,3793.2
32,3793.3
26,3793.5
7,3793.6
44,3794.5
12,3795.9
21,3796.0
20,3796.0
62,3796.3
3,3798.0
2,3798.5
50,3799.0
41,3799.2
1,3799.3
37,3799.5
0,3799.9
25,3800.9
8,3801.5
24,3801.5
14,3803.1
48,3803.2
4,3803.3
56,3803.6
16,3803.8
33,3804.2
27,3806.5
51,3806.7
54,3807.2
35,3807.2
59,3807.8
40,3808.1
55,3808.4
42,3808.8
52,3809.4
23,3809.5
18,3809.6
30,3810.7
60,3811.1
19,3811.4
6,3812.5
47,3812.6
29,3812.7
49,3812.9
38,3814.5
22,3814.7
34,3814.7
43,3814.8
46,3814.9
28,3815.5
31,3816.1
13,3816.2
36,3816.8
15,3816.9
58,3818.0
61,3818.9
39,3820.3
5,3822.3
44,3822.6
26,3827.6
3,3828.3
7,3830.1
9,3830.2
21,3830.2
2,3831.9
1,3833.4
48,3833.7
0,3842.5
24,3844.7
14,3847.3
8,3847.6
19,3848.6
10,3849.4
40,3849.5
51,3849.6
35,3851.0
60,3851.9
62,3852.3
57,3852.3
16,3853.5
13,3855.3
31,3855.6
56,3856.2
18,3859.6
48,3860.4
59,3861.1
61,3862.3
36,3865.2
28,3871.2
34,3874.6
14,3875.6
49,3886.4
8,3916.4
48,3918.4
40,3923.9
35,3924.7
31,3925.5
19,3926.2
9,3926.4
24,3927.0
30,3927.0
10,3927.2
51,3927.6
12,3927.7
55,3928.7
29,3930.2
53,3933.2
43,3933.5
38,3933.7
56,3934.2
52,3935.1
13,3935.2
11,3936.2
14,3937.0
27,3937.1
33,3937.3
59,3939.0
58,3939.3
57,3939.7
48,3939.7
8,3941.2
50,3941.7
40,3941.7
18,3942.2
62,3942.5
31,3943.7
61,3943.7
35,3943.9
36,3944.1
28,3944.4
34,3946.0
49,3947.3
12,3947.8
60,3948.0
9,3950.0
16,3950.6
7,3950.6
24,3951.0
44,3951.0
51,3951.4
6,3951.6
10,3952.2
19,3953.2
55,3953.8
11,3955.8
32,3956.4
30,3956.9
39,3957.4
29,3957.7
56,3959.6
41,3960.7
13,3961.0
37,3961.1
20,3961.8
5,3961.9
48,3962.9
3,3963.5
57,3964.1
27,3964.2
14,3964.4
53,3965.0
38,3965.0
31,3966.3
43,3966.5
1,3966.7
33,3966.7
21,3968.5
59,3969.7
34,3969.9
52,3969.9
35,3970.7
54,3970.9
25,3971.6
40,3972.2
12,3972.3
58,3972.6
26,3973.0
62,3973.1
18,3973.5
49,3974.5
60,3976.7
28,3977.7
42,3978.0
50,3978.2
4,3978.5
8,3980.1
46,3980.4
44,3981.1
36,3982.4
22,3986.9
19,3990.3
2,3998.6
43,4003.4
48,4004.5
56,4004.7
13,4006.0
5,4006.1
24,4006.3
31,4007.0
9,4008.6
38,4008.7
10,4009.0
51,4009.8
57,4010.3
40,4010.6
3,4011.1
30,4011.6
61,4011.8
35,4012.6
55,4013.9
14,4014.2
1,4014.5
12,4018.0
59,4018.9
11,4020.7
29,4020.9
41,4021.4
18,4021.6
36,4022.3
62,4023.3
60,4023.4
19,4023.4
34,4023.9
8,4024.9
28,4025.6
31,4025.9
48,4026.3
56,4028.5
53,4029.5
13,4029.8
58,4031.2
24,4032.0
39,4032.3
49,4032.4
6,4033.8
7,4034.6
33,4035.0
40,4036.1
57,4037.8
12,4038.5
35,4038.6
9,4039.6
10,4041.6
51,4042.1
44,4043.7
38,4044.0
34,4055.1
21,4061.0
5,4220.2
60,4232.6
48,4238.4
19,4246.2
31,4246.8
15,4249.1
14,4249.2
18,4252.5
29,4254.7
28,4256.9
16,4258.4
54,4259.2
20,4263.5
62,4263.6
52,4266.3
11,4266.5
27,4267.1
43,4269.7
55,4271.1
47,4272.2
50,4274.8
61,4276.9
32,4277.9
34,4280.9
33,4281.7
38,4282.1
31,4282.1
24,4283.8
13,4284.4
1,4284.5
51,4284.6
26,4284.9
19,4286.7
48,4287.1
9,4287.6
41,4287.7
58,4288.8
60,4288.9
40,4288.9
39,4288.9
35,4288.9
37,4289.9
49,4290.1
18,4290.5
6,4290.5
16,4290.9
17,4290.9
14,4292.0
30,4292.3
3,4293.2
46,4293.8
57,4293.9
44,4294.3
56,4294.6
29,4294.7
10,4294.8
59,4295.1
36,4296.2
12,4296.4
0,4297.4
11,4297.4
21,4297.7
55,4297.7
25,4299.1
27,4300.3
4,4300.4
53,4300.4
62,4301.6
28,4301.8
7,4301.9
20,4302.2
34,4303.6
5,4303.7
52,4303.8
15,4304.9
50,4305.1
43,4305.8
31,4305.9
38,4306.0
42,4306.4
8,4307.1
2,4307.4
33,4307.4
51,4308.1
24,4308.5
61,4308.5
47,4308.7
13,4308.8
19,4309.3
48,4309.8
22,4309.8
26,4309.8
35,4310.6
32,4310.8
9,4311.1
60,4311.4
49,4311.4
54,4312.3
45,4312.7
58,4312.7
16,4313.0
40,4313.3
1,4313.4
18,4313.6
37,4313.6
41,4313.9
14,4314.1
39,4314.2
23,4314.7
30,4315.7
3,4318.1
57,4318.9
44,4319.0
29,4319.4
56,4321.4
6,4321.5
36,4321.7
11,4323.1
21,4325.0
25,4326.2
46,4326.8
27,4326.9
12,4327.8
34,4328.5
28,4332.4
5,4333.1
20,4333.1
0,4333.7
43,4334.0
31,4334.8
19,4336.8
51,4337.6
26,4338.7
49,4343.1
60,4343.8
48,4347.8
15,4348.5
35,4390.0
13,4391.8
24,4394.2
18,4395.7
10,4395.9
62,4396.0
40,4396.6
59,4398.0
14,4400.9
56,4402.4
38,4403.2
58,4403.3
51,4405.5
31,4406.3
48,4407.5
30,4407.6
2,4408.6
12,4409.4
9,4410.0
61,4410.3
35,4410.9
36,4411.1
43,4412.6
1,4412.7
19,4413.3
55,4415.8
60,4415.9
13,4416.5
42,4416.7
34,4417.8
57,4418.3
5,4419.2
28,4421.4
40,4422.1
47,4423.1
24,4424.9
18,4425.9
62,4426.2
22,4429.8
21,4432.2
49,4434.4
46,4435.3
3,4436.1
56,4436.9
29,4438.1
14,4440.1
27,4441.3
39,4443.1
6,4444.4
16,4444.7
41,4444.7
19,4445.5
20,4446.2
35,4448.3
31,4448.3
26,4452.2
12,4452.7
51,4453.4
33,4453.8
9,4456.1
1,4456.3
38,4456.9
59,4457.7
10,4457.9
37,4457.9
30,4459.0
2,4461.8
5,4462.0
60,4462.2
43,4465.3
13,4465.6
40,4466.6
48,4466.9
36,4468.0
44,4470.0
58,4470.4
18,4471.2
49,4471.7
50,4472.4
35,4473.0
24,4473.1
55,4473.7
8,4474.1
57,4474.8
56,4474.9
62,4476.4
12,4476.5
9,4477.2
28,4477.5
19,4478.1
7,4478.2
34,4478.2
31,4478.6
27,4478.6
51,4478.9
10,4479.0
61,4479.3
30,4479.8
16,4479.9
59,4480.6
3,4481.0
14,4481.2
21,4481.5
33,4481.6
4,4482.0
38,4482.3
13,4483.3
29,4483.5
40,4483.6
41,4483.9
11,4484.0
53,4484.2
47,4484.4
1,4485.0
6,4485.9
52,4486.0
46,4486.0
37,4486.5
60,4486.5
42,4486.6
54,4487.7
5,4487.9
22,4488.9
15,4489.1
48,4489.9
35,4492.3
32,4492.3
43,4492.5
36,4492.7
39,4494.4
26,4494.9
24,4497.2
18,4497.3
23,4497.7
49,4498.2
56,4498.3
58,4498.6
12,4498.8
2,4498.8
25,4498.9
0,4501.4
50,4502.8
44,4503.7
28,4506.1
19,4506.4
8,4506.7
29,4513.0
7,4513.6
3,4514.5
60,4516.3
21,4516.8
1,4520.3
40,4549.8
13,4552.3
9,4554.1
30,4554.6
31,4554.9
48,4555.2
51,4555.5
10,4556.5
35,4559.3
61,4560.6
5,4563.3
56,4563.6
14,4566.0
12,4566.9
62,4567.4
34,4568.3
24,4572.3
40,4572.5
60,4576.9
18,4577.6
43,4580.2
19,4583.5
13,4583.6
1,4588.2
49,4591.2
46,4593.0
12,4593.0
48,4597.6
28,4600.1
51,4608.7
6,4610.7
31,4618.5
35,4627.9
9,4629.7
30,4631.4
59,4633.8
40,4634.2
55,4636.1
38,4636.6
57,4636.7
56,4636.8
16,4636.9
36,4637.1
27,4637.9
12,4638.6
13,4639.2
48,4640.1
33,4640.7
24,4641.0
31,4641.6
51,4641.7
10,4641.8
34,4643.8
14,4644.2
62,4644.6
47,4644.6
61,4644.8
18,4644.8
5,4645.2
1,4645.4
35,4645.7
43,4646.4
19,4647.0
29,4647.3
60,4647.7
28,4648.2
6,4649.5
4,4650.6
49,4651.4
9,4652.6
46,4653.9
42,4654.1
40,4655.1
58,4655.4
30,4655.4
8,4655.4
12,4656.3
39,4656.4
37,4657.2
59,4658.5
56,4659.9
20,4660.4
7,4660.5
50,4660.9
2,4662.0
21,4662.3
57,4662.3
11,4663.1
41,4663.2
13,4663.2
54,4663.5
27,4663.5
36,4664.0
55,4664.1
53,4664.2
38,4664.2
3,4665.0
44,4665.1
34,4665.2
48,4665.6
33,4665.8
52,4665.8
32,4665.8
16,4667.5
31,4667.7
51,4669.0
24,4669.1
10,4669.5
26,4670.2
35,4670.7
45,4671.3
62,4672.4
18,4673.1
19,4673.1
60,4675.0
5,4676.4
14,4677.4
49,4677.6
43,4679.6
28,4680.2
1,4680.4
25,4681.8
29,4681.9
47,4683.2
22,4684.1
42,4688.6
8,4690.7
0,4693.0
23,4694.6
21,4698.5
44,4704.4
2,4705.2
3,4705.9
19,4730.2
41,4781.8
40,4807.7
12,4815.8
6,4830.8
56,4831.6
13,4834.1
30,4834.4
38,4838.3
48,4839.5
37,4839.9
27,4840.3
7,4841.9
34,4843.6
57,4845.1
33,4845.2
15,4845.4
59,4845.8
9,4847.3
58,4847.8
39,4850.7
50,4851.2
11,4853.2
4,4855.7
61,4856.3
20,4857.1
46,4857.3
49,4862.2
12,4863.6
35,4863.7
60,4864.8
51,4864.9
13,4866.3
38,4866.5
41,4866.7
48,4866.9
18,4868.2
27,4868.7
21,4869.0
5,4869.4
28,4869.4
36,4869.7
1,4869.8
10,4870.0
16,4870.5
19,4870.9
30,4871.4
62,4871.9
31,4872.5
8,4873.0
29,4873.2
24,4873.3
40,4874.4
25,4874.7
55,4874.8
57,4875.2
26,4875.3
56,4875.5
32,4876.1
43,4876.1
37,4877.0
52,4877.2
3,4877.5
9,4878.2
59,4879.4
44,4880.1
58,4880.3
6,4881.1
17,4881.2
42,4881.3
14,4883.1
33,4883.2
34,4883.8
22,4884.2
7,4885.4
20,4885.6
51,4886.7
11,4886.8
12,4887.2
39,4887.3
35,4887.6
50,4888.3
15,4888.8
49,4888.9
2,4889.3
53,4889.3
13,4890.3
54,4890.9
4,4891.2
60,4891.4
47,4891.5
27,4891.6
38,4892.0
61,4892.3
18,4892.4
48,4892.6
36,4893.7
19,4894.2
16,4894.6
0,4895.2
41,4895.5
30,4895.6
46,4895.7
31,4895.9
62,4896.3
5,4896.6
21,4897.0
28,4897.2
1,4897.7
10,4898.6
23,4898.6
57,4900.2
24,4900.6
29,4900.8
25,4900.9
40,4901.6
55,4901.9
26,4902.5
3,4903.8
8,4905.0
43,4906.0
58,4910.0
44,4910.8
34,4911.3
14,4911.7
42,4912.4
51,4915.8
22,4916.3
20,4920.4
19,4926.3
60,4928.6
49,4931.5
48,4979.1
13,5015.5
35,5015.6
9,5016.2
56,5016.4
12,5017.1
59,5018.9
36,5020.0
6,5022.5
31,5022.8
40,5023.1
33,5024.9
37,5026.1
48,5027.8
10,5028.9
24,5029.2
55,5030.3
30,5030.5
5,5030.6
18,5030.6
51,5031.0
2,5031.9
7,5032.4
58,5033.0
61,5033.1
62,5033.4
27,5035.5
35,5035.8
38,5036.3
28,5036.5
13,5036.7
43,5036.9
60,5037.0
53,5037.2
19,5037.2
39,5037.7
3,5038.0
1,5038.1
49,5038.1
57,5038.3
34,5038.7
14,5038.7
56,5039.4
12,5040.0
9,5041.0
29,5042.5
0,5043.8
52,5044.9
59,5045.4
21,5045.7
41,5046.8
40,5047.2
11,5047.3
36,5048.8
32,5049.0
8,5049.5
33,5050.2
31,5050.8
47,5051.7
16,5051.8
50,5052.6
6,5053.8
24,5053.8
46,5054.1
48,5055.1
37,5056.0
18,5056.0
20,5056.8
55,5056.8
42,5057.0
51,5057.4
10,5057.5
35,5057.7
54,5057.7
62,5057.8
26,5058.4
5,5059.9
44,5059.9
4,5060.0
13,5061.2
58,5061.3
25,5061.8
27,5061.8
22,5062.1
30,5063.0
19,5063.4
49,5063.5
15,5063.9
60,5064.3
61,5065.3
2,5065.3
28,5065.5
43,5065.9
39,5066.4
38,5066.5
57,5067.4
3,5069.8
14,5069.9
1,5070.0
56,5070.2
34,5071.2
45,5071.6
7,5071.9
12,5071.9
23,5072.6
9,5075.4
29,5076.7
21,5079.3
0,5085.2
48,5085.9
24,5086.5
42,5091.1
26,5091.3
46,5092.0
44,5093.5
40,5094.1
18,5096.9
5,5097.3
51,5097.6
35,5097.7
19,5098.3
62,5098.7
49,5098.7
60,5099.8
43,5101.7
36,5104.0
13,5104.8
58,5107.4
41,5107.8
28,5108.4
56,5109.3
61,5111.4
10,5115.0
40,5116.2
48,5119.3
5,5143.1
9,5175.9
35,5176.0
12,5176.6
19,5177.9
24,5178.3
30,5179.2
55,5179.3
62,5179.4
18,5180.1
6,5180.4
59,5180.6
27,5181.9
40,5181.9
1,5183.5
51,5184.1
38,5184.3
57,5184.9
13,5185.4
29,5185.9
31,5186.2
56,5186.8
48,5187.4
33,5189.3
11,5189.5
60,5189.8
5,5190.8
34,5191.0
10,5191.1
8,5192.8
3,5192.8
61,5193.2
58,5193.6
47,5194.4
49,5194.5
2,5194.6
14,5195.0
36,5195.0
50,5196.2
35,5196.4
28,5196.7
43,5196.8
12,5198.2
9,5199.6
16,5202.0
19,5202.1
53,5203.0
24,5203.3
55,5204.6
7,5205.0
40,5206.0
4,5206.0
46,5206.1
20,5206.2
18,5206.3
25,5206.6
62,5206.9
27,5207.6
30,5208.0
22,5209.4
59,5209.8
13,5210.7
51,5211.2
39,5211.3
6,5211.3
37,5211.4
41,5211.9
57,5212.1
11,5212.3
56,5213.0
38,5213.7
31,5215.6
48,5215.6
34,5216.2
60,5216.9
32,5216.9
29,5217.3
52,5217.3
33,5217.4
21,5217.8
44,5217.9
1,5218.3
26,5220.3
5,5221.7
49,5223.8
35,5224.1
3,5226.1
43,5226.3
58,5226.5
14,5228.2
54,5228.4
12,5228.9
42,5229.2
9,5229.9
19,5230.1
50,5230.9
36,5232.2
28,5232.7
8,5233.4
2,5235.4
7,5239.5
47,5240.0
24,5240.3
22,5249.7
0,5251.3
23,5253.0
40,5255.5
48,5255.6
13,5257.0
38,5257.0
10,5260.8
46,5261.2
5,5261.3
61,5261.4
18,5261.5
62,5262.7
35,5265.2
56,5268.2
24,5268.6
57,5268.6
12,5268.9
43,5269.0
1,5269.2
51,5270.1
21,5270.3
9,5270.4
34,5270.7
55,5271.1
58,5271.7
3,5272.0
19,5272.9
11,5274.4
60,5275.7
31,5277.2
59,5277.4
36,5277.6
40,5277.7
6,5278.0
44,5279.9
28,5280.0
29,5281.2
27,5281.7
49,5282.0
2,5283.6
13,5283.7
48,5284.0
14,5285.1
26,5287.6
42,5288.6
47,5292.5
35,5292.7
7,5294.8
18,5296.6
5,5296.8
11,5297.3
34,5297.6
38,5303.6
61,5305.8
24,5306.4
57,5306.5
19,5306.9
41,5308.5
62,5308.8
30,5309.5
39,5316.1
12,5317.4
56,5318.2
40,5319.2
33,5320.9
8,5321.9
60,5324.8
10,5325.9
51,5326.0
58,5330.1
49,5337.4
28,5359.8
3,5446.5
1,5450.8
15,5494.2
25,5503.3
43,5503.5
16,5515.9
31,5519.3
53,5529.4
60,5537.6
20,5539.7
3,5550.5
33,5552.0
17,5554.1
27,5564.4
38,5564.8
9,5564.9
22,5565.2
37,5571.8
1,5574.9
13,5576.4
44,5580.8
16,5581.0
30,5582.4
14,5582.5
58,5582.9
60,5583.8
12,5584.4
21,5585.8
52,5587.5
35,5588.1
11,5589.0
59,5592.2
49,5592.3
3,5592.4
57,5592.6
36,5593.2
40,5593.6
47,5593.9
34,5594.0
62,5594.7
8,5595.3
51,5595.8
48,5595.9
43,5597.0
50,5598.2
5,5598.7
19,5599.0
15,5601.1
41,5601.4
10,5601.5
27,5602.0
2,5602.1
33,5602.4
18,5603.2
7,5604.6
37,5604.8
9,5604.9
39,5604.9
20,5605.4
25,5607.5
46,5607.6
55,5608.0
29,5608.5
56,5608.8
24,5608.8
38,5610.0
16,5610.1
6,5610.2
13,5610.3
31,5610.4
4,5610.5
14,5611.2
28,5611.4
26,5611.5
35,5611.7
30,5612.6
58,5613.0
60,5613.7
12,5614.0
32,5614.8
52,5614.9
1,5615.4
11,5615.6
57,5616.7
42,5616.9
21,5617.1
44,5618.0
49,5618.1
48,5619.2
51,5619.4
17,5619.6
61,5619.7
54,5619.8
34,5620.1
36,5620.2
0,5620.2
22,5620.7
62,5620.8
23,5622.2
19,5622.3
40,5622.4
53,5622.7
3,5622.9
59,5623.9
50,5624.1
8,5624.6
43,5624.9
5,5625.2
18,5626.1
27,5626.1
33,5626.4
47,5627.7
41,5628.1
39,5628.2
9,5628.5
20,5628.8
45,5629.2
10,5629.6
37,5630.7
55,5632.1
2,5632.6
7,5632.9
24,5633.4
25,5633.4
31,5634.5
15,5634.6
38,5635.3
14,5635.4
29,5635.5
26,5636.0
35,5637.6
13,5637.6
28,5638.2
58,5638.7
30,5639.9
56,5641.7
12,5642.0
48,5642.1
46,5642.5
6,5642.8
60,5643.0
21,5644.4
1,5644.4
19,5645.4
40,5645.9
51,5646.2
49,5646.2
42,5647.7
57,5648.0
34,5648.4
36,5649.7
9,5650.7
62,5651.0
61,5651.2
16,5653.2
5,5653.2
43,5653.7
10,5655.3
41,5659.0
13,5659.2
8,5659.2
24,5659.6
31,5660.2
35,5663.9
48,5724.2
12,5725.2
56,5725.4
19,5726.6
58,5731.5
13,5736.8
40,5737.0
9,5737.9
28,5738.6
5,5750.6
49,5765.4
6,5790.4
48,5799.5
12,5801.2
35,5802.1
24,5802.6
10,5802.6
55,5803.2
61,5803.7
30,5803.7
27,5804.5
36,5806.4
31,5806.8
29,5808.4
51,5809.2
13,5809.3
40,5809.6
9,5810.0
56,5810.9
59,5810.9
18,5811.1
33,5811.1
19,5811.2
39,5813.9
37,5814.4
58,5815.6
3,5815.7
5,5815.8
11,5816.2
6,5816.5
50,5818.3
14,5818.5
41,5818.8
44,5818.9
47,5819.0
28,5819.2
20,5819.3
38,5820.0
43,5820.1
49,5820.5
62,5821.2
48,5821.6
1,5821.8
12,5822.1
35,5823.1
53,5823.5
4,5823.9
34,5824.4
7,5824.9
55,5826.0
24,5826.0
46,5826.3
16,5827.4
10,5827.7
57,5828.0
27,5828.7
52,5829.4
30,5831.0
31,5831.3
13,5831.4
61,5831.9
60,5832.0
8,5832.1
17,5832.1
36,5835.0
22,5835.2
40,5835.4
51,5835.5
9,5835.5
19,5835.9
18,5836.2
56,5836.5
32,5836.7
21,5836.9
33,5837.6
29,5838.2
0,5838.4
23,5838.8
26,5839.0
2,5839.2
58,5840.5
59,5840.8
42,5841.3
11,5841.7
37,5842.6
14,5843.9
39,5844.1
25,5844.9
43,5845.4
3,5845.7
49,5845.9
5,5846.7
50,5847.1
38,5847.2
44,5847.6
6,5847.8
20,5848.0
35,5848.6
62,5848.8
48,5848.8
15,5848.9
41,5849.3
28,5849.3
12,5849.4
1,5852.2
47,5853.2
34,5854.3
27,5855.5
24,5857.0
13,5861.5
7,5863.2
60,5863.3
19,5865.2
22,5871.3
21,5872.3
2,5873.9
58,5879.5
40,5881.8
43,5882.6
9,5882.8
29,5884.4
36,5884.5
10,5885.5
13,5889.9
19,5893.3
48,5893.5
56,5894.0
61,5894.6
35,5894.9
5,5897.8
62,5902.3
41,5903.9
49,5905.7
28,5906.5
31,5906.6
40,5911.9
18,5914.7
58,5920.7
43,5944.9
6,5974.5
19,6041.5
42,6047.8
3,6051.4
12,6063.6
9,6068.1
13,6068.6
46,6071.8
24,6076.3
30,6076.5
52,6081.0
51,6083.2
4,6084.6
53,6084.6
34,6085.8
26,6086.2
33,6088.8
55,6091.0
16,6096.3
54,6097.1
5,6097.1
49,6097.2
8,6101.7
12,6101.8
11,6103.6
57,6109.5
27,6110.0
31,6110.1
51,6110.3
48,6110.4
6,6111.2
35,6112.4
9,6112.5
19,6113.9
23,6114.7
41,6114.8
29,6114.8
17,6115.0
28,6115.1
38,6116.0
39,6116.0
24,6116.3
3,6116.3
14,6117.1
30,6117.5
13,6117.6
59,6117.8
45,6118.1
34,6118.2
36,6119.8
20,6120.6
33,6120.6
1,6121.1
37,6121.4
44,6121.5
50,6121.7
52,6121.8
47,6122.3
25,6123.1
7,6123.2
26,6123.2
21,6124.3
43,6124.3
2,6125.7
60,6127.1
58,6127.1
10,6127.2
49,6127.3
42,6127.4
18,6128.0
32,6128.3
16,6128.7
12,6129.8
53,6130.4
40,6131.1
55,6131.8
62,6132.2
15,6133.1
11,6133.1
56,6133.3
31,6133.6
46,6133.6
61,6133.7
35,6133.8
48,6133.8
57,6134.1
27,6134.8
4,6135.5
22,6135.8
0,6136.5
8,6136.6
5,6136.8
51,6136.9
19,6137.2
9,6137.5
38,6137.9
13,6138.2
34,6138.2
28,6139.3
39,6139.3
30,6139.6
3,6140.9
14,6141.3
54,6141.6
41,6141.7
29,6142.0
6,6142.6
24,6143.0
33,6143.5
20,6143.7
17,6145.5
36,6145.5
44,6146.4
37,6146.7
59,6147.3
50,6147.5
23,6149.2
26,6149.4
25,6149.7
43,6149.9
21,6150.4
1,6150.6
60,6150.8
58,6154.5
49,6154.5
18,6154.6
47,6155.7
2,6156.6
42,6157.5
48,6159.1
19,6167.5
34,6196.4
15,6201.0
61,6204.9
39,6205.5
51,6212.6
14,6213.1
0,6218.4
38,6222.2
40,6232.5
35,6234.5
62,6241.1
20,6246.5
5,6249.0
3,6255.0
19,6261.5
55,6263.6
13,6264.4
56,6266.0
12,6266.1
28,6268.2
57,6268.5
31,6269.6
10,6270.7
35,6271.9
46,6273.7
58,6273.8
9,6274.3
52,6274.6
40,6274.6
41,6275.4
48,6276.4
51,6276.5
18,6277.1
24,6277.1
7,6277.9
60,6278.1
61,6278.2
1,6278.5
30,6279.1
43,6279.3
62,6279.4
14,6280.0
11,6280.1
5,6280.2
34,6280.6
36,6281.2
38,6281.6
39,6282.9
6,6283.3
55,6283.9
49,6284.6
53,6284.6
20,6285.0
37,6285.0
19,6285.1
29,6286.1
33,6286.4
56,6286.8
13,6287.2
3,6287.4
16,6288.0
47,6288.4
21,6288.9
59,6288.9
12,6289.4
27,6290.1
35,6291.7
22,6293.5
2,6293.8
50,6293.9
31,6294.6
8,6295.4
57,6295.6
9,6297.4
28,6297.5
58,6298.5
54,6298.9
10,6299.0
26,6299.8
51,6300.3
15,6300.9
44,6301.0
40,6301.0
42,6301.1
48,6301.9
17,6302.2
52,6302.4
18,6302.5
25,6302.6
32,6302.7
60,6303.2
4,6303.4
41,6303.8
24,6304.0
0,6305.3
11,6305.5
34,6305.9
62,6306.0
43,6306.5
46,6306.6
30,6307.1
1,6307.6
5,6307.6
14,6307.6
38,6309.5
7,6309.6
49,6310.6
36,6312.0
19,6312.9
39,6313.6
45,6314.6
33,6317.6
3,6318.0
23,6318.7
20,6320.5
29,6320.8
21,6323.0
2,6327.9
47,6328.6
58,6330.8
22,6333.0
42,6338.5
9,6345.4
43,6346.6
48,6348.4
35,6349.6
40,6350.1
13,6350.4
18,6351.8
5,6355.6
19,6359.6
58,6360.2
12,6360.3
55,6361.0
51,6364.0
31,6373.7
34,6375.1
49,6376.8
41,6379.2
1,6414.4
9,6425.6
35,6426.4
13,6428.0
24,6428.3
56,6428.4
30,6428.6
6,6429.4
61,6431.1
62,6431.7
55,6435.7
28,6436.0
58,6436.5
11,6436.9
48,6437.3
12,6437.4
19,6438.2
40,6438.3
27,6439.2
50,6439.3
14,6440.3
5,6441.2
8,6443.4
34,6443.6
31,6443.9
41,6444.2
51,6444.3
49,6445.6
43,6446.0
18,6446.4
60,6447.1
57,6447.5
1,6447.6
37,6447.7
53,6448.1
35,6449.0
9,6449.0
36,6451.2
33,6451.4
10,6451.5
29,6452.3
13,6452.7
44,6452.8
16,6453.1
46,6453.6
26,6454.0
56,6454.5
24,6455.1
59,6455.4
7,6455.4
39,6456.8
30,6458.8
11,6458.9
3,6460.3
62,6460.7
47,6460.9
6,6461.2
55,6462.0
52,6462.3
20,6462.6
48,6463.1
19,6464.2
58,6464.4
12,6465.0
34,6465.2
27,6465.6
38,6467.3
21,6468.2
25,6468.4
28,6468.7
14,6469.1
40,6469.7
4,6469.7
61,6470.4
49,6471.6
5,6471.6
42,6471.6
2,6472.4
31,6473.0
60,6473.1
51,6473.3
50,6473.4
41,6474.4
18,6474.6
43,6474.9
54,6476.7
15,6476.8
35,6477.0
57,6477.7
8,6478.2
9,6478.4
1,6482.2
37,6483.1
44,6484.1
36,6484.2
29,6485.0
16,6485.3
39,6485.5
33,6486.1
13,6487.5
10,6487.6
53,6489.3
26,6489.5
24,6490.4
11,6491.3
19,6491.7
62,6492.5
22,6493.7
0,6496.0
48,6498.6
23,6501.3
3,6501.9
58,6504.9
46,6506.6
5,6507.3
21,6508.1
34,6508.4
42,6508.8
40,6509.3
55,6509.5
6,6509.6
31,6510.4
43,6511.9
49,6513.0
2,6514.0
28,6515.6
35,6516.1
24,6517.1
19,6518.7
1,6519.2
60,6519.5
13,6520.4
41,6520.5
18,6520.8
51,6521.0
48,6522.2
61,6525.8
29,6528.1
62,6528.4
47,6529.5
58,6532.9
34,6534.3
11,6542.4
5,6610.2
3,6705.1
34,6707.7
30,6712.8
27,6714.8
12,6715.8
9,6719.7
7,6720.4
19,6721.0
31,6722.5
36,6729.6
25,6730.4
33,6731.2
59,6731.6
39,6731.9
38,6733.8
55,6736.5
20,6737.1
10,6737.6
43,6739.5
32,6739.7
40,6741.8
11,6743.0
49,6743.8
8,6745.2
35,6746.0
28,6748.9
34,6749.1
62,6750.6
14,6751.8
27,6752.1
17,6752.4
48,6753.6
12,6754.2
60,6754.3
57,6755.3
51,6755.7
3,6757.0
56,6757.3
44,6757.5
18,6757.7
13,6757.8
1,6759.1
26,6759.1
30,6759.2
58,6760.4
21,6760.5
41,6761.6
31,6761.6
24,6761.7
7,6761.9
36,6762.1
19,6762.1
16,6762.3
37,6762.9
55,6763.5
38,6764.7
29,6764.8
9,6765.1
33,6766.0
39,6766.2
50,6766.4
2,6767.1
5,6767.6
47,6767.8
20,6768.0
52,6769.4
35,6770.9
61,6771.4
40,6772.0
49,6772.4
25,6772.8
42,6772.9
34,6773.0
43,6774.2
6,6774.4
11,6774.5
22,6774.6
10,6774.7
15,6775.5
59,6775.9
14,6776.1
46,6777.0
27,6777.4
4,6777.5
12,6777.6
51,6778.6
62,6778.6
60,6778.8
32,6779.2
53,6780.1
48,6780.6
28,6780.6
13,6780.6
57,6781.3
18,6781.9
3,6782.2
56,6782.4
0,6783.1
8,6783.3
23,6783.9
26,6784.0
44,6784.3
31,6784.3
58,6784.4
30,6785.1
19,6785.3
54,6786.3
21,6786.4
24,6787.1
16,6787.5
1,6788.7
38,6788.8
55,6788.9
41,6789.8
17,6791.1
29,6791.6
9,6791.7
7,6791.7
36,6792.0
50,6795.7
20,6796.3
39,6796.4
33,6796.4
5,6797.5
2,6799.0
49,6799.5
14,6801.3
43,6801.4
47,6802.7
34,6802.8
42,6804.6
51,6806.3
40,6807.3
60,6811.9
28,6827.3
48,6838.1
21,6850.9
19,6870.1
58,6890.6
12,6893.3
31,6893.7
6,6894.7
18,6894.9
13,6895.5
35,6896.6
61,6897.1
62,6897.2
59,6898.8
9,6900.2
3,6900.9
48,6901.6
27,6901.7
24,6903.8
19,6904.5
40,6906.4
55,6907.2
10,6910.0
5,6910.6
11,6911.0
43,6911.6
30,6911.9
41,6912.2
34,6913.3
1,6914.3
58,6914.5
14,6914.6
29,6915.1
28,6915.1
36,6916.2
56,6917.6
12,6918.9
49,6920.1
51,6921.5
39,6922.0
31,6922.4
35,6922.4
57,6922.5
18,6923.2
60,6923.3
37,6923.4
26,6924.0
46,6924.4
20,6924.6
13,6924.7
6,6927.2
62,6927.4
47,6927.6
53,6928.8
21,6929.0
4,6929.4
38,6929.8
48,6930.5
33,6930.7
2,6930.9
9,6931.1
19,6931.8
24,6932.6
27,6932.9
52,6933.4
7,6934.6
59,6935.0
8,6936.4
50,6936.7
16,6936.8
22,6936.8
55,6937.1
40,6937.3
3,6939.0
42,6939.1
25,6942.1
34,6942.2
44,6942.6
11,6942.7
10,6942.9
5,6943.5
61,6944.4
41,6944.9
58,6945.6
43,6945.9
14,6945.9
28,6946.7
32,6947.3
30,6948.4
36,6948.5
12,6948.6
49,6948.9
29,6949.4
51,6950.1
60,6950.2
1,6950.2
56,6950.7
18,6951.5
15,6951.5
39,6952.5
13,6952.7
35,6953.4
57,6954.5
0,6954.8
54,6955.4
31,6956.2
20,6956.9
26,6957.6
62,6958.4
19,6959.2
48,6959.7
27,6961.7
45,6962.8
46,6962.9
23,6963.5
21,6963.8
47,6967.2
9,6967.6
7,6968.2
2,6968.2
24,6968.3
6,6969.0
40,6971.5
3,6973.5
44,6975.0
53,6975.1
55,6975.6
5,6975.8
58,6976.2
49,6977.5
42,6977.8
48,6979.4
14,6979.6
43,6979.7
1,6981.4
29,6982.0
34,6982.5
28,6983.0
19,6984.2
31,6984.7
60,6985.0
22,6986.0
41,6986.4
35,6990.8
13,6990.8
58,7050.8
9,7050.9
40,7053.1
24,7054.1
10,7056.9
61,7058.2
12,7058.3
18,7058.4
30,7058.7
62,7060.4
48,7063.2
34,7063.3
11,7066.9
19,7066.9
5,7069.2
36,7071.0
27,7072.5
14,7072.6
55,7073.4
41,7076.6
35,7076.9
58,7077.0
13,7077.2
56,7078.3
31,7079.3
43,7079.6
49,7083.4
1,7084.0
40,7084.2
24,7084.2
39,7085.8
6,7086.9
28,7087.7
9,7087.7
29,7088.7
11,7090.6
34,7091.2
12,7099.3
60,7100.2
19,7101.1
18,7101.4
48,7102.5
62,7107.7
57,7109.1
20,7110.6
5,7110.9
10,7112.3
35,7118.2
58,7118.9
8,7119.1
21,7120.3
55,7120.7
27,7121.1
33,7122.7
49,7129.5
41,7131.0
24,7131.6
51,7133.5
9,7133.9
40,7135.5
59,7136.4
48,7137.6
58,7138.1
56,7138.1
19,7138.2
12,7138.4
11,7138.9
31,7139.0
38,7139.6
6,7139.7
10,7140.5
13,7140.6
30,7140.7
34,7141.1
29,7141.4
18,7141.6
55,7141.6
16,7141.7
39,7142.2
50,7142.3
5,7142.5
1,7142.5
60,7142.7
35,7142.8
43,7143.1
61,7143.4
44,7143.5
14,7143.5
36,7143.6
27,7144.0
62,7144.0
28,7144.0
7,7145.2
57,7146.1
53,7146.4
37,7146.6
20,7147.0
3,7147.5
8,7147.6
17,7148.9
2,7148.9
46,7149.8
4,7150.5
47,7152.3
49,7154.2
25,7154.9
9,7154.9
33,7155.1
24,7156.5
54,7156.5
41,7158.7
58,7159.0
40,7159.2
11,7159.2
19,7159.6
51,7160.0
48,7160.6
32,7161.1
21,7161.2
26,7161.4
42,7162.5
12,7162.7
34,7162.8
31,7163.1
13,7164.0
30,7166.2
29,7168.3
43,7168.6
27,7168.6
22,7169.7
14,7170.0
5,7170.5
50,7170.7
44,7171.8
6,7173.0
1,7174.8
23,7175.9
60,7180.5
3,7183.1
2,7186.1
48,7337.0
58,7349.7
34,7361.9
49,7364.0
18,7370.6
7,7370.9
11,7372.4
10,7373.0
16,7374.2
24,7381.0
19,7382.5
15,7382.8
39,7382.9
38,7383.2
55,7384.7
56,7386.7
28,7389.2
35,7389.9
62,7390.3
53,7392.0
59,7392.4
46,7393.4
36,7395.6
61,7396.2
34,7396.6
27,7397.7
0,7399.2
29,7401.1
52,7401.4
49,7402.4
20,7403.7
41,7404.1
13,7404.8
48,7404.9
60,7405.3
58,7405.6
50,7405.8
40,7406.2
51,7406.8
31,7407.0
12,7407.0
43,7408.4
9,7408.6
14,7409.5
30,7409.8
37,7410.7
33,7411.5
1,7412.4
5,7412.5
26,7412.6
55,7413.1
8,7413.3
25,7413.6
11,7413.6
24,7414.1
6,7414.2
18,7414.2
39,7414.3
57,7414.6
19,7415.5
21,7416.4
35,7416.8
7,7416.8
4,7417.4
56,7417.6
38,7417.9
28,7417.9
16,7418.1
22,7418.7
42,7419.1
10,7420.2
44,7420.3
47,7421.1
3,7421.3
62,7421.6
32,7422.8
27,7424.0
2,7424.7
59,7425.2
34,7425.6
49,7425.8
36,7426.3
20,7427.4
52,7427.5
48,7427.6
60,7428.0
15,7428.3
51,7428.4
12,7428.5
13,7429.0
46,7429.5
29,7430.3
61,7430.7
31,7430.9
53,7430.9
58,7431.3
41,7432.0
54,7432.2
50,7432.9
30,7432.9
23,7433.0
9,7433.1
40,7433.7
17,7434.3
14,7434.8
33,7435.5
43,7435.6
0,7435.9
26,7436.6
11,7437.7
37,7437.8
55,7438.7
5,7439.5
18,7439.5
19,7439.6
25,7439.8
24,7440.2
39,7440.7
1,7442.5
45,7442.6
8,7443.2
38,7443.4
21,7444.1
35,7444.4
28,7447.6
3,7449.4
44,7451.4
22,7452.3
42,7452.4
47,7455.3
34,7455.9
48,7456.6
2,7462.0
60,7462.5
49,7470.4
19,7514.3
58,7518.4
31,7520.2
6,7520.7
43,7521.1
12,7521.4
10,7521.6
40,7523.8
62,7525.8
48,7527.7
9,7530.4
24,7532.1
28,7534.0
59,7535.6
26,7537.2
20,7537.8
5,7538.8
18,7539.5
27,7540.0
29,7541.8
35,7542.2
30,7542.3
19,7542.9
1,7543.8
3,7544.8
41,7545.0
2,7545.5
61,7546.9
58,7550.0
46,7552.5
47,7554.3
60,7556.1
12,7557.3
43,7558.4
44,7559.7
6,7560.8
36,7561.1
62,7561.1
48,7561.4
49,7563.3
21,7565.7
39,7566.3
11,7566.5
34,7569.2
57,7569.2
33,7569.4
31,7569.5
13,7570.8
24,7571.2
8,7571.4
51,7572.4
40,7573.1
38,7574.9
16,7576.0
10,7576.1
55,7576.4
19,7576.6
9,7578.0
5,7578.6
50,7578.9
18,7580.8
14,7583.8
20,7583.9
28,7585.4
26,7586.8
15,7587.1
27,7587.1
60,7588.7
58,7589.1
35,7589.8
41,7591.9
48,7592.3
1,7592.9
29,7593.1
49,7593.7
59,7593.9
44,7594.0
3,7594.3
7,7594.5
12,7596.1
62,7597.1
30,7597.9
56,7597.9
24,7598.0
31,7598.4
11,7599.6
42,7599.7
61,7599.9
9,7600.8
39,7601.0
37,7601.1
36,7601.3
19,7601.5
6,7602.2
2,7602.4
40,7602.6
55,7602.8
53,7603.3
4,7604.0
32,7604.2
34,7604.5
10,7605.2
43,7605.2
51,7605.2
21,7605.3
18,7606.1
5,7606.2
57,7606.3
33,7606.5
38,7606.5
46,7607.1
16,7607.8
8,7608.0
28,7608.4
27,7608.7
50,7609.5
47,7609.6
17,7609.7
58,7610.4
13,7610.5
25,7611.1
35,7611.3
20,7611.4
52,7611.9
48,7612.2
60,7613.9
14,7615.8
49,7617.2
54,7617.6
29,7617.7
26,7617.7
12,7618.3
41,7619.0
23,7619.1
44,7621.2
30,7621.4
1,7621.4
22,7621.5
31,7622.5
24,7623.6
3,7624.1
11,7624.8
7,7625.6
9,7627.1
19,7627.1
43,7633.5
34,7633.5
58,7682.3
5,7687.9
48,7692.5
2,7696.0
19,7702.2
43,7716.1
9,7755.6
24,7757.7
6,7757.8
10,7758.3
31,7758.4
28,7759.6
18,7760.6
40,7761.1
61,7761.2
62,7761.6
55,7762.8
59,7764.7
48,7765.5
53,7765.6
46,7766.6
58,7768.0
19,7768.3
12,7769.6
39,7771.4
30,7772.1
5,7772.4
29,7772.7
27,7773.0
1,7773.2
43,7773.8
35,7774.4
33,7775.0
41,7776.2
21,7776.4
51,7777.1
11,7778.7
56,7779.1
2,7779.4
3,7780.8
9,7781.5
24,7782.0
44,7782.2
42,7783.5
16,7784.1
36,7784.6
49,7784.6
60,7784.8
6,7785.8
15,7786.1
28,7786.6
26,7787.3
18,7787.8
62,7788.0
31,7788.4
34,7789.3
14,7790.2
47,7790.4
13,7790.5
7,7790.8
20,7791.0
10,7791.1
8,7791.3
0,7791.3
38,7791.6
48,7791.9
55,7792.4
40,7792.7
19,7795.0
12,7796.2
50,7797.3
61,7797.5
58,7797.6
27,7800.2
37,7800.3
32,7800.6
39,7800.6
5,7801.1
57,7801.9
35,7803.8
33,7805.2
41,7805.3
53,7805.4
4,7806.8
51,7806.8
59,7806.9
30,7807.1
1,7807.7
29,7807.9
11,7808.3
46,7808.3
52,7809.8
43,7810.2
44,7811.2
21,7811.3
22,7811.8
60,7812.0
9,7812.4
25,7812.9
24,7813.0
49,7813.5
16,7813.7
3,7813.9
2,7815.5
56,7816.2
17,7817.1
62,7818.1
42,7818.3
28,7818.6
26,7819.0
18,7819.0
48,7819.3
31,7820.8
38,7820.9
20,7821.7
34,7822.3
36,7822.6
13,7822.6
23,7822.8
55,7823.3
6,7824.4
14,7824.5
54,7825.4
19,7825.5
12,7828.0
8,7831.8
58,7832.1
7,7832.3
27,7832.8
50,7834.3
47,7835.5
51,7837.1
40,7848.0
60,7860.2
28,7935.1
5,7969.9
1,7974.5
29,7981.6
3,7981.8
43,7982.1
21,7984.5
44,7986.0
26,7991.1
24,7994.0
49,7994.2
11,7995.5
35,8003.5
30,8003.6
33,8003.6
41,8005.0
10,8007.8
39,8008.2
46,8009.8
37,8011.1
22,8011.5
15,8012.7
32,8013.1
0,8015.7
34,8019.6
60,8020.7
57,8020.9
13,8022.0
5,8022.7
48,8023.6
58,8023.9
12,8025.1
31,8028.6
44,8030.3
51,8030.5
16,8030.8
3,8031.3
49,8031.7
19,8031.9
20,8031.9
29,8032.5
18,8033.0
7,8034.0
35,8034.2
14,8034.5
11,8034.5
33,8035.3
55,8036.5
2,8036.7
52,8037.2
28,8037.4
25,8037.9
27,8038.3
21,8038.9
38,8039.0
50,8039.5
40,8039.6
9,8039.6
1,8040.3
24,8040.9
43,8041.0
47,8041.2
26,8041.7
30,8042.2
10,8042.6
6,8043.3
62,8044.8
36,8045.6
59,8046.1
37,8047.1
56,8048.1
42,8048.4
34,8048.4
60,8049.3
41,8050.0
39,8050.1
4,8050.6
57,8051.3
13,8051.9
58,8052.1
32,8052.1
48,8053.2
53,8053.4
19,8053.7
31,8053.9
15,8054.4
5,8054.4
51,8054.4
54,8054.5
12,8054.5
16,8055.3
8,8055.4
61,8056.0
20,8056.7
49,8056.8
35,8057.4
22,8057.7
46,8057.9
18,8058.1
3,8058.5
11,8058.7
44,8058.9
29,8059.2
33,8059.7
23,8060.0
55,8060.3
0,8060.9
27,8061.1
17,8062.0
14,8062.5
38,8063.7
7,8064.0
52,8064.3
28,8064.3
25,8064.7
9,8065.3
30,8066.4
21,8066.7
26,8067.2
50,8067.4
2,8068.2
40,8068.6
24,8068.9
43,8069.3
1,8069.4
36,8071.7
45,8073.0
10,8073.7
62,8074.8
47,8075.7
34,8076.7
60,8077.4
42,8078.7
48,8080.9
19,8081.2
13,8082.1
51,8082.3
58,8083.6
41,8089.4
20,8090.9
31,8092.8
49,8098.7
8,8102.6
5,8116.9
35,8145.1
6,8146.9
18,8148.4
3,8150.0
58,8155.3
12,8159.1
5,8159.6
19,8162.4
43,8165.4
60,8167.6
1,8168.1
59,8169.6
2,8174.2
41,8179.1
61,8189.8
40,8193.4
24,8202.0
62,8207.4
18,8215.1
19,8217.6
21,8220.3
9,8222.6
55,8222.7
10,8223.2
22,8224.0
29,8224.2
48,8224.9
58,8227.5
31,8228.0
44,8229.2
35,8229.3
39,8229.8
12,8231.2
6,8232.2
43,8232.6
1,8233.2
16,8234.8
60,8234.8
62,8235.1
3,8235.2
40,8235.4
5,8235.5
59,8235.6
24,8236.3
41,8237.2
27,8237.6
61,8238.4
2,8238.4
57,8238.9
26,8239.3
13,8240.3
33,8240.7
7,8240.9
19,8241.3
18,8241.5
11,8242.1
14,8242.3
49,8244.3
20,8244.4
53,8244.7
56,8245.2
47,8246.7
37,8246.8
46,8247.9
51,8248.2
38,8248.3
8,8248.4
9,8249.5
55,8250.3
4,8250.7
34,8250.7
10,8251.2
32,8251.5
29,8252.4
58,8252.7
28,8253.0
48,8253.5
35,8254.3
15,8254.3
30,8255.8
36,8256.0
21,8257.2
25,8257.4
31,8257.7
52,8257.8
44,8257.9
12,8258.0
42,8258.0
39,8258.1
60,8258.2
43,8260.4
59,8261.7
27,8261.9
17,8261.9
62,8262.1
1,8262.2
16,8262.9
6,8263.0
5,8263.5
50,8264.1
41,8264.6
40,8264.9
22,8265.3
13,8265.4
57,8267.2
33,8267.7
61,8268.0
3,8268.1
19,8268.3
24,8268.4
0,8269.3
14,8269.7
11,8270.0
49,8270.3
26,8271.0
18,8272.1
20,8272.2
23,8272.7
2,8273.3
7,8275.3
51,8275.4
34,8280.7
48,8280.9
9,8281.5
58,8281.7
47,8282.1
29,8283.6
46,8284.7
28,8285.2
4,8286.6
44,8287.9
8,8288.4
21,8288.6
60,8290.1
25,8291.2
31,8301.0
5,8302.7
43,8305.6
35,8308.3
58,8312.2
19,8312.8
1,8317.9
60,8333.8
49,8339.9
3,8343.4
41,8350.2
6,8366.7
12,8382.1
9,8382.3
55,8383.5
10,8383.9
29,8384.2
48,8384.4
59,8384.4
18,8386.1
40,8386.6
27,8386.7
61,8386.8
62,8387.6
53,8388.7
24,8389.5
58,8390.2
6,8392.4
19,8393.0
35,8393.2
5,8394.7
39,8395.4
43,8396.9
13,8397.2
2,8398.2
1,8398.2
60,8398.4
41,8399.3
51,8399.7
11,8400.9
49,8402.4
7,8402.5
44,8402.6
30,8402.7
3,8402.9
33,8403.1
31,8403.9
38,8404.2
42,8404.5
12,8408.5
50,8409.1
8,8409.1
26,8409.2
9,8409.6
55,8410.1
16,8410.2
56,8410.6
27,8410.7
47,8410.8
52,8411.0
29,8411.8
48,8412.1
36,8412.4
28,8413.2
57,8413.6
62,8413.8
14,8414.0
37,8414.1
18,8414.5
46,8414.8
21,8414.8
20,8415.7
10,8415.7
58,8417.2
40,8417.4
59,8418.9
19,8419.5
15,8420.1
32,8420.6
53,8420.7
61,8420.8
35,8421.5
34,8421.8
24,8421.8
25,8421.8
60,8423.4
6,8424.4
5,8425.0
13,8425.1
11,8427.6
43,8428.4
49,8428.6
39,8428.7
51,8428.7
41,8428.7
33,8429.0
45,8429.0
22,8429.5
4,8430.3
54,8430.4
1,8430.7
38,8432.9
31,8433.0
44,8433.0
3,8434.6
2,8435.1
27,8435.8
30,8436.1
26,8436.1
55,8436.8
7,8437.4
12,8437.6
50,8438.8
48,8439.4
42,8439.4
9,8439.6
17,8439.6
16,8440.4
8,8441.8
56,8442.4
29,8443.1
0,8443.4
21,8445.9
23,8446.1
28,8449.7
14,8450.4
19,8451.8
60,8453.1
58,8453.4
2,8524.2
5,8564.7
3,8586.1
1,8596.5
51,8611.4
49,8612.9
35,8613.5
52,8617.8
47,8617.8
11,8620.5
25,8628.1
34,8628.3
43,8629.5
20,8630.9
24,8632.2
37,8632.4
32,8633.6
53,8635.2
13,8638.1
10,8638.5
57,8638.9
40,8642.7
18,8644.2
46,8644.8
22,8646.1
62,8646.5
59,8648.4
60,8649.1
51,8649.7
49,8651.0
36,8651.2
26,8651.4
30,8651.7
35,8652.7
16,8653.8
33,8654.3
19,8654.5
48,8655.5
58,8656.3
21,8656.8
44,8656.9
12,8657.0
38,8657.0
7,8657.5
14,8657.6
31,8657.7
27,8659.6
50,8660.0
29,8660.2
55,8660.3
9,8660.5
52,8661.2
34,8661.5
41,8661.6
11,8663.4
3,8663.4
43,8664.3
20,8664.9
5,8666.1
57,8666.2
25,8668.4
6,8668.4
39,8668.4
13,8668.6
15,8668.6
1,8669.0
24,8670.5
2,8671.0
28,8671.1
47,8671.2
18,8671.9
32,8672.6
37,8673.0
61,8673.1
10,8673.8
62,8673.9
56,8674.1
51,8674.6
4,8675.6
8,8675.7
49,8676.3
26,8676.7
17,8676.8
35,8677.0
60,8677.2
59,8677.3
0,8678.1
33,8678.1
36,8678.2
40,8678.2
16,8678.6
19,8679.7
58,8679.8
42,8679.9
53,8680.5
48,8681.2
46,8681.6
22,8682.4
31,8682.5
12,8682.5
30,8683.1
38,8683.6
44,8683.8
54,8684.1
27,8684.1
23,8684.8
14,8686.1
9,8686.5
50,8686.6
21,8686.7
55,8686.7
29,8686.8
52,8688.2
34,8688.9
7,8689.9
20,8690.7
3,8691.0
11,8691.2
43,8692.5
41,8693.1
13,8695.0
5,8695.0
45,8695.6
28,8696.7
25,8697.1
24,8699.6
1,8699.8
2,8700.3
39,8700.7
26,8702.2
51,8706.1
62,8709.4
19,8710.1
18,8710.4
58,8711.9
60,8714.0
49,8719.1
15,8722.5
36,8729.1
61,8730.9
48,8739.0
6,8775.8
58,8780.7
31,8782.6
60,8783.3
19,8785.9
40,8788.3
5,8789.8
28,8792.0
7,8798.6
18,8801.3
2,8803.7
41,8809.4
3,8811.8
29,8815.5
1,8815.9
42,8817.0
13,8819.8
53,8821.5
61,8828.4
22,8832.2
60,8834.8
5,8844.6
58,8846.0
12,8846.1
59,8846.3
55,8848.1
9,8849.5
10,8850.8
19,8852.0
33,8852.6
51,8854.9
6,8856.7
27,8857.5
11,8857.5
57,8857.6
35,8857.7
62,8857.8
60,8858.9
18,8858.9
31,8859.3
7,8859.6
47,8859.7
40,8860.1
16,8860.6
13,8860.6
41,8861.3
2,8861.8
3,8862.1
29,8862.4
44,8862.6
49,8862.8
20,8862.8
61,8862.8
28,8863.6
8,8863.6
38,8864.8
53,8865.4
26,8866.0
34,8866.8
1,8867.5
12,8869.1
56,8870.0
48,8870.1
39,8870.6
24,8870.8
52,8871.1
58,8871.8
25,8872.1
37,8872.7
4,8872.7
30,8872.8
59,8873.3
15,8873.8
55,8874.5
19,8875.6
32,8875.6
14,8876.1
5,8876.8
33,8877.0
43,8877.2
46,8877.3
36,8877.5
9,8878.3
10,8878.7
21,8879.1
51,8880.5
27,8880.7
60,8882.1
35,8882.1
11,8882.9
0,8883.3
62,8883.7
57,8884.1
42,8884.2
18,8884.8
13,8885.0
31,8885.0
16,8885.9
17,8886.1
6,8886.3
49,8887.4
50,8887.5
22,8887.8
40,8888.5
44,8889.4
41,8890.0
20,8890.8
7,8890.8
28,8890.9
47,8891.4
29,8892.8
38,8893.0
34,8893.1
12,8893.2
3,8893.2
2,8893.6
26,8893.9
48,8894.4
1,8897.3
8,8897.5
23,8898.1
53,8899.2
24,8900.1
58,8902.3
19,8903.3
25,8906.1
45,8907.5
14,8908.7
43,8909.6
30,8909.9
21,8911.6
60,8918.5
49,8927.1
13,8933.8
61,8934.1
58,8936.5
5,8936.9
19,8939.1
28,8949.8
6,8963.7
2,8973.2
60,8976.1
44,8977.9
11,9004.7
12,9006.1
55,9008.9
7,9010.3
9,9010.5
59,9011.5
27,9011.6
40,9011.9
10,9012.2
33,9013.2
31,9013.5
51,9013.5
18,9014.5
62,9015.4
41,9015.7
58,9015.8
60,9017.7
35,9018.5
6,9020.4
19,9020.6
46,9021.2
34,9022.5
39,9023.1
36,9023.5
13,9024.5
49,9024.7
53,9026.2
5,9026.4
11,9026.6
28,9027.2
29,9027.4
44,9027.7
2,9027.9
54,9029.3
52,9029.7
12,9030.5
48,9030.6
1,9031.1
3,9031.6
42,9033.5
61,9033.6
14,9033.8
55,9033.9
57,9034.0
27,9034.4
22,9035.0
16,9035.2
38,9037.0
30,9037.0
8,9037.4
26,9038.3
10,9040.0
56,9040.8
32,9040.8
25,9040.9
51,9041.5
33,9041.8
4,9042.1
40,9042.6
20,9042.7
31,9042.9
24,9043.3
47,9043.4
18,9043.8
59,9044.4
43,9045.4
62,9045.4
35,9045.5
9,9045.6
37,9045.8
60,9046.2
7,9047.0
58,9047.8
41,9049.5
19,9049.9
34,9050.2
6,9050.8
49,9050.8
13,9051.0
11,9051.3
39,9051.7
21,9053.8
15,9055.0
50,9056.4
36,9056.5
12,9057.6
44,9057.7
53,9058.1
29,9058.6
46,9058.7
28,9058.9
5,9059.1
48,9060.0
55,9060.0
52,9061.1
2,9062.1
38,9062.2
27,9063.4
57,9063.4
1,9064.1
3,9064.2
14,9066.0
16,9066.4
42,9067.2
26,9068.1
8,9069.0
0,9071.6
51,9072.5
22,9075.7
23,9076.7
43,9081.0
60,9091.9
19,9092.6
58,9196.8
20,9229.0
49,9233.0
9,9235.6
18,9244.5
21,9248.4
35,9252.0
13,9252.8
30,9253.3
25,9253.5
31,9258.6
24,9260.4
2,9261.8
62,9262.9
4,9264.5
47,9266.0
33,9266.9
61,9268.9
32,9271.7
40,9271.8
60,9276.1
12,9276.7
56,9277.3
20,9277.5
34,9277.7
10,9277.7
55,9277.9
17,9279.4
54,9279.5
49,9279.9
19,9279.9
51,9284.5
58,9284.9
5,9285.7
30,9285.7
7,9285.8
39,9286.0
13,9286.4
38,9286.6
9,9286.9
18,9287.0
52,9287.9
16,9289.0
57,9290.1
27,9290.2
35,9290.3
59,9290.8
45,9291.5
28,9292.2
6,9292.3
44,9292.3
21,9292.8
31,9292.9
3,9293.1
37,9294.2
48,9294.7
11,9295.5
36,9296.0
26,9296.6
14,9296.7
41,9296.9
25,9297.1
62,9297.9
8,9298.1
50,9298.3
24,9299.2
33,9299.3
15,9300.2
43,9300.3
12,9301.4
42,9302.2
40,9302.2
29,9302.2
49,9302.7
20,9302.7
34,9302.9
1,9303.0
60,9303.1
53,9303.3
47,9304.5
55,9305.7
22,9306.9
19,9307.3
32,9307.3
2,9307.5
51,9307.8
56,9308.0
4,9308.1
10,9308.1
61,9309.0
46,9309.1
30,9309.4
58,9310.0
18,9310.1
38,9310.3
13,9310.3
39,9310.8
35,9311.3
52,9312.1
27,9312.3
0,9312.8
16,9313.2
57,9313.7
9,9313.9
7,9314.0
5,9314.0
23,9315.1
31,9316.1
48,9316.7
59,9317.7
17,9317.8
44,9318.1
3,9319.5
28,9319.8
26,9320.4
21,9321.4
11,9322.1
14,9322.9
36,9324.2
24,9327.0
43,9328.2
41,9330.3
60,9330.4
49,9331.7
34,9332.2
20,9333.6
1,9333.9
19,9335.5
42,9336.7
2,9343.4
47,9343.9
58,9345.8
18,9357.6
6,9395.4
29,9397.2
58,9404.5
60,9406.6
5,9408.0
28,9409.6
3,9411.1
51,9412.4
2,9415.5
10,9416.4
26,9420.7
7,9426.2
0,9431.7
31,9431.9
53,9436.5
29,9438.2
6,9443.3
14,9444.6
19,9452.4
60,9455.8
11,9457.6
43,9465.7
13,9466.2
44,9467.1
48,9467.3
3,9468.9
22,9469.5
58,9470.9
59,9471.8
12,9472.5
55,9473.3
9,9474.1
33,9475.0
35,9479.1
60,9479.5
29,9480.3
6,9480.9
27,9480.9
11,9481.5
45,9481.8
5,9482.5
10,9482.6
2,9482.7
26,9483.0
28,9483.8
8,9484.8
62,9484.8
38,9484.8
7,9485.2
49,9485.9
41,9486.1
1,9486.7
46,9487.1
31,9487.1
16,9487.3
18,9487.6
40,9487.8
51,9487.9
25,9488.2
42,9488.3
14,9488.7
19,9488.9
53,9490.0
39,9491.0
15,9491.6
34,9491.7
3,9493.2
57,9493.4
37,9493.4
13,9493.9
54,9494.8
20,9495.2
30,9495.9
47,9496.0
44,9496.1
48,9496.5
43,9497.1
58,9497.4
52,9497.7
24,9498.0
12,9498.0
55,9498.2
36,9498.5
59,9499.2
33,9500.4
50,9500.6
35,9503.1
60,9503.2
27,9503.5
11,9504.9
29,9505.5
32,9506.7
9,9506.9
26,9508.2
38,9508.2
56,9508.8
5,9509.2
17,9509.3
10,9509.4
6,9509.7
49,9510.5
61,9510.5
62,9510.5
21,9510.6
4,9511.0
22,9511.5
31,9511.8
16,9511.8
2,9512.1
28,9512.4
51,9513.1
8,9514.4
18,9514.8
1,9514.9
7,9515.3
25,9515.4
19,9515.5
41,9516.1
14,9516.4
39,9516.9
40,9517.3
42,9517.6
53,9518.1
34,9518.2
46,9518.5
23,9518.7
0,9519.5
13,9519.9
3,9522.4
58,9524.2
48,9524.9
20,9526.2
44,9526.9
43,9527.0
60,9535.1
5,9551.1
2,9551.7
49,9552.1
29,9556.0
12,9558.8
31,9561.0
58,9561.4
6,9567.1
28,9567.2
60,9567.7
11,9567.7
54,9568.1
3,9577.3
5,9593.8
46,9602.6
29,9619.4
26,9632.0
10,9633.6
55,9633.9
7,9634.2
59,9636.0
9,9636.3
27,9638.6
58,9639.4
33,9641.0
51,9642.4
53,9642.8
6,9644.3
60,9644.9
13,9645.1
2,9645.5
5,9645.6
29,9645.6
12,9646.5
36,9646.7
3,9646.8
28,9647.0
11,9647.1
47,9647.5
35,9647.5
44,9648.0
38,9648.0
45,9649.8
14,9650.0
49,9651.9
57,9652.0
1,9652.1
46,9652.2
43,9652.5
42,9653.2
24,9653.9
19,9655.9
31,9656.7
30,9657.2
48,9657.3
52,9657.9
39,9659.6
10,9659.9
21,9660.0
55,9661.1
34,9661.4
41,9664.0
27,9664.1
8,9664.7
26,9665.1
16,9665.2
18,9665.5
50,9665.7
54,9666.1
37,9666.2
58,9666.5
15,9667.0
33,9667.8
20,9668.6
9,9668.9
59,9669.2
25,9669.2
7,9670.5
51,9671.1
60,9672.0
53,9672.9
13,9673.1
11,9673.2
35,9673.3
40,9673.5
29,9674.4
62,9675.0
12,9675.2
32,9675.5
36,9677.4
6,9677.7
28,9678.0
5,9678.1
44,9678.2
3,9678.2
56,9679.0
49,9679.5
2,9681.1
38,9681.4
43,9682.3
22,9682.6
14,9682.6
57,9682.8
19,9683.6
24,9685.0
48,9685.1
1,9685.5
30,9686.0
61,9686.5
46,9687.4
42,9687.4
39,9687.8
31,9687.9
34,9688.2
27,9689.3
47,9689.5
55,9689.5
4,9690.0
10,9690.8
52,9691.5
16,9692.1
21,9692.8
0,9693.5
26,9693.9
18,9694.7
41,9695.8
58,9696.9
33,9697.8
8,9698.4
50,9699.3
60,9699.6
51,9699.9
23,9700.9
20,9702.5
19,9739.2
5,9772.8
1,9787.9
49,9805.3
28,9818.1
2,9829.8
3,9830.1
44,9836.3
43,9839.3
13,9840.9
37,9842.6
7,9845.2
29,9846.7
11,9846.9
12,9848.9
53,9850.6
48,9852.3
35,9853.3
59,9853.8
38,9855.0
62,9856.0
9,9856.3
25,9856.3
15,9857.9
36,9859.1
60,9861.9
56,9862.8
40,9864.7
58,9867.2
13,9869.0
27,9870.6
33,9871.2
16,9874.0
49,9874.1
3,9874.1
18,9874.1
17,9874.4
43,9875.0
5,9875.1
44,9875.2
14,9875.7
34,9876.3
31,9876.5
51,9876.7
39,9878.0
30,9879.3
57,9880.1
19,9880.2
28,9880.4
52,9880.5
26,9882.0
21,9882.3
41,9882.5
35,9884.1
11,9884.4
12,9885.0
29,9886.0
37,9886.1
42,9886.5
62,9886.6
10,9886.7
1,9886.8
38,9887.7
20,9887.8
55,9887.8
48,9887.9
7,9888.2
6,9888.4
9,9889.8
50,9890.1
24,9890.3
45,9890.5
59,9891.0
60,9891.9
47,9892.2
36,9893.3
46,9894.7
8,9895.0
4,9895.5
22,9895.6
58,9895.6
2,9895.9
25,9896.6
33,9896.8
49,9897.0
27,9897.3
56,9897.5
32,9897.7
40,9897.9
34,9898.4
16,9898.8
15,9899.1
61,9899.1
18,9900.2
13,9901.1
53,9901.7
51,9902.2
31,9902.3
14,9903.2
39,9903.4
19,9903.6
44,9903.7
43,9904.2
3,9904.4
30,9905.8
5,9905.8
0,9905.8
54,9906.5
57,9907.3
26,9907.6
35,9907.7
52,9908.0
23,9908.4
28,9908.4
17,9909.1
11,9909.4
12,9909.9
41,9910.2
38,9911.5
48,9911.6
62,9911.7
21,9911.7
55,9913.6
29,9913.8
20,9914.5
42,9916.3
1,9917.7
7,9918.2
60,9919.5
24,9921.1
36,9921.6
34,9927.9
47,9930.2
58,9931.7
2,9932.9
0,9995.3
