7,59.0
6,62.1
3,79.0
7,175.7
6,177.1
3,186.7
1,196.4
2,198.5
6,205.1
7,207.6
3,220.9
2,222.5
5,222.7
6,223.1
1,225.9
7,230.6
6,278.4
2,304.2
7,311.5
3,318.8
1,322.6
5,330.2
6,332.4
6,685.6
7,690.0
3,691.8
2,697.1
1,697.7
6,702.9
5,703.8
7,718.6
3,725.7
6,743.7
2,746.8
7,760.8
1,763.4
3,767.6
5,769.0
6,782.6
6,850.7
7,855.0
2,856.5
3,858.9
1,864.4
5,871.0
6,924.1
7,939.8
3,940.0
2,941.1
5,952.2
1,964.6
6,969.9
6,1311.8
7,1316.2
3,1320.3
2,1321.1
1,1322.1
5,1327.3
6,1339.5
7,1370.8
3,1373.1
2,1378.2
6,1378.8
1,1385.2
5,1396.1
3,1401.6
7,1406.7
6,1418.9
1,1475.2
5,1479.4
7,1482.7
6,1483.3
3,1485.3
6,1554.7
2,1564.6
7,1568.6
1,1568.7
3,1573.8
6,1936.6
7,1941.1
3,1943.3
2,1946.7
1,1949.9
5,1954.6
6,1966.7
7,1995.4
3,1998.0
2,2003.8
6,2005.9
1,2010.1
5,2021.1
3,2033.4
7,2040.4
4,2062.7
6,2095.3
1,2102.1
2,2102.9
7,2107.9
3,2110.7
5,2121.2
6,2175.5
2,2189.0
7,2191.3
3,2196.3
1,2199.6
6,2213.3
6,2560.4
7,2563.7
3,2565.9
2,2568.8
1,2575.7
5,2583.0
7,2607.1
6,2608.6
3,2617.8
2,2630.1
1,2634.3
6,2636.9
7,2641.6
5,2649.0
3,2650.2
6,2720.9
7,2726.6
1,2730.3
2,2732.4
3,2734.1
5,2740.1
6,2760.4
6,2815.1
7,2819.5
1,2837.7
3,2841.0
6,3168.0
7,3169.2
3,3169.9
2,3172.9
1,3178.2
5,3180.7
6,3182.7
7,3188.4
3,3188.9
4,3190.5
0,3190.7
3,3217.4
7,3218.9
6,3223.4
2,3227.7
6,3339.3
7,3347.0
3,3348.9
1,3350.9
5,3352.5
2,3353.9
4,3362.8
6,3364.4
0,3377.8
7,3415.8
6,3425.7
3,3426.3
6,3668.1
3,3670.4
2,3671.5
7,3671.8
5,3674.9
1,3677.2
6,3685.1
0,3686.6
4,3689.5
3,3690.7
7,3692.6
2,3699.0
5,3704.7
6,3808.6
7,3810.3
3,3817.6
2,3821.7
1,3822.6
5,3832.4
0,3848.4
4,3849.2
6,3849.7
7,3859.2
6,3970.1
1,3971.9
2,3974.7
5,3977.3
3,3978.7
7,3980.0
4,4024.9
6,4035.3
1,4042.1
3,4044.2
7,4046.1
2,4050.9
5,4072.2
6,4089.9
6,4312.5
3,4314.3
7,4314.8
2,4316.2
1,4317.9
5,4319.8
4,4330.5
0,4331.9
6,4333.7
3,4343.7
2,4345.2
5,4347.4
1,4347.8
7,4349.1
6,4488.1
7,4488.3
3,4491.7
2,4494.0
5,4508.7
1,4510.6
7,4513.8
3,4514.5
6,4515.1
4,4516.5
0,4519.8
6,4671.0
3,4674.5
2,4675.5
7,4676.6
5,4681.9
1,4683.7
4,4732.6
6,4892.1
3,4894.0
7,4894.9
5,4897.1
2,4897.9
1,4901.0
0,4912.1
4,4913.6
6,4918.7
3,4921.1
7,4925.2
5,4976.6
6,5059.6
7,5064.5
3,5068.1
2,5070.2
1,5076.9
6,5086.8
5,5094.0
4,5096.1
0,5098.3
7,5115.5
6,5223.1
3,5225.3
7,5228.0
2,5232.4
1,5235.5
5,5240.5
4,5300.7
0,5307.5
6,5327.6
6,5622.4
7,5624.7
3,5626.2
2,5626.8
5,5628.1
1,5632.9
4,5641.3
0,5641.4
7,5643.5
6,5644.5
3,5648.4
2,5650.1
5,5652.3
1,5659.7
7,5661.4
6,5665.4
4,5677.7
3,5678.5
2,5679.9
0,5693.4
6,5843.4
7,5848.1
3,5848.6
5,5852.0
2,5854.3
1,5854.4
4,5866.7
6,5875.1
0,5875.9
7,5930.8
3,5940.7
6,6137.9
2,6141.3
5,6141.6
1,6144.2
3,6146.9
7,6147.3
4,6158.2
0,6158.5
6,6161.0
5,6168.8
1,6193.6
7,6301.6
3,6301.9
6,6302.2
2,6311.4
5,6323.1
7,6329.3
1,6329.5
3,6336.8
0,6341.3
4,6344.1
6,6471.2
7,6483.6
5,6484.7
2,6485.0
3,6486.2
1,6491.5
6,6501.0
4,6527.1
0,6531.2
7,6532.2
3,6558.1
6,6780.6
7,6783.2
3,6783.4
2,6784.0
5,6787.7
1,6790.3
0,6800.1
6,6801.6
3,6802.1
4,6802.9
7,6803.5
2,6814.0
1,6827.5
5,6834.9
3,6948.6
7,6950.5
6,6952.7
2,6963.9
5,6966.1
3,6975.2
1,6977.1
4,6980.7
7,6984.5
0,6986.6
6,7008.3
5,7010.0
7,7155.2
3,7155.4
6,7158.6
1,7169.6
5,7171.3
2,7171.4
3,7175.3
6,7181.0
4,7182.8
7,7183.2
0,7186.1
6,7432.2
3,7432.7
7,7433.2
5,7435.9
2,7436.5
1,7438.6
3,7452.9
7,7453.3
0,7453.9
4,7454.5
6,7455.1
5,7466.7
1,7477.6
2,7483.5
3,7608.9
7,7610.7
6,7616.1
5,7617.8
1,7619.0
4,7625.4
2,7630.5
0,7633.0
3,7641.5
6,7646.4
1,7646.7
7,7654.8
5,7659.2
3,7814.5
7,7816.5
6,7819.5
1,7826.3
5,7827.6
4,7832.8
2,7833.7
3,7839.1
0,7840.1
6,7850.9
7,7856.1
6,8060.6
2,8063.3
7,8063.6
3,8064.9
1,8066.2
5,8066.7
0,8075.0
4,8079.3
6,8091.7
7,8096.5
2,8097.6
3,8107.6
5,8123.0
1,8143.0
7,8264.8
3,8266.1
6,8272.0
0,8283.3
5,8284.0
4,8287.2
1,8290.1
7,8292.2
3,8292.9
2,8298.3
6,8432.7
7,8434.1
3,8434.9
5,8438.9
1,8442.9
2,8449.4
0,8451.7
4,8452.6
6,8459.0
3,8489.1
6,8681.7
7,8684.6
3,8687.5
2,8687.6
5,8690.0
1,8691.8
6,8700.9
0,8702.8
4,8703.3
7,8724.7
2,8731.7
3,8733.7
5,8741.7
7,8886.9
6,8890.4
3,8891.0
1,8900.7
5,8901.8
2,8906.8
0,8911.1
4,8915.5
3,8926.1
7,8929.6
6,9053.9
7,9060.9
3,9066.1
5,9066.3
1,9067.3
2,9068.4
6,9079.9
0,9086.6
4,9095.2
6,9311.2
7,9314.2
3,9314.4
2,9314.4
5,9316.5
1,9317.7
6,9329.8
0,9335.2
4,9336.0
7,9350.4
3,9353.8
5,9358.9
2,9358.9
6,9512.2
7,9513.1
5,9518.4
1,9518.6
3,9520.8
0,9524.2
2,9526.7
4,9529.0
7,9546.4
6,9568.1
6,9689.5
1,9692.2
5,9692.4
7,9693.2
3,9696.3
2,9698.0
0,9699.7
4,9704.7
6,9904.2
3,9905.9
7,9907.4
5,9908.4
2,9909.5
1,9911.8
0,9923.0
6,9923.1
4,9924.0
3,9926.0
7,9930.8
5,9935.2
