124,99.5
372,99.6
266,99.6
233,99.7
140,100.3
274,100.4
222,100.7
311,100.9
229,101.6
34,101.8
341,102.1
208,103.4
187,103.6
367,103.7
372,104.1
266,104.2
124,104.4
233,104.5
140,105.2
274,105.4
222,105.7
133,106.0
311,106.1
181,106.2
271,106.6
229,106.8
34,106.9
174,107.0
341,107.0
204,107.7
162,108.0
208,108.8
23,109.1
187,109.2
144,109.2
372,109.2
338,109.3
266,109.4
367,109.4
72,109.7
116,109.8
33,109.8
124,109.9
233,109.9
17,110.2
160,110.5
140,110.7
274,111.0
363,111.3
222,111.3
301,111.4
283,111.8
311,111.9
133,112.1
181,112.2
341,112.5
271,112.5
34,112.6
229,112.7
247,112.8
174,113.1
20,113.3
337,113.3
5,113.4
204,113.6
253,113.8
162,114.1
210,114.5
208,114.9
372,115.0
23,115.1
144,115.2
266,115.3
338,115.4
187,115.5
367,115.8
159,115.9
116,116.1
33,116.1
72,116.2
124,116.2
233,116.3
17,116.5
160,116.8
140,117.2
274,117.7
301,117.9
222,118.1
363,118.2
283,118.4
311,118.6
341,118.8
133,119.1
34,119.4
247,119.4
181,119.4
271,119.6
229,119.8
5,119.9
337,119.9
20,120.0
204,120.3
174,120.5
253,120.7
162,121.3
210,121.7
208,122.1
23,122.2
144,122.2
338,122.3
372,122.5
159,122.9
116,123.2
266,123.3
17,123.6
72,123.8
33,124.0
124,124.4
187,124.5
160,124.6
233,124.7
367,124.8
140,125.6
301,126.4
341,126.4
337,127.3
283,127.4
363,127.4
247,127.6
5,127.6
274,127.7
20,128.0
311,128.7
34,129.0
204,129.2
222,130.1
181,130.2
144,130.6
162,130.7
338,130.7
253,131.0
23,131.1
271,131.6
372,132.0
116,132.3
159,133.1
210,133.4
17,133.4
208,133.9
200,133.9
229,134.6
337,136.2
72,136.6
266,137.1
5,137.2
33,138.0
133,138.8
341,139.1
124,139.1
283,140.1
144,142.0
20,142.7
338,142.8
140,144.7
200,146.7
363,146.9
337,147.5
116,148.2
372,149.8
5,153.5
337,167.0
337,175.3
337,181.2
233,182.2
372,182.3
266,182.5
124,182.7
274,183.9
140,184.3
222,185.6
341,186.1
311,186.2
34,186.8
229,188.1
372,188.2
233,188.4
337,188.7
266,188.9
124,189.5
274,191.1
140,191.3
341,192.8
222,193.8
34,194.1
311,195.0
372,195.8
233,196.5
229,197.0
266,197.7
124,199.0
337,200.6
140,200.7
274,201.0
341,201.8
34,204.3
372,211.3
266,262.2
372,262.3
124,262.3
233,262.3
140,263.2
274,264.4
222,264.9
311,265.7
341,265.9
229,266.3
34,267.0
208,267.7
372,268.2
233,268.6
266,268.7
124,269.0
367,269.1
140,269.4
187,271.1
274,271.8
341,272.5
222,272.9
229,273.7
311,274.1
34,274.5
208,275.3
372,275.3
233,276.3
367,276.7
266,276.7
140,277.3
124,277.4
187,279.4
341,280.8
274,281.1
229,284.5
34,285.4
372,285.8
208,286.4
367,286.8
222,288.2
233,288.8
266,289.8
311,291.2
341,292.1
140,294.0
266,644.5
372,644.5
124,644.5
233,644.6
140,645.2
274,645.3
222,645.5
311,645.8
229,646.4
34,646.8
341,647.1
187,648.4
208,648.4
367,648.5
372,649.0
266,649.1
124,649.4
233,649.4
140,650.1
274,650.3
222,650.5
133,650.7
311,650.9
181,650.9
271,651.2
174,651.6
229,651.7
34,651.9
341,652.0
204,652.5
162,652.7
208,653.7
23,653.9
187,654.0
144,654.0
367,654.1
372,654.1
338,654.1
266,654.3
72,654.3
33,654.3
116,654.4
17,654.8
233,654.8
124,654.9
160,655.2
363,655.6
140,655.8
301,655.8
274,655.9
283,656.1
222,656.1
133,656.6
311,656.7
181,656.9
271,657.2
247,657.2
341,657.5
20,657.5
229,657.6
34,657.6
174,657.7
5,657.9
210,658.1
253,658.2
337,658.3
204,658.4
162,658.8
208,659.7
159,659.8
23,659.9
372,660.0
144,660.0
338,660.2
266,660.3
187,660.4
116,660.6
33,660.6
72,660.6
367,660.7
17,661.0
124,661.2
233,661.3
160,661.5
140,662.2
301,662.2
363,662.4
283,662.7
274,663.1
222,663.4
311,663.6
341,663.8
247,663.8
133,663.9
181,664.1
20,664.2
5,664.5
271,664.6
34,664.7
200,664.8
253,664.9
337,665.0
210,665.1
204,665.1
174,665.3
229,665.6
162,665.9
159,666.6
144,666.8
23,667.0
338,667.1
208,667.1
116,667.6
372,668.2
17,668.3
72,668.5
33,668.8
160,669.6
343,670.8
266,670.8
301,671.3
187,672.2
247,672.2
20,672.2
363,672.5
283,672.5
200,672.5
341,672.5
5,672.5
124,672.5
367,672.6
337,672.7
140,674.0
204,675.5
144,675.7
338,676.1
162,676.2
181,676.3
233,676.4
23,676.5
159,676.5
253,676.6
210,676.9
116,677.7
17,678.7
343,680.9
271,681.4
372,682.4
337,682.6
5,683.4
200,684.2
144,690.3
338,690.9
33,692.4
337,698.4
372,727.1
124,727.3
266,727.3
233,727.7
140,728.3
274,729.1
341,730.6
222,731.2
34,731.9
311,732.1
372,732.9
266,733.5
229,733.6
124,733.8
233,734.6
140,734.8
274,736.5
341,737.5
34,739.6
372,740.1
222,740.5
266,742.2
124,742.8
311,742.9
229,743.0
140,743.8
233,743.9
208,745.7
341,746.1
274,747.9
372,752.0
34,752.9
341,760.5
372,806.7
266,806.9
233,807.0
124,807.1
140,808.1
274,808.9
222,810.1
311,810.6
341,811.5
229,811.7
372,812.4
34,812.5
266,813.2
233,813.2
124,813.6
140,814.5
367,815.9
274,816.1
208,817.2
341,818.0
222,818.3
311,818.7
372,819.6
229,820.0
34,820.3
233,821.2
266,821.4
124,822.1
140,823.3
367,824.3
187,824.5
341,826.2
208,826.5
274,828.1
372,829.7
311,831.1
34,832.2
140,837.6
124,839.5
372,886.6
233,886.9
124,887.4
266,887.5
140,888.7
274,888.8
222,888.9
341,890.2
311,890.5
229,890.7
34,891.0
372,892.1
233,892.7
266,893.5
124,894.1
140,895.1
274,895.7
222,896.3
341,896.5
208,896.8
34,898.0
311,898.1
229,898.3
144,898.7
372,898.9
338,899.6
181,899.9
233,900.3
187,900.8
266,901.8
271,902.0
23,902.3
140,903.1
124,903.1
341,904.6
208,905.6
144,905.8
274,906.2
34,907.3
338,907.4
372,909.1
181,909.5
23,910.2
229,910.6
222,910.9
162,912.8
233,914.4
144,914.6
271,915.5
338,916.5
341,916.7
23,920.4
162,925.1
208,925.3
144,925.8
338,928.6
266,1269.6
124,1269.6
233,1269.6
372,1269.6
140,1270.2
274,1270.3
222,1270.6
311,1270.8
229,1271.5
34,1271.8
341,1272.2
187,1273.4
367,1273.5
208,1273.5
372,1274.1
266,1274.2
233,1274.5
124,1274.5
140,1275.1
274,1275.2
222,1275.6
133,1275.7
181,1275.9
311,1276.0
271,1276.3
174,1276.6
229,1276.7
34,1277.0
341,1277.1
204,1277.5
162,1277.9
208,1278.8
187,1279.0
23,1279.0
367,1279.1
144,1279.2
72,1279.3
338,1279.3
266,1279.4
372,1279.4
33,1279.4
116,1279.5
17,1279.9
233,1280.1
160,1280.2
124,1280.2
363,1280.6
140,1280.6
301,1280.8
274,1281.0
283,1281.1
222,1281.2
133,1281.6
311,1281.7
181,1282.0
247,1282.1
271,1282.2
20,1282.5
229,1282.6
341,1282.6
174,1282.7
34,1282.9
5,1283.1
210,1283.1
253,1283.2
337,1283.5
204,1283.5
162,1284.0
159,1284.9
208,1284.9
23,1285.0
144,1285.2
266,1285.4
187,1285.4
372,1285.4
338,1285.5
72,1285.6
33,1285.7
367,1285.7
116,1285.7
17,1286.1
160,1286.5
233,1286.6
124,1286.7
140,1287.2
301,1287.4
363,1287.4
283,1287.8
274,1288.3
247,1288.7
222,1288.9
311,1288.9
341,1289.1
133,1289.1
20,1289.1
5,1289.6
271,1289.8
253,1290.0
34,1290.1
181,1290.1
337,1290.1
204,1290.2
210,1290.3
200,1290.3
174,1290.7
229,1291.2
162,1291.6
159,1291.7
144,1292.3
23,1292.6
208,1292.8
338,1292.8
116,1292.9
17,1293.5
72,1293.7
372,1294.1
33,1294.7
160,1294.9
343,1295.3
266,1297.1
247,1297.5
301,1297.5
20,1297.5
5,1297.8
337,1297.8
283,1298.1
200,1298.3
363,1298.4
341,1298.6
124,1299.4
140,1300.3
144,1302.2
159,1302.6
338,1302.9
210,1303.2
116,1304.0
17,1305.1
23,1305.2
343,1305.2
253,1305.3
204,1305.4
162,1305.7
367,1307.1
337,1308.3
5,1309.5
372,1310.7
200,1311.1
337,1325.0
124,1352.4
372,1352.4
266,1352.5
233,1352.6
140,1354.0
274,1354.2
341,1356.0
222,1356.3
34,1357.1
311,1358.2
372,1358.4
266,1358.7
233,1359.0
124,1359.3
229,1359.3
140,1361.0
274,1361.4
341,1362.7
34,1364.7
222,1365.6
372,1366.1
266,1367.3
233,1367.7
311,1368.6
124,1369.0
229,1369.4
140,1369.6
341,1371.5
274,1373.7
34,1377.5
372,1385.3
233,1431.8
266,1432.0
372,1432.1
124,1432.2
140,1433.4
274,1433.6
222,1434.3
341,1435.6
311,1436.0
229,1436.3
233,1437.7
34,1438.0
372,1438.2
266,1438.2
124,1438.9
208,1439.8
140,1440.0
274,1441.0
367,1441.2
341,1442.1
222,1442.4
187,1443.7
311,1444.5
229,1444.7
233,1445.2
34,1445.6
372,1445.6
266,1446.1
124,1447.4
208,1448.1
140,1448.2
367,1450.4
341,1450.6
274,1452.4
187,1456.6
34,1457.1
372,1459.3
341,1463.0
233,1464.0
311,1465.2
266,1512.0
372,1512.0
124,1512.6
140,1512.8
233,1512.8
274,1514.2
222,1514.9
311,1516.2
341,1516.2
34,1516.9
229,1517.7
372,1517.7
266,1518.3
208,1518.8
124,1519.1
140,1519.3
233,1519.5
274,1521.1
222,1522.2
341,1522.5
34,1524.4
144,1524.4
372,1524.5
311,1524.7
338,1525.3
266,1525.8
229,1526.2
208,1526.7
124,1527.0
140,1528.0
233,1528.0
204,1528.1
341,1530.1
274,1530.6
144,1531.6
338,1532.4
222,1533.5
372,1535.3
116,1536.7
34,1536.9
204,1537.1
208,1539.6
144,1540.0
341,1541.2
311,1541.5
124,1541.6
338,1541.7
116,1546.3
140,1548.3
144,1553.0
338,1554.5
116,1557.7
266,1894.6
124,1894.6
233,1894.7
372,1894.7
140,1895.3
274,1895.4
222,1895.6
311,1895.9
229,1896.6
34,1896.9
341,1897.3
187,1898.4
208,1898.6
367,1898.6
266,1899.2
372,1899.3
233,1899.5
124,1899.7
140,1900.3
274,1900.4
222,1900.6
133,1900.7
181,1900.9
311,1901.0
271,1901.3
174,1901.6
229,1901.8
34,1902.0
341,1902.2
204,1902.6
162,1902.9
208,1904.0
23,1904.0
187,1904.0
72,1904.3
367,1904.3
144,1904.3
33,1904.4
266,1904.4
372,1904.5
338,1904.5
116,1904.6
17,1905.0
233,1905.0
160,1905.2
124,1905.3
363,1905.7
301,1905.9
140,1905.9
274,1906.0
283,1906.1
222,1906.2
133,1906.6
311,1906.8
181,1907.0
247,1907.1
271,1907.2
20,1907.5
174,1907.7
229,1907.7
34,1907.8
341,1907.9
5,1908.2
210,1908.2
253,1908.3
337,1908.6
204,1908.6
162,1909.0
23,1910.0
208,1910.0
159,1910.1
266,1910.4
144,1910.5
187,1910.5
338,1910.6
372,1910.6
72,1910.6
33,1910.7
367,1910.9
116,1911.0
17,1911.3
160,1911.5
233,1911.6
124,1911.9
301,1912.4
140,1912.5
363,1912.6
283,1913.0
274,1913.7
247,1913.9
311,1914.0
222,1914.1
341,1914.3
133,1914.3
20,1914.3
5,1914.7
271,1914.9
34,1915.1
253,1915.2
181,1915.3
337,1915.3
204,1915.4
210,1915.5
200,1915.9
174,1916.0
162,1916.5
229,1916.7
159,1917.0
144,1917.6
23,1917.7
338,1918.0
208,1918.1
116,1918.2
17,1918.7
72,1918.9
372,1919.2
33,1919.9
160,1920.2
343,1920.7
266,1922.2
301,1922.7
20,1922.7
5,1922.8
337,1923.2
247,1923.2
283,1923.8
341,1924.2
200,1924.3
363,1924.3
124,1925.3
140,1925.7
144,1927.4
338,1928.3
159,1928.9
162,1930.5
343,1930.9
210,1931.1
17,1932.1
116,1932.1
23,1932.3
337,1933.8
5,1936.5
372,1938.2
200,1943.7
337,1951.9
266,1977.5
124,1977.7
372,1977.8
233,1977.9
140,1979.2
274,1979.4
341,1981.3
222,1981.6
34,1982.6
311,1983.2
266,1983.7
372,1984.0
124,1984.5
233,1984.7
229,1984.9
140,1986.2
274,1986.9
341,1987.9
34,1990.5
222,1991.0
372,1992.1
266,1992.3
311,1993.6
233,1993.8
124,1994.5
140,1994.9
229,1996.0
341,1996.3
274,2002.4
34,2005.4
372,2057.0
266,2057.3
233,2057.4
124,2057.7
140,2057.9
274,2060.0
222,2060.4
311,2061.2
341,2061.2
229,2061.7
372,2062.8
34,2062.9
266,2063.5
233,2063.5
208,2063.9
124,2064.3
140,2064.5
274,2067.5
367,2067.7
222,2067.9
341,2067.9
372,2069.5
311,2070.1
34,2070.5
229,2070.6
187,2070.8
266,2071.1
233,2071.7
124,2072.5
208,2072.7
140,2073.0
341,2076.1
367,2077.8
274,2079.9
372,2080.1
208,2085.7
34,2087.4
341,2087.5
233,2137.1
372,2137.1
124,2137.2
266,2137.6
140,2137.7
274,2139.6
222,2139.8
229,2140.4
311,2140.6
341,2141.2
34,2142.2
372,2142.9
233,2143.0
124,2143.8
140,2143.8
266,2144.0
274,2146.9
341,2147.4
222,2147.6
229,2147.7
311,2147.9
208,2148.7
372,2149.6
34,2149.7
187,2149.7
338,2150.0
233,2150.2
140,2151.4
266,2151.6
144,2151.9
124,2152.1
204,2154.2
341,2155.1
338,2157.2
274,2157.2
311,2157.3
229,2158.5
144,2159.5
372,2159.5
208,2159.5
34,2160.2
140,2162.6
204,2164.0
222,2164.0
341,2166.0
338,2166.0
233,2168.1
266,2169.7
144,2169.7
187,2170.0
338,2180.0
144,2189.9
266,2519.7
124,2519.7
372,2519.8
233,2519.8
140,2520.4
274,2520.4
222,2520.6
311,2520.9
229,2521.6
34,2522.0
341,2522.4
187,2523.5
367,2523.6
208,2523.6
266,2524.3
372,2524.4
124,2524.6
233,2524.7
140,2525.4
274,2525.5
222,2525.6
133,2525.7
181,2526.0
311,2526.1
271,2526.3
174,2526.7
229,2526.8
34,2527.1
341,2527.3
204,2527.7
162,2528.0
208,2528.9
23,2529.0
187,2529.1
367,2529.3
72,2529.3
33,2529.4
144,2529.5
116,2529.6
338,2529.6
372,2529.6
266,2529.7
17,2530.1
233,2530.2
124,2530.3
160,2530.3
363,2530.7
301,2531.0
140,2531.0
283,2531.2
274,2531.2
222,2531.3
133,2531.8
311,2531.9
181,2532.0
271,2532.2
247,2532.2
20,2532.6
229,2532.7
174,2532.8
34,2533.0
341,2533.0
210,2533.2
5,2533.3
253,2533.3
204,2533.6
337,2533.8
162,2534.1
23,2535.0
208,2535.1
159,2535.2
144,2535.6
372,2535.7
72,2535.7
116,2535.8
187,2535.8
33,2535.9
338,2535.9
266,2535.9
367,2535.9
17,2536.4
160,2536.6
233,2536.8
124,2536.9
301,2537.5
363,2537.6
140,2537.6
283,2538.0
247,2538.9
274,2539.0
311,2539.1
222,2539.2
20,2539.3
341,2539.4
133,2539.5
271,2540.0
5,2540.0
181,2540.1
253,2540.2
204,2540.4
34,2540.6
337,2540.6
210,2540.7
174,2541.3
200,2541.6
229,2541.8
162,2541.9
159,2542.4
144,2542.7
23,2542.7
116,2542.9
208,2543.2
338,2543.3
17,2543.9
72,2544.3
372,2544.6
33,2545.2
160,2545.8
343,2545.9
20,2547.8
5,2548.3
266,2548.4
337,2548.4
247,2548.5
283,2548.9
301,2548.9
363,2549.6
341,2550.0
124,2550.2
200,2550.4
140,2552.3
144,2552.8
338,2553.5
159,2555.3
343,2555.9
116,2556.5
23,2558.6
337,2559.0
162,2560.0
17,2561.9
210,2563.7
5,2564.6
372,2565.0
337,2577.5
233,2602.6
266,2602.8
124,2603.0
372,2603.0
140,2604.2
274,2604.5
337,2605.1
222,2606.5
341,2606.7
34,2607.9
311,2608.4
229,2608.7
266,2609.3
372,2609.3
233,2609.4
124,2609.9
140,2611.2
274,2611.9
337,2613.2
341,2613.3
34,2615.7
222,2616.5
372,2617.7
233,2618.2
266,2618.2
311,2618.9
229,2620.0
124,2620.1
140,2621.1
341,2621.9
337,2625.0
274,2626.6
34,2633.2
372,2682.1
233,2682.2
124,2682.7
266,2682.7
140,2683.8
274,2685.4
222,2685.5
311,2686.5
341,2687.1
229,2687.8
372,2687.9
233,2688.5
34,2688.5
266,2688.9
124,2689.3
208,2690.0
140,2690.5
274,2692.8
222,2693.2
367,2693.6
341,2693.9
372,2694.7
311,2695.1
266,2696.4
233,2696.8
229,2696.9
34,2696.9
124,2698.1
208,2698.9
140,2699.0
341,2702.1
367,2704.1
372,2705.4
274,2705.9
341,2714.3
266,2762.1
372,2762.3
233,2762.3
124,2762.4
140,2763.1
311,2764.6
222,2764.6
274,2765.1
229,2765.8
341,2766.8
34,2767.1
266,2767.9
372,2768.0
233,2768.3
208,2768.6
124,2768.7
140,2769.3
187,2769.4
311,2771.6
222,2771.8
274,2772.2
341,2773.2
229,2773.2
34,2774.1
144,2774.7
372,2774.8
233,2775.6
266,2775.8
338,2776.5
124,2777.1
208,2777.1
140,2777.6
187,2778.3
204,2779.1
341,2780.9
144,2782.1
34,2783.5
338,2783.8
311,2784.0
274,2784.3
372,2785.8
204,2787.8
229,2788.2
208,2789.0
222,2789.1
144,2790.7
233,2790.8
341,2792.8
338,2792.9
144,2804.1
338,2807.4
266,3145.1
124,3145.2
372,3145.3
233,3145.3
140,3145.9
274,3146.0
222,3146.2
311,3146.5
229,3147.3
34,3147.8
341,3148.1
208,3149.5
187,3149.6
367,3149.8
133,3152.9
181,3153.2
271,3153.3
174,3154.2
204,3154.8
162,3156.4
23,3156.9
144,3157.9
338,3158.4
116,3159.5
72,3159.7
17,3160.1
160,3160.3
33,3160.4
266,3161.5
372,3161.5
301,3166.0
124,3225.3
266,3225.5
233,3225.5
372,3225.6
140,3226.1
274,3226.2
222,3226.4
311,3226.9
229,3227.6
34,3228.1
341,3228.3
208,3230.1
187,3230.5
367,3230.7
133,3235.8
271,3235.9
181,3236.7
204,3237.5
174,3238.5
23,3243.4
144,3250.1
124,3305.4
266,3305.5
233,3305.5
372,3305.6
140,3306.2
274,3306.3
222,3306.5
311,3307.0
229,3307.7
34,3308.2
341,3308.5
208,3310.3
187,3310.8
367,3311.0
271,3317.4
133,3317.7
181,3319.3
204,3319.3
174,3324.4
124,3385.4
266,3385.5
233,3385.6
372,3385.6
140,3386.2
274,3386.3
222,3386.5
311,3387.0
229,3387.7
34,3388.3
341,3388.5
208,3390.4
187,3390.9
367,3391.1
271,3398.3
133,3399.1
204,3400.5
181,3402.7
23,3407.7
144,3418.9
266,3770.1
124,3770.2
174,3770.9
274,3771.1
311,3771.6
160,3772.2
34,3772.7
210,3772.8
341,3773.1
226,3773.3
134,3774.3
208,3774.5
367,3774.7
233,3775.3
353,3775.6
372,3776.9
133,3777.8
181,3778.0
222,3779.2
204,3779.8
269,3781.0
162,3781.4
23,3782.0
144,3782.8
338,3783.4
140,3783.5
116,3784.5
17,3785.1
266,3786.4
26,3787.7
301,3791.0
126,3791.3
124,3850.3
266,3850.5
174,3851.1
274,3851.3
311,3851.9
160,3852.5
34,3853.1
210,3853.3
341,3853.3
226,3853.7
134,3855.0
208,3855.1
367,3855.7
233,3856.3
353,3856.5
372,3858.4
133,3860.9
181,3861.5
204,3862.5
222,3864.4
23,3868.7
144,3873.7
269,3873.9
124,3930.4
266,3930.5
174,3931.1
274,3931.4
311,3932.0
160,3932.6
34,3933.2
210,3933.5
341,3933.5
226,3933.9
208,3935.3
134,3935.3
367,3936.0
233,3936.7
353,3936.9
372,3939.0
133,3942.9
181,3943.9
204,3944.3
124,4010.4
266,4010.5
174,4011.2
274,4011.4
311,4012.0
160,4012.6
34,4013.3
210,4013.5
341,4013.5
226,4013.9
134,4015.3
208,4015.4
367,4016.1
233,4016.9
353,4017.0
372,4019.3
133,4024.7
204,4025.5
181,4026.2
23,4032.7
144,4041.0
124,4395.2
174,4395.9
160,4397.2
210,4397.8
324,4397.8
341,4398.1
24,4398.4
134,4399.2
208,4399.5
367,4399.7
353,4400.6
133,4403.2
266,4403.4
204,4404.8
222,4405.2
269,4405.8
162,4406.4
23,4407.0
144,4407.8
338,4408.4
140,4409.2
116,4409.5
26,4411.9
34,4414.6
301,4416.0
126,4418.3
124,4475.3
174,4476.1
160,4477.5
324,4478.1
341,4478.3
210,4478.3
24,4478.6
134,4480.0
208,4480.0
367,4480.7
353,4481.5
266,4485.8
133,4486.5
204,4487.5
222,4492.8
23,4493.7
269,4497.7
144,4498.6
124,4555.4
174,4556.1
160,4557.6
324,4558.3
210,4558.5
341,4558.5
24,4558.8
134,4560.3
208,4560.3
367,4561.0
353,4561.9
266,4567.2
133,4568.9
204,4569.3
124,4635.4
174,4636.1
160,4637.6
324,4638.3
341,4638.5
210,4638.5
24,4638.8
134,4640.3
208,4640.4
367,4641.1
353,4642.0
266,4648.2
204,4650.5
133,4651.0
222,4654.1
23,4657.9
144,4665.9
134,5020.3
266,5020.5
174,5020.9
23,5021.1
68,5022.1
343,5022.1
160,5022.2
338,5022.5
210,5022.8
341,5023.1
24,5023.3
253,5024.4
367,5024.6
208,5024.6
124,5025.3
353,5025.6
202,5026.4
133,5028.1
204,5029.8
269,5030.9
162,5031.6
144,5032.8
140,5034.3
26,5036.9
34,5040.4
134,5100.5
266,5100.8
174,5101.1
23,5101.5
68,5102.2
343,5102.3
160,5102.5
338,5102.7
210,5103.3
341,5103.3
24,5103.6
253,5104.9
208,5105.1
367,5105.5
124,5106.3
353,5106.5
202,5107.4
133,5111.4
204,5112.5
144,5123.6
269,5123.9
134,5180.6
266,5180.9
174,5181.1
23,5181.5
68,5182.3
343,5182.4
160,5182.6
338,5182.8
341,5183.5
210,5183.5
24,5183.8
253,5185.1
208,5185.3
367,5185.9
124,5186.7
353,5186.9
202,5187.9
133,5193.8
204,5194.3
134,5260.6
266,5260.9
174,5261.1
23,5261.5
68,5262.3
343,5262.5
160,5262.6
338,5262.8
341,5263.5
210,5263.5
24,5263.8
253,5265.2
208,5265.4
367,5266.0
124,5266.8
353,5267.0
202,5268.1
204,5275.5
133,5276.0
144,5290.7
134,5645.3
266,5645.5
174,5645.9
23,5646.0
337,5647.0
68,5647.0
343,5647.1
160,5647.2
210,5647.8
24,5648.3
253,5649.4
367,5649.7
124,5650.4
353,5650.6
202,5651.3
257,5652.3
165,5652.8
133,5653.1
346,5653.8
164,5654.3
222,5655.0
126,5655.6
269,5655.8
162,5656.2
140,5659.3
26,5662.0
223,5666.5
37,5667.9
34,5672.8
134,5725.5
266,5725.8
174,5726.1
23,5726.3
337,5727.2
68,5727.2
343,5727.3
160,5727.4
210,5728.3
24,5728.6
253,5729.9
367,5730.6
353,5731.5
124,5731.5
202,5732.4
257,5733.7
165,5734.5
133,5736.4
346,5736.4
164,5740.3
222,5742.4
126,5744.0
269,5746.6
134,5805.6
266,5805.9
174,5806.2
23,5806.4
68,5807.2
337,5807.2
343,5807.4
160,5807.6
210,5808.5
24,5808.8
253,5810.1
367,5811.0
353,5811.9
124,5811.9
202,5812.9
257,5814.3
165,5815.3
346,5817.9
133,5819.1
134,5885.6
266,5885.9
174,5886.2
23,5886.4
337,5887.2
68,5887.3
343,5887.5
160,5887.6
210,5888.5
24,5888.8
253,5890.2
367,5891.1
124,5892.0
353,5892.1
202,5893.1
257,5894.5
165,5895.7
346,5898.7
133,5901.6
164,5903.4
222,5903.7
126,5905.3
269,5912.4
266,6270.5
174,6270.9
23,6271.0
269,6271.2
37,6271.4
40,6271.6
232,6271.6
337,6272.0
68,6272.0
343,6272.1
160,6272.2
210,6272.8
24,6273.2
253,6274.4
367,6274.6
366,6275.6
353,6275.6
202,6276.3
257,6277.2
165,6277.7
133,6277.9
233,6278.6
346,6278.8
164,6279.2
222,6279.8
126,6280.3
280,6280.5
134,6281.0
162,6281.2
26,6287.0
34,6289.5
223,6289.7
266,6350.8
174,6351.1
23,6351.3
269,6351.4
37,6351.5
40,6351.8
232,6351.9
68,6352.1
337,6352.1
343,6352.3
160,6352.4
210,6353.3
24,6353.6
253,6354.9
367,6355.5
353,6356.5
366,6356.6
202,6357.4
257,6358.6
165,6359.4
133,6361.0
346,6361.3
233,6361.9
164,6364.8
222,6366.5
280,6367.2
126,6367.3
266,6430.9
174,6431.2
23,6431.4
269,6431.5
37,6431.6
40,6431.9
232,6432.0
68,6432.2
337,6432.2
343,6432.4
160,6432.6
210,6433.5
24,6433.7
253,6435.1
367,6435.9
353,6436.9
366,6437.0
202,6437.9
257,6439.3
165,6440.3
346,6442.9
133,6443.1
233,6444.6
266,6510.9
174,6511.2
23,6511.4
269,6511.5
37,6511.6
40,6511.9
232,6512.0
337,6512.2
68,6512.2
343,6512.5
160,6512.6
210,6513.5
24,6513.8
253,6515.2
367,6516.0
353,6517.1
366,6517.2
202,6518.1
257,6519.5
165,6520.7
346,6523.8
133,6524.7
233,6527.7
222,6529.0
164,6529.5
126,6530.0
280,6530.4
23,6893.8
266,6895.5
174,6895.9
269,6896.1
37,6896.3
40,6896.5
232,6896.6
253,6896.8
160,6897.2
210,6897.8
24,6898.3
343,6898.9
367,6899.6
366,6900.6
353,6900.6
202,6901.3
165,6902.7
133,6903.2
233,6903.6
68,6903.8
23,6904.1
164,6904.1
222,6904.8
280,6905.5
126,6905.6
162,6906.1
134,6906.7
26,6912.0
223,6914.0
253,6915.2
337,6917.2
34,6918.0
23,6974.0
266,6975.8
174,6976.1
269,6976.4
37,6976.5
40,6976.8
232,6976.9
253,6977.4
160,6977.4
210,6978.3
24,6978.6
343,6979.5
367,6980.5
353,6981.5
366,6981.6
202,6982.3
165,6984.4
23,6984.8
133,6986.5
68,6986.7
233,6987.0
164,6989.4
222,6991.9
280,6992.1
126,6994.2
162,7002.3
23,7054.2
266,7055.9
174,7056.1
269,7056.5
37,7056.6
40,7056.9
232,7057.0
253,7057.3
160,7057.6
210,7058.5
24,7058.8
343,7059.8
367,7060.9
353,7061.9
366,7062.0
202,7062.8
165,7065.3
23,7065.5
68,7068.8
133,7068.9
233,7069.9
23,7134.2
266,7135.9
174,7136.2
269,7136.5
37,7136.6
232,7137.0
40,7137.0
253,7137.3
160,7137.6
210,7138.5
24,7138.8
343,7139.9
367,7141.0
353,7142.1
366,7142.2
202,7143.0
23,7145.5
165,7145.7
68,7150.7
133,7151.2
222,7153.8
233,7154.1
164,7154.9
126,7155.5
280,7155.7
23,7518.8
165,7520.1
171,7520.7
26,7521.0
269,7521.1
37,7521.3
40,7521.5
253,7521.8
349,7522.0
160,7522.2
24,7523.3
343,7524.0
265,7524.5
366,7525.6
130,7525.9
202,7526.3
68,7528.9
23,7529.3
112,7530.0
170,7530.2
280,7530.5
162,7531.2
266,7531.5
345,7531.8
353,7532.8
115,7533.8
174,7534.3
253,7540.0
165,7540.1
23,7599.0
165,7600.6
171,7601.0
26,7601.2
269,7601.4
37,7601.5
40,7601.8
349,7602.3
160,7602.4
253,7602.4
24,7603.6
343,7604.5
265,7605.0
366,7606.6
130,7607.2
202,7607.3
23,7609.8
68,7611.8
280,7616.7
170,7618.5
345,7619.3
112,7620.1
266,7620.3
162,7628.7
23,7679.2
165,7680.6
171,7681.2
26,7681.4
269,7681.5
37,7681.6
40,7681.9
253,7682.3
349,7682.5
160,7682.6
24,7683.8
343,7684.9
265,7685.4
366,7687.0
202,7687.8
130,7688.2
23,7690.5
68,7694.0
165,7709.0
23,7759.2
165,7761.1
171,7761.3
26,7761.5
269,7761.5
37,7761.6
40,7761.9
253,7762.3
160,7762.6
349,7762.6
24,7763.8
343,7764.9
265,7765.6
366,7767.2
202,7768.0
130,7768.9
23,7770.5
68,7776.0
280,7780.4
266,7791.9
349,8143.3
130,8144.2
171,8145.7
26,8146.0
269,8146.1
37,8146.3
40,8146.5
256,8147.8
23,8148.0
24,8148.3
353,8149.5
210,8149.6
366,8150.6
213,8152.3
11,8153.4
165,8153.7
68,8153.9
253,8154.4
349,8154.5
112,8154.8
170,8155.0
280,8155.5
58,8155.8
162,8156.5
160,8157.7
115,8158.4
174,8160.3
130,8163.4
348,8164.4
349,8223.4
130,8224.6
171,8226.0
26,8226.2
269,8226.4
37,8226.5
40,8226.8
256,8228.3
23,8228.6
24,8228.6
353,8230.3
210,8230.5
366,8231.6
213,8234.7
349,8236.2
253,8236.6
68,8236.9
11,8237.1
165,8238.1
280,8241.7
170,8244.1
112,8245.2
349,8303.5
130,8304.6
171,8306.2
26,8306.4
269,8306.5
37,8306.6
40,8306.9
256,8308.5
24,8308.8
23,8308.9
210,8310.8
353,8310.8
366,8312.0
213,8316.2
349,8316.9
253,8318.2
68,8319.2
11,8321.3
165,8323.9
130,8328.7
349,8383.6
130,8384.9
171,8386.3
26,8386.5
269,8386.5
37,8386.6
40,8386.9
256,8388.5
24,8388.8
23,8389.0
210,8390.9
353,8391.0
366,8392.2
213,8397.0
349,8397.6
253,8399.1
68,8401.4
280,8405.4
130,8769.2
256,8769.5
349,8769.9
171,8770.7
26,8771.0
269,8771.1
343,8771.3
40,8771.5
255,8772.5
23,8773.0
126,8773.0
361,8774.0
210,8774.6
353,8774.6
346,8775.0
213,8777.2
11,8778.3
165,8779.0
170,8780.0
112,8780.1
280,8780.5
58,8781.0
29,8781.2
115,8783.4
345,8784.3
174,8785.4
130,8789.2
348,8791.1
130,8849.6
256,8849.8
349,8850.1
171,8851.0
26,8851.2
269,8851.4
40,8851.8
343,8851.9
255,8853.0
126,8853.4
23,8853.7
361,8854.7
353,8855.3
210,8855.4
346,8855.8
213,8859.6
11,8861.8
165,8863.9
280,8866.7
170,8868.3
112,8872.6
130,8929.6
256,8929.8
349,8930.3
171,8931.2
26,8931.4
269,8931.5
40,8931.9
343,8932.0
255,8933.3
126,8933.6
23,8934.0
361,8935.2
353,8935.8
210,8935.8
346,8936.2
213,8941.2
11,8946.2
165,8951.3
130,8953.6
256,9009.8
130,9009.9
349,9010.4
171,9011.3
269,9011.5
26,9011.5
40,9011.9
343,9012.0
255,9013.4
126,9013.6
23,9014.0
361,9015.4
210,9015.9
353,9016.1
346,9016.3
213,9022.0
280,9030.4
126,9394.0
130,9394.2
40,9394.2
213,9395.0
349,9395.0
171,9395.7
343,9396.3
184,9397.4
255,9397.5
366,9397.6
154,9397.8
23,9398.1
76,9398.4
361,9399.0
113,9399.1
353,9399.6
346,9399.9
24,9401.3
11,9403.3
367,9403.5
26,9403.9
165,9404.1
170,9405.0
112,9405.0
280,9405.7
58,9405.8
29,9406.0
256,9406.1
345,9409.0
126,9409.3
40,9411.2
130,9414.1
348,9415.6
126,9474.2
40,9474.5
130,9474.6
349,9475.1
213,9475.2
171,9476.0
343,9477.0
184,9477.8
366,9478.0
255,9478.0
154,9478.3
23,9478.7
76,9478.9
361,9479.7
113,9479.9
353,9480.3
346,9480.8
24,9482.5
11,9486.8
26,9486.9
367,9487.1
165,9488.9
170,9492.8
280,9493.1
112,9497.0
40,9554.5
126,9554.5
130,9554.6
349,9555.3
213,9555.3
171,9556.2
343,9557.0
184,9557.9
366,9558.2
255,9558.3
154,9558.5
23,9559.0
76,9559.2
113,9560.2
361,9560.2
353,9560.9
346,9561.2
24,9563.0
26,9569.8
367,9570.7
11,9571.2
165,9576.1
130,9578.5
126,9634.2
40,9634.5
130,9634.8
213,9635.3
349,9635.4
171,9636.3
343,9637.0
184,9637.9
366,9638.3
255,9638.4
154,9638.5
23,9639.0
76,9639.4
113,9640.3
361,9640.4
353,9641.1
346,9641.3
24,9643.1
26,9654.1
280,9655.7
