0,26.0
36,26.0
35,26.0
34,26.0
33,26.0
32,26.0
31,26.0
30,26.0
29,26.0
28,26.0
27,26.0
26,26.0
25,26.0
24,26.0
23,26.0
22,26.0
21,26.0
20,26.0
19,26.0
18,26.0
17,26.0
16,26.0
37,26.0
15,26.0
38,26.0
41,26.0
62,26.0
61,26.0
60,26.0
59,26.0
58,26.0
57,26.0
56,26.0
55,26.0
54,26.0
53,26.0
52,26.0
51,26.0
50,26.0
49,26.0
48,26.0
47,26.0
46,26.0
45,26.0
44,26.0
43,26.0
42,26.0
40,26.0
14,26.0
39,26.0
8,26.0
13,26.0
10,26.0
7,26.0
6,26.0
4,26.0
1,26.0
11,26.0
12,26.0
3,26.0
2,26.0
9,26.0
5,26.0
0,82.1
11,94.7
14,112.6
29,113.3
33,113.9
6,114.5
43,115.0
45,115.4
47,123.1
9,123.3
15,124.5
53,126.4
59,126.5
19,127.1
12,127.4
60,128.2
31,129.1
13,130.6
36,130.8
38,132.2
39,132.6
11,133.8
18,134.1
10,134.3
34,134.4
37,134.5
30,135.3
17,135.8
3,136.1
52,136.2
61,137.2
55,138.2
9,140.3
56,140.4
14,140.7
28,141.0
57,141.1
33,144.1
41,145.2
29,145.8
48,146.3
31,146.4
58,147.4
20,147.9
51,148.3
54,149.9
35,150.2
13,151.9
12,153.9
59,154.0
18,154.8
53,155.3
19,156.0
46,157.3
45,157.7
37,159.3
38,159.5
7,159.9
5,160.2
50,160.3
55,160.5
52,162.1
14,165.2
61,166.8
9,167.1
31,168.2
17,172.3
39,172.4
36,173.7
34,173.8
8,174.5
48,175.0
24,176.7
18,180.2
0,182.5
41,183.6
43,186.9
46,191.6
11,191.7
14,192.1
29,192.5
6,193.3
61,195.7
31,195.8
9,196.5
55,196.8
13,197.1
30,198.0
3,198.2
12,202.2
52,202.8
53,203.5
41,204.0
33,204.1
10,205.5
18,206.1
56,207.5
9,208.2
14,209.3
37,210.7
31,211.5
34,212.9
38,213.3
13,213.5
11,214.4
61,216.5
51,217.5
55,219.7
29,221.9
9,225.5
41,226.9
18,230.3
14,269.9
29,270.5
31,272.0
6,272.6
9,273.1
53,274.2
13,274.8
30,276.2
56,277.7
10,278.2
61,280.6
12,282.5
15,282.8
9,283.7
11,284.0
57,284.7
34,285.7
33,285.8
18,286.7
31,286.8
38,287.6
14,287.7
52,288.1
55,288.3
37,290.1
53,290.3
13,290.3
29,290.8
41,292.9
9,295.7
56,296.1
61,296.1
10,296.3
51,297.1
30,300.5
31,302.8
57,306.3
18,308.6
41,316.2
61,318.4
9,511.7
59,513.8
19,527.0
34,544.4
37,557.6
12,566.1
38,566.5
17,575.3
54,584.0
55,607.2
20,608.3
52,632.7
62,635.4
60,643.2
16,645.3
14,649.8
15,650.3
33,650.4
29,651.8
9,652.2
17,655.1
6,655.5
54,655.8
57,655.9
53,656.7
55,656.8
30,657.3
37,657.3
12,658.3
59,658.3
10,658.5
11,658.5
56,659.1
38,659.9
34,660.8
51,661.0
19,661.6
13,662.6
31,663.8
35,664.8
18,666.4
9,666.4
62,666.5
52,666.6
61,667.0
14,668.8
39,669.8
36,670.1
33,672.4
53,673.4
41,674.1
15,674.2
29,674.3
55,675.2
56,675.2
37,675.3
12,675.4
38,676.5
34,676.7
58,677.0
17,677.1
10,677.1
31,677.3
57,677.9
30,678.2
13,678.7
9,678.8
11,680.2
54,681.9
18,683.2
61,684.3
32,684.4
51,684.5
59,684.9
20,685.5
48,686.9
3,687.3
14,687.5
52,688.8
19,689.9
43,692.0
45,692.1
46,692.4
50,692.7
7,693.1
16,696.1
55,697.4
31,698.0
29,700.6
5,704.1
41,704.6
9,706.5
18,707.8
24,708.0
0,715.0
46,718.8
19,721.0
48,723.0
55,726.2
18,728.1
29,730.1
33,731.2
14,731.9
6,733.7
39,736.8
15,737.2
9,737.3
61,738.4
3,738.4
12,738.6
13,739.0
53,741.4
31,741.5
36,743.0
11,743.5
30,745.1
18,747.4
55,747.6
52,747.9
14,748.8
9,749.1
37,749.2
10,749.2
56,750.5
47,753.0
45,753.1
29,754.3
13,755.3
2,755.6
38,758.3
51,758.4
31,759.1
41,759.5
33,759.7
24,762.0
9,763.7
43,783.7
14,806.0
60,810.7
29,815.0
9,815.9
61,817.2
13,818.4
53,819.0
6,819.5
12,820.9
31,822.6
34,823.1
15,823.6
11,823.7
18,823.9
10,824.0
14,824.1
9,826.1
33,826.3
57,826.4
3,826.9
56,828.2
30,828.3
38,831.3
55,831.8
37,832.6
61,832.8
13,834.5
29,835.1
53,836.3
41,836.5
52,836.8
9,839.1
31,840.0
34,842.1
51,843.3
18,843.7
10,847.8
57,848.5
61,855.1
48,856.2
36,856.9
41,864.5
18,868.6
14,885.0
29,890.1
6,892.2
9,895.2
31,895.5
11,897.9
30,899.0
34,899.2
12,899.3
52,899.7
15,901.4
14,901.8
13,902.0
56,902.2
53,902.2
33,902.9
38,903.0
9,904.9
10,905.3
43,906.2
3,906.9
55,907.9
61,909.0
31,909.4
29,910.2
37,911.1
18,913.6
51,914.0
9,915.6
34,916.5
13,918.1
56,918.2
54,918.4
53,920.2
30,921.4
12,923.2
14,923.9
41,924.8
50,930.7
31,931.8
61,933.9
9,934.8
48,935.4
7,935.6
49,936.9
18,939.1
3,939.5
5,943.3
29,957.2
3,963.2
5,969.9
36,1131.4
59,1182.0
33,1223.4
15,1245.8
11,1265.0
38,1265.6
17,1269.1
62,1270.6
27,1270.8
16,1271.4
55,1271.6
37,1272.6
15,1274.8
8,1274.8
33,1275.7
14,1276.1
10,1276.1
6,1277.2
29,1277.6
9,1279.3
52,1280.4
36,1282.3
54,1282.6
53,1282.6
51,1282.8
60,1283.6
57,1283.8
30,1284.0
12,1285.1
58,1285.7
34,1287.5
39,1287.9
13,1288.2
19,1288.2
31,1289.5
59,1289.7
35,1290.2
38,1290.3
11,1290.8
56,1291.9
18,1292.7
3,1293.1
61,1293.4
9,1293.6
14,1294.9
55,1295.0
17,1295.9
37,1296.1
10,1296.6
33,1297.3
41,1299.7
53,1300.1
15,1300.1
29,1300.2
20,1300.7
52,1301.8
34,1303.1
31,1303.2
12,1303.7
13,1304.7
30,1305.1
48,1305.2
9,1307.0
50,1307.0
43,1307.4
51,1307.6
54,1308.5
7,1309.1
38,1309.5
57,1309.6
18,1309.8
56,1310.1
61,1313.8
14,1314.1
36,1314.6
5,1314.9
55,1315.1
19,1316.6
46,1317.3
45,1317.4
49,1318.2
3,1318.5
59,1319.3
37,1319.4
62,1321.3
31,1323.3
47,1326.1
29,1327.2
20,1327.3
50,1330.6
24,1331.1
18,1335.1
15,1345.3
5,1345.7
0,1347.4
3,1351.3
39,1351.4
33,1351.7
8,1354.5
6,1354.7
16,1355.1
29,1355.7
14,1356.7
48,1357.4
46,1361.2
9,1361.7
11,1363.2
13,1363.9
31,1365.9
36,1366.9
53,1367.2
10,1368.5
55,1368.9
62,1369.3
30,1369.9
45,1370.4
12,1370.4
61,1370.5
43,1370.5
41,1371.6
2,1371.9
18,1372.3
52,1372.7
9,1372.8
14,1374.3
56,1374.9
33,1376.1
60,1376.7
37,1377.3
38,1379.0
19,1380.1
13,1380.2
29,1382.4
31,1384.2
51,1385.1
9,1385.7
18,1397.8
15,1430.6
14,1432.1
29,1441.9
9,1442.2
6,1442.3
13,1443.8
53,1444.0
11,1445.3
56,1446.3
3,1446.5
10,1446.6
57,1446.7
34,1447.3
31,1448.7
61,1449.3
14,1449.5
33,1449.5
55,1450.1
41,1450.3
12,1451.3
30,1451.4
9,1452.3
18,1454.2
15,1454.7
38,1456.5
37,1457.8
43,1458.8
13,1459.2
52,1459.2
54,1459.4
53,1459.8
17,1460.4
51,1460.9
29,1462.7
56,1463.6
61,1464.2
60,1464.4
31,1465.4
10,1465.7
16,1465.7
9,1466.3
57,1467.1
55,1468.4
34,1469.3
41,1472.2
18,1474.3
37,1487.5
39,1489.5
14,1510.9
29,1515.8
6,1516.4
50,1519.0
62,1521.4
31,1521.4
9,1521.7
12,1523.4
11,1523.9
61,1524.0
33,1524.7
30,1525.3
52,1525.6
15,1526.3
14,1527.9
53,1528.1
56,1528.2
13,1528.6
3,1529.7
34,1532.1
9,1532.3
10,1532.8
43,1533.8
55,1534.3
57,1534.4
31,1534.9
29,1535.8
38,1536.4
18,1537.4
37,1538.7
61,1539.7
2,1539.7
41,1543.9
13,1545.6
12,1545.6
54,1546.1
9,1546.9
50,1548.0
19,1548.4
30,1548.5
36,1551.4
34,1551.6
48,1555.2
18,1556.2
57,1556.9
49,1559.0
3,1560.5
5,1562.2
61,1562.3
7,1564.3
50,1568.8
29,1579.3
48,1588.0
3,1593.9
5,1607.0
14,1742.0
9,1749.4
34,1761.1
33,1770.9
11,1779.8
53,1781.2
10,1787.3
31,1797.4
59,1804.7
51,1805.2
15,1808.7
60,1828.2
39,1835.9
27,1842.8
52,1846.0
32,1859.5
58,1866.4
35,1872.1
55,1882.6
16,1896.2
14,1899.6
33,1899.8
15,1900.0
6,1901.0
29,1901.6
9,1903.4
53,1904.7
54,1905.7
56,1905.9
36,1906.2
60,1906.2
57,1906.3
51,1906.4
30,1906.7
17,1906.8
39,1907.2
12,1907.7
19,1907.8
11,1908.5
59,1910.3
37,1910.4
62,1910.4
34,1911.2
55,1911.3
38,1911.4
13,1912.0
10,1912.5
50,1914.3
31,1914.5
18,1914.9
52,1916.1
27,1916.7
3,1917.0
61,1918.0
9,1918.2
43,1918.6
14,1918.7
58,1919.9
8,1922.0
33,1922.2
53,1922.7
41,1924.3
29,1924.4
56,1924.4
12,1925.0
35,1925.1
15,1926.2
30,1928.1
34,1928.4
31,1928.5
13,1928.7
57,1928.9
37,1929.3
48,1929.4
38,1929.8
7,1930.2
55,1930.4
19,1931.2
54,1931.3
9,1931.4
18,1931.4
11,1932.1
10,1932.7
17,1933.4
20,1934.0
51,1934.2
2,1934.8
61,1936.2
46,1937.5
45,1937.6
36,1937.9
14,1938.0
59,1938.6
5,1939.1
16,1939.7
52,1939.9
49,1940.2
50,1942.4
3,1943.9
31,1947.2
29,1950.8
0,1952.7
47,1953.9
18,1954.8
34,1955.8
24,1956.6
55,1956.9
6,1959.7
5,1967.4
46,1971.6
57,1972.5
19,1973.0
15,1973.6
39,1973.6
3,1975.7
45,1976.6
14,1977.1
33,1979.8
29,1981.5
36,1984.3
6,1985.9
9,1986.9
43,1987.7
13,1989.9
31,1992.5
56,1993.4
14,1993.9
11,1994.0
53,1994.1
30,1994.9
18,1996.0
12,1996.3
61,1996.6
52,1998.1
9,1998.2
55,1998.6
2,1999.5
41,2000.4
37,2000.9
10,2001.0
33,2003.8
38,2004.6
29,2007.1
13,2009.8
9,2011.9
31,2012.3
51,2012.6
56,2016.6
14,2016.8
18,2019.8
60,2056.7
62,2060.2
16,2061.3
14,2064.9
6,2066.0
29,2066.6
12,2066.9
9,2067.6
11,2069.8
53,2070.4
15,2070.9
3,2071.1
34,2072.3
10,2072.3
31,2074.0
13,2074.1
33,2074.2
61,2074.4
41,2074.9
55,2075.6
30,2076.0
43,2077.8
9,2077.9
56,2078.3
18,2079.1
57,2080.7
37,2081.2
38,2081.9
14,2082.3
52,2083.7
51,2084.1
29,2087.3
12,2087.5
53,2087.6
17,2088.0
61,2089.4
31,2092.9
55,2094.6
13,2095.6
9,2096.2
18,2100.2
41,2101.0
2,2104.4
57,2105.0
39,2115.3
29,2140.4
6,2141.3
14,2143.5
50,2144.4
61,2147.9
9,2148.0
30,2149.8
15,2150.1
11,2150.3
34,2150.5
10,2151.2
31,2152.0
13,2152.1
33,2152.7
38,2153.1
53,2153.5
3,2153.7
56,2155.6
12,2156.1
43,2156.4
55,2157.8
9,2159.3
18,2159.5
14,2160.5
29,2160.6
52,2161.0
37,2163.7
48,2165.5
34,2166.3
51,2166.3
61,2168.3
31,2168.5
10,2168.5
41,2169.2
2,2172.1
13,2172.2
30,2172.9
9,2173.5
53,2176.5
56,2178.7
55,2179.7
7,2179.7
18,2179.9
48,2187.8
36,2188.0
50,2191.6
41,2193.2
34,2195.5
49,2210.9
29,2211.8
50,2235.0
57,2422.0
14,2442.7
9,2450.8
36,2454.7
37,2476.6
33,2495.0
11,2509.4
15,2516.3
60,2518.7
54,2519.3
17,2520.0
39,2520.5
38,2520.9
62,2521.0
16,2521.6
59,2524.9
12,2525.3
33,2525.8
14,2526.2
6,2526.6
8,2526.9
29,2527.2
9,2529.6
51,2532.5
36,2532.5
30,2532.6
53,2532.8
57,2534.5
37,2535.1
55,2535.4
61,2536.3
58,2536.4
19,2536.6
34,2537.3
10,2537.8
13,2537.8
11,2538.9
31,2540.1
15,2540.4
35,2541.2
50,2541.5
56,2542.5
18,2542.6
52,2542.9
27,2543.0
38,2543.6
12,2543.6
9,2544.1
3,2544.4
14,2545.3
17,2547.2
33,2548.0
54,2548.1
43,2548.4
41,2549.2
29,2550.1
20,2550.9
53,2552.1
61,2553.1
37,2553.6
30,2553.8
34,2554.6
55,2554.7
31,2554.7
13,2554.8
48,2555.0
59,2556.1
39,2556.9
7,2557.2
51,2557.3
9,2557.8
10,2558.8
57,2559.7
18,2560.5
56,2560.5
36,2563.0
14,2564.3
19,2565.2
49,2566.1
45,2566.3
46,2566.5
52,2568.2
62,2569.0
50,2569.0
2,2570.3
5,2574.4
31,2577.6
29,2577.9
34,2581.6
3,2583.4
0,2585.6
20,2586.2
24,2586.4
18,2587.3
6,2589.7
15,2598.8
8,2601.6
16,2605.0
29,2606.2
14,2606.2
39,2606.3
36,2609.8
46,2610.3
48,2611.5
9,2611.8
45,2613.7
11,2613.8
12,2613.9
43,2614.3
33,2614.4
13,2615.8
6,2616.1
31,2616.7
38,2618.2
60,2618.4
53,2618.5
62,2619.4
61,2619.8
30,2620.1
3,2620.2
55,2620.8
41,2622.2
37,2622.6
52,2622.8
14,2623.1
19,2623.4
9,2623.4
18,2623.5
10,2625.3
2,2625.4
56,2626.2
59,2630.2
29,2630.5
51,2630.8
50,2631.8
13,2632.1
31,2633.8
9,2638.0
12,2639.7
14,2681.9
29,2692.5
61,2692.6
6,2692.7
31,2692.7
9,2693.1
13,2694.6
11,2695.3
53,2695.5
33,2695.6
15,2696.6
56,2697.1
10,2698.5
57,2699.0
34,2699.0
14,2699.2
38,2699.4
41,2700.3
18,2700.6
3,2700.9
55,2701.0
37,2701.1
30,2701.4
43,2701.5
12,2702.2
9,2703.6
31,2707.5
52,2708.6
61,2709.1
13,2709.9
51,2712.1
54,2712.2
53,2713.3
29,2713.6
56,2714.3
2,2715.9
16,2719.0
57,2719.5
18,2720.0
9,2724.1
60,2725.4
55,2725.5
41,2727.3
61,2727.3
14,2759.5
15,2762.2
29,2766.0
6,2766.1
31,2771.0
9,2771.3
33,2771.8
11,2773.1
12,2773.5
30,2773.6
34,2774.2
10,2774.7
14,2776.2
13,2776.7
53,2777.2
38,2777.5
3,2780.4
56,2781.3
37,2781.4
9,2781.9
61,2782.9
52,2783.7
43,2784.2
15,2785.2
51,2785.4
31,2785.5
29,2785.7
17,2786.0
55,2786.3
18,2788.8
34,2789.7
10,2793.4
41,2793.7
13,2793.9
12,2794.9
2,2796.5
9,2796.5
54,2796.7
30,2798.2
50,2800.3
36,2800.6
14,2800.7
48,2802.8
61,2804.7
7,2805.1
37,2805.4
18,2812.2
41,2823.7
50,2824.7
49,2826.1
48,2846.8
57,3036.1
36,3049.2
34,3090.8
33,3107.9
51,3140.4
60,3140.4
39,3141.4
11,3141.5
53,3142.0
62,3142.0
16,3142.2
55,3142.9
38,3143.7
15,3144.8
6,3145.4
33,3145.5
14,3145.6
29,3146.5
58,3148.1
17,3148.8
9,3148.9
54,3148.9
35,3149.2
36,3149.5
57,3149.7
30,3150.4
59,3151.1
19,3151.4
56,3151.6
31,3151.8
37,3152.0
12,3152.2
34,3153.1
27,3153.2
10,3153.3
50,3153.6
18,3154.0
8,3155.1
43,3155.3
52,3156.0
3,3156.2
13,3156.5
32,3158.0
46,3158.0
7,3158.5
11,3158.8
39,3160.0
51,3160.1
2,3160.5
16,3160.7
33,3160.9
62,3161.0
53,3161.0
0,3161.3
14,3161.4
60,3161.6
47,3162.0
45,3162.1
38,3162.7
15,3163.9
24,3164.2
48,3164.4
41,3164.5
6,3164.5
28,3164.9
55,3164.9
49,3165.0
29,3165.2
20,3165.3
5,3165.5
21,3167.5
4,3167.5
54,3167.9
1,3168.1
58,3168.2
59,3168.8
36,3168.9
19,3169.4
35,3169.5
57,3169.7
17,3169.8
61,3170.1
9,3170.4
30,3171.1
10,3171.1
12,3171.2
34,3171.3
31,3171.6
23,3172.3
26,3172.3
37,3172.9
18,3173.7
27,3173.7
40,3173.9
52,3174.8
43,3175.5
11,3176.0
13,3176.3
25,3177.1
8,3177.6
3,3178.2
44,3178.4
50,3179.1
22,3179.4
56,3180.2
42,3180.7
32,3181.4
0,3181.9
46,3182.1
33,3182.1
45,3182.4
14,3182.7
2,3183.7
7,3184.5
53,3185.0
62,3185.3
29,3186.3
47,3187.1
39,3187.3
48,3187.3
41,3188.4
5,3188.6
6,3189.1
20,3189.2
24,3190.0
59,3192.9
60,3193.5
21,3194.3
16,3194.4
4,3195.2
28,3195.3
19,3196.0
57,3200.8
43,3202.3
36,3203.2
11,3205.7
45,3215.2
15,3220.2
3,3221.1
14,3221.6
2,3224.3
17,3225.4
30,3226.1
54,3226.3
6,3226.8
29,3227.3
33,3227.6
55,3229.6
62,3230.4
36,3231.4
39,3232.6
16,3232.7
60,3232.9
57,3233.7
11,3234.3
9,3234.6
10,3235.4
19,3236.3
59,3237.6
37,3240.6
14,3241.5
13,3246.2
53,3246.4
43,3246.8
0,3252.6
3,3253.8
45,3260.2
29,3267.1
6,3269.0
2,3278.7
15,3299.9
33,3300.3
17,3303.8
11,3304.7
30,3304.8
50,3304.9
51,3305.2
6,3305.5
8,3306.7
29,3307.0
14,3307.2
62,3312.4
36,3312.9
60,3313.0
3,3313.5
57,3314.2
16,3314.4
39,3314.4
9,3314.4
12,3315.4
43,3315.5
52,3316.3
31,3317.1
19,3318.4
54,3319.4
59,3320.0
55,3320.4
53,3320.6
15,3320.7
33,3320.9
37,3321.2
2,3321.6
10,3322.5
38,3322.9
18,3323.2
45,3323.8
34,3324.3
11,3326.2
13,3327.7
14,3328.3
6,3330.5
41,3331.2
27,3331.4
17,3332.2
29,3332.5
46,3332.5
30,3332.7
7,3332.7
47,3333.3
0,3333.3
35,3334.8
51,3335.2
23,3336.6
12,3336.9
48,3338.8
5,3339.3
8,3340.4
43,3340.5
36,3341.8
50,3341.9
1,3343.3
4,3344.0
52,3344.1
21,3344.4
20,3344.5
9,3344.6
62,3345.0
57,3345.1
58,3345.8
31,3345.8
24,3347.1
16,3347.1
59,3347.8
3,3348.6
33,3348.7
19,3349.3
39,3349.4
26,3349.8
32,3350.4
11,3351.1
28,3351.3
60,3351.3
18,3353.6
54,3353.7
10,3353.8
45,3354.1
22,3355.1
38,3356.4
13,3356.5
2,3357.4
53,3358.1
14,3358.2
61,3358.9
29,3359.8
0,3360.4
34,3360.7
15,3361.2
41,3361.8
40,3364.2
17,3364.7
6,3365.6
5,3368.6
12,3368.7
42,3369.4
46,3369.6
48,3369.6
43,3370.8
47,3371.0
20,3371.0
44,3372.8
36,3374.6
25,3375.1
7,3375.3
59,3376.9
4,3377.4
21,3377.5
62,3378.5
8,3379.2
57,3379.7
33,3380.4
49,3380.5
19,3381.5
23,3381.9
3,3382.1
50,3382.2
16,3382.5
9,3382.6
51,3382.8
29,3383.0
11,3383.1
30,3383.6
39,3383.8
14,3384.0
6,3384.2
60,3385.9
45,3386.3
15,3387.0
55,3389.2
17,3389.6
24,3389.9
52,3390.1
2,3390.1
13,3390.5
27,3390.6
10,3390.7
53,3390.7
37,3391.2
18,3391.8
54,3392.0
0,3392.4
31,3395.2
12,3395.5
34,3395.7
28,3396.0
43,3396.1
1,3396.7
36,3398.5
62,3401.6
59,3401.7
33,3401.9
38,3402.6
5,3403.4
11,3404.6
14,3405.0
57,3405.2
19,3407.4
22,3407.6
29,3409.2
3,3413.5
6,3414.1
45,3428.9
0,3577.8
21,3597.3
13,3604.1
4,3610.6
52,3611.4
34,3617.3
2,3618.9
47,3621.7
12,3624.5
32,3624.5
58,3624.9
39,3625.0
51,3625.9
26,3626.0
9,3628.9
8,3629.6
41,3630.2
46,3630.7
20,3631.0
60,3633.1
15,3634.9
16,3635.9
30,3636.0
35,3637.2
10,3637.8
56,3637.9
14,3641.4
59,3642.8
7,3642.9
0,3644.1
48,3644.1
19,3644.2
13,3644.9
11,3645.8
5,3645.8
45,3646.1
24,3646.1
29,3646.9
43,3648.6
58,3649.4
32,3650.1
3,3650.8
21,3651.1
34,3651.5
62,3651.6
52,3652.1
31,3652.4
54,3652.4
18,3652.4
57,3652.7
27,3652.8
36,3653.1
44,3653.1
33,3653.2
12,3653.3
38,3653.6
53,3653.6
37,3655.0
50,3655.6
4,3656.0
39,3656.3
17,3656.4
6,3657.9
61,3657.9
41,3658.1
51,3658.8
2,3658.8
28,3659.0
46,3659.2
40,3659.5
47,3661.1
20,3661.4
23,3661.4
16,3662.3
22,3662.3
8,3662.5
10,3662.6
49,3663.1
35,3663.6
55,3663.8
42,3664.5
14,3664.7
19,3665.1
59,3665.6
11,3665.6
30,3665.9
9,3666.1
26,3666.4
13,3667.0
60,3667.3
25,3667.6
48,3667.6
0,3667.8
29,3668.0
1,3669.1
45,3669.2
5,3669.2
15,3669.2
43,3670.4
24,3670.9
56,3671.5
32,3672.3
33,3672.4
7,3672.4
34,3672.7
58,3673.2
52,3673.3
57,3674.0
18,3674.0
62,3674.5
21,3675.7
12,3676.8
38,3677.1
53,3677.7
36,3677.8
54,3677.8
31,3678.1
39,3678.6
27,3679.9
41,3681.1
3,3681.2
4,3681.6
37,3682.4
17,3683.2
50,3684.6
46,3686.0
20,3686.2
6,3687.6
2,3687.7
44,3688.2
59,3688.4
11,3690.8
10,3690.8
14,3692.1
0,3693.4
22,3697.5
45,3699.9
40,3701.2
48,3701.7
29,3714.7
21,3733.1
33,3767.4
16,3768.4
55,3769.9
43,3770.1
19,3770.2
30,3770.6
15,3773.6
51,3773.8
29,3773.9
14,3773.9
62,3775.7
3,3777.0
6,3777.3
59,3777.4
36,3777.5
57,3778.0
60,3778.0
39,3778.6
17,3779.5
18,3780.8
54,3783.9
10,3784.3
37,3784.9
53,3785.3
50,3786.0
11,3788.9
5,3789.4
34,3790.2
33,3790.4
45,3791.4
16,3791.9
2,3792.7
19,3794.0
9,3795.4
38,3796.7
14,3797.2
52,3797.3
47,3797.4
7,3797.8
43,3798.2
8,3799.8
15,3800.7
0,3801.2
29,3801.4
55,3804.2
46,3804.3
62,3804.4
58,3805.0
1,3805.0
59,3805.2
6,3805.7
30,3805.9
35,3806.6
48,3806.9
36,3808.1
20,3808.7
4,3808.8
39,3809.0
41,3809.9
57,3810.3
21,3811.0
3,3811.4
18,3811.8
60,3812.4
12,3813.3
26,3814.5
28,3814.8
13,3815.8
23,3816.2
24,3817.0
10,3817.2
17,3818.1
42,3818.6
11,3818.7
45,3820.8
33,3822.4
51,3822.9
5,3823.1
53,3823.2
31,3824.0
54,3824.9
19,3825.1
2,3827.9
14,3828.1
0,3828.2
34,3828.4
61,3828.5
43,3829.9
37,3830.0
16,3831.5
52,3832.6
59,3832.8
40,3833.0
38,3833.9
44,3834.7
29,3836.3
22,3838.1
58,3838.3
50,3838.6
47,3839.9
8,3840.1
15,3842.8
48,3843.6
46,3844.1
9,3844.3
36,3844.4
62,3844.6
20,3844.7
30,3845.4
11,3845.5
32,3845.5
6,3846.1
7,3846.6
21,3846.8
4,3846.8
14,3847.5
18,3847.6
39,3847.7
60,3847.8
57,3847.8
10,3848.9
33,3848.9
3,3849.5
53,3850.4
45,3851.1
55,3851.3
25,3852.0
13,3852.7
17,3852.8
29,3853.0
54,3853.2
51,3853.6
59,3854.5
16,3855.3
19,3855.5
43,3856.0
35,3856.5
2,3856.9
52,3857.4
34,3857.5
37,3858.3
0,3860.4
38,3862.0
24,3862.0
5,3862.6
50,3863.4
23,3865.1
15,3865.5
12,3867.3
31,3867.4
14,3867.5
62,3867.5
6,3869.5
8,3870.3
36,3871.5
11,3871.6
28,3871.8
26,3872.7
1,3872.8
46,3875.3
42,3876.4
48,3877.8
47,3878.4
3,3879.5
29,3880.3
4,3880.7
7,3881.6
45,3882.2
44,3882.9
43,3890.9
2,3892.7
60,3926.5
33,3927.3
39,3928.3
17,3928.6
59,3928.7
55,3929.2
57,3929.4
30,3930.0
19,3932.3
14,3932.3
10,3932.6
15,3932.9
53,3933.6
29,3934.4
6,3936.8
9,3936.9
62,3937.8
3,3938.5
16,3938.6
51,3938.6
36,3939.2
18,3945.4
37,3947.8
54,3947.9
11,3948.3
33,3952.7
43,3953.2
59,3956.3
45,3956.6
39,3957.4
60,3957.9
50,3958.2
15,3958.8
14,3959.0
0,3960.3
53,3961.2
19,3963.8
2,3964.3
17,3966.3
10,3967.5
29,3970.3
55,3974.1
52,3974.8
30,3975.3
57,3975.9
38,3976.2
6,3977.5
7,3983.5
62,3988.2
3,3992.3
11,3993.3
43,3997.7
18,4001.1
14,4002.5
36,4003.0
12,4005.6
15,4008.7
33,4010.0
17,4010.8
29,4011.0
60,4011.9
6,4012.1
16,4012.2
54,4012.4
59,4012.4
53,4013.2
55,4013.2
10,4013.4
19,4013.5
39,4013.5
62,4014.4
30,4014.7
57,4014.9
38,4015.1
37,4015.6
51,4016.1
9,4016.4
3,4016.5
34,4017.0
52,4017.2
45,4019.2
11,4019.3
50,4019.5
14,4019.9
58,4020.1
35,4021.7
46,4022.9
2,4023.2
27,4023.4
36,4025.9
43,4026.0
15,4026.3
41,4026.9
20,4027.2
18,4028.4
8,4029.8
5,4030.0
33,4030.6
7,4030.6
4,4031.1
32,4031.5
12,4032.4
53,4032.7
21,4033.7
0,4034.3
17,4034.7
59,4035.3
29,4035.5
31,4035.9
48,4036.7
19,4038.0
6,4038.0
10,4038.5
38,4039.3
54,4039.6
16,4040.3
55,4040.3
24,4040.4
39,4041.0
13,4041.1
60,4041.7
52,4043.3
47,4043.6
37,4043.7
30,4044.0
62,4044.1
14,4045.7
11,4045.9
57,4046.1
45,4047.3
34,4047.4
28,4048.3
3,4048.4
61,4048.8
51,4048.8
1,4054.4
50,4056.6
43,4057.6
2,4059.1
20,4059.9
26,4061.8
5,4063.6
0,4066.5
29,4067.1
46,4067.3
25,4070.2
4,4070.9
44,4073.1
7,4073.8
21,4074.3
6,4078.8
22,4079.2
23,4083.1
8,4085.4
42,4094.7
48,4096.7
45,4099.3
59,4104.0
3,4107.2
33,4224.8
15,4233.6
53,4234.1
36,4236.3
9,4252.2
18,4257.1
41,4261.5
40,4261.7
11,4266.4
31,4272.2
27,4282.1
32,4282.2
13,4288.3
59,4290.5
38,4294.8
19,4295.8
49,4298.9
0,4299.5
35,4300.4
51,4300.5
52,4305.7
60,4306.0
20,4307.1
58,4307.5
33,4307.7
17,4310.7
41,4313.8
45,4316.4
54,4317.3
14,4317.3
43,4317.3
56,4317.7
29,4317.9
30,4317.9
11,4321.3
53,4321.9
27,4322.3
46,4322.3
24,4322.6
12,4322.7
47,4322.8
10,4323.2
4,4324.6
39,4325.2
5,4325.2
32,4325.8
37,4327.9
19,4328.0
55,4328.1
31,4328.2
59,4328.3
36,4328.4
0,4329.0
7,4329.1
34,4329.6
21,4329.7
40,4330.4
62,4330.7
16,4330.7
57,4330.8
38,4331.7
50,4332.2
13,4332.3
2,4332.7
18,4332.9
61,4333.4
51,4335.0
48,4335.4
9,4335.6
58,4335.8
44,4336.6
35,4336.8
6,4337.4
33,4337.7
23,4338.7
41,4339.2
52,4339.4
20,4339.4
1,4339.5
17,4339.9
29,4340.7
15,4340.8
11,4341.2
3,4341.3
8,4341.4
43,4341.4
49,4341.7
14,4341.7
45,4342.1
28,4342.3
60,4342.7
30,4343.4
42,4343.6
26,4343.6
54,4344.1
10,4344.7
56,4344.8
25,4345.0
12,4345.9
22,4346.9
53,4347.0
27,4347.0
59,4347.1
24,4347.5
5,4348.5
46,4349.0
32,4349.2
19,4349.8
39,4350.3
47,4350.4
0,4351.0
4,4351.1
34,4351.2
37,4352.7
57,4353.4
36,4354.2
31,4355.0
16,4355.2
18,4356.0
62,4356.1
13,4356.8
21,4357.8
7,4358.4
48,4358.6
2,4358.9
50,4359.0
40,4359.4
58,4363.2
51,4363.3
33,4363.6
6,4364.7
43,4365.6
11,4365.7
41,4366.4
20,4366.7
29,4366.7
14,4366.9
45,4367.3
59,4372.5
10,4376.1
35,4377.1
3,4387.5
15,4390.5
34,4391.7
19,4391.8
30,4393.0
29,4397.3
17,4397.8
60,4397.8
14,4398.1
6,4399.3
62,4399.7
16,4400.7
57,4400.8
53,4403.1
59,4403.1
33,4403.3
55,4403.6
39,4404.9
0,4405.1
36,4406.8
51,4406.8
45,4407.5
37,4408.5
50,4409.1
9,4411.3
11,4411.8
10,4412.2
43,4412.6
18,4414.3
15,4414.3
3,4414.8
2,4416.5
7,4418.8
19,4419.8
34,4423.6
14,4424.5
29,4426.0
5,4442.5
60,4471.3
6,4472.5
62,4472.6
30,4473.3
16,4476.2
59,4477.8
17,4478.0
29,4479.5
15,4479.9
57,4479.9
3,4480.2
14,4480.3
22,4484.6
43,4486.1
19,4489.3
33,4490.5
2,4491.4
45,4491.5
39,4492.8
11,4498.6
62,4500.8
10,4502.8
0,4507.3
53,4516.5
29,4518.2
6,4518.2
3,4525.0
43,4526.1
14,4528.0
60,4536.9
15,4549.0
57,4550.7
30,4551.2
17,4551.3
16,4552.1
55,4552.5
50,4552.6
9,4553.2
51,4553.4
38,4553.9
37,4554.5
54,4554.7
36,4555.6
34,4555.8
14,4556.1
58,4556.5
60,4556.6
29,4556.9
53,4558.4
6,4558.5
19,4559.2
33,4559.3
62,4559.7
59,4559.7
4,4560.7
18,4560.8
3,4561.0
46,4561.5
11,4562.0
39,4562.6
45,4564.8
43,4565.3
10,4565.3
2,4565.4
15,4566.8
52,4567.8
48,4568.0
13,4569.4
27,4569.7
8,4572.1
17,4572.7
24,4573.7
35,4574.1
57,4574.1
30,4574.3
0,4575.4
16,4575.5
14,4575.9
1,4576.1
7,4576.1
55,4576.8
23,4577.2
26,4578.0
38,4578.2
51,4578.5
9,4579.0
37,4579.5
5,4579.8
50,4580.2
20,4580.4
34,4580.5
29,4581.8
53,4582.2
54,4582.3
19,4582.6
56,4582.7
59,4582.9
33,4583.2
31,4583.2
61,4583.3
58,4583.4
36,4583.8
21,4584.0
41,4584.0
60,4584.3
32,4584.5
28,4584.9
47,4586.2
6,4586.5
11,4586.7
18,4587.7
12,4587.7
62,4588.2
3,4590.2
45,4590.4
42,4590.9
46,4591.2
39,4591.5
43,4592.3
4,4592.6
44,4592.7
52,4594.0
2,4595.6
15,4596.2
10,4596.4
13,4597.7
48,4598.1
0,4600.1
8,4603.6
14,4603.9
29,4606.5
22,4606.6
25,4606.7
5,4608.1
24,4608.3
7,4608.3
26,4615.5
50,4615.7
21,4617.0
11,4621.3
23,4621.5
45,4621.9
6,4625.0
3,4627.3
1,4628.3
43,4629.4
53,4629.6
59,4631.0
36,4631.1
17,4632.0
30,4632.1
33,4632.6
19,4632.8
16,4632.9
57,4633.2
51,4633.8
9,4634.9
15,4635.7
14,4636.4
60,4636.9
34,4637.1
29,4637.5
62,4638.4
38,4641.0
39,4642.8
2,4642.9
55,4644.3
37,4644.9
18,4648.5
11,4649.2
10,4650.4
6,4651.0
59,4656.5
45,4656.8
3,4657.6
19,4659.2
16,4661.6
14,4662.4
57,4662.9
0,4663.3
43,4664.5
20,4671.9
29,4672.6
36,4674.4
60,4675.0
62,4681.6
4,4686.1
33,4690.8
39,4696.8
17,4830.7
15,4836.7
30,4839.2
53,4842.8
34,4854.6
51,4855.3
54,4857.3
48,4861.5
9,4866.8
31,4868.0
7,4868.6
41,4869.0
32,4870.2
58,4871.0
46,4871.2
57,4874.4
27,4874.9
50,4876.1
35,4878.0
14,4879.8
49,4883.9
28,4884.4
59,4884.9
40,4888.2
13,4888.3
0,4889.0
11,4890.1
43,4891.2
5,4891.6
45,4891.8
20,4892.4
33,4893.2
29,4893.7
38,4893.8
17,4893.8
24,4893.9
6,4893.9
18,4894.6
19,4894.9
16,4897.0
54,4897.0
10,4897.5
34,4898.0
30,4898.7
2,4898.9
37,4899.3
52,4899.4
12,4899.5
60,4900.7
32,4900.8
41,4901.9
3,4902.4
4,4902.4
53,4902.5
58,4903.1
39,4904.7
47,4905.2
27,4905.7
36,4905.7
15,4906.6
48,4906.9
14,4907.8
31,4908.3
57,4909.0
51,4909.3
59,4909.6
61,4909.8
46,4910.0
62,4910.2
35,4910.2
21,4911.1
11,4911.6
8,4911.9
9,4912.0
55,4912.3
25,4913.2
44,4913.6
20,4913.7
56,4913.7
26,4913.7
43,4914.1
0,4914.6
33,4914.6
7,4914.6
1,4914.9
13,4915.0
50,4916.5
40,4916.6
19,4916.7
5,4916.9
22,4917.2
45,4917.3
29,4917.4
38,4918.3
18,4918.3
23,4919.5
6,4920.4
10,4920.5
42,4920.7
34,4920.9
17,4921.3
24,4921.7
28,4921.7
52,4922.4
32,4922.6
41,4922.6
54,4922.7
49,4923.2
16,4923.7
12,4924.2
30,4924.9
37,4925.1
2,4926.3
53,4927.5
58,4927.7
39,4928.7
59,4929.1
48,4929.7
3,4929.8
4,4929.9
14,4930.4
57,4931.6
36,4932.2
11,4933.1
60,4934.0
47,4934.1
27,4936.6
46,4936.7
21,4936.9
62,4937.3
43,4938.0
0,4938.8
20,4939.1
13,4941.9
8,4942.2
5,4943.2
45,4943.2
29,4947.8
19,4947.8
18,4948.9
6,4974.6
15,5016.2
33,5016.7
34,5017.8
59,5019.0
9,5019.5
14,5022.8
55,5023.4
60,5026.3
30,5026.5
3,5026.5
10,5027.1
53,5027.9
62,5029.3
57,5029.5
17,5030.9
16,5031.1
29,5032.4
37,5032.8
19,5033.9
11,5034.2
39,5036.0
6,5036.9
33,5037.9
2,5040.8
15,5042.0
34,5042.2
4,5042.8
51,5043.3
36,5043.7
13,5044.0
18,5045.0
59,5045.6
45,5046.2
14,5046.3
9,5050.2
0,5052.2
38,5053.3
43,5053.4
54,5054.6
10,5055.5
58,5055.6
22,5057.6
3,5062.4
52,5062.7
53,5062.7
62,5063.3
60,5064.2
30,5064.3
11,5066.3
57,5066.9
5,5067.5
19,5069.1
31,5071.3
20,5072.4
1,5073.9
21,5075.4
55,5077.7
33,5078.2
45,5081.0
14,5082.5
16,5083.5
13,5084.0
2,5087.9
17,5089.9
4,5091.9
0,5092.1
59,5092.6
42,5093.4
36,5093.9
29,5094.2
37,5094.2
34,5094.8
18,5095.2
10,5097.1
11,5097.3
6,5098.3
39,5099.2
60,5099.2
15,5100.0
53,5100.4
14,5101.3
33,5101.6
19,5101.8
30,5102.2
62,5102.4
43,5104.0
3,5104.2
9,5104.5
16,5104.7
57,5104.7
50,5104.8
38,5104.8
8,5105.2
55,5106.0
48,5107.4
51,5108.5
52,5108.8
54,5110.2
58,5111.0
17,5111.6
45,5112.2
13,5112.9
59,5113.8
41,5114.2
28,5115.5
37,5115.8
20,5117.3
2,5117.7
34,5117.8
29,5118.1
4,5118.8
18,5120.5
36,5120.5
14,5121.2
11,5122.6
40,5123.0
39,5124.1
5,5124.1
31,5124.2
60,5124.9
15,5125.0
19,5125.4
10,5125.5
0,5125.8
33,5125.8
6,5127.4
21,5127.6
53,5128.8
62,5130.0
42,5133.2
16,5133.6
23,5133.7
46,5134.3
43,5134.9
26,5137.7
7,5139.6
3,5142.8
48,5143.1
47,5143.9
45,5145.7
24,5161.6
2,5162.8
4,5164.9
0,5168.9
29,5173.9
5,5177.3
50,5177.5
57,5177.7
59,5177.8
30,5180.8
60,5183.2
14,5184.2
3,5184.5
15,5184.6
19,5185.4
62,5185.7
16,5187.4
6,5188.7
53,5189.4
17,5189.6
33,5190.8
37,5191.2
39,5191.5
36,5191.6
34,5192.2
45,5194.0
2,5194.2
11,5195.7
8,5195.9
4,5197.1
29,5197.6
28,5200.0
18,5200.2
42,5204.5
57,5207.1
59,5209.7
41,5210.5
20,5211.4
43,5212.6
48,5216.0
60,5218.2
0,5218.9
19,5218.9
3,5223.0
62,5223.3
16,5226.7
6,5229.6
14,5230.6
50,5230.7
5,5231.7
21,5233.1
39,5236.0
45,5238.2
33,5242.4
24,5247.6
7,5247.8
15,5254.4
34,5256.8
9,5257.3
55,5258.3
38,5258.6
54,5258.9
11,5259.0
60,5259.8
53,5261.1
14,5261.2
58,5262.0
19,5262.1
2,5262.5
17,5262.7
59,5262.7
29,5263.0
16,5263.1
33,5263.2
62,5263.4
51,5263.9
37,5263.9
10,5264.5
30,5264.5
57,5264.5
3,5265.0
18,5265.1
13,5266.6
36,5266.7
39,5267.0
6,5267.0
4,5267.9
8,5271.4
45,5273.3
50,5273.4
15,5274.4
28,5275.1
52,5275.5
35,5275.5
34,5275.5
27,5278.0
56,5278.6
14,5280.7
43,5280.8
0,5282.7
55,5282.7
9,5283.0
5,5283.1
11,5283.1
12,5283.5
20,5283.6
42,5284.0
31,5284.3
19,5284.7
41,5285.0
38,5285.1
53,5285.2
33,5285.7
60,5286.2
48,5286.8
32,5287.6
59,5288.6
54,5288.8
7,5289.0
10,5289.6
29,5290.0
24,5290.1
17,5290.2
16,5290.9
37,5291.0
58,5291.2
62,5291.4
46,5291.5
61,5291.7
40,5291.8
57,5292.3
49,5293.6
30,5293.8
18,5294.8
47,5295.1
39,5295.3
13,5295.7
2,5296.0
23,5296.1
21,5296.2
6,5296.6
34,5297.2
44,5298.1
45,5298.4
3,5298.5
36,5299.1
51,5299.6
4,5302.6
26,5303.1
11,5308.1
14,5308.3
0,5308.7
8,5308.8
43,5309.3
5,5310.9
50,5313.2
48,5318.4
1,5319.3
22,5319.4
25,5319.5
29,5319.7
28,5320.8
42,5328.6
46,5330.1
24,5340.5
45,5340.6
2,5343.5
21,5354.6
62,5402.8
19,5430.8
59,5435.4
41,5446.0
20,5470.7
33,5471.1
38,5482.6
9,5485.9
12,5486.9
15,5491.1
10,5500.8
53,5503.7
31,5510.2
59,5516.0
33,5516.6
0,5518.2
52,5522.7
11,5523.3
57,5523.8
27,5527.5
19,5528.0
45,5528.4
30,5528.9
38,5536.6
60,5536.9
13,5541.4
20,5541.9
43,5542.2
36,5546.7
32,5548.1
54,5548.8
37,5549.5
4,5549.7
53,5549.9
34,5550.1
18,5550.3
2,5552.7
58,5552.7
6,5552.7
29,5552.9
17,5554.0
31,5554.7
21,5554.9
40,5556.0
3,5556.1
41,5557.1
52,5557.2
35,5558.4
39,5558.8
33,5559.1
51,5560.1
10,5561.3
14,5561.4
46,5562.8
59,5563.1
0,5563.6
7,5563.7
11,5565.2
16,5566.3
47,5566.5
55,5566.9
12,5567.0
5,5568.0
19,5568.1
8,5568.2
9,5568.4
20,5568.7
13,5568.8
24,5568.8
62,5569.2
38,5569.8
45,5569.9
57,5570.1
43,5570.6
48,5571.2
27,5571.2
50,5572.5
32,5573.4
61,5573.7
36,5574.3
34,5575.7
28,5575.7
58,5575.8
56,5576.0
42,5576.2
30,5576.5
53,5576.6
54,5577.5
18,5578.0
60,5578.1
15,5578.4
37,5579.3
26,5579.3
23,5580.1
4,5580.3
1,5580.5
49,5580.8
33,5581.3
52,5581.6
41,5581.7
29,5581.9
2,5582.1
17,5582.3
35,5582.6
10,5583.0
6,5583.1
25,5583.2
59,5583.4
31,5583.7
14,5584.1
3,5584.6
44,5584.8
11,5585.3
21,5585.3
39,5585.5
22,5585.9
40,5586.8
0,5587.5
20,5589.3
46,5589.9
16,5590.7
19,5591.1
51,5591.2
45,5592.4
13,5592.4
57,5593.1
12,5593.2
5,5593.3
7,5593.9
8,5594.0
43,5594.0
48,5594.5
47,5595.3
24,5595.6
62,5597.7
50,5599.4
32,5602.6
27,5603.9
34,5604.0
53,5604.1
36,5606.1
42,5606.5
28,5608.9
59,5611.2
2,5613.8
14,5614.6
41,5615.1
18,5615.4
3,5636.4
29,5640.0
60,5640.5
6,5641.5
33,5645.9
37,5646.2
39,5646.4
30,5646.6
14,5652.0
15,5652.3
53,5654.2
59,5654.9
62,5657.9
57,5658.4
50,5659.7
4,5660.6
36,5661.0
16,5661.0
45,5661.2
3,5664.1
19,5664.5
29,5668.2
2,5668.4
60,5669.8
11,5670.8
13,5671.7
8,5673.6
28,5675.4
0,5676.0
22,5693.3
43,5699.7
6,5705.0
21,5706.7
39,5708.5
48,5708.6
3,5710.6
14,5718.7
33,5720.7
37,5721.8
30,5722.4
9,5723.7
38,5723.9
17,5724.0
7,5724.3
54,5725.1
60,5726.4
58,5726.7
15,5727.2
53,5727.5
10,5730.1
59,5730.6
55,5731.0
34,5731.2
39,5731.7
52,5732.6
16,5732.8
45,5732.9
29,5733.1
51,5733.4
36,5733.5
3,5733.8
62,5734.3
11,5734.5
57,5734.7
19,5734.8
50,5735.0
4,5736.9
2,5738.3
14,5738.3
20,5740.4
33,5740.6
13,5741.3
31,5742.2
8,5742.3
37,5743.7
6,5743.9
43,5746.4
35,5746.4
28,5747.5
0,5748.8
30,5749.1
17,5750.5
5,5751.6
9,5751.7
38,5752.1
42,5752.2
53,5753.4
15,5753.7
60,5754.5
54,5755.1
18,5756.5
58,5756.7
7,5756.8
10,5756.8
48,5756.9
59,5757.5
23,5757.9
24,5759.1
52,5759.4
41,5759.9
46,5760.4
34,5760.6
40,5762.3
21,5762.7
11,5762.9
39,5763.4
45,5763.8
19,5764.3
27,5764.5
26,5764.7
36,5765.1
16,5766.7
14,5768.1
62,5768.7
51,5768.9
32,5769.2
3,5770.2
33,5770.3
55,5771.8
29,5772.1
12,5772.2
20,5772.4
4,5772.6
57,5773.2
56,5773.3
13,5773.5
61,5773.6
2,5774.8
47,5777.2
31,5777.5
50,5778.4
0,5779.6
43,5779.9
8,5780.8
6,5781.9
5,5782.9
48,5789.7
44,5796.9
45,5797.6
60,5799.3
42,5799.6
25,5799.7
24,5800.6
28,5800.6
11,5800.7
14,5800.8
29,5800.9
53,5800.9
46,5801.8
30,5802.1
7,5802.4
59,5802.4
21,5803.5
3,5803.5
49,5803.9
23,5805.2
9,5805.3
37,5805.7
54,5805.7
16,5806.4
22,5807.7
15,5807.7
52,5807.9
36,5808.1
17,5808.2
33,5809.2
62,5809.2
10,5809.2
19,5809.8
1,5812.0
2,5812.3
39,5812.5
50,5813.3
34,5814.9
4,5814.9
57,5815.2
13,5816.3
8,5818.5
38,5819.4
6,5819.9
51,5821.4
14,5822.2
53,5823.0
11,5823.4
0,5823.7
45,5823.9
60,5824.0
43,5828.8
59,5829.3
29,5829.7
31,5829.7
5,5830.5
30,5830.8
3,5831.2
48,5831.9
42,5834.1
28,5835.6
7,5836.7
20,5839.2
26,5839.3
24,5840.5
47,5841.5
52,5842.4
19,5843.2
46,5843.6
16,5843.7
21,5849.4
62,5850.0
36,5850.8
2,5852.5
40,5864.3
45,5875.1
39,5879.6
15,5879.8
33,5881.5
37,5882.3
17,5883.6
60,5885.7
9,5887.4
58,5888.6
14,5890.4
59,5890.4
0,5890.5
54,5890.8
43,5892.0
3,5892.0
53,5892.4
19,5893.9
16,5895.1
57,5895.5
30,5895.6
62,5895.9
10,5896.0
36,5896.9
29,5897.5
4,5899.9
11,5900.3
38,5901.4
55,5902.9
15,5903.8
33,5904.3
50,5905.2
34,5905.5
39,5906.4
2,5906.4
13,5908.2
37,5908.4
45,5909.7
17,5911.5
18,5914.2
41,5914.4
60,5914.5
52,5916.0
14,5918.9
51,5920.6
59,5922.1
9,5925.2
19,5925.9
20,5927.6
6,5927.6
43,5928.3
53,5929.2
0,5929.3
3,5932.1
5,5935.8
58,5936.2
40,5936.6
30,5936.9
7,5937.4
57,5937.9
11,5938.1
31,5939.0
61,5939.3
10,5940.1
16,5941.5
8,5943.1
38,5943.9
48,5944.3
62,5945.2
54,5946.7
4,5956.1
39,5956.6
12,5957.4
35,5958.9
36,5958.9
45,5959.9
13,5961.5
59,5962.3
60,5962.9
2,5964.2
33,5964.3
18,5964.7
14,5965.4
19,5965.6
17,5965.7
29,5965.7
52,5966.5
41,5967.9
20,5969.8
53,5969.9
3,5971.4
46,5972.2
0,5972.7
11,5978.8
34,5980.5
5,5983.2
43,5983.4
30,5983.9
21,5989.9
27,5991.3
10,5991.6
32,5992.5
31,5997.2
4,5997.5
28,5998.1
13,5998.6
48,5999.4
9,6001.2
42,6002.1
45,6009.0
51,6010.3
29,6018.1
33,6018.8
58,6019.9
52,6020.7
24,6021.6
53,6023.6
47,6024.2
59,6024.8
11,6024.8
6,6024.9
0,6025.4
14,6026.0
8,6030.8
3,6031.7
5,6032.4
43,6032.7
2,6033.2
25,6039.4
19,6044.7
32,6045.6
34,6048.3
30,6050.8
20,6052.1
13,6052.2
45,6052.5
36,6052.5
4,6053.0
31,6053.0
50,6054.6
26,6055.6
37,6056.1
21,6056.2
10,6056.7
54,6057.2
57,6057.2
44,6057.8
29,6059.3
52,6059.6
12,6061.0
39,6061.1
51,6061.2
53,6061.6
41,6062.6
33,6063.7
14,6064.7
48,6064.8
7,6064.9
11,6065.6
58,6068.4
17,6069.1
59,6070.6
38,6071.2
55,6073.8
24,6075.4
43,6075.8
27,6076.1
0,6076.2
46,6076.7
6,6076.7
32,6076.8
19,6077.4
9,6077.5
47,6077.6
8,6077.9
62,6078.4
5,6078.5
18,6079.4
28,6079.7
42,6080.9
30,6081.2
40,6081.9
15,6081.9
34,6082.2
22,6082.3
23,6082.4
13,6082.7
60,6082.8
2,6083.2
20,6083.2
45,6083.6
35,6083.6
31,6085.5
16,6086.0
54,6087.1
49,6087.9
10,6088.8
57,6089.1
37,6089.4
56,6090.3
36,6090.4
29,6091.0
33,6091.3
3,6091.8
14,6093.0
21,6093.7
4,6094.1
41,6094.6
50,6094.6
11,6094.9
59,6095.1
53,6095.8
61,6095.9
12,6096.2
52,6096.6
48,6096.6
1,6097.5
39,6097.8
51,6100.5
26,6100.6
44,6101.6
58,6102.5
7,6103.3
25,6103.4
38,6104.2
0,6104.9
43,6105.4
18,6105.7
17,6106.2
24,6107.3
19,6107.6
46,6107.9
62,6108.1
6,6108.2
20,6110.0
5,6110.3
47,6111.2
8,6112.8
13,6112.9
45,6113.0
32,6113.1
34,6115.1
40,6115.5
22,6117.4
2,6117.4
42,6117.7
16,6117.7
60,6117.8
30,6119.2
57,6119.8
59,6123.5
14,6123.9
21,6128.4
48,6163.3
29,6164.4
3,6173.4
49,6174.2
4,6179.2
43,6179.5
0,6183.6
39,6202.7
36,6214.4
41,6235.1
11,6238.2
28,6253.2
33,6259.8
15,6265.6
9,6265.9
37,6266.0
55,6270.5
27,6270.8
53,6272.3
10,6272.9
60,6273.6
14,6274.0
59,6274.2
3,6274.3
30,6275.6
54,6275.7
29,6277.0
11,6277.9
19,6278.2
38,6278.3
16,6278.5
17,6279.3
51,6279.8
62,6280.0
33,6280.1
50,6280.1
39,6281.0
34,6281.1
4,6281.6
6,6281.7
58,6281.8
52,6281.9
13,6282.3
8,6284.1
61,6284.5
45,6284.6
57,6286.3
37,6287.0
0,6287.3
7,6287.3
5,6287.5
2,6287.6
49,6288.1
24,6288.3
15,6288.5
35,6288.7
28,6289.5
36,6291.2
9,6291.5
12,6291.5
23,6292.5
43,6292.8
14,6292.9
20,6293.7
53,6293.9
27,6294.6
10,6294.9
18,6295.3
56,6295.5
40,6295.9
41,6297.1
31,6297.4
59,6297.4
11,6298.9
48,6299.1
19,6300.0
42,6300.2
55,6300.2
54,6300.2
30,6300.6
60,6300.9
32,6301.5
29,6301.7
33,6301.9
3,6301.9
21,6302.0
38,6302.0
46,6302.2
16,6302.4
52,6303.5
47,6304.7
13,6304.8
34,6304.9
62,6304.9
39,6305.9
58,6306.1
17,6307.5
51,6307.8
26,6308.3
6,6308.5
1,6308.8
45,6309.0
8,6310.6
50,6311.1
4,6311.5
22,6311.5
57,6312.0
0,6313.4
5,6315.1
44,6315.8
37,6316.0
2,6316.2
61,6317.8
43,6318.4
14,6319.6
7,6319.8
20,6320.4
24,6321.3
25,6322.6
28,6327.3
11,6327.6
48,6328.0
23,6329.1
29,6332.9
21,6334.5
59,6337.5
3,6339.1
42,6340.9
53,6345.3
45,6345.4
62,6345.5
15,6347.6
19,6347.9
34,6351.5
0,6353.0
60,6355.2
14,6356.1
33,6356.5
16,6357.8
37,6358.9
5,6359.5
39,6359.9
2,6360.2
59,6362.8
3,6363.3
11,6365.6
29,6368.2
58,6371.3
62,6379.1
19,6380.0
45,6393.1
43,6412.9
53,6425.4
14,6426.8
15,6427.2
30,6427.2
9,6428.6
50,6431.5
38,6432.2
6,6434.8
3,6434.9
4,6436.0
17,6436.1
60,6438.0
10,6438.2
37,6438.8
33,6439.9
59,6442.1
16,6442.3
29,6442.9
62,6443.1
52,6443.7
11,6445.3
13,6445.7
39,6446.8
45,6447.2
8,6447.5
27,6447.6
19,6447.8
51,6448.4
2,6448.5
53,6450.4
14,6450.5
34,6452.4
30,6454.2
58,6454.7
0,6454.8
15,6456.3
20,6456.7
55,6456.8
31,6460.6
28,6460.9
5,6461.2
7,6461.5
41,6461.9
43,6465.5
38,6465.5
9,6465.8
35,6466.1
50,6467.5
18,6468.0
3,6468.7
42,6469.6
46,6469.9
33,6469.9
4,6470.9
52,6471.0
54,6471.6
24,6472.2
48,6472.9
10,6474.1
59,6475.5
6,6477.5
11,6477.7
37,6479.5
45,6480.2
13,6480.6
17,6480.7
60,6480.8
16,6481.1
14,6481.2
62,6481.3
12,6481.7
32,6482.3
29,6482.5
36,6482.6
19,6485.1
2,6487.5
21,6488.0
0,6488.5
20,6488.7
56,6489.2
53,6490.1
39,6492.5
8,6492.7
40,6494.2
58,6495.0
5,6495.1
30,6495.1
34,6497.8
31,6498.5
33,6500.3
27,6500.4
41,6500.4
43,6500.9
38,6501.3
59,6502.1
11,6504.3
52,6505.2
18,6505.6
51,6505.9
4,6506.5
3,6507.0
14,6507.5
57,6507.8
61,6508.4
10,6508.9
47,6509.7
50,6510.3
13,6510.5
54,6511.0
60,6511.2
24,6511.4
45,6511.7
37,6511.8
53,6511.8
15,6512.0
16,6512.0
19,6512.8
29,6512.9
28,6513.9
48,6514.1
62,6514.1
6,6514.9
7,6515.2
9,6515.6
26,6515.7
46,6515.7
30,6516.1
17,6517.5
39,6517.5
2,6519.2
36,6519.6
0,6519.9
42,6520.8
20,6521.8
33,6522.2
58,6523.1
8,6523.5
49,6523.8
59,6525.0
5,6525.2
23,6525.4
25,6526.3
11,6529.9
3,6530.0
14,6532.2
43,6533.1
21,6535.4
4,6537.0
29,6541.8
45,6542.0
50,6543.9
22,6544.7
48,6545.4
24,6546.7
44,6551.5
28,6553.8
1,6555.0
47,6556.9
0,6559.7
6,6562.7
7,6566.1
19,6688.3
37,6720.9
16,6724.7
13,6729.7
41,6731.2
55,6731.5
10,6732.6
51,6732.7
38,6734.6
40,6735.9
53,6736.0
27,6736.9
52,6736.9
34,6741.8
62,6742.3
56,6744.7
18,6745.0
32,6745.2
57,6747.4
60,6747.9
12,6749.9
31,6750.8
59,6751.6
11,6752.2
35,6752.3
14,6754.5
33,6756.7
42,6758.4
19,6758.4
61,6759.7
15,6760.3
2,6760.6
43,6762.3
0,6762.5
41,6763.7
20,6763.8
30,6764.1
13,6764.5
17,6765.6
6,6765.8
10,6766.2
45,6766.4
53,6766.5
38,6766.7
16,6767.5
9,6768.6
29,6768.6
21,6768.8
27,6769.1
37,6769.2
24,6769.6
58,6769.8
34,6770.3
52,6771.0
7,6771.2
54,6771.3
46,6771.6
4,6771.8
5,6772.3
39,6772.3
51,6773.0
18,6773.7
28,6773.8
48,6773.9
50,6773.9
36,6775.8
32,6775.9
11,6776.3
47,6776.4
57,6776.9
12,6777.8
55,6778.8
59,6779.1
8,6780.1
3,6780.5
60,6781.1
35,6781.6
31,6781.9
49,6782.5
33,6782.6
40,6782.7
14,6782.9
62,6783.4
23,6783.7
1,6784.2
19,6784.7
43,6786.0
56,6786.2
20,6786.5
41,6786.6
26,6786.7
0,6787.0
13,6787.0
2,6788.1
61,6788.8
45,6788.9
25,6790.2
10,6790.4
15,6790.9
29,6791.1
6,6791.1
44,6792.3
22,6792.5
17,6793.0
24,6794.1
58,6794.3
53,6794.4
30,6794.4
38,6794.6
42,6794.7
34,6795.1
16,6795.3
21,6795.3
5,6795.7
52,6798.2
48,6798.2
27,6799.4
46,6799.9
4,6800.3
11,6800.4
39,6800.6
7,6800.7
18,6801.3
57,6803.1
59,6803.5
51,6804.9
47,6805.5
50,6806.0
9,6806.0
32,6806.3
28,6806.5
14,6810.6
8,6812.2
43,6812.7
0,6812.8
3,6813.3
62,6816.2
45,6817.3
2,6819.0
20,6821.8
13,6823.2
36,6834.1
48,6845.0
29,6854.1
60,6890.6
37,6893.4
33,6893.6
49,6897.4
6,6897.7
34,6899.8
53,6900.2
59,6900.6
3,6901.0
10,6901.2
30,6902.9
29,6903.7
24,6904.4
9,6905.5
5,6907.0
14,6907.9
50,6908.4
58,6911.3
7,6912.3
4,6914.9
8,6915.4
13,6915.4
45,6915.6
60,6916.3
19,6916.9
27,6917.5
40,6917.6
38,6918.1
2,6919.4
15,6919.6
33,6920.2
28,6921.7
37,6922.0
0,6922.1
20,6922.5
41,6923.4
52,6923.5
57,6924.0
55,6925.5
11,6925.5
62,6925.5
51,6926.0
53,6928.6
22,6929.2
21,6929.6
59,6929.9
42,6930.3
6,6931.0
39,6931.2
43,6932.7
34,6932.8
10,6933.4
3,6934.1
49,6934.1
31,6935.3
54,6935.4
26,6935.5
23,6937.6
29,6937.6
48,6938.1
14,6938.5
5,6938.5
30,6939.0
58,6942.6
16,6943.2
12,6944.0
9,6944.5
19,6944.6
45,6945.8
18,6945.8
13,6946.1
36,6946.2
17,6946.8
46,6947.5
1,6947.5
50,6947.5
32,6949.7
7,6949.8
38,6950.2
4,6951.5
60,6951.7
24,6951.7
0,6951.8
35,6952.1
47,6952.2
33,6952.4
11,6952.5
20,6952.6
37,6954.6
52,6955.4
8,6955.5
41,6956.0
57,6956.1
2,6956.4
40,6957.5
53,6959.1
59,6959.2
62,6959.5
61,6960.3
28,6961.1
15,6962.4
43,6962.7
27,6963.3
39,6964.5
10,6964.8
34,6965.6
21,6967.2
14,6967.5
31,6968.2
29,6968.3
54,6968.6
5,6968.7
48,6968.9
30,6969.0
51,6969.1
58,6969.1
3,6969.9
55,6970.4
19,6970.5
13,6971.7
6,6972.2
45,6974.0
25,6974.3
9,6974.6
60,6974.6
33,6974.9
38,6975.5
53,6975.8
42,6976.4
20,6978.3
16,6978.4
26,6978.9
11,6979.4
59,6979.9
22,6980.0
50,6980.1
0,6980.8
49,6980.8
44,6981.3
4,6981.6
52,6983.2
24,6983.3
7,6983.5
2,6983.6
46,6985.2
8,6985.5
28,6991.7
62,6991.9
10,6992.1
14,6993.6
29,6994.4
23,6995.2
3,6995.3
43,6995.4
5,6999.6
45,7005.5
53,7050.8
60,7051.0
30,7051.9
59,7053.1
9,7053.4
33,7055.4
37,7057.9
58,7058.0
3,7061.6
13,7064.4
6,7067.4
29,7071.0
14,7075.0
50,7075.2
0,7083.4
60,7084.2
53,7084.4
45,7085.2
30,7085.5
33,7085.8
2,7086.6
59,7092.6
7,7095.2
3,7126.9
9,7129.7
38,7131.6
15,7133.0
10,7134.6
34,7136.6
53,7136.7
60,7137.6
30,7138.3
51,7138.9
33,7139.3
27,7139.7
59,7140.3
49,7140.3
58,7141.8
17,7142.9
8,7142.9
14,7143.5
37,7143.8
50,7145.9
13,7146.0
29,7146.0
4,7149.3
3,7149.8
52,7149.8
20,7150.0
55,7150.3
45,7150.4
7,7150.4
6,7151.6
39,7152.0
57,7152.1
2,7152.5
9,7155.0
41,7155.1
5,7157.3
38,7157.3
11,7157.4
28,7157.9
54,7158.2
31,7158.7
33,7159.0
0,7159.1
53,7160.0
19,7160.3
35,7160.3
32,7160.5
42,7160.7
48,7160.8
18,7161.0
10,7161.9
24,7161.9
56,7162.5
15,7163.2
17,7163.7
62,7163.8
43,7165.4
60,7165.5
30,7165.5
59,7166.8
21,7167.1
12,7167.4
14,7167.5
36,7167.6
34,7167.7
58,7168.2
51,7169.8
16,7170.4
13,7170.6
27,7170.6
47,7172.2
37,7173.3
8,7174.0
40,7174.1
20,7174.9
29,7176.0
45,7176.1
52,7177.0
49,7177.0
11,7179.0
33,7179.1
46,7180.0
7,7180.3
41,7180.5
4,7181.0
6,7181.7
3,7182.0
50,7182.2
38,7183.2
2,7183.5
39,7183.8
61,7184.4
5,7185.1
19,7185.4
0,7185.4
57,7185.7
53,7187.0
48,7187.7
18,7188.0
26,7189.2
1,7192.2
24,7193.6
43,7193.8
59,7194.7
23,7194.7
25,7195.3
14,7198.8
28,7199.1
22,7199.7
44,7200.4
21,7202.9
42,7204.8
29,7211.5
45,7214.2
47,7217.6
2,7220.9
46,7222.2
0,7225.3
20,7230.9
5,7239.5
3,7284.6
13,7290.6
36,7329.4
62,7331.4
11,7346.1
16,7348.5
8,7351.0
34,7353.2
52,7353.5
30,7353.7
48,7354.6
60,7357.0
4,7357.3
10,7357.9
9,7361.6
12,7362.5
32,7362.8
54,7363.3
31,7363.5
58,7366.2
55,7366.6
17,7367.3
35,7368.0
59,7370.9
33,7371.1
0,7374.5
14,7375.2
41,7375.5
20,7377.0
53,7377.2
13,7377.5
18,7379.1
38,7380.0
45,7380.0
11,7380.1
19,7380.8
37,7382.2
5,7384.0
46,7384.5
57,7384.7
43,7385.5
34,7385.7
30,7386.4
29,7388.2
3,7388.5
39,7389.0
51,7389.1
10,7389.2
4,7389.8
21,7389.9
27,7391.9
16,7392.0
24,7392.1
52,7394.2
61,7395.0
58,7395.4
32,7395.9
26,7396.0
7,7396.2
36,7396.3
48,7396.8
60,7396.8
59,7397.5
31,7397.5
62,7398.2
40,7398.2
12,7398.7
50,7398.7
49,7398.8
9,7399.0
33,7399.1
54,7399.3
17,7400.0
28,7400.2
6,7400.8
44,7400.9
2,7401.6
8,7402.0
47,7403.1
20,7403.3
0,7403.4
41,7403.8
35,7403.9
55,7404.1
14,7404.5
11,7404.5
18,7405.2
13,7405.3
19,7405.7
53,7406.3
25,7406.7
1,7407.2
34,7408.6
56,7409.1
5,7409.4
38,7409.6
45,7410.1
57,7410.5
23,7411.1
37,7411.4
43,7412.2
29,7412.6
46,7413.5
15,7414.0
42,7414.6
30,7415.0
39,7415.5
10,7415.5
16,7417.3
24,7417.5
22,7417.5
59,7418.0
21,7418.3
4,7419.0
3,7420.5
52,7420.7
48,7422.1
51,7423.2
36,7423.6
33,7425.0
26,7426.3
7,7426.5
27,7426.7
50,7427.8
61,7428.0
6,7428.4
62,7428.8
0,7429.2
32,7429.8
49,7430.4
11,7430.7
28,7431.3
2,7432.1
20,7433.6
14,7433.6
44,7434.8
8,7435.1
47,7435.4
41,7436.2
13,7437.1
31,7439.0
40,7440.0
5,7441.2
45,7441.9
34,7442.2
43,7442.6
19,7443.8
57,7444.6
18,7446.9
29,7455.7
59,7456.9
3,7472.7
21,7494.9
22,7502.4
60,7517.7
53,7518.1
10,7521.4
3,7523.7
59,7526.9
9,7528.1
7,7530.5
49,7530.6
29,7530.9
30,7533.7
50,7534.0
14,7534.6
2,7535.9
0,7536.2
6,7537.0
25,7537.4
45,7539.7
4,7540.0
58,7540.0
42,7540.7
33,7542.0
13,7543.0
28,7543.2
27,7543.7
37,7546.2
53,7546.8
8,7546.9
52,7549.0
60,7549.3
39,7549.4
55,7550.9
3,7552.0
5,7552.5
10,7553.0
21,7553.5
59,7556.8
20,7558.4
46,7558.9
11,7560.7
36,7561.1
62,7562.7
40,7563.0
17,7563.5
19,7564.7
29,7566.7
44,7567.8
15,7567.9
43,7568.8
50,7569.2
48,7570.4
7,7571.2
38,7571.3
14,7571.7
0,7571.9
45,7572.1
49,7573.4
2,7574.2
33,7574.8
58,7575.2
6,7575.8
18,7576.0
4,7577.4
16,7578.2
34,7578.8
30,7579.4
57,7579.6
54,7580.7
13,7581.5
41,7582.3
53,7582.7
23,7583.4
31,7583.8
32,7584.5
35,7586.1
10,7586.9
26,7587.6
59,7588.1
8,7588.3
51,7588.9
11,7589.6
39,7590.4
5,7591.0
61,7591.0
12,7591.5
3,7591.7
20,7592.3
52,7592.4
42,7592.6
24,7592.7
37,7593.4
60,7593.6
14,7596.6
55,7597.5
19,7597.9
47,7597.9
9,7598.5
0,7599.7
29,7600.1
28,7600.1
27,7600.2
46,7601.1
53,7601.1
62,7601.5
50,7601.5
36,7601.5
33,7601.6
45,7601.7
17,7601.7
43,7602.2
38,7602.2
30,7602.3
58,7602.4
21,7602.7
13,7602.9
2,7603.7
49,7604.4
7,7604.9
40,7605.1
59,7605.8
15,7605.8
6,7605.9
18,7606.3
4,7606.5
34,7606.7
10,7607.3
1,7607.8
25,7608.6
22,7608.7
56,7608.7
48,7608.9
3,7610.6
44,7610.9
8,7611.0
41,7611.2
11,7611.4
57,7613.2
54,7614.6
31,7614.9
20,7615.7
16,7615.9
37,7617.1
60,7617.9
5,7618.8
39,7619.1
52,7619.5
42,7620.6
32,7621.5
35,7622.0
14,7622.0
0,7623.5
29,7627.4
45,7627.9
43,7630.1
59,7631.2
13,7631.9
2,7634.0
23,7634.7
3,7667.3
53,7680.7
7,7681.6
30,7681.6
49,7684.9
50,7686.1
3,7687.4
59,7689.4
6,7690.6
60,7692.5
33,7693.5
29,7699.5
2,7699.8
14,7701.6
0,7705.9
13,7717.5
3,7727.9
42,7729.5
7,7741.8
50,7754.3
53,7756.5
10,7759.6
9,7760.4
38,7760.7
37,7761.4
55,7761.8
3,7762.3
59,7764.3
4,7764.8
60,7765.1
27,7767.1
30,7767.6
7,7768.8
14,7768.9
11,7769.0
2,7770.0
28,7770.6
13,7770.7
29,7771.1
49,7771.5
45,7772.2
19,7772.3
33,7772.9
0,7773.4
62,7773.6
6,7776.3
17,7776.7
8,7777.4
42,7779.1
20,7781.0
21,7781.1
52,7781.2
53,7781.5
58,7781.8
5,7782.6
50,7784.0
18,7784.1
10,7784.9
48,7786.6
3,7787.6
36,7788.8
46,7789.6
38,7789.8
31,7791.9
59,7792.1
43,7792.3
37,7792.4
15,7793.3
44,7793.3
26,7793.6
40,7794.6
34,7795.5
11,7796.4
4,7797.0
55,7797.2
60,7797.3
39,7797.6
33,7798.9
25,7799.3
7,7799.8
12,7800.4
47,7800.5
14,7800.5
61,7801.0
2,7801.0
45,7801.1
54,7801.3
13,7801.4
19,7802.2
0,7802.4
32,7803.7
41,7804.2
9,7804.6
29,7804.8
27,7805.9
30,7806.7
20,7806.7
51,7806.8
57,7808.1
28,7808.4
24,7809.8
6,7810.0
56,7810.0
53,7813.2
10,7813.5
8,7814.1
62,7814.6
58,7814.7
52,7815.7
18,7816.0
17,7816.5
59,7816.6
5,7817.2
21,7817.6
43,7818.1
35,7818.4
48,7818.8
3,7819.4
11,7819.8
16,7819.9
38,7820.0
42,7820.7
31,7821.1
36,7821.8
50,7822.9
46,7823.4
49,7823.7
23,7826.4
34,7826.8
13,7827.4
45,7828.1
19,7828.5
14,7828.6
33,7828.8
0,7830.1
22,7830.5
39,7831.0
44,7831.5
41,7831.8
37,7832.7
2,7833.9
29,7834.9
4,7835.5
1,7835.5
7,7835.9
47,7838.0
26,7840.4
20,7840.7
6,7844.3
43,7849.8
24,7849.8
59,7850.5
0,7870.3
3,7877.8
62,7889.3
40,8006.1
21,8007.6
5,8015.6
28,8016.1
11,8030.2
53,8032.4
10,8037.4
52,8038.7
48,8039.0
57,8043.0
32,8046.7
12,8047.8
18,8048.5
60,8049.0
27,8050.0
55,8050.6
61,8051.6
25,8052.0
30,8053.0
59,8058.7
9,8060.9
54,8061.6
33,8062.4
45,8063.9
20,8064.0
11,8064.1
19,8064.5
29,8066.1
6,8067.4
53,8067.8
34,8070.2
41,8071.4
5,8072.4
0,8072.9
21,8073.2
31,8074.3
14,8074.5
38,8074.7
15,8075.1
57,8075.2
58,8075.3
46,8075.5
17,8075.6
13,8076.1
39,8076.5
18,8078.5
4,8078.5
3,8078.8
28,8079.0
37,8080.0
52,8080.8
43,8081.0
26,8081.3
2,8081.9
32,8082.1
10,8082.5
50,8082.8
12,8083.9
47,8084.2
40,8084.5
51,8085.0
7,8085.2
27,8086.1
30,8086.8
59,8086.9
48,8087.5
24,8088.1
11,8089.2
8,8089.5
36,8089.5
42,8089.8
62,8089.9
9,8091.2
44,8091.2
56,8091.2
54,8091.3
16,8091.4
33,8091.5
20,8091.6
55,8091.9
60,8092.6
19,8092.6
23,8092.7
35,8092.7
29,8093.5
45,8093.9
34,8094.3
49,8094.5
6,8095.2
61,8095.4
14,8095.9
0,8096.5
5,8096.7
41,8096.8
1,8097.4
53,8097.6
58,8097.8
13,8097.9
38,8098.9
25,8099.3
57,8100.1
31,8100.1
22,8100.1
21,8100.8
17,8103.0
52,8103.8
18,8104.0
39,8104.2
43,8104.3
46,8104.9
37,8105.4
32,8106.0
10,8106.2
59,8106.5
15,8106.6
4,8107.0
3,8107.1
11,8109.9
50,8110.2
48,8110.2
28,8110.8
2,8111.2
26,8111.6
47,8112.6
7,8114.1
51,8114.5
27,8114.9
24,8115.6
8,8118.1
20,8118.7
62,8118.7
30,8118.9
45,8120.4
42,8121.3
0,8122.0
29,8124.7
34,8125.0
19,8125.1
14,8125.2
36,8125.2
5,8126.9
40,8128.6
13,8131.2
41,8131.7
57,8138.1
3,8139.8
59,8140.6
49,8140.7
6,8142.7
60,8144.4
9,8147.4
10,8149.1
58,8149.3
33,8149.4
29,8151.5
30,8152.3
53,8152.7
7,8153.8
50,8158.5
2,8159.7
45,8159.8
0,8160.1
3,8162.0
13,8163.3
20,8168.5
59,8169.9
49,8224.3
55,8225.7
3,8225.8
4,8229.2
43,8234.8
59,8235.8
30,8235.9
42,8236.0
7,8236.2
2,8237.8
29,8237.9
0,8239.6
45,8241.1
50,8241.2
8,8242.6
10,8243.9
53,8244.1
39,8244.4
44,8244.6
6,8246.1
25,8247.4
13,8248.1
40,8248.8
60,8248.9
19,8250.0
33,8251.7
3,8252.4
11,8255.0
14,8256.8
58,8257.7
5,8259.7
61,8264.2
20,8265.4
16,8266.2
59,8268.2
15,8268.9
49,8269.0
43,8270.5
2,8270.8
4,8274.3
35,8274.6
9,8275.0
55,8275.1
48,8276.0
18,8276.8
41,8277.3
0,8278.6
36,8278.6
53,8280.6
50,8281.4
45,8281.7
7,8283.6
28,8283.6
21,8283.9
39,8284.9
52,8286.1
11,8286.6
42,8287.7
19,8287.8
38,8288.8
30,8289.5
8,8290.4
57,8290.9
54,8292.5
10,8293.1
12,8294.1
13,8295.4
3,8295.4
33,8295.6
59,8297.2
20,8297.3
58,8297.8
37,8298.1
60,8298.5
40,8299.3
14,8299.5
34,8300.3
6,8301.8
31,8302.2
43,8303.4
29,8303.5
27,8304.2
53,8304.8
51,8304.9
2,8305.2
16,8306.2
17,8306.2
4,8306.5
45,8306.6
46,8306.7
5,8307.3
30,8307.3
9,8307.3
7,8307.6
55,8307.8
50,8307.9
49,8307.9
41,8308.3
23,8309.2
0,8310.5
11,8311.4
18,8311.4
38,8311.5
52,8311.7
44,8311.8
35,8311.9
15,8312.4
8,8312.6
19,8312.6
10,8312.8
48,8313.2
62,8313.4
61,8313.5
3,8314.0
39,8314.9
25,8315.3
32,8315.4
33,8315.9
59,8316.5
13,8316.8
47,8316.9
56,8318.3
21,8318.5
36,8319.1
42,8319.4
28,8320.1
58,8320.2
20,8320.9
57,8321.9
14,8322.5
37,8322.9
24,8323.1
54,8324.2
34,8325.2
60,8325.6
12,8326.9
31,8326.9
29,8327.0
6,8327.2
7,8327.7
53,8328.9
45,8329.3
43,8329.4
2,8329.5
40,8331.5
26,8333.7
0,8334.8
50,8334.9
41,8335.3
49,8335.5
22,8335.7
11,8336.1
4,8336.2
48,8336.3
5,8336.6
46,8336.8
3,8341.2
8,8343.9
59,8345.1
1,8346.6
44,8351.3
19,8361.7
30,8383.0
3,8387.3
9,8388.1
7,8392.0
33,8392.9
25,8395.1
29,8395.5
10,8395.6
59,8396.4
49,8397.3
13,8397.6
50,8400.2
45,8401.8
6,8401.8
53,8404.3
2,8404.9
0,8407.2
48,8409.7
42,8410.8
8,8411.5
7,8413.2
3,8414.8
60,8415.9
20,8420.2
4,8430.9
59,8437.3
43,8445.0
30,8445.4
28,8446.9
44,8452.2
39,8452.6
45,8480.6
18,8493.1
14,8501.9
55,8543.9
21,8547.8
36,8554.0
35,8562.6
38,8571.3
17,8578.4
11,8580.4
51,8580.6
52,8582.9
33,8586.7
57,8587.5
9,8592.3
59,8592.3
62,8592.6
27,8596.8
45,8599.5
20,8599.7
7,8602.2
23,8604.4
53,8605.3
43,8605.8
0,8605.8
19,8606.1
16,8606.9
14,8607.5
58,8609.1
10,8609.9
4,8611.9
5,8612.7
30,8612.8
34,8613.0
37,8613.7
38,8615.3
24,8615.7
48,8616.0
11,8618.8
41,8619.5
33,8620.1
18,8620.7
31,8621.0
29,8621.1
59,8621.9
32,8622.2
13,8623.2
39,8623.5
35,8624.2
52,8624.5
54,8624.5
2,8624.6
49,8625.6
12,8626.1
6,8626.4
21,8627.0
9,8627.7
17,8628.0
56,8628.2
40,8628.5
8,8628.9
47,8629.2
61,8629.5
46,8630.1
45,8630.5
55,8630.6
57,8630.9
3,8631.4
51,8631.4
28,8631.4
50,8631.5
26,8631.5
20,8631.6
60,8631.9
27,8632.1
36,8632.3
62,8633.0
0,8633.4
43,8633.4
53,8634.0
14,8634.3
19,8635.2
15,8636.0
44,8636.0
34,8636.1
16,8636.6
10,8636.9
58,8637.0
42,8638.1
7,8638.4
11,8639.8
5,8640.3
38,8640.6
30,8640.7
1,8640.8
13,8641.8
41,8641.8
59,8641.9
33,8642.2
48,8642.3
25,8642.8
24,8643.2
4,8643.2
32,8643.7
37,8643.8
29,8644.2
18,8644.2
23,8644.4
52,8645.3
39,8646.2
31,8646.7
22,8647.5
35,8647.6
54,8648.1
2,8649.5
12,8649.8
21,8650.4
6,8651.1
8,8653.2
57,8653.7
45,8654.0
20,8655.1
49,8655.8
0,8655.9
47,8656.7
46,8657.7
43,8657.8
3,8659.6
50,8659.9
51,8660.0
14,8660.3
36,8661.3
26,8664.0
34,8664.2
53,8664.3
11,8665.9
62,8666.0
59,8669.2
5,8669.4
13,8672.6
40,8673.3
41,8675.4
48,8678.8
19,8679.4
29,8681.4
7,8707.2
2,8721.7
30,8765.7
55,8768.9
60,8769.2
44,8771.5
9,8771.8
3,8773.0
42,8775.9
58,8776.6
49,8777.3
7,8777.5
18,8778.2
59,8778.9
50,8779.7
53,8780.5
28,8781.9
0,8782.1
29,8783.7
10,8784.6
6,8784.7
45,8786.5
39,8787.4
27,8789.5
13,8789.5
25,8790.0
5,8790.5
4,8791.0
30,8792.4
2,8794.6
14,8797.4
21,8798.0
37,8798.6
20,8799.4
60,8800.2
24,8800.7
43,8800.8
15,8801.0
3,8803.0
34,8804.2
8,8804.8
59,8805.2
52,8805.3
44,8805.4
56,8805.6
11,8805.6
40,8806.3
38,8806.5
36,8806.6
19,8806.7
49,8807.3
7,8808.8
55,8808.9
61,8809.0
58,8810.4
31,8811.3
18,8811.7
48,8812.0
17,8812.4
53,8812.5
41,8812.7
51,8813.6
33,8813.8
42,8814.3
16,8814.6
57,8814.7
54,8815.8
50,8816.3
29,8816.7
28,8816.7
22,8817.4
0,8818.1
10,8818.3
62,8818.5
45,8818.7
6,8819.1
47,8820.2
32,8820.6
12,8821.3
46,8821.6
14,8822.2
39,8822.3
13,8823.4
20,8823.8
5,8824.4
9,8824.7
35,8825.5
43,8825.7
4,8825.8
11,8826.4
30,8826.6
27,8826.7
34,8827.3
2,8828.1
26,8828.3
59,8828.6
37,8829.3
21,8831.2
52,8831.6
19,8831.7
38,8832.8
60,8833.3
24,8833.6
3,8833.7
8,8834.3
36,8835.6
1,8835.6
23,8836.2
25,8837.4
18,8837.4
15,8837.6
58,8837.8
33,8838.0
7,8838.5
41,8838.7
31,8839.0
48,8839.2
53,8839.9
29,8840.9
49,8841.2
40,8842.2
61,8842.5
0,8842.6
57,8842.9
44,8843.0
45,8843.6
10,8846.0
55,8846.5
51,8847.3
16,8847.7
62,8848.2
50,8848.7
20,8849.4
6,8850.1
28,8850.2
42,8851.0
30,8851.1
59,8851.7
3,8852.3
13,8852.4
43,8852.7
5,8853.1
11,8853.5
4,8853.7
47,8854.2
14,8854.6
46,8855.1
34,8857.8
2,8858.2
22,8858.3
60,8859.4
7,8861.4
52,8862.4
21,8863.2
19,8863.6
39,8864.4
53,8866.5
0,8869.8
3,8888.0
45,8925.0
49,8927.5
59,8927.9
29,8929.9
20,8931.0
55,8931.0
3,8933.7
25,8935.1
7,8937.8
30,8938.0
44,8938.8
53,8942.4
60,8943.2
58,8943.3
18,8943.5
50,8944.0
6,8945.8
15,8946.7
0,8949.9
13,8952.3
38,8956.5
59,8958.0
42,8958.1
45,8958.6
36,8959.4
4,8962.7
2,8970.2
39,8970.6
3,8972.2
20,8973.5
41,8979.0
14,8979.2
7,8979.8
28,8981.8
52,8984.7
19,8985.0
49,8985.3
43,8986.3
11,8987.2
48,8990.0
58,9002.1
60,9003.0
13,9004.7
0,9006.4
53,9008.0
37,9008.0
33,9008.1
9,9009.0
45,9009.2
10,9011.0
3,9011.3
38,9011.3
18,9011.5
40,9011.7
30,9011.7
59,9013.4
5,9013.7
55,9014.1
50,9014.4
7,9014.4
49,9015.6
6,9015.9
20,9016.0
31,9016.0
29,9016.2
8,9016.3
4,9017.3
52,9018.6
25,9019.3
27,9019.4
44,9020.9
11,9021.2
34,9021.5
15,9021.8
51,9022.0
14,9022.3
54,9022.9
46,9023.2
36,9023.3
19,9023.4
42,9023.6
12,9024.2
56,9024.3
43,9024.9
17,9025.2
32,9027.1
60,9027.8
2,9028.6
13,9028.6
21,9029.0
39,9029.5
58,9029.6
28,9029.7
61,9029.9
53,9030.5
0,9032.5
47,9033.5
33,9033.5
45,9033.5
24,9033.5
26,9033.6
48,9033.8
41,9034.2
62,9035.0
30,9035.1
10,9035.3
59,9036.2
38,9036.3
3,9036.8
57,9036.9
37,9037.4
7,9037.8
35,9038.5
18,9040.0
16,9040.6
5,9040.8
20,9041.0
55,9042.3
9,9042.3
29,9043.0
11,9043.1
31,9043.2
6,9043.3
50,9043.5
40,9043.7
52,9044.6
14,9046.5
34,9046.6
8,9046.9
19,9048.7
4,9049.3
43,9049.5
36,9051.0
49,9051.5
12,9052.0
51,9053.1
23,9053.5
46,9054.5
25,9054.6
22,9055.2
54,9055.9
44,9057.6
1,9057.9
2,9058.5
0,9061.2
13,9061.6
45,9061.6
42,9061.8
21,9063.6
48,9067.4
5,9075.6
3,9076.0
59,9076.9
11,9086.7
20,9088.4
62,9113.1
18,9124.3
41,9166.7
7,9176.1
60,9200.2
28,9205.2
53,9218.4
30,9222.1
47,9230.7
59,9231.2
58,9233.3
33,9235.3
14,9235.6
39,9239.9
24,9241.6
61,9242.2
57,9244.2
27,9246.5
32,9246.6
56,9249.2
15,9253.0
10,9253.6
20,9254.0
26,9254.3
17,9257.3
18,9258.6
41,9261.1
0,9261.2
45,9261.6
50,9262.5
11,9262.5
29,9263.1
43,9263.6
30,9264.1
53,9265.8
19,9266.0
13,9268.1
34,9268.5
12,9270.7
59,9271.2
36,9271.5
16,9272.1
49,9272.4
38,9273.2
33,9273.4
7,9274.0
6,9274.4
58,9274.5
21,9274.5
5,9274.5
3,9275.6
9,9275.7
57,9275.9
2,9276.5
31,9277.0
32,9277.5
48,9278.1
47,9278.1
14,9278.4
37,9278.4
62,9278.5
8,9278.7
46,9279.0
51,9279.4
52,9280.0
60,9280.2
24,9281.1
54,9281.4
39,9281.9
27,9282.1
4,9282.8
35,9283.0
10,9283.0
18,9284.9
20,9285.4
11,9285.6
41,9286.9
61,9287.0
40,9287.4
17,9287.9
0,9288.2
44,9288.8
55,9289.1
43,9289.2
1,9289.9
19,9290.3
34,9291.1
13,9291.3
29,9291.3
59,9291.7
22,9292.0
45,9292.4
53,9292.4
30,9293.2
56,9294.1
33,9294.1
28,9294.3
58,9295.6
15,9295.7
12,9295.8
50,9296.0
26,9296.2
42,9296.8
23,9296.9
36,9296.9
5,9296.9
25,9297.9
38,9298.4
16,9298.5
32,9299.8
14,9300.6
57,9300.9
6,9301.4
49,9301.8
7,9302.2
21,9302.6
31,9302.8
48,9303.0
2,9303.1
3,9303.4
52,9303.8
62,9304.4
8,9305.7
46,9306.3
11,9308.5
51,9308.6
24,9309.9
47,9309.9
4,9310.2
10,9310.3
0,9312.3
20,9312.3
43,9313.5
27,9313.9
41,9316.4
59,9319.1
45,9319.3
19,9320.5
13,9321.3
34,9322.3
39,9324.0
18,9324.2
40,9330.7
3,9349.7
30,9391.9
44,9395.2
60,9395.6
9,9395.6
14,9396.3
53,9397.1
42,9398.6
29,9399.0
3,9399.5
49,9401.0
5,9403.1
7,9403.2
0,9403.4
45,9405.0
59,9405.6
50,9406.2
37,9406.3
58,9406.7
4,9407.1
13,9408.5
28,9412.0
2,9413.5
21,9414.4
26,9416.2
52,9418.9
6,9419.3
30,9420.8
11,9422.9
36,9423.0
8,9424.0
51,9424.6
54,9425.6
33,9426.3
24,9426.3
25,9427.1
53,9427.6
44,9428.6
14,9429.3
20,9429.4
48,9429.5
10,9429.9
43,9430.3
60,9430.3
29,9430.4
22,9430.6
34,9430.7
47,9430.8
31,9431.7
55,9431.9
3,9432.0
38,9432.5
49,9432.7
35,9434.7
40,9434.8
42,9435.9
19,9436.5
0,9436.5
45,9436.9
5,9440.7
18,9441.1
59,9442.5
62,9442.6
4,9443.2
58,9443.4
17,9443.5
50,9444.6
61,9445.3
39,9445.8
7,9446.3
32,9446.8
13,9446.9
57,9448.9
9,9449.0
11,9449.3
41,9449.8
36,9450.6
52,9451.1
15,9451.5
33,9451.7
53,9451.9
51,9452.8
2,9453.0
46,9453.1
12,9453.1
21,9453.3
14,9453.4
37,9453.9
30,9454.3
8,9454.5
10,9455.0
27,9455.1
20,9455.2
6,9455.5
28,9456.2
56,9457.2
54,9457.7
34,9458.0
43,9458.2
23,9460.7
31,9461.0
1,9461.4
48,9461.6
29,9462.7
24,9463.4
26,9463.5
38,9463.5
16,9464.4
60,9465.1
35,9465.1
0,9465.4
19,9465.8
45,9466.9
59,9467.1
49,9467.1
3,9467.4
18,9468.3
5,9469.0
44,9470.3
13,9470.7
62,9471.5
47,9471.6
58,9472.0
11,9472.5
4,9472.6
40,9472.6
50,9474.6
55,9474.8
7,9474.9
52,9476.4
25,9476.6
39,9476.7
36,9477.3
57,9477.4
41,9477.5
30,9478.0
42,9478.1
33,9479.4
22,9479.8
20,9480.2
21,9481.1
14,9481.2
2,9481.8
53,9481.9
61,9481.9
9,9482.7
6,9484.2
43,9484.2
34,9484.5
37,9486.1
0,9486.4
10,9486.7
59,9489.9
3,9490.0
60,9491.3
45,9491.9
49,9552.2
30,9552.4
4,9555.4
13,9556.3
3,9560.1
44,9560.2
7,9565.5
0,9566.9
45,9566.9
29,9568.2
59,9570.3
50,9571.8
60,9572.6
48,9577.6
52,9578.5
2,9582.1
53,9583.5
42,9585.2
30,9589.7
13,9593.9
5,9597.3
3,9598.3
4,9599.2
49,9599.8
19,9600.0
14,9602.5
9,9604.9
20,9605.1
31,9608.0
11,9608.2
0,9610.1
6,9611.5
45,9612.9
18,9623.1
58,9624.1
52,9625.8
60,9629.7
38,9629.8
37,9629.9
13,9633.0
59,9634.9
3,9637.3
30,9637.4
51,9637.8
8,9639.9
50,9639.9
7,9640.1
49,9640.4
24,9640.4
0,9641.0
36,9641.0
45,9641.2
53,9642.3
4,9642.3
2,9644.5
44,9644.9
20,9645.3
12,9645.6
15,9645.7
9,9646.0
39,9646.6
19,9646.7
34,9647.1
43,9647.4
48,9647.6
11,9647.8
29,9647.9
52,9648.2
54,9648.2
5,9648.3
55,9648.5
42,9648.5
6,9648.6
40,9648.8
14,9649.3
10,9649.4
21,9649.6
58,9651.6
25,9653.7
31,9654.4
33,9654.9
38,9656.7
47,9657.4
13,9657.4
46,9657.4
32,9657.5
28,9658.7
18,9659.0
60,9659.4
37,9659.7
17,9660.2
59,9660.4
62,9660.7
41,9661.2
16,9662.4
3,9662.9
56,9662.9
57,9664.2
61,9665.1
45,9665.2
30,9665.5
0,9665.5
35,9665.9
51,9666.0
53,9666.0
36,9666.5
7,9666.8
52,9667.1
48,9668.1
8,9668.5
4,9669.7
20,9670.0
12,9670.5
26,9670.7
11,9670.7
27,9671.1
50,9671.2
19,9671.9
49,9672.1
34,9672.2
43,9672.9
2,9673.0
14,9674.2
29,9676.4
10,9676.4
24,9676.8
5,9677.1
39,9677.3
6,9679.1
33,9680.2
44,9681.0
58,9682.0
21,9683.4
13,9683.6
59,9684.4
18,9685.2
41,9686.2
42,9686.8
0,9695.1
45,9696.7
3,9698.1
43,9709.4
20,9741.3
48,9853.5
52,9876.4
30,9880.2
11,9881.8
19,9885.8
46,9889.3
31,9890.0
32,9890.2
53,9894.2
16,9897.4
37,9897.8
40,9902.1
38,9902.3
60,9907.7
47,9907.8
23,9908.9
54,9910.5
57,9911.7
59,9913.7
20,9914.0
0,9915.1
55,9916.7
62,9916.9
11,9918.3
58,9918.7
18,9918.9
13,9918.9
52,9919.7
36,9919.8
9,9919.9
48,9921.8
33,9923.2
10,9923.6
3,9923.7
41,9923.9
34,9924.0
31,9925.5
43,9925.8
17,9927.5
45,9928.0
1,9928.3
14,9929.8
29,9930.1
61,9930.2
15,9930.4
5,9930.5
21,9931.0
28,9931.6
51,9932.1
4,9932.4
39,9932.9
19,9933.1
53,9933.8
50,9934.3
22,9934.5
6,9935.7
32,9936.1
24,9936.2
59,9937.2
30,9937.6
38,9937.7
12,9938.1
0,9938.4
54,9938.8
7,9939.1
2,9939.1
20,9939.2
37,9939.5
35,9939.6
49,9939.9
26,9940.0
8,9940.8
16,9940.8
11,9940.9
46,9941.2
27,9941.3
40,9941.5
57,9942.0
47,9942.2
42,9942.7
60,9943.5
13,9943.6
36,9944.1
18,9944.2
52,9944.6
33,9945.2
56,9945.3
44,9945.5
58,9945.5
62,9946.0
10,9946.4
9,9946.8
48,9947.0
34,9947.0
25,9947.6
41,9947.6
55,9948.4
43,9949.0
14,9951.2
23,9952.0
45,9952.3
31,9952.4
29,9953.0
5,9953.4
19,9954.1
17,9954.2
3,9954.4
59,9955.2
39,9955.5
53,9956.1
21,9956.4
51,9956.8
15,9958.3
28,9958.9
4,9959.0
24,9959.8
0,9960.5
50,9960.8
61,9961.1
6,9961.6
1,9962.8
32,9963.3
20,9963.6
11,9964.2
22,9966.1
2,9967.0
8,9968.4
46,9968.5
49,9969.1
13,9969.5
57,9969.7
7,9971.0
30,9972.1
26,9972.6
18,9972.7
43,9975.5
36,9977.7
34,9979.1
10,9979.4
40,9982.0
62,9982.7
59,9989.5
3,9993.5
48,9994.4
