0,26.0
36,26.0
35,26.0
34,26.0
33,26.0
32,26.0
31,26.0
30,26.0
29,26.0
28,26.0
27,26.0
26,26.0
25,26.0
24,26.0
23,26.0
22,26.0
21,26.0
20,26.0
19,26.0
18,26.0
17,26.0
16,26.0
37,26.0
15,26.0
38,26.0
62,26.0
59,26.0
58,26.0
61,26.0
57,26.0
56,26.0
55,26.0
54,26.0
53,26.0
52,26.0
51,26.0
50,26.0
49,26.0
48,26.0
47,26.0
46,26.0
45,26.0
44,26.0
43,26.0
42,26.0
41,26.0
40,26.0
39,26.0
14,26.0
60,26.0
10,26.0
8,26.0
7,26.0
9,26.0
6,26.0
5,26.0
4,26.0
3,26.0
2,26.0
11,26.0
13,26.0
12,26.0
1,26.0
28,111.1
40,111.8
18,113.4
61,114.0
0,115.6
59,117.3
1,118.4
57,121.9
37,124.7
25,127.3
14,128.7
32,129.6
34,130.9
44,131.3
39,131.4
53,133.0
9,133.1
51,133.5
38,135.1
21,135.8
49,136.6
0,136.9
36,139.1
17,139.3
7,139.7
11,140.5
56,140.7
28,140.7
55,141.1
35,141.6
23,143.3
8,143.5
13,143.5
62,143.7
14,144.7
59,145.8
3,145.8
16,146.2
32,149.4
25,149.9
9,151.2
19,152.9
0,153.4
51,154.2
50,154.5
27,155.4
34,156.9
5,157.7
39,159.8
43,160.7
14,161.7
38,163.6
40,164.7
55,165.5
23,166.5
57,167.0
3,172.0
28,173.3
53,173.4
7,174.5
46,177.1
11,178.3
10,180.5
9,182.2
25,182.3
59,182.7
0,183.4
23,185.4
3,186.8
32,187.2
14,187.2
51,188.5
1,189.7
55,194.2
38,194.4
39,196.3
50,196.9
34,196.9
35,197.0
40,198.1
17,198.2
8,199.1
57,199.7
0,199.9
61,199.9
9,200.2
14,200.4
23,200.7
13,200.8
56,201.4
32,202.8
62,205.3
36,205.5
53,205.9
3,206.1
51,209.2
11,210.4
38,210.5
39,214.9
14,216.7
55,218.1
17,218.3
23,220.3
0,220.7
34,221.1
28,223.5
62,231.3
57,231.4
28,267.8
14,268.1
38,270.7
9,271.4
32,271.6
13,276.6
39,278.6
0,279.0
51,280.2
55,280.4
14,280.8
57,280.9
17,282.1
53,283.0
56,283.2
34,283.4
32,284.8
35,285.0
38,285.6
62,285.6
36,287.9
9,288.9
23,288.9
11,289.7
40,290.9
30,294.0
14,294.7
7,295.1
13,296.0
0,296.9
32,297.8
39,299.4
38,302.9
55,305.1
57,306.0
56,306.5
62,311.2
23,316.9
0,323.7
39,329.5
32,573.6
34,591.9
51,600.6
17,604.0
44,607.7
53,610.1
14,611.3
3,619.9
11,631.2
35,637.6
6,643.0
37,643.5
47,643.6
12,643.8
43,647.5
28,648.6
53,648.9
27,649.0
44,652.8
40,653.2
36,653.3
32,654.7
51,655.8
34,655.9
17,656.8
0,658.7
9,658.9
1,659.0
14,659.1
3,661.0
11,661.1
55,661.3
13,661.8
57,662.0
56,662.0
59,662.4
35,662.5
38,663.1
7,663.2
61,665.6
39,665.8
32,668.0
16,669.5
23,669.7
30,669.8
53,670.6
49,671.3
36,671.9
62,672.5
14,672.7
51,673.1
34,673.8
0,674.3
25,675.0
28,675.3
45,675.5
9,675.7
17,677.0
37,677.7
6,678.2
38,679.6
7,679.7
13,680.3
32,680.4
11,680.5
55,680.8
22,682.2
8,682.3
18,682.3
56,683.4
27,683.6
35,683.6
52,684.2
39,684.8
3,685.4
50,685.4
47,685.8
31,686.1
46,686.3
57,686.6
43,687.3
23,687.5
14,687.5
59,688.9
0,689.7
10,691.2
51,692.8
36,693.9
19,694.9
29,695.0
25,695.2
40,695.6
1,699.8
26,700.3
38,703.5
28,707.5
3,709.6
23,711.2
0,712.0
62,715.9
25,719.3
44,720.4
53,727.2
28,730.9
14,732.8
9,735.0
55,737.0
39,737.2
32,737.4
40,740.0
34,740.0
38,740.4
0,741.7
17,743.4
51,743.7
57,744.2
14,745.6
35,745.9
56,747.2
23,749.9
62,750.5
13,751.0
9,752.4
32,753.9
11,754.3
39,755.5
53,756.4
7,756.8
38,758.2
0,758.9
55,759.2
14,761.6
17,764.3
34,765.1
62,773.8
57,775.1
23,776.2
0,777.2
1,809.4
28,811.0
14,816.8
39,817.7
51,817.9
9,820.0
32,820.9
38,821.5
0,822.2
17,823.4
53,824.0
36,824.2
55,824.4
56,825.5
34,826.0
57,826.1
35,826.6
40,828.5
13,829.3
14,829.6
62,831.6
23,832.8
30,833.4
32,834.4
11,834.6
39,836.7
51,838.3
7,838.3
9,839.1
0,839.4
38,839.9
17,843.7
14,846.7
55,847.2
36,847.9
34,849.8
35,854.4
62,856.7
39,858.2
0,881.9
57,882.1
9,885.0
53,886.3
44,887.6
28,888.7
40,892.5
38,894.7
32,895.7
51,895.7
14,896.8
1,896.8
56,897.7
35,898.5
11,900.5
39,900.8
17,901.3
9,901.4
0,902.1
34,903.0
55,903.2
57,904.7
13,906.1
62,906.3
53,907.6
38,908.8
32,909.5
36,909.6
14,909.7
23,909.8
37,912.3
51,913.6
7,913.9
25,914.0
16,914.9
0,916.6
56,917.3
30,918.6
9,919.7
34,920.7
17,920.9
39,921.4
28,925.3
25,927.8
0,930.4
14,930.6
7,934.5
23,934.8
26,938.5
25,943.3
62,950.0
59,1104.7
0,1112.8
32,1116.1
53,1142.4
61,1146.8
35,1152.5
38,1167.6
36,1171.1
57,1183.3
11,1183.5
12,1184.3
55,1203.1
13,1224.3
6,1230.6
3,1260.0
28,1273.4
53,1274.1
35,1276.5
40,1276.7
30,1277.0
21,1277.1
1,1277.3
59,1279.1
4,1279.6
44,1279.7
6,1280.0
32,1280.2
61,1280.8
37,1281.2
51,1281.2
47,1281.6
34,1281.9
12,1282.5
0,1282.8
56,1283.3
17,1283.5
24,1284.0
16,1284.1
9,1284.4
11,1285.1
14,1285.1
55,1286.0
13,1286.5
57,1287.5
38,1288.1
25,1289.8
36,1290.6
43,1291.3
39,1291.6
3,1293.6
32,1294.1
53,1295.0
23,1295.2
7,1295.5
31,1296.3
49,1296.8
62,1297.5
0,1297.6
51,1297.8
28,1298.2
34,1298.3
14,1299.1
35,1299.2
45,1299.2
5,1301.0
9,1301.6
30,1302.1
17,1303.4
46,1303.7
56,1304.3
11,1304.9
59,1305.1
13,1305.2
38,1305.5
55,1305.6
25,1306.7
27,1306.8
22,1307.0
26,1308.5
8,1309.6
32,1309.9
16,1310.1
52,1310.1
0,1310.3
29,1310.7
39,1311.2
7,1311.8
1,1313.0
51,1313.3
18,1313.5
50,1313.5
36,1313.8
23,1313.8
37,1314.0
10,1314.3
14,1315.5
57,1316.7
19,1317.6
3,1317.7
40,1318.5
28,1321.5
9,1323.5
25,1326.9
0,1335.7
62,1340.8
23,1345.4
53,1352.5
3,1353.0
28,1354.5
14,1357.6
40,1360.6
1,1361.0
38,1361.7
55,1362.5
32,1362.8
39,1363.1
44,1364.0
9,1364.0
34,1365.1
0,1365.3
35,1366.0
51,1366.9
17,1368.5
14,1370.6
57,1371.0
56,1371.4
23,1375.8
13,1376.4
62,1376.6
38,1376.9
32,1378.1
53,1379.5
39,1381.6
11,1381.6
0,1382.0
9,1382.8
36,1384.2
55,1385.9
34,1389.2
14,1389.9
17,1391.1
62,1401.5
57,1428.0
61,1428.6
59,1430.2
28,1436.3
40,1437.0
14,1437.8
38,1439.5
0,1441.3
51,1442.2
55,1442.2
56,1444.2
39,1444.5
1,1444.9
32,1446.1
9,1446.7
17,1447.6
23,1447.9
53,1448.2
34,1449.1
57,1449.7
35,1450.1
14,1450.4
36,1452.5
13,1452.7
62,1453.1
38,1453.6
7,1454.6
0,1456.7
11,1458.7
32,1459.9
51,1461.7
39,1462.4
55,1464.2
44,1465.6
14,1466.1
9,1467.3
17,1467.8
56,1469.3
23,1469.8
34,1472.4
0,1474.6
62,1474.8
38,1474.9
57,1477.3
53,1511.0
28,1513.5
14,1517.3
40,1520.3
32,1520.7
0,1521.1
1,1521.6
9,1524.6
38,1525.2
11,1526.1
51,1526.3
39,1527.3
13,1527.5
7,1527.9
55,1528.1
44,1528.1
35,1528.7
56,1528.9
17,1528.9
36,1529.1
14,1529.7
34,1530.0
57,1530.2
30,1531.0
32,1534.5
62,1534.5
53,1534.8
0,1536.0
23,1536.3
38,1541.3
25,1541.5
9,1542.4
14,1544.8
7,1544.9
59,1546.3
51,1546.8
39,1548.4
11,1549.6
0,1549.8
56,1552.1
17,1553.1
61,1555.4
25,1557.1
28,1557.3
62,1557.7
32,1558.8
26,1563.4
9,1566.6
38,1567.1
57,1567.6
50,1568.4
0,1568.6
39,1570.6
25,1575.7
14,1796.1
34,1799.6
35,1838.1
6,1893.9
37,1894.0
12,1894.1
16,1895.5
43,1897.8
28,1899.0
13,1899.5
53,1899.9
21,1901.3
35,1901.3
55,1901.5
40,1902.5
1,1902.6
30,1903.7
36,1904.3
44,1904.9
4,1906.0
59,1906.0
61,1906.2
32,1906.5
51,1907.5
34,1907.6
27,1908.5
0,1909.3
56,1909.4
17,1909.4
9,1909.6
47,1910.1
14,1910.5
23,1910.7
11,1910.9
7,1913.6
24,1913.6
57,1914.1
38,1914.4
3,1916.5
39,1916.5
25,1916.7
32,1919.9
53,1921.6
13,1922.1
62,1922.4
5,1922.8
55,1922.9
49,1922.9
31,1923.3
0,1923.8
35,1923.9
36,1924.3
51,1924.3
14,1924.4
28,1924.8
16,1925.3
34,1925.8
9,1926.4
37,1927.3
30,1928.4
17,1929.4
50,1929.6
23,1929.6
7,1929.7
6,1930.2
56,1930.2
11,1930.5
38,1931.9
25,1932.7
27,1933.7
22,1933.8
26,1933.9
59,1934.0
8,1934.4
46,1934.6
32,1935.8
39,1936.2
52,1936.5
0,1936.7
43,1937.0
1,1937.4
29,1937.6
3,1941.2
40,1942.2
51,1942.3
14,1942.6
18,1944.5
57,1945.3
19,1946.1
45,1946.7
9,1946.7
55,1949.1
25,1954.4
23,1954.4
28,1954.7
50,1955.4
0,1970.2
62,1970.2
44,1975.5
53,1977.9
28,1981.5
14,1982.6
40,1983.9
61,1985.8
38,1985.9
39,1986.0
1,1987.8
23,1989.9
9,1989.9
35,1990.5
32,1991.5
59,1991.5
55,1992.9
51,1993.1
0,1993.3
17,1993.6
57,1994.3
13,1994.4
34,1994.9
14,1995.8
56,1996.6
62,1999.2
38,2000.3
39,2003.3
53,2004.3
36,2005.4
11,2006.0
32,2008.5
9,2009.4
0,2010.7
23,2013.3
14,2016.7
35,2017.5
17,2017.9
62,2022.1
57,2025.8
39,2038.0
28,2061.4
40,2062.9
38,2064.7
14,2067.6
51,2067.7
55,2067.9
1,2069.4
34,2070.4
13,2071.1
39,2071.7
61,2071.8
32,2071.9
53,2071.9
9,2072.3
0,2072.9
57,2073.5
17,2073.9
56,2075.3
35,2076.9
59,2077.3
38,2078.8
7,2079.1
62,2080.0
14,2080.9
36,2081.1
23,2083.1
44,2083.3
11,2083.8
51,2087.3
32,2087.6
55,2088.2
0,2090.1
39,2091.2
34,2092.0
30,2092.1
9,2093.2
13,2093.8
17,2094.7
7,2098.9
14,2099.7
62,2103.9
57,2104.0
23,2108.2
0,2111.9
28,2139.9
53,2140.9
38,2145.0
1,2146.0
40,2146.7
14,2147.4
56,2148.3
0,2149.0
9,2150.9
32,2151.1
44,2151.6
51,2153.0
39,2153.5
55,2153.9
17,2154.0
35,2154.3
36,2154.8
34,2155.0
57,2155.2
13,2156.9
38,2159.8
62,2160.0
14,2160.4
23,2160.6
11,2161.1
53,2162.9
0,2163.7
25,2165.5
32,2166.5
7,2167.4
56,2169.3
9,2170.4
30,2170.6
39,2172.8
17,2174.2
14,2175.8
55,2176.5
0,2177.2
38,2177.3
59,2178.8
34,2179.0
51,2179.0
13,2179.1
25,2180.2
57,2184.5
62,2185.1
26,2188.5
25,2196.8
0,2200.8
25,2271.7
32,2478.8
35,2516.5
61,2518.1
12,2519.9
11,2521.6
28,2524.0
3,2524.0
53,2525.2
21,2527.0
14,2527.4
10,2527.5
40,2527.7
1,2527.9
44,2529.7
36,2530.2
32,2531.6
59,2531.7
4,2532.1
51,2533.4
39,2533.8
34,2534.3
0,2534.3
6,2534.4
37,2534.5
56,2535.1
9,2535.2
17,2535.3
47,2536.0
23,2536.4
16,2537.6
7,2538.4
27,2538.7
57,2539.2
13,2539.3
38,2539.6
55,2539.9
24,2541.2
14,2541.3
35,2541.7
25,2542.0
11,2545.0
32,2545.1
30,2545.6
43,2545.9
53,2546.9
62,2547.3
0,2548.7
36,2550.4
28,2550.6
51,2550.8
9,2552.5
34,2552.6
39,2553.1
49,2553.7
14,2554.3
7,2555.1
17,2555.3
23,2555.4
56,2555.5
3,2556.2
38,2557.8
25,2558.0
13,2558.9
26,2559.0
46,2559.1
55,2559.6
59,2559.7
22,2559.9
8,2560.0
50,2560.9
0,2561.3
32,2561.5
31,2561.7
52,2562.2
45,2563.0
61,2563.0
1,2563.4
5,2567.3
40,2567.9
29,2568.1
57,2569.8
19,2571.3
27,2571.4
51,2572.4
14,2574.1
39,2574.2
9,2574.4
25,2579.7
28,2582.0
3,2586.5
23,2587.0
62,2587.0
0,2594.2
44,2600.2
53,2601.2
35,2603.1
28,2606.2
14,2608.7
40,2608.8
38,2610.7
1,2611.0
55,2612.9
9,2614.3
59,2615.8
32,2616.9
3,2617.1
23,2617.5
39,2617.8
57,2618.0
18,2618.3
51,2618.4
17,2618.6
0,2618.7
34,2620.1
14,2622.0
56,2622.1
11,2623.3
61,2623.9
62,2623.9
38,2625.6
13,2626.1
35,2627.2
53,2628.9
36,2630.6
23,2633.4
9,2633.4
32,2633.9
0,2636.2
55,2637.1
39,2637.2
3,2637.4
17,2642.0
14,2644.9
57,2646.7
62,2650.3
28,2686.4
40,2687.9
38,2690.1
51,2692.6
14,2692.9
56,2695.9
1,2696.0
34,2696.3
61,2697.0
39,2697.1
57,2697.2
32,2697.4
9,2697.7
53,2698.6
0,2698.9
17,2699.3
55,2700.1
59,2700.8
35,2701.1
62,2704.4
38,2704.4
13,2704.4
7,2704.9
14,2706.3
36,2706.5
23,2707.8
11,2708.9
30,2709.9
44,2710.3
51,2712.2
32,2713.7
39,2716.3
0,2717.5
34,2718.1
9,2718.7
17,2720.1
56,2721.7
55,2723.5
57,2724.8
14,2725.3
0,2742.3
62,2742.4
37,2763.5
40,2763.9
35,2764.6
28,2764.8
53,2765.1
38,2769.4
61,2769.4
1,2771.0
14,2772.1
0,2773.3
39,2773.7
57,2774.0
59,2774.3
44,2775.0
32,2775.1
13,2775.1
36,2775.7
9,2775.8
23,2776.7
17,2777.0
51,2777.6
34,2778.2
56,2778.4
55,2778.9
62,2782.4
38,2783.3
18,2783.3
11,2784.7
14,2785.0
7,2787.1
0,2787.2
53,2787.3
35,2787.5
25,2789.4
30,2790.4
32,2790.9
39,2791.7
13,2794.4
9,2795.1
57,2796.8
17,2796.9
23,2799.2
34,2800.7
0,2801.2
56,2802.9
36,2803.3
38,2803.8
14,2804.1
25,2804.2
55,2804.4
51,2804.7
62,2805.5
7,2807.8
40,2810.9
26,2816.5
25,2820.0
0,2821.1
25,3031.3
53,3138.7
37,3140.6
6,3140.9
12,3141.0
16,3141.5
11,3142.3
43,3143.2
28,3143.4
10,3144.2
30,3145.6
40,3145.7
35,3145.7
1,3146.0
21,3146.1
44,3146.9
4,3147.6
59,3148.0
61,3148.1
24,3148.2
51,3150.0
34,3150.8
0,3150.8
56,3150.9
17,3151.1
32,3151.5
9,3152.3
47,3152.4
18,3152.7
57,3152.9
55,3152.9
13,3153.6
3,3153.9
53,3154.4
25,3155.2
45,3155.8
39,3156.1
27,3156.3
14,3156.4
36,3157.6
37,3159.0
31,3159.2
46,3159.3
28,3159.4
6,3159.5
23,3159.7
12,3160.5
11,3161.0
49,3161.2
38,3162.3
19,3162.3
22,3162.6
16,3163.0
54,3164.2
43,3164.2
50,3164.4
62,3164.7
40,3164.9
21,3165.6
1,3165.7
29,3165.7
59,3166.0
35,3166.1
5,3166.1
26,3166.3
52,3166.7
44,3166.8
51,3167.4
10,3167.7
8,3167.9
60,3167.9
4,3168.0
0,3168.2
7,3168.5
33,3168.6
41,3168.9
32,3169.4
20,3169.5
30,3169.5
34,3169.6
15,3170.1
61,3170.4
48,3170.7
42,3172.1
9,3172.3
58,3172.7
55,3172.9
56,3173.0
57,3173.1
17,3173.2
3,3173.4
24,3173.6
25,3173.6
14,3174.2
47,3174.5
18,3174.7
39,3175.7
53,3175.7
27,3176.6
2,3178.6
28,3178.8
13,3179.2
36,3180.1
6,3180.8
11,3180.9
12,3181.2
37,3181.3
23,3181.7
21,3185.4
40,3185.6
59,3186.2
38,3186.7
43,3187.4
0,3188.7
19,3190.3
50,3191.9
28,3217.6
1,3220.4
44,3221.4
35,3221.5
61,3222.0
9,3223.0
56,3223.3
55,3225.0
17,3225.8
34,3226.7
40,3226.7
53,3228.1
59,3231.3
51,3231.7
32,3232.4
14,3233.0
12,3233.5
57,3235.2
28,3235.3
6,3237.4
0,3239.0
1,3242.8
18,3243.6
44,3246.7
40,3269.0
53,3300.0
61,3300.5
35,3300.5
59,3301.2
37,3301.9
28,3303.7
17,3304.6
40,3305.4
56,3305.6
43,3305.7
3,3305.8
34,3305.8
1,3306.2
21,3306.3
47,3307.0
44,3307.6
16,3307.6
9,3307.7
25,3309.3
4,3311.9
55,3312.0
11,3312.2
14,3312.7
0,3312.7
62,3312.9
13,3312.9
39,3312.9
12,3314.0
6,3314.0
57,3315.0
18,3315.6
45,3318.2
32,3319.6
51,3320.2
60,3321.0
53,3321.3
7,3321.5
59,3322.8
28,3323.2
5,3324.1
61,3324.3
37,3324.5
35,3324.5
20,3326.9
10,3327.0
23,3327.3
38,3327.9
40,3329.2
34,3329.9
36,3330.4
21,3331.6
1,3331.8
27,3332.0
19,3332.2
56,3332.2
43,3333.0
17,3333.5
25,3334.2
44,3334.4
3,3335.1
0,3336.2
41,3337.7
39,3338.0
50,3338.3
4,3338.6
14,3338.8
55,3339.6
47,3340.0
9,3340.3
24,3340.4
11,3341.6
8,3342.0
62,3342.5
57,3344.4
12,3345.7
18,3347.1
51,3348.6
16,3348.7
28,3349.4
32,3349.4
59,3349.7
6,3350.7
13,3351.7
61,3353.8
46,3354.6
23,3354.8
37,3357.8
34,3358.4
40,3359.0
45,3359.7
52,3360.7
7,3361.0
5,3361.2
43,3362.4
38,3362.9
60,3362.9
21,3362.9
27,3364.3
15,3367.7
20,3367.8
0,3368.2
39,3368.4
25,3369.1
56,3370.2
19,3371.1
53,3371.7
48,3372.4
55,3376.5
1,3378.1
44,3378.5
4,3380.2
28,3380.2
3,3380.9
35,3381.7
17,3381.8
59,3382.1
57,3382.3
40,3385.0
12,3385.9
18,3386.4
62,3387.5
9,3387.5
61,3388.2
51,3390.2
34,3390.2
14,3390.4
53,3391.3
6,3391.4
0,3394.1
37,3394.3
32,3394.6
21,3395.1
56,3395.9
23,3398.7
1,3399.4
28,3399.9
44,3401.3
13,3401.5
55,3405.7
50,3406.0
39,3407.5
59,3409.7
40,3414.0
57,3425.5
18,3589.8
34,3601.3
61,3603.2
25,3606.3
51,3607.4
53,3610.5
45,3610.6
32,3612.0
24,3618.0
17,3618.4
47,3620.2
35,3622.4
62,3623.6
14,3624.3
41,3624.9
38,3625.1
4,3625.7
11,3626.1
43,3626.3
54,3626.5
8,3626.9
12,3627.8
42,3629.0
9,3629.5
26,3631.3
30,3631.9
49,3632.4
16,3633.3
3,3633.5
59,3633.9
36,3634.4
0,3634.6
29,3634.9
28,3635.0
10,3637.9
31,3638.6
23,3639.2
39,3639.9
51,3640.0
22,3641.2
21,3641.6
40,3642.0
34,3642.2
44,3642.6
32,3643.1
25,3643.3
55,3643.3
27,3643.5
18,3644.4
19,3644.6
1,3644.7
5,3644.7
60,3646.1
52,3646.5
48,3647.7
56,3647.8
57,3647.8
61,3648.0
37,3648.4
50,3648.4
46,3648.5
53,3648.8
35,3648.9
33,3649.1
11,3649.6
13,3650.1
14,3650.5
20,3651.1
4,3651.2
17,3651.4
47,3651.7
43,3652.0
6,3652.1
15,3652.2
9,3652.9
7,3652.9
38,3653.6
12,3654.9
8,3655.1
3,3655.1
59,3655.4
45,3655.6
0,3656.3
41,3657.0
28,3657.7
54,3658.5
51,3658.6
36,3658.8
16,3658.9
24,3659.1
30,3659.7
42,3661.2
21,3661.2
2,3661.5
39,3661.8
26,3662.2
34,3662.5
23,3663.1
40,3663.1
62,3663.1
32,3663.8
58,3664.1
10,3664.7
25,3665.4
55,3665.7
27,3666.2
18,3666.5
29,3667.1
44,3667.6
5,3669.1
57,3669.5
61,3671.2
19,3671.3
1,3671.6
37,3672.7
60,3672.7
56,3673.7
4,3677.3
14,3677.9
50,3678.0
11,3680.9
0,3681.0
28,3686.7
40,3702.0
39,3722.9
53,3764.4
12,3765.7
35,3766.0
34,3766.9
6,3767.1
59,3767.5
17,3768.0
28,3768.2
21,3768.9
9,3769.5
51,3769.6
47,3770.0
43,3770.1
13,3770.5
36,3770.6
3,3771.3
40,3771.9
1,3771.9
44,3773.1
37,3775.2
8,3775.4
49,3777.1
18,3777.1
61,3777.1
56,3777.9
11,3778.0
15,3778.4
32,3779.6
0,3779.8
31,3780.2
55,3781.4
16,3781.5
53,3782.4
14,3782.7
38,3783.0
39,3783.4
10,3783.5
20,3783.8
52,3784.8
30,3785.2
28,3785.4
25,3786.0
12,3786.3
48,3786.5
41,3786.9
7,3787.1
57,3787.4
6,3787.9
34,3788.4
35,3789.0
4,3789.2
59,3789.3
27,3789.6
23,3790.2
45,3791.0
17,3791.3
51,3791.3
21,3792.0
24,3793.7
50,3793.8
46,3794.6
43,3795.1
60,3795.2
9,3795.3
3,3795.4
36,3795.5
40,3796.0
1,3796.7
47,3796.8
22,3797.4
44,3797.5
5,3798.5
19,3799.1
0,3800.4
11,3801.2
32,3801.6
54,3802.0
13,3802.1
37,3802.4
18,3802.8
56,3803.4
61,3803.6
55,3804.9
62,3806.0
8,3806.0
14,3806.3
28,3807.2
39,3807.6
38,3809.7
53,3809.7
25,3810.4
12,3811.8
34,3811.8
15,3813.3
16,3813.4
21,3814.8
57,3814.8
59,3815.8
23,3817.1
4,3817.5
20,3819.1
40,3823.6
44,3844.0
1,3845.4
28,3847.8
18,3849.1
6,3851.8
35,3852.1
0,3852.5
40,3854.4
53,3856.4
12,3858.6
61,3862.0
37,3863.1
21,3865.8
17,3866.6
59,3867.5
44,3868.4
1,3868.5
28,3870.6
40,3890.1
0,3899.5
6,3927.0
11,3927.1
34,3927.4
28,3927.8
32,3928.1
43,3929.0
56,3929.2
9,3929.4
10,3929.5
3,3929.6
47,3930.0
51,3930.1
1,3931.1
55,3931.1
53,3931.8
40,3932.4
44,3932.4
14,3933.5
12,3933.8
25,3934.9
37,3935.6
35,3936.5
59,3936.5
21,3937.4
61,3937.8
0,3937.8
30,3938.2
18,3938.4
36,3938.4
17,3939.9
16,3941.0
27,3941.8
28,3944.8
52,3946.0
39,3946.3
7,3946.3
13,3946.7
19,3947.1
60,3947.2
32,3948.9
5,3949.5
11,3949.6
23,3949.7
4,3950.1
45,3950.5
34,3950.9
57,3951.4
6,3951.5
8,3952.1
43,3953.7
51,3954.0
1,3955.7
15,3955.7
9,3955.7
24,3956.2
55,3956.5
48,3956.6
47,3956.7
3,3956.9
40,3957.3
44,3958.0
38,3958.2
53,3958.4
14,3958.5
12,3958.6
10,3958.6
50,3959.4
56,3959.4
0,3960.1
41,3962.8
25,3962.9
21,3963.1
59,3963.2
37,3963.9
20,3964.2
31,3964.8
29,3965.0
62,3966.7
49,3966.9
35,3967.8
46,3967.8
18,3968.2
61,3968.3
28,3969.5
27,3971.3
36,3971.5
39,3971.9
17,3972.4
42,3972.8
16,3973.2
23,3975.8
32,3976.6
11,3976.7
30,3977.0
57,3979.9
4,3980.3
19,3980.3
60,3981.5
34,3982.4
5,3987.1
40,3987.5
0,3991.1
21,3997.9
1,4004.2
12,4005.6
44,4005.8
59,4006.2
28,4006.9
61,4007.0
56,4007.2
8,4007.9
18,4008.0
6,4008.1
50,4008.1
9,4010.2
55,4010.2
53,4011.9
10,4012.3
51,4013.0
40,4013.9
34,4015.2
13,4015.6
14,4015.9
3,4016.7
37,4017.1
35,4018.7
25,4018.7
17,4019.3
11,4019.7
32,4020.3
0,4021.9
21,4023.8
1,4025.3
28,4026.8
44,4027.8
12,4031.6
59,4035.9
14,4058.1
40,4067.6
61,4112.6
48,4214.9
34,4226.8
20,4233.2
8,4233.2
51,4233.9
57,4235.2
53,4235.4
47,4243.8
38,4244.9
52,4245.2
55,4246.5
23,4246.9
45,4248.3
16,4249.5
24,4250.2
54,4251.0
43,4251.1
4,4251.6
9,4252.6
39,4253.5
27,4254.9
26,4256.0
56,4256.5
28,4258.3
22,4258.7
2,4259.6
6,4260.8
33,4261.0
0,4262.6
7,4263.5
11,4264.3
30,4265.1
59,4266.7
15,4267.3
51,4267.9
34,4268.3
50,4268.4
18,4268.7
25,4269.8
32,4270.3
12,4271.2
40,4271.3
17,4271.6
14,4271.9
48,4273.5
8,4273.5
61,4273.8
41,4273.8
55,4274.3
19,4274.4
23,4274.7
21,4275.0
44,4275.3
37,4275.8
5,4276.0
46,4277.2
52,4277.8
39,4277.9
53,4278.1
10,4278.5
57,4278.5
38,4278.8
42,4278.9
60,4279.2
35,4279.2
4,4279.3
43,4279.7
36,4280.8
47,4281.9
16,4282.0
13,4282.7
56,4283.3
9,4283.5
27,4284.3
54,4285.1
0,4285.4
62,4285.5
28,4285.8
3,4286.1
1,4286.9
6,4287.8
26,4288.2
24,4288.6
11,4288.6
51,4288.7
29,4288.8
59,4288.8
31,4289.9
34,4290.4
45,4290.8
32,4291.2
20,4291.4
18,4291.4
25,4292.8
14,4293.8
40,4293.8
7,4294.5
12,4294.7
2,4294.9
17,4295.5
21,4295.9
50,4296.0
23,4297.0
30,4297.5
33,4297.7
22,4299.0
58,4299.8
15,4299.8
61,4300.6
39,4300.7
44,4300.8
37,4301.0
41,4301.5
4,4301.6
57,4301.7
55,4302.0
8,4302.2
19,4302.2
5,4302.5
38,4303.9
43,4304.5
0,4307.4
36,4308.8
60,4309.2
28,4311.4
56,4314.2
34,4319.5
40,4345.3
18,4353.9
62,4374.5
1,4390.1
53,4390.7
12,4390.8
6,4391.7
11,4392.1
35,4392.7
59,4392.8
21,4393.3
10,4394.3
51,4394.4
28,4394.5
47,4395.5
3,4396.0
14,4396.9
25,4397.4
44,4398.3
16,4399.6
40,4399.9
32,4400.1
49,4400.3
24,4401.2
37,4402.1
17,4402.4
18,4402.7
34,4402.8
0,4404.2
54,4404.3
56,4405.2
39,4406.0
27,4406.6
30,4408.6
1,4409.5
43,4409.5
61,4410.4
13,4411.0
12,4411.2
9,4411.3
36,4412.7
53,4413.5
28,4413.8
4,4413.8
6,4414.0
8,4414.1
55,4414.2
11,4414.8
62,4416.0
21,4416.5
23,4416.6
51,4416.8
59,4417.0
52,4417.3
19,4417.4
15,4417.5
35,4418.0
38,4418.7
45,4419.0
41,4420.1
14,4421.3
48,4421.6
3,4421.8
5,4422.3
10,4422.8
25,4422.9
46,4423.2
44,4423.3
50,4424.3
32,4424.5
47,4424.5
57,4424.6
60,4424.8
0,4427.0
34,4427.1
40,4428.0
20,4429.4
37,4429.6
18,4430.3
42,4431.8
17,4432.2
39,4432.7
27,4433.3
16,4434.0
43,4434.5
56,4434.5
12,4436.9
7,4437.5
61,4438.1
1,4438.9
28,4439.5
24,4440.1
21,4440.7
4,4441.3
9,4442.1
23,4443.6
62,4445.8
59,4446.2
19,4451.5
25,4456.2
57,4456.4
40,4469.4
18,4470.6
39,4470.7
44,4471.2
34,4471.4
53,4471.8
6,4473.0
11,4473.7
28,4473.8
60,4475.9
0,4477.1
51,4477.7
1,4477.7
8,4478.3
12,4478.5
14,4479.5
3,4480.7
37,4481.2
59,4482.9
17,4483.2
56,4483.3
15,4484.1
55,4487.7
21,4489.4
10,4491.2
61,4492.8
25,4493.8
44,4495.9
28,4496.0
32,4496.9
40,4499.6
34,4503.1
18,4503.2
39,4504.0
11,4506.0
1,4510.0
0,4511.8
14,4513.3
50,4513.9
19,4514.2
59,4518.8
12,4519.2
51,4524.9
62,4528.0
53,4550.3
27,4551.2
6,4551.7
35,4552.1
4,4552.7
28,4553.1
43,4553.7
9,4554.6
47,4554.8
32,4555.2
44,4555.9
30,4556.0
1,4556.1
12,4556.6
16,4557.8
40,4558.5
11,4559.1
37,4559.4
21,4559.5
17,4559.6
45,4559.6
36,4559.7
34,4560.2
51,4560.7
59,4561.1
56,4561.4
0,4561.5
18,4562.2
14,4562.7
24,4563.3
49,4563.4
39,4563.5
3,4563.7
10,4563.8
31,4565.5
54,4566.2
61,4567.0
55,4567.1
15,4568.1
25,4568.9
13,4569.5
52,4570.5
41,4570.9
8,4570.9
28,4571.1
38,4571.3
53,4572.2
22,4573.1
23,4574.2
6,4574.7
5,4575.4
29,4576.5
62,4576.7
27,4577.6
19,4577.9
4,4578.1
43,4578.6
32,4578.8
35,4578.9
50,4579.8
44,4580.2
1,4580.9
12,4581.0
60,4581.1
48,4581.3
21,4581.7
47,4582.2
51,4582.6
46,4582.7
9,4582.8
20,4583.1
11,4583.2
34,4584.6
59,4585.8
30,4585.8
57,4586.0
7,4586.2
40,4586.6
0,4586.6
14,4587.2
37,4587.3
16,4587.7
36,4588.3
17,4589.3
3,4589.4
18,4591.3
39,4592.4
10,4593.3
56,4594.3
55,4596.3
25,4598.1
28,4598.6
61,4600.9
24,4601.5
23,4607.7
21,4613.6
62,4615.7
19,4617.4
53,4629.1
12,4630.4
34,4631.1
44,4631.1
40,4632.5
59,4633.0
6,4634.1
28,4634.7
1,4636.4
11,4642.8
0,4645.4
56,4647.6
21,4647.9
17,4648.3
51,4648.7
14,4650.3
32,4655.7
12,4656.3
44,4657.0
53,4659.2
28,4659.8
18,4664.7
59,4671.0
1,4671.6
37,4677.1
39,4679.5
55,4682.4
40,4684.2
34,4686.3
10,4687.2
9,4713.3
15,4768.6
8,4810.7
41,4813.7
52,4814.2
31,4816.5
57,4822.9
6,4826.0
43,4832.0
60,4832.7
3,4835.6
27,4835.7
54,4836.5
4,4842.4
38,4843.1
45,4843.6
33,4844.7
30,4846.1
35,4849.1
51,4849.6
0,4850.6
11,4850.7
48,4852.4
47,4853.4
12,4855.8
42,4855.8
28,4856.6
26,4857.5
18,4857.6
16,4862.1
6,4862.4
13,4862.9
39,4863.7
37,4864.1
23,4864.5
5,4865.3
59,4865.9
61,4868.3
21,4869.1
8,4869.5
50,4869.5
55,4869.8
17,4869.9
34,4870.0
46,4870.4
25,4870.6
15,4870.8
43,4871.1
20,4871.3
14,4872.3
44,4872.8
41,4874.1
53,4874.3
0,4874.5
52,4875.1
40,4875.2
56,4875.4
38,4875.7
4,4876.1
32,4877.2
57,4877.3
29,4877.5
19,4877.5
3,4877.6
60,4877.8
10,4878.7
9,4879.0
51,4879.0
27,4879.2
36,4879.4
62,4879.6
11,4879.9
54,4880.7
24,4880.9
35,4882.3
1,4885.2
30,4885.8
28,4885.8
18,4886.4
7,4886.6
12,4887.5
47,4887.7
22,4887.9
48,4888.6
59,4888.7
39,4888.8
31,4889.0
6,4890.3
23,4891.0
37,4891.1
5,4891.4
26,4891.7
45,4891.7
2,4891.7
21,4892.0
34,4892.4
42,4893.2
16,4893.2
14,4893.2
17,4893.9
25,4894.1
43,4894.3
55,4894.6
13,4894.7
61,4894.7
33,4895.6
0,4895.8
50,4896.4
44,4896.7
8,4897.5
4,4898.7
32,4899.5
20,4900.3
51,4901.0
40,4901.6
41,4901.7
38,4902.0
57,4902.9
56,4904.1
52,4904.2
46,4904.2
3,4905.0
36,4906.5
19,4909.0
60,4909.6
62,4910.1
15,4910.6
28,4913.5
18,4913.8
59,4914.5
39,4914.8
21,4924.8
23,4927.0
0,4937.4
1,4940.0
25,4989.2
53,5016.0
35,5016.2
12,5016.3
6,5016.5
11,5016.6
34,5017.2
10,5018.2
47,5019.0
37,5020.3
28,5020.8
14,5021.4
1,5021.8
44,5022.9
61,5024.9
49,5025.2
17,5025.4
24,5025.4
54,5026.8
0,5027.0
56,5028.7
51,5029.8
32,5029.9
21,5030.0
27,5032.9
25,5033.6
3,5034.4
18,5035.3
43,5035.4
7,5035.4
9,5035.5
30,5036.1
59,5036.4
39,5037.1
55,5037.5
40,5037.7
8,5037.9
5,5037.9
53,5037.9
11,5038.8
6,5038.9
12,5039.6
35,5040.5
34,5041.6
28,5041.7
4,5041.8
45,5044.1
23,5044.1
38,5044.7
16,5045.5
1,5045.6
14,5045.8
10,5046.0
44,5047.4
47,5047.7
31,5048.8
62,5049.5
15,5049.9
50,5050.2
37,5050.7
0,5051.1
29,5051.5
13,5051.7
46,5052.0
51,5052.0
19,5053.4
48,5054.4
52,5055.4
21,5055.4
36,5055.8
32,5056.5
41,5056.6
57,5057.1
56,5057.2
61,5057.4
17,5057.7
24,5058.9
43,5060.4
27,5060.4
25,5060.4
59,5062.2
11,5062.9
39,5063.1
60,5063.7
3,5064.1
18,5064.3
54,5064.3
40,5065.8
55,5066.0
22,5066.2
6,5066.6
34,5067.7
5,5068.7
26,5069.6
4,5069.6
7,5070.0
12,5071.6
28,5072.2
8,5072.7
23,5073.3
20,5074.8
38,5075.7
0,5076.4
44,5078.3
1,5080.1
62,5081.3
21,5085.0
37,5087.2
19,5087.4
57,5091.3
39,5092.7
61,5093.1
35,5094.6
59,5096.0
40,5096.3
56,5099.6
53,5100.4
28,5101.2
1,5102.4
18,5102.6
12,5102.7
34,5104.0
44,5104.3
14,5105.8
51,5107.6
0,5108.0
11,5109.8
21,5111.5
6,5113.1
62,5118.1
1,5175.3
28,5175.3
44,5175.9
35,5177.1
32,5180.8
10,5181.2
37,5181.4
3,5182.7
43,5182.8
47,5185.7
39,5186.1
12,5186.3
30,5187.0
0,5188.5
11,5189.9
25,5190.9
21,5191.1
15,5191.3
53,5191.4
6,5191.5
56,5192.6
34,5192.9
8,5194.2
38,5194.8
51,5194.8
14,5194.9
18,5195.3
28,5195.7
55,5197.2
1,5197.4
44,5199.0
59,5199.0
17,5199.6
40,5199.6
16,5203.6
61,5205.6
32,5209.9
23,5210.5
35,5211.9
4,5212.1
0,5215.3
60,5215.5
12,5216.1
39,5218.0
19,5218.1
37,5219.3
11,5220.9
50,5221.8
62,5224.6
41,5225.7
21,5226.5
25,5226.9
34,5226.9
3,5227.1
10,5228.6
47,5228.9
43,5232.5
55,5234.1
59,5234.6
51,5235.5
14,5236.3
7,5238.1
40,5239.8
18,5240.5
28,5241.9
1,5243.1
38,5247.3
44,5250.2
56,5250.3
32,5251.4
39,5251.9
61,5253.7
15,5254.3
0,5254.5
6,5254.9
8,5255.0
12,5257.2
23,5258.2
11,5258.3
54,5259.6
21,5260.2
28,5261.0
35,5261.4
1,5261.4
53,5262.0
34,5262.7
45,5263.9
51,5264.2
57,5264.2
3,5264.4
37,5264.5
43,5264.5
10,5265.2
59,5265.3
14,5265.9
27,5267.2
47,5267.9
18,5268.0
30,5268.0
16,5268.4
25,5268.4
44,5268.7
17,5269.5
55,5269.5
5,5269.8
4,5270.0
48,5270.1
31,5270.6
40,5271.0
24,5272.0
19,5272.6
52,5273.6
62,5273.7
32,5273.9
0,5274.1
56,5274.1
38,5274.8
41,5275.1
60,5275.5
46,5276.5
6,5277.0
13,5277.5
50,5277.7
39,5278.9
9,5278.9
12,5279.7
11,5280.2
28,5281.3
21,5281.7
8,5283.6
7,5283.9
23,5284.5
61,5285.4
1,5285.8
51,5285.8
34,5286.0
15,5286.4
22,5290.1
43,5290.3
59,5291.0
14,5291.9
35,5292.1
57,5292.1
53,5292.1
20,5294.7
18,5295.1
37,5295.1
40,5301.9
28,5392.8
0,5417.3
44,5441.4
19,5463.0
32,5469.3
12,5470.9
3,5471.7
39,5472.2
47,5475.5
56,5479.3
25,5480.1
10,5484.3
62,5484.7
54,5489.9
4,5490.7
38,5492.0
0,5499.9
26,5500.2
17,5500.5
45,5501.1
51,5501.5
30,5502.0
33,5502.2
28,5502.9
36,5503.5
5,5504.0
29,5504.2
32,5504.6
14,5505.1
48,5505.2
55,5506.2
16,5509.8
21,5510.0
42,5510.6
18,5510.6
27,5511.7
11,5512.8
39,5514.1
23,5516.9
58,5517.6
34,5518.0
25,5518.0
43,5520.0
49,5520.5
2,5521.3
59,5521.4
12,5522.0
4,5522.1
0,5523.3
44,5523.8
57,5524.3
52,5524.3
56,5524.4
19,5525.1
50,5525.1
37,5525.2
8,5525.2
9,5525.4
60,5525.7
47,5525.7
3,5525.7
13,5525.8
41,5526.3
53,5526.3
46,5526.7
15,5526.8
40,5527.6
35,5528.0
38,5528.6
10,5530.0
61,5530.1
17,5530.2
6,5530.5
51,5530.9
20,5531.1
28,5531.3
7,5531.4
5,5531.8
32,5532.1
55,5533.6
26,5534.0
30,5534.5
14,5534.9
36,5535.0
1,5535.9
24,5536.6
62,5536.9
11,5537.0
18,5537.4
27,5537.7
39,5538.1
45,5538.3
31,5539.4
54,5540.0
21,5540.3
25,5541.1
22,5541.4
34,5541.6
29,5541.7
59,5542.0
48,5542.3
23,5542.4
43,5542.7
16,5542.7
0,5544.1
12,5544.2
57,5545.1
4,5545.6
42,5546.6
44,5547.4
33,5547.5
40,5549.2
3,5549.9
9,5550.1
37,5550.2
56,5550.4
47,5552.1
50,5553.2
60,5553.6
8,5553.9
41,5554.0
19,5554.1
38,5554.1
28,5555.3
61,5555.5
17,5557.9
6,5559.4
55,5564.8
39,5565.7
0,5594.2
57,5601.0
62,5604.0
21,5614.8
25,5641.4
35,5641.6
53,5641.8
11,5642.5
34,5643.2
18,5644.7
51,5645.5
32,5645.7
10,5645.7
28,5647.0
1,5647.1
14,5648.1
46,5649.0
59,5649.4
6,5650.0
44,5650.5
12,5650.8
0,5653.2
43,5654.5
56,5656.0
4,5656.9
3,5657.2
30,5657.4
15,5657.8
47,5659.5
24,5660.2
8,5660.8
21,5661.3
40,5662.5
39,5663.1
37,5664.0
7,5664.0
45,5665.0
23,5666.0
53,5666.7
11,5666.7
62,5667.2
55,5667.2
5,5667.6
52,5668.1
51,5668.8
28,5669.0
27,5669.2
17,5669.6
34,5670.1
18,5670.9
38,5671.1
25,5671.1
35,5671.1
32,5671.6
61,5671.8
1,5673.6
14,5674.5
10,5675.8
6,5676.9
0,5677.7
59,5679.6
12,5680.5
43,5681.4
16,5681.9
19,5682.0
44,5682.1
57,5683.6
54,5684.4
50,5684.7
21,5685.6
46,5686.6
36,5687.0
41,5687.2
56,5688.1
4,5688.3
40,5690.0
48,5690.5
39,5691.8
42,5693.8
3,5694.1
9,5694.4
60,5694.4
47,5694.5
2,5694.7
37,5694.7
24,5695.1
11,5695.2
20,5695.9
23,5695.9
30,5697.5
31,5698.2
8,5698.3
51,5698.8
29,5698.9
62,5699.1
28,5700.7
25,5704.0
27,5704.0
34,5704.2
18,5704.7
5,5705.0
32,5705.4
15,5706.5
7,5706.5
0,5706.9
61,5709.3
57,5715.1
59,5715.9
21,5717.2
1,5720.2
44,5720.9
43,5721.2
14,5722.0
6,5722.3
39,5723.4
53,5723.6
40,5724.5
38,5724.5
19,5725.3
4,5725.3
28,5725.4
56,5727.1
12,5727.8
34,5731.2
18,5731.9
35,5732.5
11,5732.9
37,5734.2
50,5734.8
3,5735.7
0,5735.8
51,5736.2
17,5736.3
8,5736.6
32,5738.9
62,5739.2
60,5740.4
61,5741.2
25,5743.7
15,5743.9
59,5746.1
1,5746.1
41,5748.6
44,5750.4
23,5751.5
14,5751.9
28,5751.9
39,5756.0
40,5760.6
12,5801.3
53,5802.1
18,5802.6
6,5802.9
30,5804.1
43,5805.0
55,5805.1
32,5805.6
10,5806.3
28,5808.6
1,5809.6
34,5812.3
4,5813.5
11,5813.6
35,5814.1
16,5814.3
47,5814.5
56,5814.6
44,5815.1
14,5817.0
59,5817.5
38,5818.1
0,5818.1
21,5819.2
37,5819.3
51,5820.0
39,5821.6
40,5822.4
3,5826.4
12,5827.7
15,5828.0
61,5828.3
17,5828.6
8,5830.7
53,5831.5
18,5834.4
32,5834.4
52,5836.2
55,5836.8
28,5836.9
25,5837.4
23,5837.6
19,5838.2
43,5842.6
1,5844.7
54,5848.3
34,5849.4
14,5850.4
11,5850.4
10,5853.5
59,5854.0
44,5854.9
0,5856.7
51,5862.0
12,5862.6
4,5862.8
40,5866.6
21,5867.4
41,5867.7
62,5868.0
16,5870.5
56,5871.8
37,5873.3
6,5880.8
30,5882.5
28,5884.7
39,5884.9
18,5885.1
32,5886.0
1,5887.1
35,5887.1
11,5887.2
53,5887.3
45,5887.5
12,5887.8
34,5887.8
51,5889.3
3,5889.6
43,5890.1
44,5890.6
10,5890.9
14,5891.0
0,5891.4
55,5892.1
4,5892.2
59,5892.8
15,5893.3
25,5893.9
8,5894.3
47,5894.4
46,5895.1
61,5895.1
38,5895.9
56,5896.2
17,5896.9
24,5897.6
40,5898.5
21,5898.6
31,5898.6
37,5899.4
13,5899.7
16,5900.5
52,5901.1
50,5903.0
23,5903.1
48,5904.5
6,5905.2
19,5905.2
41,5905.4
28,5905.6
32,5907.6
62,5908.8
54,5909.6
60,5910.9
51,5911.6
11,5912.1
27,5912.1
39,5912.2
1,5912.6
12,5913.1
18,5913.4
7,5914.0
3,5915.8
43,5916.5
30,5916.6
34,5917.6
53,5918.0
0,5918.1
14,5918.3
59,5918.7
44,5919.7
57,5921.1
35,5922.9
4,5923.2
25,5924.5
21,5924.6
5,5924.8
20,5926.0
29,5926.1
42,5928.3
47,5929.7
8,5931.5
40,5935.8
23,5936.0
61,5936.2
28,5985.5
60,5990.6
0,6082.9
18,6097.5
46,6117.5
38,6122.5
39,6124.5
56,6125.7
57,6125.8
24,6128.1
6,6132.7
37,6133.8
10,6138.7
9,6146.3
55,6146.9
17,6147.5
45,6147.7
51,6152.4
33,6155.6
36,6156.5
21,6159.3
4,6160.2
15,6160.6
18,6160.7
23,6164.1
28,6164.9
14,6164.9
11,6166.7
26,6167.6
43,6169.9
41,6170.2
22,6170.9
27,6171.0
34,6171.6
59,6172.1
39,6172.9
57,6173.8
25,6173.8
58,6175.0
0,6175.6
44,6175.8
37,6176.5
52,6177.3
12,6177.7
50,6178.3
19,6179.6
55,6179.9
38,6180.1
32,6180.6
60,6180.7
16,6182.6
61,6182.7
1,6183.5
40,6183.6
17,6184.5
51,6184.7
47,6184.7
9,6185.0
48,6185.5
31,6185.6
6,6186.3
56,6186.4
13,6186.7
3,6187.3
5,6188.1
8,6188.5
42,6189.3
35,6189.3
53,6189.6
46,6190.1
18,6190.2
21,6191.2
10,6191.8
11,6193.3
28,6194.1
30,6194.2
23,6194.6
59,6194.8
54,6194.9
14,6195.0
34,6195.4
4,6196.2
7,6196.2
36,6196.3
39,6196.4
20,6196.5
43,6196.5
27,6197.5
24,6197.7
0,6198.0
62,6198.2
25,6198.3
57,6198.5
45,6199.3
2,6199.7
29,6199.8
33,6199.8
12,6201.3
32,6201.7
26,6201.9
37,6202.2
41,6202.2
15,6202.4
55,6203.0
38,6203.3
52,6203.5
44,6203.8
51,6203.8
50,6204.2
19,6207.1
40,6207.9
60,6208.0
17,6208.9
6,6209.7
47,6209.9
61,6210.0
16,6210.3
22,6210.8
1,6211.5
3,6212.1
21,6212.5
56,6213.4
18,6214.2
5,6214.9
9,6215.5
8,6216.4
28,6218.1
23,6219.5
0,6220.0
39,6220.4
34,6220.5
25,6222.9
14,6225.6
4,6226.5
57,6228.6
62,6256.7
35,6266.6
12,6267.1
53,6267.7
11,6267.8
30,6268.5
43,6270.4
32,6271.8
28,6272.3
10,6274.6
1,6275.7
6,6278.4
44,6280.6
59,6282.0
34,6282.4
51,6285.9
14,6286.8
8,6287.3
0,6288.0
62,6289.1
4,6292.6
56,6292.9
11,6299.8
28,6300.1
25,6311.2
1,6325.3
12,6327.7
43,6344.8
53,6346.3
35,6346.6
32,6348.0
30,6348.6
3,6349.6
47,6350.8
28,6350.8
1,6352.3
12,6353.4
6,6353.6
46,6355.3
44,6355.3
31,6355.7
11,6356.1
0,6358.0
34,6358.0
45,6358.5
51,6358.6
10,6361.2
14,6361.6
8,6361.8
55,6362.0
4,6363.6
59,6363.6
7,6364.7
24,6364.9
18,6368.2
40,6369.1
21,6370.9
25,6371.2
56,6371.4
43,6371.9
53,6372.2
62,6372.2
32,6373.1
23,6373.7
15,6374.3
48,6374.5
3,6375.8
28,6375.9
54,6376.8
35,6377.9
27,6380.8
1,6381.6
39,6381.7
52,6382.6
6,6383.3
11,6384.5
30,6385.0
51,6385.3
12,6385.4
47,6385.6
44,6388.1
34,6389.2
0,6389.8
38,6391.0
50,6391.4
14,6393.9
59,6395.4
8,6399.9
4,6401.2
21,6401.6
7,6402.8
33,6403.2
9,6403.8
43,6407.1
28,6407.4
5,6408.3
32,6408.6
25,6410.5
18,6411.6
61,6413.3
55,6413.4
19,6415.7
40,6417.6
41,6418.1
17,6418.6
23,6419.8
57,6419.9
24,6421.0
37,6422.5
3,6424.3
12,6424.4
53,6425.0
15,6425.6
56,6430.0
28,6430.4
51,6430.5
34,6430.5
1,6430.6
10,6431.0
39,6431.7
59,6432.8
62,6433.0
0,6433.2
44,6433.8
6,6434.1
11,6435.0
14,6435.4
35,6435.8
21,6437.1
4,6439.3
43,6439.8
32,6440.6
25,6441.1
8,6441.6
18,6441.7
47,6446.4
12,6451.5
19,6452.8
40,6453.6
28,6455.3
60,6456.5
3,6467.9
1,6468.3
0,6468.5
23,6474.7
15,6478.3
59,6480.1
61,6480.8
44,6481.4
62,6489.2
34,6500.3
14,6505.7
53,6507.2
11,6507.6
30,6508.5
32,6510.1
51,6511.4
1,6511.6
12,6512.0
28,6512.3
35,6515.7
44,6516.2
6,6516.7
0,6517.3
55,6517.5
59,6519.6
43,6520.6
3,6520.8
4,6522.9
37,6523.2
24,6523.6
34,6524.4
62,6524.5
8,6524.5
10,6525.2
21,6525.7
25,6525.7
15,6526.4
18,6527.1
47,6528.8
14,6530.3
32,6534.9
11,6535.0
23,6536.6
28,6538.5
41,6538.7
12,6541.4
51,6541.7
1,6542.3
39,6542.6
40,6543.7
56,6547.1
13,6547.5
19,6550.0
0,6550.5
44,6551.8
59,6552.8
27,6556.2
6,6557.4
38,6558.6
21,6561.9
43,6562.1
61,6565.0
54,6565.0
14,6568.7
52,6570.4
35,6570.5
7,6570.9
3,6571.3
34,6573.1
4,6574.3
46,6575.4
32,6575.7
8,6579.8
30,6580.6
28,6581.3
55,6581.6
51,6582.0
18,6583.2
37,6583.4
57,6583.6
12,6585.1
23,6588.3
25,6589.9
16,6590.9
0,6593.4
62,6594.7
11,6598.1
15,6599.3
10,6599.6
38,6604.0
1,6605.2
43,6607.1
21,6607.5
9,6608.1
40,6608.2
59,6608.2
39,6610.1
56,6610.1
47,6614.8
55,6616.9
34,6619.7
27,6620.2
24,6620.3
4,6620.7
32,6621.4
14,6624.3
50,6625.2
51,6627.8
44,6629.4
25,6629.6
20,6629.9
28,6631.0
12,6631.1
61,6633.2
19,6634.3
48,6635.1
52,6636.5
5,6637.3
41,6637.3
42,6637.5
17,6639.4
6,6639.6
0,6640.0
45,6642.0
18,6642.4
11,6643.0
3,6643.5
43,6643.6
31,6644.6
57,6644.9
23,6646.3
33,6646.9
53,6647.4
21,6648.2
59,6648.3
39,6650.8
32,6651.8
7,6652.5
40,6653.0
8,6654.5
34,6657.8
60,6659.1
36,6659.4
58,6659.5
9,6659.7
62,6659.7
27,6660.2
55,6661.0
51,6661.1
14,6661.8
29,6661.8
46,6662.0
37,6662.1
38,6662.1
4,6662.4
12,6662.5
50,6662.8
15,6663.1
56,6663.5
10,6665.1
28,6665.6
35,6666.1
24,6666.4
25,6666.9
16,6667.3
54,6668.2
0,6669.1
6,6669.2
1,6670.1
30,6670.7
41,6671.3
44,6671.5
5,6672.2
13,6673.8
47,6674.0
20,6674.0
48,6674.1
11,6674.6
43,6674.7
17,6675.4
3,6675.7
52,6676.1
57,6676.8
23,6677.5
21,6677.9
49,6678.0
61,6678.1
26,6678.4
2,6678.6
39,6678.9
18,6679.9
59,6681.1
19,6681.3
32,6683.6
45,6684.3
7,6684.5
40,6685.1
42,6685.2
34,6685.5
8,6687.9
4,6688.3
36,6692.5
9,6692.9
0,6693.9
60,6694.7
28,6695.0
25,6695.7
38,6697.5
37,6697.5
50,6699.4
62,6701.2
14,6701.7
56,6701.9
55,6705.0
12,6708.1
1,6728.8
39,6737.2
57,6738.3
23,6740.3
61,6745.0
59,6751.6
6,6802.1
22,6873.1
3,6883.6
51,6890.2
35,6890.4
53,6890.7
31,6895.3
6,6896.4
28,6896.9
46,6897.2
12,6897.3
1,6899.0
11,6900.0
34,6900.1
32,6900.3
43,6900.6
0,6901.7
5,6902.3
47,6902.8
30,6903.0
21,6904.8
14,6905.0
10,6905.0
8,6905.5
44,6906.4
59,6907.2
25,6907.8
55,6908.8
62,6910.1
51,6910.2
40,6910.6
18,6910.9
17,6911.8
33,6911.9
53,6912.0
24,6912.3
29,6912.5
3,6913.2
54,6913.4
41,6913.5
15,6913.6
26,6914.0
42,6914.0
35,6914.5
4,6914.5
23,6914.6
27,6915.2
39,6915.4
45,6915.9
28,6917.6
52,6918.0
48,6918.4
50,6919.2
6,6919.3
7,6919.6
37,6919.9
13,6920.1
19,6920.4
38,6920.6
11,6921.2
2,6921.4
12,6921.7
57,6922.1
32,6922.2
34,6922.3
43,6922.9
0,6923.0
16,6923.4
9,6925.2
36,6925.5
21,6925.9
1,6926.5
5,6927.7
56,6927.9
61,6928.0
14,6928.0
25,6928.8
59,6929.0
60,6929.4
30,6929.5
51,6929.8
8,6930.3
44,6930.8
47,6931.0
49,6932.0
31,6932.0
10,6932.6
20,6933.5
46,6933.6
55,6934.8
40,6935.1
18,6935.5
17,6936.1
23,6937.1
4,6937.4
62,6937.4
3,6937.8
39,6937.9
53,6938.7
27,6939.7
24,6942.5
28,6943.2
41,6943.5
15,6947.3
57,6947.7
0,6947.7
37,6947.8
34,6949.0
19,6951.6
61,6959.6
12,6960.1
59,6960.6
60,6968.7
1,6968.8
14,6972.8
6,6973.2
35,6973.8
11,6975.0
43,6975.6
51,6976.2
25,6977.0
28,6979.7
21,6980.9
32,6981.1
0,6981.3
12,6981.6
62,6988.5
44,6992.0
8,6994.4
28,7048.5
1,7051.8
6,7051.9
53,7052.3
34,7054.2
10,7056.1
30,7056.3
47,7056.6
59,7057.7
14,7059.6
12,7061.2
0,7063.3
11,7064.8
35,7065.3
43,7066.6
55,7067.3
32,7068.1
28,7068.2
18,7070.0
7,7071.2
51,7071.3
8,7072.0
25,7073.7
44,7074.9
21,7075.4
62,7075.8
40,7076.2
15,7080.2
1,7080.6
6,7085.9
34,7085.9
14,7090.5
59,7092.4
0,7095.0
12,7095.1
11,7096.1
28,7097.8
43,7100.6
23,7101.9
32,7102.1
3,7104.3
39,7105.6
52,7107.7
10,7108.0
5,7108.3
19,7111.6
7,7113.8
4,7114.3
55,7118.9
47,7122.9
51,7127.0
35,7128.5
48,7129.4
0,7129.8
21,7130.6
11,7130.6
8,7130.9
53,7131.1
28,7132.0
30,7133.0
34,7133.1
12,7133.1
25,7133.4
14,7134.3
18,7135.5
43,7136.2
6,7136.2
32,7136.8
33,7137.7
62,7138.3
1,7138.7
23,7139.3
50,7139.3
59,7140.2
15,7141.5
10,7141.6
42,7141.8
13,7142.2
44,7145.6
54,7146.1
31,7147.1
47,7147.8
51,7148.5
55,7148.6
2,7148.7
40,7148.7
39,7148.8
28,7150.1
3,7150.3
0,7151.4
52,7151.9
35,7152.3
9,7152.3
7,7152.3
11,7152.5
4,7153.4
26,7154.1
21,7155.0
53,7155.1
8,7155.2
41,7156.2
37,7156.3
19,7156.7
46,7156.9
32,7157.1
12,7158.0
14,7158.1
34,7159.9
6,7159.9
38,7160.6
30,7160.9
17,7160.9
5,7161.3
25,7161.5
61,7161.7
27,7163.0
59,7164.8
43,7165.4
36,7167.6
57,7168.5
1,7168.6
18,7169.1
16,7170.8
23,7173.9
28,7174.4
60,7176.1
15,7177.1
0,7177.5
40,7178.2
39,7179.8
62,7180.8
20,7187.8
21,7192.0
61,7200.9
59,7209.7
19,7215.1
12,7224.6
34,7348.6
25,7361.4
55,7378.9
3,7384.1
51,7393.5
54,7394.9
37,7395.3
7,7397.0
50,7400.9
24,7402.4
47,7403.5
35,7405.0
10,7408.8
45,7413.7
4,7414.4
44,7415.1
48,7420.5
21,7421.7
39,7422.0
42,7424.3
56,7424.7
43,7425.3
22,7425.7
32,7426.8
51,7427.0
9,7427.6
28,7428.0
25,7428.3
14,7429.2
18,7429.3
29,7430.8
11,7430.9
59,7431.1
23,7431.6
13,7431.8
40,7433.2
34,7434.7
38,7435.0
0,7437.8
58,7439.2
41,7440.3
27,7440.3
17,7441.0
62,7441.6
6,7441.6
8,7443.7
19,7443.9
4,7444.6
5,7444.8
53,7444.8
55,7446.4
54,7446.4
52,7446.4
12,7446.6
21,7446.6
57,7446.7
37,7446.8
36,7446.9
39,7447.1
16,7447.7
30,7447.7
7,7447.9
60,7448.0
3,7448.9
50,7449.1
20,7449.1
10,7450.0
15,7450.2
61,7450.3
51,7450.9
47,7451.0
44,7451.2
35,7451.4
32,7452.2
26,7452.5
33,7452.6
24,7452.7
43,7452.8
56,7453.0
14,7453.7
25,7454.4
9,7454.7
42,7454.9
2,7455.1
1,7456.2
46,7456.2
59,7456.3
28,7456.6
34,7457.2
31,7457.4
11,7457.4
23,7457.5
48,7458.5
18,7458.6
45,7458.9
0,7459.3
40,7460.5
38,7460.9
27,7461.7
13,7462.1
6,7464.1
17,7464.4
4,7465.3
41,7466.2
21,7466.3
29,7466.6
57,7467.5
62,7467.6
39,7467.9
22,7469.3
8,7470.1
19,7470.2
37,7471.9
12,7472.3
5,7472.6
61,7474.2
36,7474.4
60,7474.8
3,7475.9
55,7478.4
32,7479.5
51,7480.0
50,7481.3
16,7481.8
20,7482.1
56,7482.3
54,7484.3
14,7485.0
28,7489.9
34,7490.3
0,7490.7
23,7493.1
40,7500.3
1,7502.7
18,7508.0
57,7508.4
21,7514.5
39,7516.3
53,7518.4
43,7519.2
35,7519.4
25,7521.3
44,7521.3
0,7522.4
59,7522.6
28,7525.0
1,7525.2
30,7526.3
6,7528.9
12,7529.4
32,7529.9
62,7532.7
34,7533.6
8,7536.0
51,7538.1
14,7538.5
11,7539.7
21,7550.8
0,7551.2
28,7555.7
40,7572.6
25,7574.1
43,7596.2
32,7596.5
19,7596.5
53,7596.5
35,7597.3
10,7599.6
3,7603.8
0,7604.3
1,7604.4
15,7605.0
28,7605.3
51,7606.6
12,7607.1
6,7609.8
47,7610.6
8,7610.7
14,7611.4
21,7611.5
23,7611.8
62,7612.0
11,7614.0
25,7614.2
44,7614.8
55,7615.5
4,7616.5
30,7618.4
7,7618.5
32,7618.8
59,7620.7
34,7621.1
48,7622.7
37,7623.0
31,7625.3
53,7625.8
43,7626.6
0,7626.7
40,7628.9
35,7629.2
28,7630.0
52,7631.9
51,7631.9
10,7636.1
39,7636.5
3,7638.3
54,7638.9
19,7641.3
21,7641.6
1,7643.2
15,7643.7
12,7643.8
25,7644.7
14,7644.8
9,7645.1
18,7645.6
8,7646.5
42,7647.4
11,7648.2
6,7648.3
27,7652.7
5,7652.8
59,7652.9
32,7652.9
41,7652.9
23,7653.3
47,7653.8
7,7654.3
2,7655.4
57,7655.8
0,7660.0
62,7660.1
50,7660.3
51,7661.0
28,7664.0
4,7664.3
17,7667.4
43,7668.2
55,7669.2
44,7669.9
61,7670.2
34,7673.2
37,7674.4
21,7675.0
30,7675.8
35,7676.2
48,7676.5
25,7677.4
12,7679.1
40,7679.5
52,7679.9
14,7680.1
53,7681.5
3,7682.0
32,7682.4
0,7682.6
1,7683.3
15,7683.5
11,7683.6
39,7683.7
6,7683.8
59,7684.3
28,7685.3
51,7685.4
10,7686.4
18,7687.4
8,7689.2
62,7690.1
31,7691.5
16,7692.7
36,7692.7
19,7693.3
41,7695.4
43,7695.6
60,7696.1
23,7696.3
55,7697.9
34,7700.3
4,7700.6
54,7701.1
57,7703.4
21,7704.7
7,7704.8
47,7706.1
0,7706.5
28,7707.8
25,7707.9
37,7712.9
59,7718.9
61,7723.1
40,7732.0
39,7741.0
18,7755.9
12,7756.0
53,7756.9
32,7757.1
35,7757.3
1,7757.6
51,7759.8
30,7761.9
6,7763.9
14,7764.3
28,7765.5
11,7765.8
44,7767.6
0,7768.4
62,7770.6
15,7772.5
34,7774.1
59,7775.8
8,7780.2
32,7780.3
21,7780.7
43,7781.5
12,7783.5
55,7785.5
37,7785.7
25,7787.0
28,7789.2
7,7790.6
51,7793.3
10,7793.3
14,7793.5
40,7794.9
1,7801.6
11,7802.3
35,7804.3
0,7805.0
39,7808.8
59,7817.4
19,7822.3
32,7823.2
21,7824.2
18,7826.9
12,7852.6
48,7954.5
52,7963.6
53,7980.5
17,7988.8
26,7993.4
38,7998.4
9,7998.8
27,8002.4
56,8006.0
46,8007.4
50,8007.9
33,8008.9
24,8015.7
42,8017.7
49,8018.3
0,8020.5
3,8021.0
43,8023.9
28,8025.1
52,8026.0
44,8026.3
12,8028.4
25,8028.6
40,8029.3
14,8030.0
59,8032.5
51,8033.6
21,8033.7
39,8034.0
17,8034.3
41,8034.6
32,8038.5
61,8039.0
9,8040.3
34,8040.6
18,8041.0
27,8041.7
35,8042.2
23,8042.6
57,8043.7
31,8043.9
1,8044.0
4,8044.2
7,8044.8
38,8045.3
13,8046.5
56,8046.6
10,8047.2
11,8047.6
53,8048.4
6,8049.2
48,8049.4
5,8050.7
3,8050.7
28,8051.7
8,8051.7
0,8052.1
30,8052.2
50,8052.3
47,8052.5
20,8052.6
55,8053.3
37,8053.3
19,8053.4
43,8055.0
12,8055.8
51,8056.4
24,8056.5
25,8056.7
62,8056.8
58,8057.0
15,8057.4
60,8057.5
59,8057.7
54,8057.8
26,8058.5
14,8058.6
40,8058.8
21,8059.2
36,8059.4
52,8059.5
44,8059.8
42,8061.2
39,8062.1
16,8062.4
32,8062.7
29,8063.1
17,8063.2
34,8063.4
46,8063.7
2,8063.8
61,8064.0
23,8064.2
41,8064.8
33,8065.0
45,8065.1
27,8065.5
57,8066.3
18,8067.8
4,8068.4
9,8069.0
11,8069.0
38,8069.2
7,8070.3
22,8071.6
0,8071.6
35,8072.1
6,8072.4
28,8073.1
56,8073.5
1,8074.1
10,8075.2
5,8075.7
13,8076.3
3,8076.7
8,8077.6
25,8077.8
43,8078.3
37,8079.4
55,8080.3
19,8080.9
51,8081.7
59,8082.6
50,8083.1
21,8083.3
12,8083.3
47,8083.8
40,8086.1
62,8086.1
14,8088.5
39,8092.3
34,8093.3
57,8108.3
18,8117.9
28,8122.9
32,8143.4
53,8146.2
44,8148.7
30,8148.7
0,8154.1
28,8154.1
11,8154.9
48,8159.7
12,8161.0
21,8161.1
1,8161.6
43,8162.1
6,8162.2
8,8162.9
35,8165.7
10,8166.9
62,8173.7
32,8173.7
4,8179.6
25,8180.7
0,8187.2
23,8188.6
44,8192.9
2,8193.8
5,8197.9
47,8198.3
21,8198.6
51,8198.7
28,8200.9
11,8207.1
14,8207.3
55,8217.2
43,8220.2
53,8222.2
0,8227.7
32,8227.8
31,8228.0
15,8228.7
8,8230.3
25,8230.3
6,8231.3
1,8231.5
12,8231.8
10,8232.8
28,8232.9
44,8233.1
35,8233.2
21,8233.3
11,8235.4
48,8235.5
3,8235.6
51,8235.7
59,8236.6
2,8236.9
5,8238.0
30,8239.0
62,8239.2
40,8240.9
4,8242.3
47,8242.8
42,8244.2
23,8246.5
54,8247.0
43,8247.5
14,8247.9
39,8248.3
19,8250.0
27,8250.2
32,8250.2
0,8251.8
55,8252.9
53,8254.1
52,8254.7
37,8255.0
34,8256.1
6,8258.2
33,8259.0
57,8260.0
8,8260.0
16,8260.0
61,8260.7
28,8261.0
21,8261.2
17,8261.2
25,8261.2
9,8261.7
51,8261.7
12,8262.1
18,8263.0
7,8263.3
15,8263.6
3,8264.3
59,8266.2
11,8266.3
20,8266.7
44,8267.2
29,8268.0
24,8268.0
31,8269.8
48,8270.0
60,8270.1
45,8270.2
35,8271.1
5,8271.8
56,8272.2
41,8272.4
38,8273.3
50,8273.5
4,8273.8
0,8275.0
10,8275.1
30,8276.8
1,8276.8
43,8276.9
40,8278.4
62,8280.2
55,8280.4
14,8280.8
27,8282.1
39,8282.4
32,8282.5
23,8283.6
13,8283.9
21,8284.2
34,8284.5
37,8285.0
19,8288.9
25,8290.0
28,8293.1
57,8294.1
59,8295.0
18,8295.9
61,8296.1
8,8299.6
6,8300.2
44,8302.2
12,8302.3
3,8302.9
53,8307.7
0,8308.8
15,8309.0
32,8309.7
20,8309.9
11,8309.9
62,8314.0
35,8314.7
1,8315.8
43,8315.9
28,8317.2
10,8317.5
40,8317.6
21,8318.1
48,8318.5
37,8321.3
4,8323.1
41,8323.6
60,8323.9
51,8326.7
59,8328.0
5,8331.9
30,8332.2
8,8332.7
12,8334.2
19,8336.1
39,8337.8
14,8339.0
55,8340.6
34,8340.7
0,8342.5
25,8353.4
18,8368.8
61,8374.7
57,8378.9
28,8381.0
32,8381.5
6,8386.3
11,8387.7
44,8388.2
12,8391.4
35,8392.0
31,8393.1
0,8393.8
62,8395.5
15,8395.5
59,8395.8
53,8397.1
47,8397.6
43,8398.0
10,8398.1
21,8398.2
30,8398.8
2,8399.0
1,8399.4
48,8401.4
4,8401.7
8,8401.8
55,8403.6
51,8405.3
54,8406.3
37,8407.0
25,8407.2
32,8407.9
28,8409.2
40,8409.2
23,8412.7
14,8412.8
16,8417.4
6,8418.1
11,8418.6
3,8420.4
5,8421.9
7,8422.0
47,8423.4
0,8423.8
12,8424.4
34,8424.9
19,8425.3
44,8425.6
39,8425.7
4,8426.2
59,8427.4
18,8431.3
9,8432.8
43,8433.1
57,8434.3
21,8434.4
52,8434.5
15,8435.3
61,8435.5
33,8435.8
35,8436.7
8,8437.6
17,8438.1
51,8441.9
27,8443.1
41,8443.3
55,8443.7
25,8443.8
32,8445.0
10,8449.1
56,8451.0
11,8454.1
0,8454.4
14,8454.9
37,8456.4
50,8456.5
12,8457.2
28,8457.4
62,8457.4
23,8461.8
59,8462.4
40,8462.5
4,8463.2
43,8463.3
6,8463.9
3,8464.4
48,8466.7
34,8466.7
60,8467.3
1,8467.7
30,8468.1
38,8468.5
44,8468.7
39,8471.6
42,8471.8
21,8471.9
24,8472.4
16,8472.9
53,8473.3
57,8474.6
9,8474.9
18,8477.0
36,8478.0
52,8480.4
51,8482.1
19,8482.2
32,8482.6
61,8483.1
27,8483.6
5,8483.9
47,8485.5
0,8487.1
2,8487.2
25,8487.7
11,8490.2
28,8490.8
17,8490.9
55,8490.9
41,8491.8
8,8492.6
23,8492.8
37,8493.1
34,8493.3
7,8493.5
46,8493.6
13,8493.9
15,8494.3
14,8495.0
59,8495.1
4,8496.0
12,8496.2
43,8496.9
3,8497.1
50,8498.1
20,8499.9
29,8500.6
56,8503.9
10,8504.8
62,8506.4
40,8507.1
57,8507.2
21,8508.6
6,8509.8
44,8510.3
39,8512.5
18,8513.9
60,8516.5
38,8517.6
61,8519.6
19,8524.3
28,8539.6
23,8565.2
34,8574.8
51,8583.0
0,8592.5
32,8621.9
59,8629.6
47,8646.0
54,8653.8
25,8655.5
5,8665.5
26,8668.9
45,8675.7
41,8676.9
9,8677.9
27,8679.2
35,8686.2
36,8687.4
31,8687.5
42,8693.2
24,8694.8
37,8696.0
0,8697.6
43,8701.5
59,8702.4
39,8703.9
57,8705.3
14,8706.1
34,8706.5
21,8708.2
28,8708.6
51,8709.8
4,8711.4
40,8713.8
1,8714.4
8,8717.7
23,8718.4
32,8718.6
3,8718.7
27,8718.7
61,8719.2
17,8719.8
6,8720.2
11,8723.8
18,8724.3
47,8725.2
12,8727.1
25,8727.6
55,8727.6
38,8730.2
9,8730.4
60,8731.2
56,8731.2
52,8731.5
0,8731.6
37,8731.9
20,8732.5
16,8732.7
62,8732.9
59,8734.1
48,8734.2
15,8734.5
53,8734.9
51,8735.4
50,8736.0
13,8736.4
19,8736.6
41,8736.7
34,8736.8
30,8736.8
5,8737.1
44,8737.4
43,8738.1
39,8738.2
57,8738.3
36,8738.7
28,8739.1
35,8739.1
7,8739.1
54,8739.3
14,8740.4
42,8743.1
49,8743.4
4,8743.7
40,8743.8
29,8743.8
21,8744.4
32,8745.5
10,8746.2
23,8747.2
26,8747.7
46,8748.0
27,8748.1
6,8748.8
24,8749.1
2,8749.4
11,8749.8
45,8749.9
8,8749.9
61,8750.3
17,8750.4
25,8750.8
18,8751.0
12,8751.3
31,8751.5
55,8751.9
47,8752.1
3,8752.4
33,8752.6
0,8753.3
38,8755.3
9,8755.9
1,8756.3
56,8756.8
59,8757.5
22,8758.0
34,8758.5
51,8758.6
52,8759.7
60,8760.6
37,8761.6
39,8761.6
62,8762.2
57,8762.8
5,8763.7
43,8764.3
44,8764.3
20,8764.6
7,8765.1
48,8765.3
50,8765.7
28,8766.2
36,8766.7
21,8767.0
53,8767.1
35,8767.7
19,8768.4
41,8768.6
40,8769.0
4,8770.0
32,8770.5
15,8770.6
30,8774.5
23,8774.6
0,8775.0
8,8775.1
54,8775.7
14,8776.0
6,8776.2
10,8777.2
12,8777.7
11,8779.5
55,8780.1
62,8806.1
0,8835.5
32,8849.9
21,8853.1
0,8860.2
8,8865.6
62,8865.7
3,8885.2
43,8893.5
21,8894.4
0,8900.5
25,8911.7
32,8923.6
2,8926.9
10,8929.0
51,8933.4
29,8935.5
0,8936.1
59,8936.2
24,8938.0
42,8938.3
8,8938.7
43,8940.8
21,8940.9
3,8943.2
15,8943.2
48,8944.3
28,8944.8
62,8945.2
11,8945.4
32,8946.3
33,8946.5
35,8946.5
27,8947.1
46,8948.1
4,8950.0
25,8951.4
6,8951.7
12,8951.9
9,8953.6
23,8957.7
18,8958.1
14,8958.4
51,8958.8
39,8959.1
0,8960.1
47,8960.4
53,8960.7
30,8961.7
54,8963.4
5,8964.2
19,8964.9
10,8964.9
55,8967.1
21,8967.5
2,8967.5
31,8967.5
59,8967.7
37,8967.9
34,8967.9
44,8968.5
40,8968.6
61,8968.7
8,8969.2
43,8969.4
56,8971.0
17,8971.4
24,8973.2
32,8974.9
11,8975.0
38,8975.7
57,8975.9
16,8976.0
28,8976.1
7,8976.2
52,8976.2
1,8976.2
3,8976.4
15,8977.0
13,8977.5
27,8980.1
48,8983.4
6,8983.6
42,8983.6
14,8983.7
4,8984.1
41,8984.2
51,8984.6
0,8984.6
25,8985.1
35,8986.0
9,8987.2
12,8988.3
18,8988.6
50,8988.7
23,8991.6
39,8991.8
53,8992.3
62,8992.3
22,8992.6
60,8992.9
10,8993.3
21,8993.3
34,8993.4
59,8993.5
33,8993.6
55,8994.8
20,8995.4
5,8995.7
37,8997.8
40,8998.8
19,8999.7
36,9000.8
54,9000.9
32,9001.5
44,9001.5
30,9002.8
61,9003.5
17,9003.9
43,9006.7
8,9008.7
28,9008.8
57,9009.5
11,9011.1
0,9012.5
15,9014.6
27,9018.6
12,9018.7
21,9019.2
62,9020.2
6,9020.5
25,9020.6
4,9021.0
35,9021.6
48,9021.9
59,9022.4
39,9025.8
14,9026.9
18,9028.5
32,9029.2
41,9029.6
40,9029.7
37,9038.2
8,9042.9
28,9043.0
0,9082.0
3,9269.6
54,9279.1
52,9282.9
34,9283.4
11,9286.8
51,9287.9
43,9296.6
55,9300.1
23,9303.2
38,9303.9
46,9306.5
10,9307.4
24,9310.8
33,9313.9
2,9315.2
0,9316.1
56,9316.2
42,9318.7
16,9319.1
19,9319.3
53,9321.4
1,9322.5
47,9323.1
9,9324.3
18,9325.5
13,9326.0
39,9326.7
51,9327.0
11,9327.3
8,9330.0
29,9330.7
26,9331.1
14,9331.9
40,9332.2
3,9332.8
28,9333.6
23,9333.8
32,9333.9
27,9334.7
59,9335.2
34,9336.3
6,9336.4
58,9336.9
43,9337.0
4,9337.1
44,9337.9
12,9339.2
0,9339.9
5,9340.1
57,9340.2
52,9340.3
21,9341.2
25,9342.4
17,9342.7
41,9342.8
55,9343.2
50,9343.2
10,9343.5
54,9344.4
56,9344.4
45,9344.6
37,9344.9
7,9345.2
61,9345.7
38,9346.1
20,9346.7
48,9348.3
24,9348.6
51,9348.8
16,9349.3
30,9349.5
35,9349.5
36,9349.6
39,9349.7
9,9351.3
11,9351.5
42,9352.5
47,9353.1
18,9353.2
53,9353.8
22,9354.0
60,9354.2
62,9354.7
14,9355.3
15,9355.4
19,9355.5
40,9355.7
34,9356.3
28,9356.9
59,9357.1
27,9357.2
8,9357.5
32,9357.7
3,9358.0
31,9358.4
23,9358.6
13,9359.4
4,9359.4
43,9359.6
33,9359.7
46,9359.7
21,9360.1
1,9360.4
0,9361.5
6,9361.5
57,9361.6
2,9361.8
12,9361.9
29,9363.0
26,9363.1
25,9363.7
44,9364.2
5,9366.4
17,9367.7
41,9368.4
55,9369.6
61,9369.9
38,9370.1
39,9372.6
37,9373.1
50,9373.2
56,9373.8
51,9376.2
18,9378.9
9,9383.0
40,9383.3
14,9386.0
28,9388.8
19,9391.4
62,9391.6
32,9392.6
34,9393.2
57,9393.3
30,9393.4
8,9394.0
0,9395.1
59,9396.2
21,9396.3
12,9404.0
25,9418.0
23,9418.8
0,9426.2
62,9430.5
15,9475.3
48,9479.3
0,9483.5
62,9487.0
8,9489.9
2,9490.4
21,9490.9
32,9495.1
59,9495.2
3,9499.4
19,9500.7
30,9500.7
12,9506.2
14,9512.3
0,9515.8
25,9521.2
28,9529.9
18,9531.5
48,9532.2
15,9533.6
4,9534.2
32,9535.5
0,9553.6
21,9554.0
59,9555.3
6,9557.5
62,9561.6
10,9563.1
8,9563.2
32,9564.1
30,9564.4
15,9564.5
35,9565.3
12,9565.5
48,9565.8
24,9566.3
11,9568.3
19,9568.4
47,9568.5
3,9569.4
14,9569.9
37,9570.5
23,9571.2
27,9571.5
25,9571.7
2,9572.0
60,9572.9
5,9573.1
34,9573.8
31,9575.0
4,9575.6
33,9576.1
46,9576.3
51,9576.8
29,9576.9
28,9577.2
7,9577.2
0,9577.2
57,9577.7
21,9579.0
54,9579.1
42,9579.4
18,9580.2
9,9580.6
16,9581.1
43,9582.2
52,9582.7
36,9583.2
59,9584.5
6,9586.4
32,9587.2
20,9587.8
40,9588.0
39,9591.3
8,9591.5
38,9592.5
41,9592.7
62,9593.4
44,9593.7
14,9594.0
11,9594.1
3,9594.1
12,9594.4
15,9594.6
22,9595.4
24,9595.9
17,9596.2
10,9596.3
61,9596.8
56,9597.7
1,9597.8
25,9597.9
30,9598.0
13,9598.3
48,9598.3
55,9598.4
34,9598.6
35,9598.9
0,9599.6
27,9599.8
23,9599.9
47,9600.1
50,9600.4
37,9601.3
4,9601.6
51,9602.6
19,9602.7
28,9604.1
5,9604.5
53,9605.5
26,9605.6
57,9605.8
21,9606.2
7,9607.9
60,9608.2
32,9609.0
43,9609.3
45,9609.4
33,9610.6
18,9611.3
31,9612.7
59,9612.7
40,9614.5
54,9616.0
39,9616.1
62,9627.3
8,9627.9
61,9628.1
20,9628.4
0,9629.6
34,9632.3
37,9634.1
15,9636.2
25,9637.3
3,9637.4
41,9637.5
12,9639.1
21,9639.8
4,9644.5
59,9645.9
28,9646.3
23,9647.1
57,9647.5
14,9653.9
0,9656.4
1,9656.8
19,9656.8
40,9657.4
17,9657.5
60,9668.6
8,9678.4
62,9683.3
18,9706.0
37,9717.1
12,9742.7
32,9819.2
48,9831.0
34,9835.6
11,9846.4
54,9853.3
52,9855.2
6,9859.6
2,9862.0
33,9864.2
55,9866.3
36,9867.9
29,9868.7
42,9871.2
0,9872.7
46,9873.2
30,9873.3
10,9873.6
38,9874.1
35,9874.9
16,9875.2
44,9876.6
9,9877.5
27,9878.0
24,9880.9
43,9889.4
4,9890.1
51,9890.2
59,9890.5
11,9890.5
32,9891.1
3,9891.2
34,9892.0
17,9892.2
57,9893.1
25,9894.7
56,9894.7
18,9894.9
8,9895.4
21,9896.4
39,9896.5
40,9897.2
28,9897.4
12,9897.8
47,9897.8
14,9897.9
23,9898.1
36,9898.2
52,9898.3
6,9899.2
55,9899.3
53,9899.7
61,9900.2
50,9901.2
0,9901.8
13,9901.9
29,9902.3
45,9902.4
20,9903.1
48,9903.6
41,9903.8
15,9904.9
10,9904.9
19,9905.5
22,9906.6
27,9906.6
7,9907.2
62,9907.4
44,9907.4
38,9908.2
5,9908.3
1,9908.5
37,9909.6
58,9911.7
16,9912.0
51,9912.0
60,9912.1
35,9912.2
59,9912.4
32,9912.5
30,9912.6
54,9913.0
4,9913.0
43,9913.1
9,9913.5
34,9913.5
11,9913.8
33,9914.1
42,9915.0
57,9915.1
24,9915.2
26,9915.6
31,9915.9
21,9916.2
39,9916.6
17,9916.7
3,9917.1
25,9917.5
18,9918.7
46,9918.9
28,9919.3
56,9919.3
23,9919.3
40,9919.3
14,9919.4
2,9920.5
8,9920.7
0,9921.6
12,9921.7
6,9922.1
47,9923.2
55,9924.0
61,9924.6
36,9924.9
53,9925.8
52,9927.3
41,9930.8
50,9931.2
5,9937.3
20,9937.3
57,9956.8
28,9960.7
40,9964.5
21,9968.7
18,9969.6
25,9976.6
62,9979.2
24,9985.9
39,9991.2
