3,87.7
21,88.2
13,89.1
14,89.3
31,89.4
20,89.4
5,89.5
17,89.6
30,89.7
15,89.9
22,90.3
3,90.5
23,90.9
26,91.0
8,91.1
16,91.1
4,91.2
2,91.2
9,91.3
24,91.6
21,91.6
12,91.8
27,91.8
28,91.9
6,92.3
29,92.5
3,93.3
18,93.4
13,93.6
31,93.7
14,94.2
20,94.5
5,94.6
30,94.9
21,95.3
15,95.4
17,96.2
3,96.9
22,97.0
26,98.9
4,99.2
31,99.6
21,99.7
14,99.8
13,100.1
20,100.4
5,100.4
6,100.7
30,101.2
2,101.9
23,101.9
3,102.3
29,102.3
27,102.4
15,102.8
16,105.2
21,105.2
28,105.5
8,106.2
12,107.7
5,108.3
24,108.5
14,108.7
22,109.5
9,109.5
17,110.1
31,110.2
3,112.0
20,112.1
27,112.4
2,112.7
13,114.2
21,114.5
4,115.5
30,116.2
15,120.5
29,124.1
14,131.4
3,133.0
3,167.4
21,167.8
13,168.8
14,168.9
31,169.0
20,169.1
17,169.2
5,169.2
30,169.4
15,169.5
22,169.8
3,170.2
23,170.5
4,170.6
16,170.7
9,170.7
26,170.7
8,170.8
2,170.8
12,171.2
27,171.2
21,171.3
24,171.3
28,171.4
6,171.8
29,172.0
18,172.9
3,172.9
13,173.2
31,173.4
14,173.7
20,174.1
5,174.2
30,174.5
21,174.9
15,174.9
17,175.5
3,176.4
22,176.5
4,177.9
26,178.4
14,178.8
5,178.9
21,178.9
31,178.9
13,179.5
20,180.0
6,180.0
30,180.5
2,180.6
29,180.6
23,180.8
27,181.1
3,181.3
15,182.0
16,182.8
28,184.0
8,184.4
12,184.6
9,184.6
21,184.9
5,186.9
24,187.1
14,188.0
22,188.7
3,189.8
31,190.1
2,191.3
27,191.8
20,192.3
17,192.8
13,194.5
30,195.0
21,196.8
15,203.5
3,216.5
3,247.3
21,247.8
13,248.8
14,248.9
31,249.0
20,249.0
5,249.1
17,249.2
30,249.4
15,249.5
22,249.9
3,250.1
23,250.5
26,250.6
16,250.6
4,250.6
8,250.7
9,250.8
2,250.8
21,251.2
27,251.2
12,251.2
24,251.2
28,251.4
6,251.8
29,252.0
18,252.8
3,252.8
13,253.2
31,253.4
14,253.7
5,254.1
20,254.2
30,254.5
21,254.8
15,255.0
17,255.5
3,256.3
22,256.5
4,258.0
26,258.2
21,258.7
31,258.9
5,259.0
14,259.0
13,259.3
20,260.0
6,260.0
30,260.4
29,260.6
23,260.8
2,261.0
3,261.2
27,261.5
15,262.0
16,263.4
28,263.8
8,264.5
21,264.8
12,265.0
9,266.0
5,266.7
14,268.2
24,268.3
22,269.5
3,269.8
31,270.2
2,271.5
20,272.0
27,272.4
17,273.5
13,274.0
30,274.3
21,275.2
15,284.6
3,298.5
3,632.7
21,633.2
13,634.1
14,634.3
20,634.4
31,634.4
5,634.4
17,634.5
30,634.7
15,634.9
22,635.2
3,635.5
23,635.9
16,636.0
26,636.0
4,636.1
8,636.1
9,636.2
2,636.2
21,636.6
24,636.6
27,636.7
12,636.8
28,636.8
6,637.3
29,637.4
3,638.3
18,638.4
13,638.6
31,638.7
14,639.2
20,639.5
5,639.6
30,639.9
21,640.4
15,640.4
17,641.3
3,641.9
22,642.1
26,643.9
4,644.2
14,644.6
31,644.6
13,645.0
21,645.0
20,645.4
5,645.6
6,645.7
30,646.1
23,646.9
2,647.0
3,647.3
29,647.6
27,647.7
15,647.9
16,650.2
28,650.5
8,650.5
21,650.6
12,652.2
5,653.2
14,653.9
24,654.0
9,654.7
22,655.1
31,655.4
17,656.1
20,657.1
3,657.2
2,657.8
27,657.8
13,659.6
21,660.7
30,661.2
4,662.4
15,667.4
29,675.0
3,681.1
14,691.5
3,712.3
21,712.9
13,713.8
14,713.9
31,714.0
20,714.0
5,714.2
17,714.2
30,714.4
15,714.5
22,714.9
3,715.2
23,715.5
26,715.6
4,715.6
9,715.7
16,715.7
2,715.8
8,715.8
27,716.2
12,716.2
21,716.3
24,716.3
28,716.4
6,716.8
29,717.0
18,717.8
3,717.9
13,718.2
31,718.4
14,718.7
20,719.1
5,719.2
30,719.5
21,719.9
15,719.9
17,720.5
3,721.4
22,721.5
4,723.1
26,723.2
14,723.8
31,723.9
5,723.9
21,723.9
13,724.4
6,725.0
20,725.0
30,725.5
29,725.6
2,725.7
23,725.8
27,726.2
3,726.3
15,727.1
16,727.8
28,728.7
8,729.4
12,729.9
21,730.0
9,730.4
5,731.9
24,732.1
14,733.0
22,734.1
3,734.8
31,734.8
2,736.5
27,737.3
20,737.3
17,738.1
13,739.4
30,740.0
21,741.9
15,749.8
3,763.0
3,792.3
21,792.8
13,793.8
14,793.9
20,794.0
31,794.0
5,794.1
17,794.2
30,794.4
15,794.5
22,794.9
3,795.1
23,795.5
4,795.6
26,795.6
16,795.6
8,795.7
2,795.8
9,795.8
24,796.2
21,796.2
12,796.2
27,796.3
28,796.4
6,796.8
29,797.0
3,797.8
18,797.8
13,798.2
31,798.5
14,798.7
5,799.1
20,799.2
30,799.5
21,799.8
15,800.0
17,800.5
3,801.3
22,801.6
4,803.0
26,803.2
21,803.8
5,804.0
14,804.0
31,804.1
13,804.3
20,804.9
6,805.0
29,805.6
30,805.6
23,805.8
2,806.0
3,806.2
27,806.5
15,806.9
16,808.4
28,809.2
8,809.5
21,809.8
12,810.0
9,811.0
5,811.7
14,813.2
24,813.3
22,814.3
3,814.8
31,815.8
2,816.5
20,816.9
27,817.9
17,818.6
30,819.4
13,819.4
21,820.5
15,828.2
3,843.4
3,872.3
21,872.8
13,873.8
14,873.9
20,874.0
31,874.0
5,874.1
17,874.2
30,874.4
15,874.5
22,874.9
3,875.1
23,875.5
26,875.6
4,875.6
8,875.7
16,875.7
2,875.8
9,875.9
27,876.2
21,876.2
24,876.2
28,876.3
12,876.3
6,876.8
29,876.9
3,877.8
18,877.9
13,878.2
31,878.3
14,878.7
5,879.0
20,879.2
30,879.4
21,879.8
15,880.0
17,880.5
3,881.3
22,881.6
26,883.2
4,883.4
21,883.8
31,883.9
5,884.0
14,884.0
13,884.3
20,884.9
6,885.0
29,885.6
30,885.6
23,885.8
2,886.0
3,886.2
27,886.6
15,887.0
16,888.5
28,888.6
8,889.5
21,889.8
12,890.3
9,891.3
5,891.8
14,893.2
24,893.3
22,894.3
3,894.8
31,895.7
2,896.6
20,896.9
27,897.7
17,899.1
13,899.4
30,900.1
21,901.7
15,910.9
3,924.6
3,1257.7
21,1258.2
13,1259.1
14,1259.3
20,1259.4
5,1259.4
31,1259.4
17,1259.5
30,1259.7
15,1259.9
22,1260.2
3,1260.5
23,1260.9
26,1261.0
16,1261.0
8,1261.1
4,1261.1
9,1261.2
2,1261.2
24,1261.6
21,1261.6
27,1261.7
12,1261.8
28,1261.8
6,1262.3
29,1262.4
3,1263.3
18,1263.4
13,1263.6
31,1263.7
14,1264.2
20,1264.5
5,1264.6
30,1264.9
21,1265.4
15,1265.4
17,1266.3
3,1266.9
22,1267.1
26,1268.9
4,1269.2
14,1269.6
31,1269.6
13,1270.0
21,1270.0
5,1270.6
20,1270.6
6,1270.7
30,1271.1
23,1271.9
2,1272.0
3,1272.3
29,1272.6
27,1272.7
15,1272.9
16,1275.1
28,1275.5
8,1275.5
21,1275.6
12,1277.2
5,1278.2
14,1278.9
24,1279.1
9,1279.8
22,1280.1
31,1280.4
17,1281.1
3,1282.2
20,1282.6
2,1282.8
27,1282.8
13,1284.6
21,1285.6
30,1286.2
4,1287.4
15,1292.4
29,1300.2
3,1306.3
3,1337.3
21,1337.9
13,1338.8
14,1338.9
31,1339.0
20,1339.0
5,1339.2
17,1339.2
30,1339.4
15,1339.5
22,1339.9
3,1340.2
23,1340.5
26,1340.6
4,1340.6
16,1340.7
2,1340.8
9,1340.8
8,1340.8
12,1341.2
27,1341.2
24,1341.3
21,1341.3
28,1341.4
6,1341.8
29,1342.1
18,1342.8
3,1342.9
13,1343.2
31,1343.5
14,1343.7
20,1344.1
5,1344.2
30,1344.5
21,1344.9
15,1344.9
17,1345.5
3,1346.4
22,1346.5
4,1348.1
26,1348.2
21,1348.9
14,1349.0
31,1349.1
5,1349.1
13,1349.4
6,1350.0
20,1350.0
30,1350.5
29,1350.6
2,1350.7
23,1350.8
27,1351.2
3,1351.3
15,1352.1
16,1353.3
28,1353.7
12,1354.4
8,1354.4
21,1355.0
9,1355.4
5,1357.1
24,1357.2
14,1358.5
22,1359.1
3,1359.8
31,1360.3
2,1361.5
20,1362.3
27,1362.3
17,1363.1
13,1364.5
30,1365.0
21,1366.9
15,1374.0
3,1387.5
3,1417.3
21,1417.8
13,1418.8
14,1418.9
31,1419.0
20,1419.0
5,1419.1
17,1419.2
30,1419.4
15,1419.5
22,1419.9
3,1420.1
23,1420.5
26,1420.6
4,1420.6
8,1420.7
16,1420.7
2,1420.8
9,1420.8
21,1421.2
12,1421.2
24,1421.2
27,1421.3
28,1421.4
6,1421.8
29,1422.0
18,1422.8
3,1422.8
13,1423.2
31,1423.5
14,1423.7
5,1424.1
20,1424.2
30,1424.5
21,1424.8
15,1425.0
17,1425.5
3,1426.3
22,1426.6
4,1428.1
26,1428.2
21,1428.8
14,1429.0
5,1429.0
31,1429.1
13,1429.3
20,1429.9
6,1430.0
30,1430.6
29,1430.6
23,1430.8
2,1431.0
3,1431.2
27,1431.5
15,1431.9
16,1433.5
28,1434.2
8,1434.5
21,1434.7
12,1435.0
9,1436.0
5,1436.7
14,1438.2
24,1438.4
22,1439.3
3,1439.8
31,1440.9
2,1441.5
20,1441.9
27,1442.8
17,1443.9
13,1444.3
30,1444.9
21,1445.3
15,1457.3
3,1468.1
3,1497.3
21,1497.8
13,1498.8
14,1498.9
31,1499.0
20,1499.0
5,1499.1
17,1499.2
30,1499.4
15,1499.5
22,1499.9
3,1500.1
23,1500.5
4,1500.6
26,1500.6
8,1500.7
16,1500.7
2,1500.8
9,1500.9
21,1501.2
27,1501.2
24,1501.2
12,1501.3
28,1501.3
6,1501.8
29,1501.9
3,1502.8
18,1502.9
13,1503.2
31,1503.3
14,1503.7
5,1504.0
20,1504.2
30,1504.4
21,1504.8
15,1505.0
17,1505.5
3,1506.3
22,1506.6
26,1508.2
4,1508.4
21,1508.9
31,1508.9
14,1509.0
5,1509.0
13,1509.3
20,1509.9
6,1510.0
29,1510.6
30,1510.6
23,1510.8
2,1511.0
3,1511.2
27,1511.6
15,1512.0
28,1513.6
16,1513.6
8,1514.5
21,1515.1
12,1515.2
9,1516.3
5,1516.8
14,1518.2
24,1518.3
22,1519.3
3,1519.8
31,1520.7
2,1521.6
20,1521.9
27,1522.7
17,1523.2
13,1524.4
30,1524.9
21,1527.4
15,1532.3
3,1549.4
3,1882.7
21,1883.2
13,1884.1
14,1884.3
31,1884.4
5,1884.4
20,1884.4
17,1884.5
30,1884.7
15,1884.9
22,1885.2
3,1885.5
23,1885.9
16,1886.0
26,1886.0
4,1886.1
8,1886.1
9,1886.2
2,1886.2
21,1886.6
24,1886.6
27,1886.7
28,1886.8
12,1886.8
6,1887.3
29,1887.4
3,1888.3
18,1888.4
13,1888.6
31,1888.7
14,1889.2
20,1889.5
5,1889.6
30,1889.9
15,1890.4
21,1890.4
17,1891.3
3,1892.0
22,1892.1
26,1893.9
4,1894.2
31,1894.6
14,1894.6
21,1895.0
13,1895.0
20,1895.6
5,1895.6
6,1895.7
30,1896.1
23,1896.9
2,1897.1
3,1897.3
29,1897.6
27,1897.7
15,1897.9
16,1900.2
8,1900.5
28,1900.5
21,1900.6
12,1902.3
5,1903.2
14,1903.9
24,1904.1
9,1904.9
22,1905.1
31,1905.4
17,1906.1
3,1907.2
27,1907.8
2,1907.8
20,1908.0
13,1909.7
21,1910.6
30,1911.4
4,1912.4
15,1917.4
3,1931.8
3,1962.3
21,1962.9
13,1963.8
14,1963.9
31,1964.0
20,1964.1
5,1964.2
17,1964.2
30,1964.4
15,1964.5
22,1964.9
3,1965.1
23,1965.5
4,1965.6
26,1965.6
16,1965.7
9,1965.8
8,1965.8
2,1965.8
12,1966.2
27,1966.2
21,1966.3
24,1966.3
28,1966.4
6,1966.8
29,1967.1
3,1967.8
18,1967.8
13,1968.2
31,1968.4
14,1968.7
20,1969.1
5,1969.2
30,1969.5
21,1969.9
15,1970.0
17,1970.5
3,1971.3
22,1971.5
4,1972.9
26,1973.2
21,1973.9
31,1973.9
14,1974.0
5,1974.1
13,1974.4
20,1975.0
6,1975.0
30,1975.5
29,1975.6
2,1975.7
23,1975.8
27,1976.2
3,1976.2
15,1977.1
16,1978.3
28,1978.7
12,1979.3
8,1979.4
21,1980.0
9,1980.4
5,1982.1
24,1982.1
14,1983.5
3,1984.4
22,1984.5
31,1984.7
2,1986.5
27,1987.3
20,1987.4
17,1987.9
13,1989.5
30,1990.0
21,1991.9
15,1998.4
3,2008.7
3,2042.3
21,2042.8
13,2043.8
14,2043.9
31,2044.0
20,2044.0
5,2044.1
17,2044.2
30,2044.4
15,2044.5
22,2044.9
3,2045.1
23,2045.5
26,2045.6
4,2045.6
16,2045.7
8,2045.7
9,2045.8
2,2045.8
21,2046.2
12,2046.2
27,2046.2
24,2046.2
28,2046.4
6,2046.8
29,2047.0
3,2047.8
18,2047.8
13,2048.2
31,2048.5
14,2048.7
5,2049.1
20,2049.2
30,2049.5
21,2049.8
15,2050.0
17,2050.5
3,2051.3
22,2051.6
4,2053.1
26,2053.2
21,2053.8
5,2054.0
14,2054.0
31,2054.1
13,2054.3
20,2054.9
6,2055.0
30,2055.6
29,2055.6
23,2055.8
2,2056.0
3,2056.2
27,2056.5
15,2057.0
16,2058.5
28,2059.3
8,2059.5
21,2059.8
12,2060.0
9,2061.0
5,2061.7
14,2063.2
24,2063.4
22,2064.3
3,2064.8
31,2065.8
2,2066.5
20,2066.9
27,2067.8
17,2068.9
13,2069.4
30,2070.0
21,2070.4
15,2080.5
3,2092.8
3,2122.3
21,2122.8
13,2123.8
14,2123.9
31,2124.0
20,2124.0
5,2124.1
17,2124.2
30,2124.4
15,2124.5
22,2124.9
3,2125.1
23,2125.5
4,2125.6
16,2125.6
26,2125.6
8,2125.7
2,2125.8
9,2125.9
24,2126.2
27,2126.2
21,2126.2
28,2126.3
12,2126.3
6,2126.8
29,2126.9
3,2127.8
18,2127.9
13,2128.2
31,2128.3
14,2128.7
5,2129.0
20,2129.2
30,2129.4
21,2129.8
15,2130.0
17,2130.5
3,2131.3
22,2131.6
26,2133.2
4,2133.4
21,2133.9
31,2133.9
5,2134.0
14,2134.0
13,2134.3
20,2134.9
6,2135.0
30,2135.6
29,2135.6
23,2135.8
2,2136.1
3,2136.2
27,2136.6
15,2137.0
16,2138.4
28,2138.6
8,2139.5
21,2140.1
12,2140.3
9,2141.3
5,2141.9
24,2142.4
14,2143.2
22,2144.2
3,2144.8
31,2145.2
2,2146.6
20,2146.9
27,2147.7
17,2148.7
13,2149.5
30,2150.1
21,2152.4
15,2158.7
3,2174.2
3,2507.7
21,2508.2
13,2509.1
14,2509.3
31,2509.4
20,2509.4
5,2509.4
17,2509.5
30,2509.7
15,2509.9
22,2510.2
3,2510.5
23,2510.9
26,2511.0
16,2511.0
8,2511.1
4,2511.1
2,2511.2
9,2511.2
24,2511.6
21,2511.6
27,2511.7
28,2511.8
12,2511.8
6,2512.3
29,2512.4
3,2513.3
18,2513.4
13,2513.6
31,2513.8
14,2514.2
20,2514.5
5,2514.6
30,2514.9
21,2515.4
15,2515.4
17,2516.3
3,2517.0
22,2517.1
26,2518.9
4,2519.2
14,2519.6
31,2519.6
21,2520.0
13,2520.2
20,2520.6
5,2520.6
6,2520.7
30,2521.1
23,2521.9
2,2522.1
3,2522.3
29,2522.6
27,2522.7
15,2522.9
16,2525.2
28,2525.5
8,2525.5
21,2525.6
12,2527.3
5,2528.2
14,2528.9
24,2529.1
9,2529.9
22,2530.1
31,2530.4
17,2531.1
3,2532.2
27,2532.8
20,2533.0
2,2533.1
21,2535.6
13,2535.8
30,2536.2
4,2537.4
15,2542.6
3,2557.2
14,2569.9
3,2587.3
21,2587.9
13,2588.8
14,2588.9
31,2589.0
20,2589.1
17,2589.2
5,2589.2
30,2589.4
15,2589.5
22,2589.9
3,2590.1
23,2590.5
26,2590.6
4,2590.6
16,2590.7
9,2590.8
8,2590.8
2,2590.8
12,2591.2
27,2591.2
21,2591.3
24,2591.3
28,2591.4
6,2591.8
29,2592.1
3,2592.8
18,2592.8
13,2593.3
31,2593.5
14,2593.7
20,2594.1
5,2594.2
30,2594.5
21,2594.9
15,2595.0
17,2595.5
3,2596.3
22,2596.5
4,2597.9
26,2598.2
14,2598.8
21,2598.9
31,2599.1
5,2599.1
13,2599.4
20,2600.0
6,2600.0
30,2600.5
29,2600.6
2,2600.7
23,2600.8
3,2601.2
27,2601.2
15,2602.1
16,2602.9
28,2603.7
8,2604.4
12,2604.9
21,2605.2
9,2605.4
5,2607.1
24,2607.1
14,2608.1
3,2609.3
22,2609.6
31,2610.3
2,2611.5
27,2612.3
20,2612.4
17,2613.0
13,2614.5
30,2615.0
21,2617.3
15,2623.8
3,2632.6
3,2667.3
21,2667.8
13,2668.8
14,2668.9
20,2669.0
31,2669.0
5,2669.1
17,2669.2
30,2669.4
15,2669.5
22,2669.9
3,2670.1
23,2670.5
4,2670.6
26,2670.6
16,2670.7
8,2670.8
2,2670.8
9,2670.8
12,2671.2
24,2671.2
21,2671.3
27,2671.3
28,2671.4
6,2671.8
29,2672.1
3,2672.8
18,2672.8
13,2673.2
31,2673.5
14,2673.7
20,2674.2
5,2674.2
30,2674.5
21,2674.9
15,2675.0
17,2675.5
3,2676.3
22,2676.6
4,2678.1
26,2678.2
21,2678.9
14,2679.0
31,2679.1
5,2679.1
13,2679.3
20,2679.9
6,2680.0
30,2680.6
29,2680.7
23,2680.8
2,2681.0
3,2681.2
27,2681.5
15,2682.0
16,2683.5
28,2684.3
8,2684.5
21,2684.9
12,2685.0
9,2686.1
5,2686.9
14,2688.2
24,2688.3
22,2689.3
3,2689.8
31,2690.9
2,2691.5
20,2692.0
27,2692.8
17,2693.8
13,2694.3
30,2695.0
21,2695.5
15,2705.8
3,2718.6
3,2747.3
21,2747.8
13,2748.8
14,2748.9
31,2749.0
20,2749.0
5,2749.1
17,2749.2
30,2749.4
15,2749.5
22,2749.9
3,2750.1
23,2750.5
4,2750.6
26,2750.6
16,2750.7
8,2750.7
2,2750.8
9,2750.9
21,2751.2
24,2751.2
28,2751.3
27,2751.3
12,2751.3
6,2751.8
29,2751.9
3,2752.8
18,2752.9
13,2753.2
31,2753.4
14,2753.7
5,2754.0
20,2754.2
30,2754.4
21,2754.8
15,2755.0
17,2755.5
3,2756.3
22,2756.6
26,2758.2
4,2758.4
21,2758.9
14,2759.0
5,2759.0
31,2759.1
13,2759.3
20,2759.9
6,2760.0
30,2760.6
29,2760.6
23,2760.9
2,2761.1
3,2761.3
27,2761.6
15,2762.2
28,2763.6
16,2763.6
8,2764.5
21,2765.1
12,2765.3
9,2766.3
5,2766.9
14,2768.2
24,2768.3
22,2769.3
3,2769.8
31,2770.9
2,2771.6
20,2772.0
27,2772.6
17,2773.8
13,2774.5
30,2775.1
21,2777.4
15,2788.1
3,2799.8
3,3132.7
21,3133.2
13,3134.2
14,3134.4
20,3134.5
5,3134.5
31,3134.5
17,3134.7
30,3134.8
15,3135.1
22,3135.4
3,3135.5
23,3136.1
26,3136.2
16,3136.3
4,3136.4
8,3136.4
2,3136.4
9,3136.5
21,3136.6
24,3136.9
27,3137.0
12,3137.1
28,3137.2
6,3137.8
29,3137.9
3,3138.3
13,3138.6
31,3138.9
18,3138.9
14,3139.3
20,3139.7
5,3139.8
30,3140.0
21,3140.4
15,3140.6
17,3141.7
3,3142.0
22,3142.5
26,3144.6
14,3144.8
4,3144.9
31,3144.9
21,3145.0
13,3145.1
5,3145.8
20,3145.9
30,3146.4
6,3146.7
3,3147.4
2,3147.5
27,3148.0
29,3148.1
15,3148.4
23,3149.3
21,3150.7
5,3153.9
14,3155.4
28,3155.7
31,3157.8
3,3158.1
16,3158.7
22,3159.8
2,3160.4
27,3160.6
21,3162.1
20,3162.3
17,3168.2
3,3212.4
21,3212.9
13,3213.9
14,3214.0
31,3214.1
20,3214.2
5,3214.3
17,3214.4
30,3214.5
15,3214.7
22,3215.1
3,3215.2
26,3215.8
23,3215.8
4,3215.9
16,3216.0
2,3216.1
9,3216.1
8,3216.2
21,3216.3
12,3216.5
27,3216.5
24,3216.6
28,3216.7
6,3217.3
29,3217.5
3,3217.9
18,3218.4
13,3218.4
31,3218.6
14,3218.8
20,3219.3
5,3219.4
30,3219.6
21,3219.9
15,3220.1
17,3221.0
3,3221.4
22,3221.8
4,3223.6
21,3223.9
14,3224.0
26,3224.2
5,3224.2
31,3224.3
13,3224.7
20,3225.3
30,3225.8
6,3225.9
2,3226.0
29,3226.1
3,3226.4
27,3226.5
23,3227.0
15,3227.4
21,3229.7
16,3231.4
28,3231.7
5,3232.6
14,3233.3
12,3234.2
3,3235.3
31,3236.3
22,3236.8
8,3237.5
2,3238.7
27,3238.9
20,3239.8
17,3240.4
21,3240.9
13,3243.1
30,3244.8
3,3292.4
21,3292.9
13,3293.9
14,3294.0
31,3294.1
20,3294.2
5,3294.3
17,3294.3
30,3294.5
15,3294.7
22,3295.1
3,3295.2
26,3295.8
23,3295.8
4,3295.9
16,3295.9
8,3296.1
2,3296.1
9,3296.2
21,3296.3
27,3296.5
24,3296.5
28,3296.6
12,3296.6
6,3297.2
29,3297.5
3,3298.0
13,3298.3
18,3298.4
31,3298.5
14,3298.9
20,3299.3
5,3299.4
30,3299.6
21,3299.9
15,3300.1
17,3301.0
3,3301.4
22,3301.9
4,3303.6
21,3303.9
26,3303.9
5,3304.2
14,3304.2
31,3304.2
13,3304.6
20,3305.2
6,3305.8
30,3305.9
29,3306.2
2,3306.3
3,3306.4
27,3306.8
23,3307.1
15,3307.6
21,3309.7
28,3311.5
5,3312.4
16,3312.8
14,3313.7
12,3315.2
3,3315.7
31,3316.2
22,3316.4
2,3318.5
20,3318.9
8,3318.9
27,3319.2
21,3320.9
17,3321.1
13,3323.5
30,3324.8
3,3372.4
21,3372.9
13,3373.9
14,3374.0
31,3374.1
5,3374.2
20,3374.2
17,3374.3
30,3374.5
15,3374.7
22,3375.1
3,3375.2
23,3375.8
26,3375.8
4,3375.9
16,3376.0
2,3376.1
8,3376.1
9,3376.2
21,3376.3
24,3376.5
27,3376.5
12,3376.6
28,3376.6
6,3377.2
29,3377.4
3,3378.0
13,3378.3
31,3378.4
18,3378.4
14,3378.9
5,3379.2
20,3379.3
30,3379.6
21,3380.0
15,3380.1
17,3381.0
3,3381.6
22,3381.9
26,3383.9
4,3384.0
21,3384.1
5,3384.1
14,3384.2
31,3384.2
13,3384.6
20,3385.2
6,3385.8
30,3385.8
29,3386.1
2,3386.4
3,3386.8
27,3386.9
23,3387.1
15,3387.6
21,3390.1
28,3391.6
5,3392.4
16,3393.0
14,3393.8
3,3396.4
31,3396.7
22,3397.1
12,3397.9
2,3398.7
8,3398.8
20,3398.9
27,3399.8
17,3401.8
21,3402.1
13,3403.8
30,3407.3
3,3757.5
21,3758.2
5,3758.4
13,3759.2
27,3759.3
31,3759.5
17,3759.7
3,3760.1
23,3761.1
26,3761.2
16,3761.3
14,3761.3
4,3761.4
8,3761.4
2,3761.5
9,3761.5
11,3761.5
21,3761.6
30,3761.6
20,3761.8
5,3761.9
24,3762.0
15,3762.1
28,3762.2
12,3762.2
3,3762.4
22,3762.9
29,3762.9
13,3763.7
31,3763.8
18,3764.0
27,3764.1
21,3765.4
3,3765.4
5,3766.2
17,3766.6
3,3769.4
30,3769.4
26,3769.6
31,3769.9
21,3770.0
4,3770.2
14,3770.2
13,3770.3
5,3770.9
27,3771.7
2,3772.5
29,3773.2
15,3773.4
23,3774.5
20,3775.2
3,3775.3
21,3776.1
5,3777.6
28,3778.3
27,3779.4
12,3781.9
31,3782.8
2,3785.4
21,3786.7
3,3788.0
17,3788.7
16,3790.4
5,3797.3
3,3837.2
21,3837.9
5,3838.1
13,3838.9
27,3839.0
31,3839.1
17,3839.4
3,3839.8
14,3840.8
23,3840.8
26,3840.8
4,3840.9
16,3841.0
11,3841.1
2,3841.1
30,3841.2
9,3841.2
8,3841.2
21,3841.3
20,3841.3
24,3841.6
12,3841.6
5,3841.6
15,3841.6
28,3841.7
3,3842.1
22,3842.5
29,3842.5
13,3843.4
18,3843.6
31,3843.6
27,3843.7
21,3844.9
3,3845.0
5,3845.7
17,3846.0
30,3848.6
3,3848.8
14,3848.8
21,3848.9
4,3848.9
26,3849.2
31,3849.3
13,3849.7
5,3850.1
27,3850.5
2,3851.0
29,3851.1
15,3851.5
23,3852.1
20,3854.0
3,3854.4
21,3854.9
28,3856.1
16,3856.4
5,3857.3
27,3858.0
12,3859.0
31,3860.7
8,3862.5
2,3863.7
17,3863.8
3,3865.3
21,3865.7
13,3868.1
3,3917.2
21,3917.9
5,3918.1
13,3918.9
27,3919.0
31,3919.1
17,3919.3
3,3919.7
14,3920.7
26,3920.8
23,3920.8
4,3920.9
16,3920.9
11,3921.0
2,3921.1
8,3921.1
30,3921.2
9,3921.2
20,3921.3
21,3921.3
24,3921.5
12,3921.6
5,3921.6
28,3921.6
15,3921.6
3,3922.0
29,3922.4
22,3922.5
13,3923.3
31,3923.5
18,3923.6
27,3923.7
3,3924.9
21,3924.9
5,3925.7
17,3926.0
30,3928.5
4,3928.6
3,3928.7
14,3928.8
26,3928.9
21,3928.9
31,3929.2
13,3929.6
5,3930.0
27,3930.7
29,3931.2
2,3931.3
15,3931.5
23,3932.1
20,3934.0
3,3934.3
21,3934.9
28,3936.0
5,3937.3
16,3937.8
27,3938.2
12,3939.3
31,3940.7
2,3943.5
8,3943.9
17,3944.5
3,3944.7
21,3945.5
13,3948.5
5,3968.4
3,3997.2
21,3997.9
5,3998.1
13,3998.9
27,3999.0
31,3999.1
17,3999.3
3,3999.7
14,4000.7
26,4000.8
23,4000.8
4,4000.9
16,4001.0
8,4001.1
2,4001.1
11,4001.1
30,4001.2
9,4001.2
20,4001.3
21,4001.3
24,4001.5
5,4001.6
15,4001.6
12,4001.6
28,4001.6
3,4002.0
29,4002.3
22,4002.5
13,4003.3
31,4003.4
18,4003.6
27,4003.7
3,4004.9
21,4005.0
5,4005.8
17,4006.0
3,4008.7
14,4008.8
30,4008.8
26,4008.9
4,4009.0
21,4009.1
31,4009.2
13,4009.6
5,4010.2
27,4010.7
29,4011.1
2,4011.4
15,4011.6
23,4012.1
20,4014.0
3,4014.3
21,4015.3
28,4016.0
5,4017.7
16,4018.0
27,4018.1
12,4019.7
31,4021.2
2,4023.7
8,4023.8
3,4024.7
17,4025.2
21,4026.5
13,4028.8
3,4382.5
21,4383.2
5,4383.4
13,4384.2
31,4384.5
17,4384.7
3,4385.0
27,4385.4
23,4386.1
26,4386.2
16,4386.3
14,4386.3
8,4386.4
4,4386.4
11,4386.4
9,4386.5
21,4386.6
30,4386.6
20,4386.8
5,4386.9
24,4387.0
15,4387.1
28,4387.2
12,4387.2
3,4387.5
22,4387.9
29,4387.9
13,4388.7
31,4388.8
18,4389.0
3,4390.4
21,4390.4
5,4391.4
17,4391.6
30,4394.4
3,4394.4
26,4394.6
31,4394.9
21,4395.0
14,4395.2
4,4395.2
13,4395.3
27,4395.4
5,4396.1
29,4398.2
15,4398.4
23,4399.5
20,4400.0
3,4400.3
21,4401.1
5,4403.0
28,4403.2
31,4407.8
12,4411.7
3,4413.1
21,4413.9
16,4415.4
3,4462.2
21,4462.9
5,4463.1
13,4463.9
31,4464.1
17,4464.4
3,4464.8
27,4465.1
26,4465.8
23,4465.8
14,4465.8
16,4466.0
4,4466.0
11,4466.1
9,4466.2
8,4466.2
30,4466.3
21,4466.3
20,4466.4
24,4466.6
15,4466.6
5,4466.6
28,4466.7
12,4466.7
3,4467.1
29,4467.4
22,4467.5
13,4468.4
31,4468.6
18,4468.6
21,4469.9
3,4470.0
5,4470.7
17,4471.0
30,4473.8
3,4473.8
14,4473.9
21,4473.9
26,4474.2
4,4474.3
31,4474.3
27,4474.4
13,4474.8
5,4475.1
29,4476.0
15,4477.0
23,4477.6
20,4479.1
3,4479.4
21,4480.2
28,4481.2
16,4481.4
5,4482.4
12,4485.0
31,4485.7
8,4487.5
3,4490.0
21,4493.0
13,4498.3
17,4498.6
3,4542.2
21,4542.9
5,4543.1
13,4543.9
31,4544.1
17,4544.4
3,4544.7
27,4545.1
26,4545.8
23,4545.8
14,4545.8
16,4545.9
4,4546.0
11,4546.0
8,4546.1
30,4546.2
9,4546.2
21,4546.3
20,4546.4
24,4546.5
15,4546.6
5,4546.6
28,4546.7
12,4546.7
3,4547.0
29,4547.4
22,4547.5
13,4548.3
31,4548.5
18,4548.6
21,4549.9
3,4549.9
5,4550.7
17,4551.0
3,4553.7
30,4553.7
26,4553.9
21,4553.9
14,4553.9
4,4553.9
31,4554.2
27,4554.4
13,4554.7
5,4555.0
29,4556.1
15,4557.0
23,4557.7
20,4559.1
3,4559.3
21,4559.9
28,4561.2
5,4562.3
16,4562.8
12,4565.5
31,4565.7
8,4568.9
3,4569.7
21,4572.5
13,4579.7
3,4622.2
21,4622.9
5,4623.1
13,4623.9
31,4624.1
17,4624.4
3,4624.7
27,4625.1
26,4625.8
23,4625.8
14,4625.8
16,4626.0
4,4626.0
11,4626.0
8,4626.1
9,4626.2
30,4626.2
21,4626.3
20,4626.4
24,4626.5
15,4626.6
5,4626.6
28,4626.7
12,4626.7
3,4627.0
29,4627.3
22,4627.5
13,4628.3
31,4628.4
18,4628.6
3,4629.9
21,4630.0
5,4630.8
17,4631.0
3,4633.7
14,4633.9
30,4633.9
26,4633.9
21,4634.1
31,4634.2
4,4634.3
27,4634.4
13,4634.7
5,4635.2
29,4636.1
15,4637.0
23,4637.7
20,4639.1
3,4639.3
21,4640.3
28,4641.2
5,4642.8
16,4642.9
12,4645.9
31,4646.2
8,4648.8
3,4649.7
21,4653.9
13,4660.4
3,5007.4
5,5007.9
21,5008.6
31,5009.5
3,5009.6
17,5009.7
12,5009.8
22,5009.8
20,5009.8
27,5010.4
5,5010.7
10,5011.0
13,5011.1
23,5011.2
26,5011.2
16,5011.3
8,5011.4
4,5011.4
11,5011.4
9,5011.5
30,5011.6
3,5011.9
24,5012.0
28,5012.2
21,5012.4
29,5012.9
5,5013.5
31,5013.8
18,5014.0
3,5014.2
12,5015.1
22,5015.1
20,5015.2
17,5016.6
5,5017.1
3,5017.2
21,5017.7
10,5018.0
13,5019.4
30,5019.4
26,5019.6
31,5019.9
4,5020.2
5,5020.9
27,5020.9
3,5021.1
21,5023.1
29,5023.2
22,5023.9
12,5024.4
23,5024.5
20,5024.8
5,5025.9
3,5027.2
28,5029.3
31,5031.9
21,5033.4
5,5035.3
17,5038.0
3,5039.0
16,5040.6
11,5045.2
3,5087.1
5,5087.6
21,5088.3
31,5089.1
3,5089.3
17,5089.4
12,5089.4
20,5089.5
22,5089.5
27,5090.1
5,5090.4
10,5090.6
23,5090.8
13,5090.8
26,5090.8
11,5091.0
16,5091.0
4,5091.1
9,5091.1
8,5091.2
30,5091.2
3,5091.5
28,5091.6
24,5091.6
21,5092.1
29,5092.3
5,5093.2
31,5093.5
18,5093.6
3,5093.8
22,5094.7
20,5094.8
12,5094.8
17,5096.0
5,5096.4
21,5096.5
3,5096.7
10,5097.4
30,5098.6
13,5098.7
31,5099.1
26,5099.2
4,5099.3
27,5099.7
5,5100.1
3,5100.5
29,5100.8
21,5102.1
23,5102.1
22,5103.3
12,5103.8
20,5103.9
28,5105.3
5,5105.5
3,5105.9
16,5106.4
31,5109.9
9,5111.4
11,5111.6
8,5112.5
21,5113.2
17,5113.7
3,5115.6
5,5115.6
3,5166.9
5,5167.6
21,5168.3
31,5169.1
3,5169.2
17,5169.3
22,5169.4
12,5169.4
20,5169.5
27,5170.1
5,5170.4
10,5170.5
13,5170.7
23,5170.8
26,5170.8
16,5170.9
11,5171.0
8,5171.1
9,5171.1
4,5171.1
30,5171.2
3,5171.4
24,5171.5
28,5171.6
21,5172.1
29,5172.3
5,5173.2
31,5173.5
18,5173.6
3,5173.7
12,5174.7
22,5174.8
20,5174.8
17,5176.0
5,5176.4
3,5176.5
21,5176.6
10,5177.3
30,5178.5
26,5178.9
13,5179.0
4,5179.2
31,5179.2
27,5179.4
5,5180.1
3,5180.2
29,5180.9
23,5182.1
21,5182.2
22,5183.2
12,5183.5
20,5183.9
28,5185.2
5,5185.4
3,5185.5
16,5187.8
31,5190.1
9,5190.8
11,5193.2
21,5193.4
8,5193.9
17,5194.8
3,5194.8
5,5195.4
3,5237.6
3,5247.1
5,5247.6
21,5248.2
31,5249.1
17,5249.3
3,5249.4
22,5249.4
12,5249.4
20,5249.5
27,5250.1
5,5250.4
10,5250.5
13,5250.7
26,5250.8
23,5250.8
4,5251.0
16,5251.0
11,5251.0
8,5251.1
9,5251.1
30,5251.2
24,5251.5
28,5251.6
3,5251.6
21,5252.0
29,5252.3
5,5253.2
31,5253.4
18,5253.6
3,5254.0
12,5254.7
20,5254.8
22,5254.8
17,5256.0
21,5256.5
5,5256.5
3,5256.9
10,5257.3
30,5258.8
26,5258.9
13,5259.0
31,5259.1
27,5259.4
4,5259.6
5,5260.3
3,5260.7
29,5261.0
23,5262.1
21,5262.1
22,5263.3
12,5263.5
20,5263.9
28,5265.3
5,5265.8
3,5266.2
16,5267.9
31,5270.6
9,5272.8
21,5273.4
8,5273.8
11,5274.9
17,5275.5
5,5276.2
3,5276.5
3,5632.3
5,5632.9
10,5633.8
21,5633.8
11,5634.0
27,5634.2
3,5634.4
31,5634.5
4,5634.6
17,5634.7
12,5634.8
20,5634.8
5,5635.7
13,5636.1
26,5636.2
16,5636.3
3,5636.4
8,5636.4
9,5636.5
30,5636.6
24,5636.9
22,5637.1
28,5637.2
29,5637.9
10,5638.3
21,5638.3
5,5638.5
3,5638.6
11,5638.7
31,5638.8
27,5638.9
18,5639.0
19,5639.2
4,5639.3
20,5640.1
12,5640.1
3,5641.1
17,5641.6
5,5642.1
10,5643.6
21,5644.1
3,5644.2
13,5644.4
30,5644.4
26,5644.6
31,5644.9
5,5645.8
11,5646.3
27,5646.5
4,5646.5
22,5646.5
29,5648.2
3,5648.5
20,5649.3
12,5649.3
5,5650.8
21,5650.9
28,5652.6
10,5652.7
3,5655.3
16,5656.0
31,5657.5
5,5660.0
3,5668.6
4,5669.1
3,5712.0
5,5712.6
10,5713.5
21,5713.6
11,5713.6
27,5713.9
3,5714.1
31,5714.1
4,5714.2
12,5714.4
17,5714.4
20,5714.5
5,5715.4
26,5715.8
13,5715.8
16,5716.0
30,5716.1
9,5716.1
3,5716.1
8,5716.2
22,5716.5
24,5716.6
28,5716.7
29,5717.3
10,5717.9
21,5717.9
3,5718.2
5,5718.2
11,5718.3
18,5718.3
27,5718.5
19,5718.6
31,5718.6
4,5718.9
12,5719.6
20,5719.8
3,5720.7
17,5721.0
5,5721.4
21,5722.6
10,5722.9
30,5723.3
13,5723.7
3,5723.8
26,5723.9
31,5724.3
22,5725.0
5,5725.1
11,5725.3
27,5725.6
4,5725.7
29,5726.0
3,5727.9
12,5728.5
20,5728.9
21,5729.4
5,5730.3
16,5730.9
28,5730.9
10,5731.6
3,5734.1
31,5735.3
8,5737.5
24,5738.5
5,5740.3
9,5741.8
17,5742.5
3,5745.8
4,5746.1
11,5752.1
3,5791.7
5,5792.6
10,5793.4
21,5793.6
11,5793.6
27,5793.8
3,5793.9
31,5794.1
4,5794.2
12,5794.4
17,5794.4
20,5794.5
5,5795.4
13,5795.7
26,5795.8
3,5795.9
16,5795.9
30,5796.0
8,5796.1
9,5796.2
22,5796.5
24,5796.5
28,5796.7
29,5797.3
10,5797.8
21,5798.0
3,5798.0
5,5798.2
11,5798.2
18,5798.3
27,5798.4
31,5798.5
19,5798.6
4,5798.9
12,5799.7
20,5799.8
3,5800.5
17,5801.0
5,5801.4
21,5802.6
10,5802.7
30,5803.2
3,5803.6
26,5803.8
13,5804.0
31,5804.2
22,5804.9
11,5805.1
5,5805.1
27,5805.4
4,5805.6
29,5806.0
3,5807.7
12,5808.4
20,5808.9
21,5809.5
5,5810.3
28,5810.9
16,5811.0
10,5811.3
3,5813.8
31,5815.3
8,5818.9
5,5820.1
9,5820.4
24,5820.5
3,5825.5
11,5829.9
17,5831.0
4,5831.4
3,5871.4
5,5872.6
3,5873.4
10,5873.4
21,5873.5
11,5873.6
27,5873.8
31,5874.1
4,5874.2
17,5874.4
12,5874.4
20,5874.5
5,5875.4
3,5875.5
13,5875.7
26,5875.8
16,5875.9
30,5876.0
8,5876.1
9,5876.2
22,5876.5
24,5876.5
28,5876.7
29,5877.3
3,5877.6
21,5877.8
10,5877.9
11,5878.1
5,5878.2
27,5878.3
18,5878.3
31,5878.4
19,5878.5
4,5878.8
12,5879.7
3,5879.8
20,5879.8
17,5881.0
5,5881.5
21,5882.5
3,5882.7
10,5883.0
30,5883.5
26,5883.9
13,5884.0
31,5884.2
22,5884.9
11,5885.0
5,5885.3
27,5885.3
4,5885.8
29,5886.0
3,5886.5
12,5888.4
20,5888.9
21,5889.4
5,5890.7
28,5891.0
16,5891.1
10,5891.8
3,5892.0
31,5895.7
8,5898.8
5,5900.8
3,5901.6
9,5902.7
24,5905.1
3,5928.5
3,6257.4
5,6257.9
8,6258.6
21,6258.8
10,6258.8
11,6259.0
24,6259.1
27,6259.2
31,6259.5
3,6259.6
4,6259.6
17,6259.7
28,6260.4
5,6260.7
1,6260.9
13,6261.1
16,6261.3
9,6261.5
30,6261.6
3,6261.9
22,6262.1
25,6262.5
29,6262.9
8,6262.9
10,6263.2
12,6263.2
21,6263.3
5,6263.5
11,6263.6
31,6263.8
27,6263.9
20,6264.1
24,6264.1
19,6264.2
3,6264.2
4,6264.3
17,6266.6
5,6267.1
3,6267.2
10,6268.5
28,6269.1
21,6269.1
30,6269.4
13,6269.4
31,6269.9
8,6270.0
5,6270.8
3,6271.1
11,6271.3
27,6271.5
22,6271.6
4,6271.7
29,6273.0
1,6273.3
24,6274.3
5,6275.7
21,6275.9
3,6276.3
10,6277.0
12,6277.5
16,6279.9
31,6283.5
5,6284.3
3,6286.3
4,6291.6
3,6324.2
3,6337.1
5,6337.6
8,6338.2
10,6338.5
21,6338.6
11,6338.7
27,6338.8
24,6338.8
4,6339.1
31,6339.2
3,6339.3
17,6339.4
28,6340.0
1,6340.4
5,6340.4
13,6340.8
16,6341.0
9,6341.1
30,6341.2
22,6341.5
3,6341.6
25,6342.1
8,6342.5
29,6342.5
12,6342.5
10,6342.9
21,6342.9
5,6343.2
11,6343.3
19,6343.5
27,6343.5
31,6343.6
20,6343.6
24,6343.7
4,6343.8
3,6343.8
17,6346.0
5,6346.4
3,6346.6
21,6347.6
10,6347.9
28,6348.2
30,6348.5
13,6348.7
8,6349.2
31,6349.3
22,6349.9
5,6350.1
3,6350.2
11,6350.3
4,6350.5
27,6350.6
29,6351.1
1,6351.6
24,6352.8
21,6354.4
3,6355.0
5,6355.3
12,6355.3
10,6356.2
16,6356.8
31,6361.2
9,6361.5
3,6363.1
5,6364.8
4,6365.5
8,6368.4
3,6382.5
3,6417.0
5,6417.6
8,6418.2
10,6418.4
11,6418.6
21,6418.6
27,6418.8
24,6418.8
4,6419.1
31,6419.1
3,6419.3
17,6419.4
28,6420.0
5,6420.2
1,6420.4
13,6420.7
16,6420.9
30,6421.1
9,6421.1
22,6421.4
3,6421.5
25,6422.0
8,6422.3
29,6422.5
12,6422.5
10,6422.8
21,6423.0
5,6423.0
11,6423.3
27,6423.4
19,6423.5
20,6423.6
31,6423.6
24,6423.7
4,6423.8
3,6423.8
17,6426.0
5,6426.2
3,6426.6
21,6427.6
10,6427.7
28,6428.2
30,6428.5
13,6429.0
8,6429.1
31,6429.4
5,6429.8
22,6429.9
3,6430.2
11,6430.3
27,6430.4
4,6430.4
29,6431.2
1,6431.2
24,6432.9
21,6434.5
5,6434.9
12,6435.1
3,6435.1
10,6435.7
16,6437.1
9,6440.9
31,6441.4
3,6443.4
5,6443.8
4,6446.3
8,6448.7
3,6463.7
5,6478.6
3,6497.0
5,6497.6
8,6498.2
10,6498.4
21,6498.5
11,6498.7
24,6498.8
27,6498.8
31,6499.1
4,6499.1
3,6499.3
17,6499.4
28,6500.0
5,6500.4
1,6500.4
13,6500.7
16,6500.9
9,6501.1
30,6501.1
22,6501.5
3,6501.5
25,6502.0
8,6502.3
29,6502.4
12,6502.5
21,6502.8
10,6502.9
11,6503.2
5,6503.2
27,6503.3
19,6503.4
31,6503.5
20,6503.6
4,6503.7
24,6503.7
3,6503.8
17,6506.0
5,6506.5
3,6506.6
21,6507.5
10,6508.0
28,6508.2
30,6508.8
13,6509.0
8,6509.1
31,6509.4
22,6509.9
5,6510.1
3,6510.3
27,6510.3
11,6510.5
4,6510.6
29,6511.1
1,6511.6
24,6513.0
21,6514.2
12,6515.2
5,6515.3
3,6515.3
10,6516.4
16,6517.1
9,6521.3
31,6522.0
3,6523.8
5,6525.0
4,6529.2
8,6529.7
21,6544.1
3,6545.3
3,6882.7
5,6882.9
24,6883.4
8,6883.6
10,6883.8
21,6883.8
11,6884.0
27,6884.2
12,6884.5
4,6884.5
31,6884.5
2,6885.3
3,6885.3
28,6885.4
26,6885.7
5,6885.7
1,6885.8
13,6886.1
0,6886.2
16,6886.3
30,6886.6
24,6887.0
22,6887.1
18,6887.2
25,6887.4
3,6887.8
29,6887.9
8,6887.9
17,6888.0
10,6888.2
21,6888.3
5,6888.5
11,6888.6
31,6888.8
27,6888.9
20,6889.2
19,6889.2
4,6889.3
12,6889.8
3,6890.7
5,6892.1
24,6892.1
2,6893.3
10,6893.5
21,6894.1
28,6894.3
13,6894.4
30,6894.4
3,6894.5
31,6894.9
8,6895.0
5,6895.8
26,6895.9
11,6896.3
27,6896.5
22,6896.5
4,6896.7
1,6897.7
29,6898.1
0,6898.8
12,6898.8
3,6899.8
21,6900.6
5,6900.9
10,6901.8
24,6902.5
16,6905.1
3,6909.2
5,6909.6
31,6909.9
3,6962.4
5,6962.6
24,6963.1
8,6963.2
10,6963.5
11,6963.6
21,6963.6
27,6963.9
12,6964.1
4,6964.1
31,6964.2
3,6964.9
2,6965.0
28,6965.1
5,6965.4
26,6965.4
1,6965.4
0,6965.7
13,6965.8
16,6966.1
30,6966.2
22,6966.5
18,6966.7
24,6966.7
25,6967.1
3,6967.4
29,6967.5
8,6967.5
17,6967.7
21,6967.9
10,6967.9
5,6968.2
11,6968.3
19,6968.5
27,6968.5
31,6968.6
20,6968.7
4,6968.9
12,6969.3
3,6970.2
5,6971.4
24,6971.7
21,6972.6
2,6972.7
10,6972.9
30,6973.5
28,6973.6
13,6973.7
3,6973.8
8,6974.2
31,6974.4
26,6974.8
22,6975.0
5,6975.1
11,6975.2
27,6975.6
4,6975.7
29,6976.1
1,6976.5
0,6977.3
12,6977.9
3,6978.7
21,6979.2
5,6980.3
24,6981.0
10,6981.2
16,6982.0
31,6986.9
3,6987.2
5,6990.2
11,6993.7
4,6995.5
21,7001.6
3,7025.4
3,7042.4
5,7042.6
24,7043.1
8,7043.2
10,7043.4
21,7043.5
11,7043.6
27,7043.8
4,7044.1
12,7044.1
31,7044.2
3,7044.9
2,7045.0
28,7045.1
26,7045.3
1,7045.4
5,7045.4
13,7045.7
0,7045.7
16,7046.0
30,7046.1
22,7046.5
24,7046.7
18,7046.7
25,7047.1
8,7047.3
3,7047.4
29,7047.5
17,7047.6
21,7047.8
10,7047.9
11,7048.2
5,7048.2
27,7048.4
19,7048.5
31,7048.6
20,7048.7
4,7048.9
12,7049.4
3,7050.2
5,7051.4
24,7051.7
21,7052.5
2,7052.7
10,7052.9
30,7053.5
28,7053.6
3,7053.9
13,7054.0
8,7054.1
31,7054.4
26,7054.8
22,7054.9
5,7055.1
11,7055.1
27,7055.4
4,7055.7
29,7056.2
1,7056.5
0,7056.9
12,7057.8
3,7059.0
21,7059.2
5,7060.3
10,7061.0
24,7061.1
16,7062.6
31,7067.1
3,7067.9
5,7069.8
11,7072.9
21,7078.7
4,7079.1
3,7122.3
5,7122.6
24,7123.1
8,7123.2
21,7123.5
10,7123.5
11,7123.6
27,7123.8
12,7124.1
4,7124.1
31,7124.2
3,7124.9
2,7125.0
28,7125.1
26,7125.3
5,7125.4
1,7125.5
0,7125.7
13,7125.7
16,7126.0
30,7126.1
22,7126.5
18,7126.7
24,7126.7
25,7127.1
8,7127.3
3,7127.4
29,7127.4
17,7127.6
21,7127.7
10,7127.9
11,7128.1
5,7128.2
27,7128.3
31,7128.5
19,7128.5
20,7128.7
4,7128.8
12,7129.4
3,7130.2
5,7131.5
24,7131.7
21,7132.5
2,7132.7
10,7133.0
28,7133.6
30,7133.8
3,7133.9
13,7134.0
8,7134.1
31,7134.4
26,7134.8
22,7134.9
11,7135.0
5,7135.3
27,7135.3
4,7135.8
29,7136.1
1,7136.6
0,7137.0
12,7137.8
3,7139.0
21,7139.1
5,7140.7
24,7141.1
10,7141.3
16,7142.5
31,7147.7
3,7148.0
5,7150.8
11,7156.1
21,7159.3
5,7507.9
3,7508.1
21,7508.4
10,7508.8
11,7509.0
27,7509.2
24,7509.2
31,7509.5
4,7509.5
12,7509.5
29,7509.8
8,7510.0
2,7510.3
28,7510.4
26,7510.7
5,7510.7
1,7510.8
0,7511.1
13,7511.1
3,7511.3
30,7511.6
21,7512.0
6,7512.0
22,7512.1
18,7512.1
25,7512.4
10,7513.2
5,7513.5
11,7513.6
27,7513.9
31,7513.9
19,7514.2
20,7514.2
3,7514.3
4,7514.3
24,7514.5
12,7514.9
21,7516.3
29,7516.4
5,7517.1
3,7518.3
2,7518.4
10,7518.5
8,7518.9
28,7519.3
30,7519.4
13,7519.4
31,7519.9
21,7520.3
26,7520.7
5,7520.8
11,7521.3
29,7521.3
27,7521.5
22,7521.5
4,7521.7
6,7522.2
1,7523.0
12,7523.9
3,7524.0
0,7524.1
21,7525.0
24,7525.7
5,7526.0
10,7527.7
29,7527.7
21,7533.3
5,7534.9
31,7535.0
3,7535.3
4,7542.0
29,7545.7
5,7587.6
3,7587.8
21,7588.2
10,7588.4
11,7588.6
27,7588.8
24,7588.9
12,7589.1
31,7589.2
4,7589.2
29,7589.5
8,7589.6
2,7590.0
28,7590.1
26,7590.4
5,7590.4
1,7590.4
0,7590.7
13,7590.8
3,7590.9
30,7591.2
22,7591.4
18,7591.7
6,7591.7
21,7591.8
25,7592.1
10,7592.9
5,7593.2
11,7593.3
27,7593.4
31,7593.6
20,7593.6
19,7593.6
3,7593.8
4,7593.9
24,7594.0
12,7594.3
29,7595.7
21,7595.8
5,7596.4
3,7597.6
2,7597.7
10,7597.9
8,7598.2
30,7598.5
28,7598.6
13,7598.7
31,7599.4
22,7599.6
21,7599.7
26,7599.8
5,7600.1
11,7600.3
27,7600.3
29,7600.4
4,7600.7
6,7601.3
1,7601.5
0,7601.8
12,7602.8
3,7602.9
24,7604.2
21,7604.7
5,7605.4
10,7606.6
29,7607.2
31,7611.9
3,7612.8
21,7613.9
5,7615.2
4,7618.9
27,7629.1
5,7667.6
3,7667.7
21,7668.2
10,7668.4
11,7668.6
27,7668.8
24,7668.9
12,7669.1
4,7669.1
31,7669.2
29,7669.5
8,7669.6
2,7670.0
28,7670.1
5,7670.4
26,7670.4
1,7670.4
13,7670.7
0,7670.7
3,7670.9
30,7671.1
22,7671.4
18,7671.7
6,7671.7
21,7671.8
25,7672.1
10,7672.8
5,7673.2
11,7673.3
27,7673.4
31,7673.6
20,7673.6
19,7673.7
3,7673.8
4,7673.9
24,7674.0
12,7674.4
29,7675.7
21,7675.8
5,7676.4
3,7677.6
2,7677.7
10,7677.7
8,7678.2
30,7678.5
28,7678.6
13,7679.0
31,7679.4
21,7679.4
22,7679.6
26,7679.8
6,7679.9
29,7680.1
5,7680.1
27,7680.3
11,7680.3
4,7680.7
1,7681.6
0,7681.9
12,7682.8
3,7683.0
24,7684.2
21,7684.6
5,7685.3
10,7686.0
29,7687.5
31,7692.1
3,7693.3
21,7694.6
5,7695.1
4,7700.1
5,7747.6
3,7747.7
21,7748.1
10,7748.4
11,7748.7
27,7748.8
24,7748.9
4,7749.1
12,7749.1
31,7749.2
29,7749.5
8,7749.6
2,7750.0
28,7750.1
5,7750.4
1,7750.4
26,7750.4
0,7750.7
13,7750.7
3,7750.9
30,7751.1
22,7751.5
21,7751.6
6,7751.7
18,7751.7
25,7752.1
10,7752.9
5,7753.2
11,7753.2
27,7753.3
31,7753.5
20,7753.6
19,7753.6
4,7753.8
3,7753.8
24,7754.0
12,7754.4
21,7755.6
29,7755.8
5,7756.5
3,7757.6
2,7757.7
10,7758.0
8,7758.2
28,7758.6
30,7758.8
13,7759.0
21,7759.2
31,7759.4
26,7759.8
6,7759.9
22,7759.9
27,7760.2
29,7760.3
5,7760.3
11,7760.5
4,7760.8
1,7761.6
0,7761.9
12,7762.8
3,7763.0
24,7764.2
21,7764.4
5,7765.7
10,7766.8
29,7767.9
31,7772.7
3,7773.4
21,7774.2
5,7776.2
4,7787.5
5,8132.7
21,8133.4
3,8133.5
10,8133.8
11,8134.0
20,8134.2
27,8134.2
24,8134.2
4,8134.5
12,8134.5
29,8134.8
8,8135.0
5,8135.1
7,8135.3
2,8135.3
28,8135.4
26,8135.7
1,8135.8
23,8136.1
0,8136.1
31,8136.4
30,8136.6
6,8137.0
21,8137.0
22,8137.1
18,8137.1
25,8137.5
3,8137.6
5,8137.8
10,8138.2
11,8138.7
27,8138.9
19,8139.2
20,8139.3
4,8139.3
24,8139.5
12,8139.9
5,8140.9
21,8141.3
29,8141.4
3,8142.1
2,8143.4
10,8143.5
7,8143.8
8,8143.9
31,8144.2
28,8144.3
30,8144.4
5,8144.6
21,8145.4
26,8145.7
11,8146.3
29,8146.4
22,8146.5
27,8146.5
4,8146.7
6,8147.3
1,8148.0
20,8148.1
5,8148.8
12,8148.9
3,8149.0
0,8149.1
21,8150.0
24,8150.8
29,8152.8
10,8153.6
23,8154.2
5,8155.5
21,8158.2
4,8163.0
5,8168.7
29,8174.6
5,8212.3
3,8213.2
21,8213.2
10,8213.5
11,8213.7
27,8213.8
24,8213.9
20,8213.9
12,8214.1
4,8214.1
29,8214.5
8,8214.7
5,8214.8
7,8214.9
2,8215.0
28,8215.0
26,8215.4
1,8215.5
23,8215.7
0,8215.8
31,8216.1
30,8216.2
22,8216.4
6,8216.7
18,8216.7
21,8216.8
25,8217.0
3,8217.2
5,8217.5
10,8217.9
11,8218.3
27,8218.4
19,8218.8
4,8218.9
24,8219.0
20,8219.0
12,8219.3
5,8220.3
29,8220.7
21,8220.8
3,8221.5
2,8222.7
10,8222.9
7,8223.1
8,8223.2
31,8223.4
5,8223.4
30,8223.5
28,8223.5
21,8224.7
22,8224.9
11,8225.3
27,8225.3
26,8225.3
29,8225.4
4,8225.7
6,8226.3
1,8226.6
20,8227.2
0,8227.4
5,8227.5
12,8227.8
3,8228.1
24,8229.1
21,8229.6
29,8232.2
10,8232.3
23,8232.8
5,8233.9
21,8238.6
4,8241.1
3,8245.7
5,8246.2
27,8247.3
5,8292.3
3,8293.2
21,8293.2
10,8293.4
11,8293.7
27,8293.8
20,8293.8
24,8293.9
4,8294.1
12,8294.1
29,8294.5
8,8294.7
5,8294.8
7,8294.9
28,8295.0
2,8295.0
26,8295.4
1,8295.5
23,8295.7
0,8295.8
31,8296.1
30,8296.1
22,8296.5
21,8296.6
6,8296.7
18,8296.7
25,8297.0
3,8297.2
5,8297.5
10,8297.9
11,8298.3
27,8298.4
4,8298.8
19,8298.9
24,8299.0
20,8299.0
12,8299.4
5,8300.4
21,8300.5
29,8300.7
3,8301.5
2,8302.7
10,8302.9
7,8303.0
8,8303.2
28,8303.2
31,8303.3
5,8303.5
30,8303.5
21,8304.2
26,8304.9
22,8304.9
6,8304.9
29,8305.1
11,8305.3
27,8305.3
4,8305.4
1,8306.6
20,8307.1
0,8307.5
5,8307.6
12,8307.8
3,8308.1
24,8309.1
21,8309.3
10,8312.0
29,8312.5
23,8312.7
5,8314.0
21,8318.8
4,8321.5
3,8326.5
5,8327.3
27,8329.7
5,8372.3
21,8373.1
3,8373.2
10,8373.4
11,8373.6
20,8373.8
27,8373.8
24,8373.9
4,8374.1
12,8374.1
29,8374.5
8,8374.7
5,8374.8
7,8374.9
2,8375.0
28,8375.0
26,8375.4
1,8375.5
23,8375.7
0,8375.8
31,8376.1
30,8376.1
22,8376.5
21,8376.6
18,8376.7
6,8376.7
25,8377.0
3,8377.1
5,8377.4
10,8377.9
11,8378.2
27,8378.3
4,8378.7
19,8378.8
20,8379.0
24,8379.0
12,8379.4
5,8380.3
21,8380.6
29,8380.8
3,8381.3
2,8382.7
7,8383.0
10,8383.0
8,8383.2
28,8383.2
5,8383.4
31,8383.7
30,8383.8
21,8384.2
6,8384.9
22,8384.9
26,8384.9
27,8385.2
29,8385.3
11,8385.5
4,8385.6
1,8386.7
20,8387.1
5,8387.5
0,8387.6
3,8387.8
12,8387.8
24,8389.1
21,8389.3
10,8392.4
23,8392.6
29,8393.0
5,8393.9
21,8398.9
4,8403.6
3,8405.1
5,8407.4
27,8411.0
5,8757.8
3,8758.6
8,8758.7
10,8758.8
21,8758.8
11,8759.0
1,8759.1
27,8759.2
20,8759.2
24,8759.2
12,8759.5
0,8759.7
29,8759.8
7,8760.2
2,8760.3
28,8760.4
5,8760.6
26,8760.7
23,8761.0
6,8762.0
18,8762.1
22,8762.1
25,8762.4
16,8762.4
3,8762.6
4,8763.0
21,8763.0
8,8763.1
10,8763.2
11,8763.6
5,8763.7
27,8763.9
1,8764.2
19,8764.2
20,8764.4
24,8764.5
12,8764.9
0,8765.2
29,8766.4
3,8767.1
5,8767.7
8,8768.0
2,8768.4
10,8768.5
21,8768.8
7,8769.1
28,8769.3
26,8770.7
11,8771.3
29,8771.4
22,8771.5
27,8771.5
1,8771.6
5,8771.7
16,8772.2
6,8772.3
20,8773.1
21,8773.2
0,8773.7
12,8774.2
3,8774.3
24,8775.8
8,8777.0
29,8777.8
5,8777.9
10,8779.0
23,8779.8
21,8780.1
5,8790.6
29,8799.6
5,8837.5
3,8838.2
8,8838.4
10,8838.5
21,8838.5
11,8838.7
27,8838.8
1,8838.8
20,8838.9
24,8838.9
12,8839.1
0,8839.3
29,8839.5
7,8839.9
2,8840.0
28,8840.1
26,8840.3
5,8840.3
23,8840.7
22,8841.6
18,8841.7
6,8841.7
16,8841.9
25,8842.1
3,8842.2
4,8842.5
21,8842.6
8,8842.7
10,8842.9
11,8843.3
5,8843.3
27,8843.4
19,8843.9
1,8843.9
20,8844.0
24,8844.0
12,8844.5
0,8844.7
29,8845.7
3,8846.5
5,8846.7
21,8847.3
8,8847.4
2,8847.7
10,8848.0
7,8848.4
28,8848.6
26,8849.8
22,8850.3
11,8850.3
29,8850.4
27,8850.4
5,8850.8
1,8851.0
6,8851.3
16,8851.3
21,8851.7
20,8852.3
0,8852.7
12,8853.2
3,8853.2
24,8854.2
8,8855.4
5,8857.1
29,8857.2
10,8857.6
23,8857.8
21,8858.5
4,8866.4
3,8870.1
5,8870.3
21,8876.9
27,8888.4
5,8917.5
3,8918.2
8,8918.4
21,8918.5
10,8918.5
1,8918.7
11,8918.7
27,8918.8
24,8918.9
20,8918.9
12,8919.1
0,8919.3
29,8919.5
7,8919.9
28,8920.0
2,8920.0
26,8920.3
5,8920.3
23,8920.7
22,8921.5
6,8921.7
18,8921.7
16,8921.9
25,8922.1
3,8922.2
4,8922.5
21,8922.6
8,8922.7
10,8922.9
11,8923.3
5,8923.4
27,8923.4
1,8923.9
19,8923.9
24,8924.0
20,8924.0
12,8924.4
0,8924.7
29,8925.7
3,8926.5
5,8926.9
21,8927.0
8,8927.4
2,8927.7
10,8927.9
7,8928.1
28,8928.6
26,8929.4
6,8929.9
29,8930.1
22,8930.2
27,8930.3
11,8930.3
1,8931.0
16,8931.0
5,8931.1
21,8931.6
20,8932.2
0,8932.7
12,8932.9
3,8933.2
24,8934.2
8,8935.5
29,8937.5
5,8937.6
10,8937.6
23,8937.7
21,8939.0
3,8950.6
5,8952.5
5,8997.5
3,8998.2
8,8998.4
21,8998.5
10,8998.5
11,8998.7
1,8998.7
27,8998.8
24,8998.9
20,8998.9
12,8999.1
0,8999.3
29,8999.5
7,8999.9
2,9000.0
28,9000.0
5,9000.2
26,9000.3
23,9000.7
22,9001.6
6,9001.7
18,9001.7
16,9001.9
3,9002.1
25,9002.1
4,9002.4
21,9002.5
8,9002.7
10,9002.9
5,9003.1
11,9003.2
27,9003.3
19,9003.8
1,9003.9
20,9004.0
24,9004.0
12,9004.4
0,9004.7
29,9005.8
3,9006.3
5,9006.6
21,9007.0
8,9007.4
2,9007.7
10,9008.0
7,9008.1
28,9008.6
26,9009.4
6,9009.9
22,9010.2
29,9010.3
27,9010.3
11,9010.5
5,9010.6
16,9011.0
1,9011.0
21,9011.6
20,9012.2
0,9012.7
12,9012.9
3,9013.2
24,9014.1
8,9015.5
5,9016.9
23,9017.6
29,9018.0
10,9018.1
21,9019.0
5,9030.5
3,9031.0
5,9383.0
2,9383.5
3,9383.6
8,9383.7
10,9383.8
11,9384.0
1,9384.1
25,9384.1
20,9384.2
24,9384.2
27,9384.2
12,9384.5
21,9384.6
0,9384.7
7,9385.2
28,9385.4
26,9385.7
23,9386.0
29,9386.4
5,9386.5
6,9387.0
18,9387.1
22,9387.1
2,9387.2
16,9387.3
3,9387.6
8,9388.1
4,9388.1
10,9388.2
11,9388.7
27,9388.9
25,9389.0
19,9389.2
1,9389.2
20,9389.4
24,9389.5
12,9389.9
0,9390.2
21,9390.3
5,9390.3
3,9392.1
2,9392.9
8,9393.0
10,9393.5
7,9394.1
28,9394.3
26,9395.7
5,9395.8
11,9396.3
27,9396.5
1,9396.6
29,9396.6
22,9396.8
21,9396.9
16,9397.2
6,9397.3
20,9398.1
25,9398.3
0,9398.7
12,9399.2
3,9399.3
24,9400.8
8,9402.0
10,9403.4
23,9404.8
2,9406.2
21,9406.4
5,9407.6
29,9408.9
5,9462.7
2,9463.2
3,9463.2
8,9463.4
10,9463.5
11,9463.7
1,9463.8
27,9463.8
25,9463.8
24,9463.9
20,9463.9
12,9464.1
21,9464.3
0,9464.3
7,9464.9
28,9465.0
26,9465.3
23,9465.7
29,9466.1
5,9466.1
22,9466.6
18,9466.7
6,9466.7
2,9466.9
16,9466.9
3,9467.2
4,9467.6
8,9467.7
10,9467.9
11,9468.3
27,9468.4
25,9468.5
19,9468.9
1,9468.9
24,9469.0
20,9469.0
12,9469.5
21,9469.8
0,9469.8
5,9469.8
3,9471.5
2,9472.3
8,9472.4
10,9473.0
7,9473.4
28,9473.5
26,9474.7
5,9475.1
27,9475.3
22,9475.3
11,9475.3
29,9475.6
21,9475.9
16,9476.0
1,9476.0
6,9476.3
25,9477.3
20,9477.3
0,9478.1
3,9478.2
12,9478.2
24,9479.2
8,9480.4
10,9482.2
23,9482.8
2,9483.5
21,9484.9
5,9485.9
29,9487.7
3,9495.1
27,9495.3
4,9506.3
5,9542.6
2,9543.2
3,9543.2
8,9543.4
10,9543.5
11,9543.6
1,9543.7
25,9543.8
27,9543.8
20,9543.9
24,9543.9
12,9544.1
0,9544.3
21,9544.3
7,9544.9
28,9545.0
26,9545.3
23,9545.7
5,9546.0
29,9546.1
22,9546.5
6,9546.7
18,9546.7
16,9546.9
2,9546.9
3,9547.2
4,9547.5
8,9547.7
10,9547.9
11,9548.3
27,9548.4
25,9548.5
1,9548.9
19,9548.9
24,9549.0
20,9549.0
12,9549.4
5,9549.6
21,9549.6
0,9549.7
3,9551.5
2,9552.2
8,9552.4
10,9552.9
7,9553.1
28,9553.2
29,9554.1
26,9554.4
6,9554.9
5,9555.0
21,9555.1
22,9555.2
27,9555.3
11,9555.3
16,9556.0
1,9556.0
20,9557.2
25,9557.3
0,9557.7
12,9557.9
3,9558.2
24,9559.1
8,9560.5
10,9562.2
23,9562.7
2,9563.5
21,9565.2
5,9565.3
29,9567.2
3,9575.6
27,9576.8
5,9622.6
2,9623.2
3,9623.2
8,9623.4
10,9623.5
1,9623.7
11,9623.7
25,9623.8
27,9623.8
20,9623.9
24,9623.9
12,9624.1
21,9624.3
0,9624.3
7,9624.9
28,9625.0
26,9625.3
23,9625.7
5,9626.0
29,9626.1
22,9626.6
6,9626.7
18,9626.7
2,9626.9
16,9626.9
3,9627.1
4,9627.5
8,9627.7
10,9627.9
11,9628.2
27,9628.3
25,9628.5
19,9628.8
1,9628.9
20,9629.0
24,9629.0
12,9629.4
21,9629.6
5,9629.6
0,9629.7
3,9631.3
2,9632.2
8,9632.4
10,9633.0
7,9633.1
28,9633.2
29,9634.1
26,9634.4
6,9634.9
5,9635.0
21,9635.0
27,9635.2
22,9635.2
11,9635.5
1,9636.0
16,9636.0
20,9637.2
25,9637.3
0,9637.7
12,9637.9
3,9638.2
24,9639.1
8,9640.5
10,9642.3
23,9642.6
2,9643.5
21,9645.1
5,9645.3
29,9647.2
3,9655.9
27,9663.9
