1,88.0
13,88.4
4,88.5
27,88.6
3,89.2
10,89.2
6,89.4
26,89.4
11,89.7
20,90.0
23,90.2
21,90.3
22,90.4
9,90.4
5,90.5
7,90.7
31,90.7
29,90.8
8,91.1
1,91.3
0,91.6
18,91.8
4,91.9
27,92.0
2,92.3
14,92.4
28,92.4
13,92.5
12,93.1
26,94.1
10,94.3
3,94.4
1,94.9
11,94.9
24,94.9
6,95.0
4,96.0
20,96.5
27,96.5
21,97.2
29,97.6
23,98.1
3,98.8
13,98.8
22,98.9
26,99.7
1,100.3
31,100.6
27,100.6
10,100.8
8,100.9
9,101.3
5,101.5
0,101.9
7,102.5
4,102.6
2,102.7
11,103.2
12,105.1
3,105.8
27,105.9
6,107.6
24,107.9
18,108.5
20,109.3
10,109.9
1,109.9
29,110.1
26,111.4
22,112.4
4,112.6
13,112.8
27,115.1
0,119.8
2,124.0
14,132.3
1,167.7
4,168.1
13,168.1
27,168.3
10,168.9
3,168.9
6,169.0
26,169.1
11,169.3
20,169.6
21,169.9
23,169.9
22,170.0
9,170.1
5,170.2
29,170.3
7,170.4
31,170.4
8,170.6
1,170.9
0,170.9
18,171.4
4,171.6
27,171.7
2,171.8
14,171.8
28,171.9
13,172.1
12,172.3
24,173.7
26,173.7
10,173.9
3,174.1
1,174.4
11,174.5
6,174.5
4,175.6
20,175.9
27,176.0
21,176.5
29,176.9
23,177.8
22,177.8
13,178.1
3,178.4
26,179.1
1,179.6
31,179.7
27,180.0
8,180.0
10,180.0
9,180.2
0,180.3
5,180.4
7,181.1
2,181.7
4,181.9
12,182.4
11,182.6
27,185.2
3,185.2
6,185.7
24,185.7
18,187.5
1,188.9
10,189.1
26,189.6
29,191.5
13,191.7
20,193.5
4,194.4
27,194.5
3,207.2
1,247.6
4,248.1
13,248.1
27,248.3
3,248.8
10,248.9
6,249.0
26,249.0
11,249.3
20,249.5
23,249.8
21,249.9
22,250.0
9,250.1
5,250.2
29,250.3
7,250.3
31,250.3
8,250.6
1,250.9
0,251.0
18,251.3
4,251.6
27,251.7
2,251.8
28,251.9
14,251.9
13,252.0
12,252.4
26,253.7
24,253.9
10,253.9
3,254.1
1,254.4
6,254.4
11,254.5
4,255.6
20,255.9
27,256.1
21,256.4
29,257.0
23,257.6
22,257.8
13,257.9
3,258.4
26,259.0
10,259.3
1,259.4
31,259.7
27,259.8
8,260.1
9,260.3
5,260.4
2,260.5
0,260.6
7,260.9
4,261.7
11,262.5
12,262.6
3,265.1
6,265.2
27,265.4
24,266.3
18,267.5
1,268.5
10,269.0
26,269.6
13,270.9
29,271.8
20,272.4
4,273.6
27,276.0
3,284.8
1,632.9
13,633.4
4,633.4
27,633.6
10,634.2
3,634.2
26,634.3
6,634.3
11,634.6
20,634.9
23,635.2
21,635.2
9,635.3
22,635.4
5,635.5
7,635.7
31,635.7
29,635.8
8,636.0
1,636.1
0,636.5
18,636.7
4,636.9
27,637.0
2,637.2
13,637.4
28,637.4
14,637.4
12,638.0
26,639.0
10,639.2
3,639.4
24,639.8
1,639.8
11,639.9
6,640.0
4,641.2
27,641.5
20,641.5
21,641.8
29,642.5
23,643.1
22,643.5
13,643.5
3,643.9
26,644.6
1,645.2
31,645.4
27,645.7
10,645.9
8,646.0
9,646.0
5,646.5
0,646.6
7,647.1
4,647.8
2,647.9
11,648.0
12,649.9
27,650.9
3,650.9
6,652.5
24,652.7
18,654.5
10,654.7
1,654.8
20,655.0
29,655.2
26,656.2
13,656.8
4,658.2
22,658.6
27,660.1
0,665.8
21,668.2
2,669.3
1,712.7
4,713.1
13,713.1
27,713.3
10,713.9
3,713.9
6,714.0
26,714.1
11,714.3
20,714.6
23,714.9
21,714.9
22,715.0
9,715.1
5,715.2
29,715.3
7,715.4
31,715.4
8,715.6
1,715.9
0,716.0
18,716.4
4,716.6
27,716.7
2,716.8
14,716.8
28,716.9
13,717.1
12,717.3
26,718.7
24,718.8
10,718.9
3,719.1
1,719.4
11,719.5
6,719.5
4,720.6
20,720.9
27,721.1
21,721.7
29,722.0
22,722.8
23,722.8
13,723.1
3,723.4
26,724.1
1,724.6
31,724.7
27,725.0
8,725.0
10,725.1
9,725.3
5,725.4
0,725.4
7,726.1
2,726.8
4,726.9
11,727.6
12,727.7
3,730.1
27,730.1
24,730.7
6,730.8
18,732.6
1,733.9
10,734.0
26,734.6
13,736.7
29,736.9
20,738.6
27,739.4
4,739.8
3,751.7
1,792.6
4,793.1
13,793.1
27,793.3
3,793.8
10,793.9
6,794.0
26,794.0
11,794.3
20,794.5
23,794.8
21,794.9
22,795.0
9,795.1
5,795.1
31,795.3
29,795.3
7,795.3
8,795.6
1,795.9
0,796.0
18,796.3
4,796.6
27,796.7
2,796.8
14,796.9
28,796.9
13,797.0
12,797.4
26,798.7
24,798.9
10,798.9
3,799.1
1,799.4
6,799.4
11,799.5
4,800.6
20,800.9
27,801.1
21,801.6
29,802.0
23,802.6
22,802.8
13,802.9
3,803.4
26,804.0
10,804.3
1,804.4
31,804.7
27,804.8
8,805.1
9,805.3
5,805.4
2,805.5
0,805.6
7,805.9
4,806.7
11,807.5
12,807.6
3,810.1
6,810.3
27,810.4
24,811.3
18,812.4
1,813.5
10,814.0
26,814.6
13,815.9
29,816.9
20,817.8
4,818.8
27,821.0
3,829.8
1,872.6
4,873.1
13,873.1
27,873.3
3,873.8
10,873.9
6,874.0
26,874.1
11,874.3
20,874.5
23,874.8
21,874.9
22,875.0
9,875.1
5,875.2
31,875.3
29,875.3
7,875.3
8,875.6
1,875.8
0,876.0
18,876.3
4,876.6
27,876.7
2,876.8
14,876.9
28,876.9
13,877.0
12,877.4
26,878.7
10,878.9
24,878.9
3,879.1
1,879.3
6,879.4
11,879.5
4,880.6
20,880.9
27,881.1
21,881.6
29,882.0
23,882.6
22,882.8
13,882.9
3,883.4
26,884.0
10,884.3
1,884.3
31,884.7
27,884.8
8,885.1
9,885.3
2,885.5
5,885.5
0,885.6
7,886.3
4,886.7
11,887.5
12,888.0
3,890.1
6,890.3
27,890.4
24,891.0
18,892.5
1,893.0
10,894.0
26,894.6
13,895.8
29,897.2
20,898.2
4,899.5
27,901.1
3,909.8
1,1257.9
13,1258.4
4,1258.4
27,1258.6
10,1259.2
3,1259.2
6,1259.3
26,1259.3
11,1259.6
20,1259.9
21,1260.2
23,1260.2
22,1260.4
9,1260.4
5,1260.5
7,1260.7
31,1260.7
29,1260.8
8,1261.0
1,1261.1
0,1261.5
18,1261.7
4,1261.9
27,1262.0
2,1262.2
14,1262.4
13,1262.4
28,1262.4
12,1263.0
26,1264.0
10,1264.2
3,1264.4
1,1264.8
24,1264.8
11,1264.9
6,1265.1
4,1266.2
27,1266.5
20,1266.6
21,1266.8
29,1267.5
23,1268.1
13,1268.5
22,1268.8
3,1268.9
26,1269.7
1,1270.2
31,1270.4
27,1270.7
10,1270.9
8,1271.0
9,1271.0
5,1271.5
0,1271.6
7,1272.1
4,1272.8
2,1272.9
11,1273.0
12,1275.0
3,1275.9
27,1275.9
6,1277.5
24,1278.0
18,1279.6
10,1279.7
1,1279.8
20,1280.1
29,1280.2
26,1281.2
13,1281.8
4,1283.2
22,1284.0
27,1285.1
0,1290.7
21,1292.9
2,1295.0
1,1337.7
13,1338.1
4,1338.1
27,1338.3
10,1338.9
3,1338.9
6,1339.0
26,1339.1
11,1339.3
20,1339.6
23,1339.9
21,1339.9
22,1340.0
9,1340.1
5,1340.2
29,1340.3
31,1340.4
7,1340.4
8,1340.6
1,1340.9
0,1341.0
18,1341.4
4,1341.6
27,1341.7
2,1341.8
14,1341.8
28,1341.9
13,1342.2
12,1342.3
24,1343.7
26,1343.7
10,1343.9
3,1344.1
1,1344.4
11,1344.5
6,1344.5
4,1345.6
20,1345.9
27,1346.1
21,1346.7
29,1347.0
23,1347.8
22,1347.8
13,1348.1
3,1348.4
26,1349.1
1,1349.6
31,1349.7
27,1350.0
8,1350.0
10,1350.2
9,1350.2
5,1350.4
0,1350.4
7,1351.1
2,1351.8
4,1351.9
11,1352.6
12,1352.7
27,1355.1
3,1355.2
24,1355.7
6,1355.8
18,1357.6
1,1358.9
10,1359.2
26,1359.6
13,1361.7
29,1362.1
20,1364.1
27,1364.4
4,1364.7
3,1376.8
1,1417.6
13,1418.1
4,1418.1
27,1418.3
3,1418.8
10,1418.9
6,1419.0
26,1419.1
11,1419.3
20,1419.6
23,1419.8
21,1419.9
22,1420.0
9,1420.1
5,1420.2
31,1420.3
29,1420.3
7,1420.3
8,1420.6
1,1420.9
0,1421.0
18,1421.3
4,1421.6
27,1421.7
2,1421.8
14,1421.9
28,1421.9
13,1422.0
12,1422.3
26,1423.7
24,1423.9
10,1423.9
3,1424.1
6,1424.4
1,1424.4
11,1424.5
4,1425.6
20,1425.9
27,1426.1
21,1426.6
29,1427.0
23,1427.6
22,1427.8
13,1428.0
3,1428.4
26,1429.0
10,1429.4
1,1429.4
31,1429.7
27,1429.8
8,1430.1
9,1430.3
5,1430.5
2,1430.5
0,1430.6
7,1430.9
4,1431.7
11,1432.5
12,1432.6
3,1435.1
6,1435.3
27,1435.4
24,1436.3
18,1437.4
1,1438.5
10,1439.0
26,1439.6
13,1440.9
29,1442.0
20,1442.7
4,1444.0
27,1446.0
3,1454.8
1,1497.6
13,1498.1
4,1498.1
27,1498.3
3,1498.8
10,1498.9
6,1499.0
26,1499.1
11,1499.3
20,1499.6
23,1499.8
21,1499.9
22,1500.0
9,1500.1
5,1500.2
29,1500.3
7,1500.3
31,1500.3
8,1500.6
1,1500.8
0,1501.0
18,1501.3
4,1501.6
27,1501.7
2,1501.8
14,1501.9
28,1501.9
13,1502.0
12,1502.4
26,1503.7
24,1503.9
10,1503.9
3,1504.1
1,1504.4
6,1504.4
11,1504.5
4,1505.6
20,1505.9
27,1506.1
21,1506.6
29,1507.0
23,1507.6
22,1507.8
13,1508.0
3,1508.4
26,1509.0
10,1509.4
1,1509.6
31,1509.7
27,1509.8
8,1510.1
9,1510.3
5,1510.5
2,1510.6
0,1510.6
7,1511.3
4,1511.7
11,1512.5
12,1513.0
3,1515.1
6,1515.3
27,1515.5
24,1516.0
18,1517.5
1,1518.6
10,1519.0
26,1519.6
13,1520.8
29,1522.3
20,1523.2
4,1524.5
27,1526.1
3,1534.8
1,1882.9
4,1883.4
13,1883.4
27,1883.6
3,1884.2
10,1884.2
26,1884.3
6,1884.3
11,1884.6
20,1884.9
21,1885.2
23,1885.2
22,1885.4
9,1885.4
5,1885.5
7,1885.7
31,1885.7
29,1885.8
8,1886.0
1,1886.1
0,1886.5
18,1886.7
4,1886.9
27,1887.0
2,1887.2
28,1887.4
13,1887.4
14,1887.4
12,1888.0
26,1889.0
10,1889.2
3,1889.4
24,1889.8
1,1889.8
11,1889.9
6,1890.1
4,1891.2
27,1891.5
20,1891.6
21,1891.8
29,1892.5
23,1893.1
13,1893.5
22,1893.8
3,1893.9
26,1894.7
1,1895.2
31,1895.4
27,1895.7
8,1896.0
10,1896.0
9,1896.1
5,1896.5
0,1896.7
7,1897.1
4,1897.8
2,1897.9
11,1898.0
12,1900.0
3,1900.9
27,1901.0
6,1902.5
24,1903.0
18,1904.7
1,1904.8
10,1905.0
20,1905.1
29,1905.3
26,1906.3
13,1906.8
4,1908.2
22,1909.2
27,1910.2
0,1915.5
21,1918.1
2,1920.3
1,1962.7
4,1963.1
13,1963.1
27,1963.3
3,1963.9
10,1963.9
6,1964.0
26,1964.1
11,1964.3
20,1964.6
23,1964.9
21,1964.9
22,1965.0
9,1965.1
5,1965.2
29,1965.3
7,1965.4
31,1965.4
8,1965.6
1,1965.9
0,1966.0
18,1966.4
4,1966.6
14,1966.7
27,1966.7
2,1966.8
28,1966.9
13,1967.2
12,1967.3
26,1968.7
24,1968.8
10,1968.9
3,1969.1
1,1969.4
11,1969.5
6,1969.5
4,1970.6
20,1970.9
27,1971.1
21,1971.7
29,1971.9
23,1972.8
22,1972.8
13,1973.1
3,1973.4
26,1974.1
1,1974.6
31,1974.7
27,1975.0
8,1975.0
10,1975.2
9,1975.3
0,1975.4
5,1975.4
7,1976.1
2,1976.8
4,1976.9
11,1977.6
12,1977.7
27,1980.1
3,1980.2
24,1980.7
6,1980.8
18,1982.6
1,1983.9
10,1984.2
26,1984.7
13,1986.7
29,1986.8
20,1989.2
27,1989.4
4,1989.7
3,2001.9
1,2042.6
13,2043.1
4,2043.1
27,2043.3
3,2043.8
10,2043.9
6,2044.0
26,2044.1
11,2044.3
20,2044.6
23,2044.8
21,2044.9
22,2045.0
9,2045.1
5,2045.2
7,2045.3
29,2045.3
31,2045.3
8,2045.6
1,2045.9
0,2046.0
18,2046.4
4,2046.6
27,2046.7
2,2046.8
28,2046.9
14,2046.9
13,2047.0
12,2047.4
26,2048.7
10,2048.9
24,2048.9
3,2049.1
1,2049.4
6,2049.4
11,2049.5
4,2050.6
20,2050.9
27,2051.1
21,2051.6
29,2052.0
23,2052.6
22,2052.8
13,2053.0
3,2053.4
26,2054.0
1,2054.4
10,2054.4
31,2054.7
27,2054.8
8,2055.1
9,2055.3
2,2055.5
5,2055.5
0,2055.6
7,2056.3
4,2056.7
11,2057.5
12,2057.6
3,2060.1
6,2060.3
27,2060.5
24,2061.3
18,2062.5
1,2063.5
10,2064.0
26,2064.6
13,2065.9
29,2066.9
20,2067.7
4,2068.8
27,2071.1
3,2079.9
1,2122.6
4,2123.1
13,2123.1
27,2123.3
3,2123.8
10,2123.9
6,2124.0
26,2124.1
11,2124.3
20,2124.6
23,2124.8
21,2124.9
22,2125.0
9,2125.1
5,2125.2
7,2125.3
29,2125.3
31,2125.3
8,2125.7
1,2125.9
0,2126.1
18,2126.4
4,2126.6
27,2126.7
2,2126.8
14,2126.9
28,2126.9
13,2127.0
12,2127.4
26,2128.7
10,2128.9
24,2129.0
3,2129.1
1,2129.4
6,2129.4
11,2129.5
4,2130.6
20,2130.9
27,2131.1
21,2131.7
29,2132.0
23,2132.6
22,2132.8
13,2133.0
3,2133.4
26,2134.0
1,2134.4
10,2134.4
31,2134.7
27,2134.8
8,2135.1
9,2135.3
5,2135.5
2,2135.6
0,2135.7
7,2136.3
4,2136.7
11,2137.5
12,2138.0
3,2140.1
6,2140.3
27,2140.5
24,2141.7
18,2142.5
1,2143.5
10,2144.0
26,2144.6
13,2145.9
29,2147.0
20,2148.2
4,2149.4
27,2151.1
3,2159.9
1,2507.9
13,2508.4
4,2508.5
27,2508.6
10,2509.2
3,2509.2
6,2509.3
26,2509.4
11,2509.6
20,2509.9
21,2510.2
23,2510.2
9,2510.4
22,2510.4
5,2510.5
31,2510.7
7,2510.7
29,2510.8
8,2511.0
1,2511.1
0,2511.5
18,2511.7
4,2511.9
27,2512.0
2,2512.2
13,2512.4
14,2512.4
28,2512.4
12,2513.0
26,2514.0
10,2514.2
3,2514.4
24,2514.8
1,2514.8
11,2514.9
6,2515.1
4,2516.2
27,2516.5
20,2516.6
21,2516.9
29,2517.5
23,2518.1
13,2518.5
22,2518.8
3,2518.9
26,2519.7
1,2520.2
31,2520.4
27,2520.7
10,2521.0
8,2521.0
9,2521.1
5,2521.5
0,2521.6
7,2522.1
4,2522.8
2,2522.9
11,2523.0
12,2525.0
3,2525.9
27,2526.0
6,2527.6
24,2528.1
18,2529.8
1,2529.9
10,2530.0
20,2530.1
29,2530.4
26,2531.3
13,2531.8
4,2533.2
22,2534.2
27,2535.2
0,2540.7
21,2543.5
2,2545.2
1,2587.7
13,2588.1
4,2588.1
27,2588.3
3,2588.9
10,2588.9
6,2589.0
26,2589.1
11,2589.3
20,2589.6
23,2589.9
21,2589.9
22,2590.0
9,2590.1
5,2590.2
29,2590.3
31,2590.4
7,2590.4
8,2590.6
1,2590.9
0,2591.0
18,2591.4
4,2591.6
27,2591.7
2,2591.8
14,2591.8
28,2591.9
13,2592.2
12,2592.4
26,2593.7
24,2593.8
10,2593.9
3,2594.1
1,2594.4
11,2594.5
6,2594.6
4,2595.6
20,2596.0
27,2596.1
21,2596.7
29,2597.0
23,2597.8
22,2597.8
13,2598.1
3,2598.4
26,2599.1
1,2599.6
31,2599.7
27,2600.0
8,2600.1
10,2600.2
9,2600.3
0,2600.4
5,2600.5
7,2601.1
2,2601.8
4,2601.9
11,2602.6
12,2602.7
27,2605.1
3,2605.2
24,2605.7
6,2605.8
18,2607.6
1,2608.9
10,2609.2
26,2609.7
13,2611.7
29,2612.3
20,2614.3
27,2614.4
4,2614.8
3,2626.9
1,2667.6
4,2668.1
13,2668.1
27,2668.3
3,2668.8
10,2668.9
6,2669.0
26,2669.1
11,2669.3
20,2669.6
23,2669.8
21,2669.9
22,2670.0
9,2670.1
5,2670.2
7,2670.3
29,2670.3
31,2670.4
8,2670.6
1,2670.9
0,2671.0
18,2671.4
4,2671.6
27,2671.7
2,2671.8
14,2671.9
28,2671.9
13,2672.0
12,2672.4
26,2673.7
24,2673.9
10,2673.9
3,2674.1
6,2674.4
1,2674.4
11,2674.5
4,2675.6
20,2675.9
27,2676.1
21,2676.6
29,2677.0
23,2677.6
22,2677.8
13,2678.0
3,2678.4
26,2679.0
10,2679.4
1,2679.4
31,2679.7
27,2679.8
8,2680.1
9,2680.3
5,2680.5
2,2680.6
0,2680.6
7,2681.3
4,2682.0
11,2682.5
12,2682.6
3,2685.1
6,2685.3
27,2685.5
24,2686.3
18,2687.5
1,2688.5
10,2689.0
26,2689.6
13,2690.9
29,2692.1
20,2693.1
4,2694.2
27,2696.1
3,2706.0
1,2747.6
4,2748.1
13,2748.1
27,2748.3
3,2748.8
10,2748.9
6,2749.0
26,2749.1
11,2749.3
20,2749.6
23,2749.8
21,2749.9
22,2750.0
9,2750.1
5,2750.2
29,2750.3
31,2750.3
7,2750.3
8,2750.6
1,2750.9
0,2751.1
18,2751.4
4,2751.6
27,2751.7
2,2751.8
28,2751.9
14,2751.9
13,2752.0
12,2752.4
26,2753.7
10,2753.9
24,2754.0
3,2754.1
6,2754.4
1,2754.4
11,2754.5
4,2755.6
20,2755.9
27,2756.1
21,2756.7
29,2757.0
23,2757.6
22,2757.8
13,2758.0
3,2758.4
26,2759.0
10,2759.4
1,2759.4
31,2759.7
27,2759.8
8,2760.1
9,2760.3
5,2760.5
2,2760.6
0,2760.7
7,2761.3
4,2762.0
11,2762.5
12,2763.0
3,2765.1
6,2765.3
27,2765.5
24,2766.4
18,2767.6
1,2768.5
10,2769.0
26,2769.6
13,2770.9
29,2772.4
20,2773.7
4,2775.0
27,2776.1
3,2786.0
1,3133.0
13,3133.5
4,3133.5
27,3133.7
3,3134.3
10,3134.3
26,3134.4
6,3134.5
11,3134.7
20,3135.1
21,3135.4
23,3135.4
9,3135.6
22,3135.6
5,3135.7
7,3135.9
31,3136.0
29,3136.0
8,3136.2
1,3136.2
0,3136.8
4,3136.9
18,3137.0
27,3137.2
13,3137.5
2,3137.7
14,3137.9
28,3137.9
12,3138.6
26,3139.2
10,3139.4
3,3139.6
1,3139.8
11,3140.1
6,3140.3
4,3141.0
24,3141.0
27,3141.8
20,3141.9
21,3142.4
29,3143.0
13,3143.7
23,3143.9
3,3144.0
22,3144.4
26,3144.9
1,3145.1
27,3146.0
10,3146.1
31,3146.7
9,3147.8
4,3147.8
8,3147.9
2,3148.4
5,3148.5
0,3148.5
11,3149.0
7,3149.8
3,3151.3
27,3151.5
12,3153.6
1,3155.4
6,3155.7
10,3156.2
26,3158.6
24,3159.9
20,3160.5
4,3161.0
29,3161.2
13,3162.4
27,3163.0
1,3212.7
13,3213.2
4,3213.2
27,3213.4
10,3214.0
3,3214.0
6,3214.2
26,3214.2
11,3214.4
20,3214.8
22,3215.1
21,3215.1
23,3215.2
9,3215.3
5,3215.4
31,3215.6
7,3215.6
29,3215.6
8,3215.9
1,3215.9
0,3216.3
4,3216.6
18,3216.7
27,3216.8
14,3217.3
2,3217.3
13,3217.3
28,3217.4
12,3217.7
26,3218.8
10,3219.1
3,3219.2
24,3219.3
1,3219.4
6,3219.7
11,3219.8
4,3220.6
27,3221.2
20,3221.4
21,3222.3
29,3222.3
22,3223.1
13,3223.4
23,3223.6
3,3223.7
26,3224.3
1,3224.7
27,3225.1
10,3225.3
8,3226.1
31,3226.2
9,3226.6
0,3226.7
4,3227.0
5,3227.2
2,3227.3
7,3227.5
11,3228.3
12,3229.0
27,3230.4
3,3230.9
6,3232.5
24,3233.1
1,3234.4
10,3235.3
26,3236.9
29,3238.4
13,3238.9
4,3239.0
20,3239.2
27,3240.5
1,3292.7
4,3293.2
13,3293.2
27,3293.4
10,3294.0
3,3294.0
6,3294.1
26,3294.2
11,3294.4
20,3294.7
22,3295.1
23,3295.1
21,3295.1
9,3295.3
5,3295.4
7,3295.5
29,3295.6
31,3295.6
1,3295.9
8,3295.9
0,3296.3
4,3296.6
18,3296.7
27,3296.8
13,3297.2
14,3297.3
2,3297.3
28,3297.4
12,3297.8
26,3298.8
10,3299.1
3,3299.3
24,3299.4
1,3299.4
6,3299.6
11,3299.7
4,3300.6
27,3301.2
20,3301.4
21,3302.2
29,3302.3
22,3303.1
13,3303.2
23,3303.3
3,3303.7
26,3304.3
10,3304.5
1,3304.5
27,3305.0
31,3306.1
2,3306.1
8,3306.1
9,3306.6
0,3306.6
4,3306.8
5,3306.8
7,3307.2
11,3307.9
12,3309.4
27,3310.7
3,3310.9
6,3311.9
24,3313.4
1,3313.9
10,3314.9
26,3316.3
29,3318.1
13,3318.5
4,3318.7
20,3318.7
27,3322.6
1,3372.7
4,3373.2
13,3373.2
27,3373.4
10,3374.0
3,3374.0
6,3374.1
26,3374.2
11,3374.4
20,3374.7
21,3375.1
22,3375.1
23,3375.1
9,3375.3
5,3375.4
7,3375.5
31,3375.6
29,3375.6
1,3375.9
8,3375.9
0,3376.3
4,3376.6
18,3376.7
27,3376.8
13,3377.2
2,3377.3
28,3377.4
14,3377.4
12,3377.8
26,3378.8
10,3379.1
3,3379.3
1,3379.4
24,3379.6
11,3379.7
6,3379.8
4,3380.6
27,3381.2
20,3381.4
21,3382.2
29,3382.3
22,3383.1
13,3383.2
23,3383.3
3,3383.7
26,3384.3
1,3384.5
10,3384.5
27,3385.0
8,3386.1
2,3386.1
31,3386.1
0,3386.6
4,3386.8
9,3387.1
7,3387.2
5,3387.3
11,3387.9
12,3389.9
27,3390.7
3,3390.9
6,3392.8
1,3393.9
24,3394.5
10,3394.9
26,3396.3
29,3398.3
13,3398.6
4,3398.9
20,3399.1
27,3402.7
1,3758.0
4,3758.3
13,3758.5
26,3758.7
6,3758.8
22,3759.1
27,3759.2
3,3759.3
29,3759.5
11,3759.7
20,3760.1
14,3760.1
23,3760.4
21,3760.4
9,3760.6
5,3760.7
7,3761.0
31,3761.0
10,3761.2
1,3761.2
8,3761.3
4,3761.5
0,3761.8
18,3762.0
13,3762.5
26,3762.6
28,3762.9
6,3763.0
12,3763.6
27,3763.8
22,3763.9
3,3764.6
29,3764.7
4,3764.8
1,3764.8
11,3765.1
24,3766.0
14,3766.1
26,3766.1
20,3767.1
21,3767.6
6,3768.2
13,3768.7
27,3768.8
23,3768.9
3,3769.0
4,3769.3
22,3770.0
1,3770.1
10,3770.7
29,3770.9
26,3771.1
31,3771.6
8,3772.8
9,3772.8
0,3773.5
5,3774.0
11,3774.1
7,3774.6
4,3776.3
3,3776.6
27,3776.8
6,3777.8
12,3777.9
14,3778.8
26,3780.4
1,3780.7
22,3781.6
29,3785.6
13,3787.1
4,3792.1
1,3837.7
4,3838.0
13,3838.2
6,3838.5
26,3838.5
22,3838.8
27,3838.9
3,3839.0
29,3839.2
11,3839.4
14,3839.7
20,3839.8
23,3840.1
21,3840.1
5,3840.4
9,3840.4
7,3840.6
31,3840.6
1,3840.9
8,3840.9
10,3840.9
4,3841.1
0,3841.2
18,3841.7
26,3842.2
13,3842.3
28,3842.5
6,3842.5
12,3842.7
22,3843.3
27,3843.4
3,3844.2
4,3844.2
29,3844.3
1,3844.5
24,3844.7
11,3844.8
14,3845.5
26,3845.6
20,3846.5
21,3847.0
6,3847.4
23,3848.2
27,3848.3
13,3848.4
4,3848.6
3,3848.7
22,3849.1
1,3849.7
10,3850.3
29,3850.4
26,3850.4
31,3851.2
8,3851.5
0,3851.7
5,3851.8
9,3852.2
7,3852.5
11,3853.3
12,3854.0
4,3855.2
3,3855.9
27,3855.9
6,3856.5
14,3856.9
26,3859.3
1,3859.6
22,3860.3
24,3861.3
13,3863.8
29,3864.6
4,3869.6
1,3917.7
4,3917.9
13,3918.2
6,3918.4
26,3918.5
22,3918.7
27,3918.9
3,3919.0
29,3919.1
11,3919.4
14,3919.6
20,3919.8
23,3920.0
21,3920.1
9,3920.3
5,3920.4
7,3920.5
31,3920.6
10,3920.9
1,3920.9
8,3920.9
4,3921.0
0,3921.2
18,3921.7
13,3922.2
26,3922.3
28,3922.4
6,3922.4
12,3922.7
22,3923.2
27,3923.4
4,3924.1
3,3924.3
29,3924.3
1,3924.4
11,3924.7
24,3924.8
14,3925.5
26,3925.8
20,3926.4
21,3926.9
6,3927.3
13,3928.2
27,3928.3
23,3928.3
4,3928.3
3,3928.7
22,3929.0
1,3929.5
10,3930.2
29,3930.3
26,3930.7
31,3931.1
8,3931.5
0,3931.5
5,3931.8
7,3932.2
9,3932.2
11,3932.9
12,3933.9
4,3934.8
3,3935.9
6,3936.1
27,3936.1
14,3937.0
1,3939.0
26,3939.9
22,3940.0
24,3941.1
13,3943.5
29,3944.5
4,3948.5
1,3997.7
4,3998.0
13,3998.2
6,3998.4
26,3998.5
22,3998.7
27,3998.9
3,3999.0
29,3999.1
11,3999.4
14,3999.7
20,3999.8
23,4000.0
21,4000.1
9,4000.3
5,4000.4
7,4000.5
31,4000.6
8,4000.9
1,4000.9
10,4000.9
4,4001.0
0,4001.3
18,4001.7
13,4002.2
26,4002.3
6,4002.4
28,4002.4
12,4002.8
22,4003.2
27,4003.4
4,4004.1
29,4004.3
3,4004.3
1,4004.4
11,4004.7
24,4005.0
14,4005.5
26,4005.8
20,4006.4
21,4006.9
6,4007.3
23,4008.0
13,4008.2
27,4008.3
4,4008.3
3,4008.7
22,4009.0
1,4009.5
10,4010.2
29,4010.3
26,4010.7
31,4011.1
8,4011.5
0,4011.6
5,4011.8
7,4012.2
9,4012.2
11,4012.9
12,4014.4
4,4014.8
3,4015.9
27,4016.1
6,4016.1
14,4017.1
1,4019.0
26,4019.9
22,4020.1
13,4023.6
29,4024.7
24,4025.8
4,4028.9
4,4383.3
22,4383.5
13,4383.5
1,4383.6
5,4383.6
26,4383.7
23,4383.7
6,4383.8
27,4384.2
3,4384.3
29,4384.5
11,4384.7
14,4385.0
20,4385.1
21,4385.4
31,4386.0
7,4386.0
10,4386.2
8,4386.3
4,4386.5
0,4386.8
18,4387.0
22,4387.2
13,4387.5
1,4387.6
26,4387.6
23,4387.7
5,4387.8
28,4387.9
6,4388.0
12,4388.6
27,4388.8
3,4389.6
29,4389.7
4,4389.8
11,4390.1
22,4391.1
24,4391.1
14,4391.1
26,4391.1
20,4392.1
21,4392.6
1,4393.0
6,4393.1
23,4393.3
5,4393.6
13,4393.7
27,4393.8
3,4394.0
4,4394.2
29,4395.9
26,4396.1
10,4396.1
31,4396.6
22,4397.0
8,4397.8
0,4398.4
11,4399.1
7,4399.6
4,4401.2
3,4401.6
27,4401.7
12,4402.2
6,4402.5
14,4403.6
1,4404.1
26,4405.0
23,4405.5
5,4406.4
22,4408.1
29,4410.3
13,4415.2
4,4415.5
4,4463.0
13,4463.2
5,4463.3
22,4463.3
1,4463.4
6,4463.5
23,4463.5
26,4463.5
27,4463.9
3,4464.0
29,4464.2
11,4464.4
14,4464.7
20,4464.9
21,4465.1
31,4465.6
7,4465.6
10,4465.8
8,4465.9
4,4466.1
0,4466.3
18,4466.7
22,4466.9
1,4467.2
26,4467.2
13,4467.3
5,4467.3
28,4467.4
23,4467.4
6,4467.5
12,4467.6
27,4468.4
4,4469.2
3,4469.2
29,4469.3
24,4469.7
11,4469.8
14,4470.4
26,4470.6
22,4470.7
20,4471.7
21,4472.0
6,4472.4
1,4472.4
5,4472.8
23,4472.9
27,4473.3
4,4473.4
13,4473.4
3,4473.7
10,4475.2
29,4475.4
26,4475.4
31,4475.6
8,4476.0
22,4476.7
0,4476.8
7,4477.5
11,4478.3
12,4478.6
4,4479.8
27,4480.8
3,4480.9
6,4481.3
14,4481.7
1,4482.6
5,4483.5
26,4483.8
23,4484.4
24,4486.3
22,4487.7
29,4489.7
13,4490.4
4,4492.6
4,4542.9
22,4543.2
13,4543.2
5,4543.3
26,4543.4
23,4543.4
1,4543.4
6,4543.4
27,4543.8
3,4544.0
29,4544.1
11,4544.4
14,4544.6
20,4544.9
21,4545.1
7,4545.5
31,4545.5
8,4545.8
10,4545.9
4,4546.0
0,4546.3
18,4546.7
22,4546.8
26,4547.1
13,4547.2
1,4547.2
23,4547.3
28,4547.3
5,4547.3
6,4547.4
12,4547.7
27,4548.4
4,4549.1
29,4549.2
3,4549.3
11,4549.7
24,4549.8
14,4550.3
26,4550.5
22,4550.6
20,4551.7
21,4551.9
6,4552.3
1,4552.5
23,4552.7
5,4552.8
4,4553.2
13,4553.2
27,4553.3
3,4553.7
10,4555.1
26,4555.2
29,4555.3
31,4555.6
8,4556.0
22,4556.3
0,4556.6
7,4557.2
11,4557.9
12,4558.6
4,4559.7
27,4560.7
6,4560.9
3,4560.9
14,4561.5
1,4563.1
26,4563.6
5,4563.7
23,4563.8
24,4566.1
22,4566.7
29,4569.8
13,4570.0
4,4572.7
4,4622.9
22,4623.2
13,4623.2
5,4623.3
1,4623.4
23,4623.4
26,4623.4
6,4623.4
27,4623.8
3,4624.0
29,4624.1
11,4624.4
14,4624.6
20,4624.9
21,4625.1
31,4625.5
7,4625.5
8,4625.9
10,4625.9
4,4626.0
0,4626.3
18,4626.7
22,4626.8
26,4627.1
13,4627.2
1,4627.2
28,4627.3
23,4627.3
6,4627.4
5,4627.4
12,4627.8
27,4628.4
4,4629.1
29,4629.2
3,4629.3
11,4629.7
24,4629.9
14,4630.3
26,4630.5
22,4630.6
20,4631.7
21,4631.9
6,4632.3
1,4632.6
23,4632.9
5,4633.0
13,4633.2
27,4633.3
4,4633.3
3,4633.7
10,4635.1
29,4635.3
26,4635.3
31,4635.6
8,4636.0
22,4636.3
0,4636.7
7,4637.2
11,4637.9
12,4639.1
4,4639.7
27,4640.8
6,4640.9
3,4640.9
14,4641.6
1,4643.1
26,4643.6
5,4644.3
23,4644.4
22,4646.8
24,4648.6
13,4650.0
29,4650.1
4,4653.0
4,5008.3
13,5008.5
22,5008.5
5,5008.6
26,5008.7
23,5008.7
1,5008.7
6,5008.8
29,5008.9
27,5009.5
11,5009.7
28,5009.7
14,5010.0
20,5010.2
21,5010.4
7,5011.0
31,5011.0
10,5011.2
30,5011.2
8,5011.3
4,5011.5
3,5011.7
0,5011.8
25,5011.8
18,5012.0
22,5012.2
13,5012.5
26,5012.6
1,5012.6
23,5012.7
5,5012.8
6,5013.0
29,5013.6
12,5013.6
27,5014.5
4,5014.8
11,5015.1
28,5015.1
22,5016.1
26,5016.1
14,5016.1
20,5017.1
21,5017.6
29,5017.6
30,5017.9
1,5018.0
6,5018.1
23,5018.3
5,5018.6
13,5018.8
25,5018.8
4,5019.2
3,5019.3
26,5021.1
10,5021.1
27,5021.6
31,5021.6
22,5022.0
8,5022.8
0,5023.2
28,5023.6
29,5023.8
11,5024.1
7,5024.9
4,5026.3
12,5027.3
6,5027.6
14,5028.6
1,5029.2
23,5029.9
26,5030.0
5,5031.5
22,5034.0
25,5034.5
29,5037.3
13,5038.8
27,5041.7
4,5045.6
4,5088.0
13,5088.2
22,5088.2
5,5088.3
1,5088.4
23,5088.5
6,5088.5
26,5088.5
29,5088.7
27,5089.2
28,5089.3
11,5089.4
14,5089.7
20,5089.9
21,5090.1
31,5090.5
7,5090.6
30,5090.8
10,5090.9
8,5090.9
4,5091.1
25,5091.3
0,5091.3
3,5091.4
18,5091.7
22,5091.8
1,5092.2
26,5092.2
13,5092.3
5,5092.3
23,5092.4
6,5092.5
12,5092.6
29,5093.1
27,5093.9
4,5094.3
11,5094.6
28,5094.6
14,5095.5
22,5095.6
26,5095.6
20,5096.7
29,5097.0
21,5097.0
6,5097.4
1,5097.4
30,5097.5
5,5097.8
23,5097.9
25,5098.0
13,5098.4
4,5098.6
3,5098.9
31,5100.1
10,5100.3
26,5100.4
27,5100.8
8,5101.0
22,5101.3
0,5101.8
28,5102.6
29,5103.0
11,5103.0
7,5103.3
12,5103.7
4,5105.2
6,5105.9
14,5106.9
1,5107.6
5,5108.7
26,5108.8
23,5109.1
22,5112.4
25,5114.9
13,5115.1
29,5115.8
27,5117.5
4,5120.9
4,5168.0
22,5168.2
13,5168.2
5,5168.3
6,5168.4
23,5168.4
1,5168.4
26,5168.4
29,5168.6
27,5169.2
28,5169.3
11,5169.4
14,5169.6
20,5169.9
21,5170.1
31,5170.5
7,5170.6
30,5170.8
10,5170.9
8,5170.9
4,5171.1
0,5171.3
25,5171.3
3,5171.3
18,5171.7
22,5171.8
26,5172.1
1,5172.2
13,5172.2
23,5172.3
5,5172.3
6,5172.4
12,5172.7
29,5173.0
27,5174.0
4,5174.2
28,5174.5
11,5174.7
14,5175.3
26,5175.5
22,5175.6
20,5176.7
29,5176.8
21,5176.9
6,5177.3
30,5177.5
1,5177.6
23,5177.7
5,5177.8
25,5178.0
13,5178.2
4,5178.4
3,5178.9
31,5180.1
26,5180.2
10,5180.2
27,5180.7
8,5181.1
22,5181.3
0,5181.6
28,5182.3
29,5182.8
11,5182.8
7,5183.0
12,5184.0
4,5184.9
6,5185.8
14,5186.6
1,5188.1
23,5188.6
26,5188.6
5,5188.9
22,5192.5
13,5193.9
25,5195.1
29,5195.1
27,5198.5
4,5200.6
4,5248.0
13,5248.2
22,5248.2
5,5248.3
26,5248.4
6,5248.4
1,5248.4
23,5248.4
29,5248.6
27,5249.2
28,5249.3
11,5249.4
14,5249.6
20,5249.9
21,5250.1
31,5250.5
7,5250.6
30,5250.8
8,5250.9
10,5250.9
4,5251.1
25,5251.3
0,5251.3
3,5251.3
18,5251.7
22,5251.8
26,5252.1
1,5252.2
13,5252.2
23,5252.3
5,5252.4
6,5252.4
12,5252.8
29,5253.0
27,5254.0
4,5254.2
28,5254.5
11,5254.7
14,5255.3
26,5255.5
22,5255.6
20,5256.7
29,5256.8
21,5256.9
6,5257.3
30,5257.5
1,5257.6
23,5257.7
5,5258.0
25,5258.0
13,5258.2
4,5258.4
3,5258.9
31,5260.1
10,5260.2
26,5260.2
27,5260.7
8,5261.1
22,5261.3
0,5262.1
28,5262.3
29,5262.8
11,5262.8
7,5263.1
12,5264.1
4,5264.9
6,5265.9
14,5266.6
1,5268.1
26,5268.6
23,5268.7
5,5269.6
22,5273.0
13,5274.1
29,5275.2
25,5276.2
27,5279.6
4,5281.2
1,5633.1
4,5633.3
13,5633.5
22,5633.5
5,5633.6
6,5633.7
23,5633.7
26,5634.4
11,5634.4
27,5634.5
28,5634.7
14,5635.0
20,5635.2
29,5635.4
21,5635.4
31,5636.0
7,5636.0
30,5636.1
10,5636.2
8,5636.3
1,5636.5
4,5636.5
25,5636.7
0,5636.8
18,5637.0
17,5637.1
22,5637.2
13,5637.5
23,5637.7
5,5637.8
6,5638.0
26,5639.1
11,5639.2
27,5639.5
4,5639.8
28,5640.1
1,5640.5
29,5641.0
14,5641.1
22,5641.1
20,5642.1
21,5642.6
30,5642.9
6,5643.1
23,5643.3
5,5643.6
13,5643.7
25,5643.8
4,5644.2
26,5645.1
10,5646.1
31,5646.6
27,5646.6
1,5646.7
22,5647.0
11,5647.7
8,5647.8
0,5648.5
28,5648.6
29,5649.8
7,5650.0
4,5651.3
6,5652.3
14,5653.6
23,5655.4
5,5656.5
25,5658.2
26,5658.9
22,5659.3
1,5662.6
13,5663.8
1,5712.9
4,5713.0
13,5713.2
22,5713.3
5,5713.3
23,5713.5
6,5713.5
11,5714.1
26,5714.1
27,5714.2
28,5714.4
14,5714.7
20,5714.9
21,5715.1
29,5715.1
31,5715.5
7,5715.7
30,5715.8
10,5715.9
8,5715.9
4,5716.1
25,5716.3
1,5716.3
0,5716.3
17,5716.7
18,5716.7
22,5716.9
13,5717.3
23,5717.4
6,5717.5
5,5717.5
26,5718.7
11,5718.8
27,5719.0
4,5719.3
28,5719.6
1,5720.2
14,5720.5
29,5720.5
22,5720.7
20,5721.7
21,5722.0
6,5722.4
30,5722.5
23,5722.9
25,5723.0
5,5723.2
13,5723.4
4,5723.6
26,5724.7
31,5725.2
10,5725.3
27,5725.8
1,5726.4
8,5726.5
22,5726.7
0,5726.8
11,5726.9
28,5727.7
7,5728.6
29,5729.6
4,5730.2
6,5730.9
14,5731.9
23,5734.6
5,5734.9
25,5738.7
22,5738.9
26,5739.0
13,5740.2
1,5740.4
27,5744.8
4,5749.1
1,5792.9
4,5793.0
22,5793.2
13,5793.2
5,5793.3
23,5793.4
6,5793.4
11,5794.0
26,5794.1
27,5794.2
28,5794.4
14,5794.6
20,5794.9
21,5795.1
29,5795.1
31,5795.5
7,5795.6
30,5795.8
8,5795.9
10,5795.9
4,5796.1
25,5796.2
1,5796.3
0,5796.3
18,5796.7
17,5796.7
22,5796.8
13,5797.2
5,5797.3
23,5797.4
6,5797.4
26,5798.6
11,5798.8
27,5799.0
4,5799.2
28,5799.6
1,5800.2
14,5800.3
29,5800.5
22,5800.6
20,5801.7
21,5801.9
6,5802.3
30,5802.5
25,5803.0
5,5803.0
23,5803.1
13,5803.2
4,5803.4
26,5804.5
31,5805.1
10,5805.2
27,5805.8
8,5806.1
1,5806.2
22,5806.3
0,5806.6
11,5806.8
28,5807.6
7,5808.1
29,5809.2
4,5809.9
6,5810.8
14,5811.6
5,5814.5
23,5815.2
22,5818.0
26,5818.3
13,5818.9
25,5818.9
1,5819.7
27,5824.6
4,5826.6
1,5872.9
4,5873.0
13,5873.2
22,5873.2
5,5873.3
6,5873.4
23,5873.4
11,5874.0
26,5874.1
27,5874.2
28,5874.4
14,5874.6
20,5874.9
29,5875.1
21,5875.1
31,5875.5
7,5875.6
30,5875.8
8,5875.9
10,5875.9
4,5876.1
25,5876.2
1,5876.3
0,5876.3
18,5876.7
17,5876.7
22,5876.8
13,5877.2
23,5877.3
6,5877.4
5,5877.4
26,5878.6
11,5878.8
27,5879.0
4,5879.2
28,5879.6
1,5880.2
14,5880.3
29,5880.5
22,5880.6
20,5881.7
21,5882.2
6,5882.3
30,5882.5
23,5882.9
5,5883.0
25,5883.0
13,5883.2
4,5883.4
26,5884.5
31,5885.2
10,5885.2
27,5885.8
8,5886.1
1,5886.2
22,5886.3
0,5886.6
11,5886.9
28,5887.9
7,5888.8
29,5889.2
4,5889.9
6,5890.9
14,5891.7
5,5894.6
23,5895.0
22,5898.1
26,5898.5
25,5899.4
1,5899.8
13,5899.8
27,5905.4
4,5906.7
23,6258.2
5,6258.2
6,6258.3
13,6258.5
22,6258.5
4,6258.8
1,6259.1
7,6259.2
27,6259.5
28,6259.7
14,6260.0
29,6260.4
31,6261.0
30,6261.1
8,6261.3
6,6261.5
23,6261.6
25,6261.7
11,6261.8
5,6261.9
17,6262.0
18,6262.0
26,6262.1
22,6262.2
13,6262.5
4,6262.6
20,6263.0
1,6263.9
27,6264.5
7,6264.8
6,6265.0
28,6265.1
23,6265.2
5,6265.7
29,6266.0
22,6266.1
14,6266.1
4,6267.1
30,6267.9
13,6268.7
25,6268.8
6,6269.1
23,6270.0
5,6271.0
26,6271.1
27,6271.6
31,6271.6
22,6272.0
1,6272.7
8,6272.8
7,6272.9
28,6273.6
4,6274.4
29,6274.8
6,6275.3
23,6278.4
14,6278.6
5,6281.2
30,6283.7
22,6285.3
25,6285.6
11,6285.6
13,6288.8
6,6289.9
5,6338.0
23,6338.0
6,6338.1
13,6338.2
22,6338.3
4,6338.5
1,6338.7
7,6339.0
27,6339.2
28,6339.4
14,6339.7
29,6340.1
31,6340.5
30,6340.7
8,6340.9
11,6341.2
23,6341.3
25,6341.3
6,6341.3
5,6341.5
18,6341.6
17,6341.7
26,6341.7
22,6341.9
4,6342.2
13,6342.3
20,6342.6
1,6343.3
27,6344.0
7,6344.2
28,6344.6
6,6344.6
23,6344.8
5,6345.2
29,6345.5
14,6345.5
22,6345.7
4,6346.6
30,6347.3
25,6348.1
13,6348.4
6,6348.7
23,6349.6
31,6350.1
5,6350.4
26,6350.8
27,6350.8
1,6351.2
8,6351.5
7,6351.7
22,6351.7
28,6352.7
4,6353.7
29,6354.5
6,6354.9
14,6356.9
11,6357.3
23,6358.0
5,6359.9
30,6363.4
22,6365.0
13,6365.2
25,6365.9
6,6369.0
27,6369.7
18,6370.7
5,6417.9
23,6417.9
6,6418.0
22,6418.2
13,6418.2
4,6418.5
1,6418.7
7,6418.9
27,6419.2
28,6419.4
14,6419.6
29,6420.1
31,6420.5
30,6420.7
8,6420.9
11,6421.2
6,6421.2
23,6421.3
25,6421.3
5,6421.4
17,6421.6
18,6421.6
26,6421.6
22,6421.8
13,6422.2
4,6422.2
20,6422.6
1,6423.3
27,6424.0
7,6424.1
6,6424.5
28,6424.6
23,6424.8
5,6425.1
14,6425.3
29,6425.5
22,6425.6
4,6426.6
30,6427.3
25,6428.0
13,6428.2
6,6428.6
23,6429.6
31,6430.1
5,6430.3
26,6430.6
27,6430.8
8,6431.1
1,6431.2
22,6431.3
7,6431.5
28,6432.9
4,6433.7
29,6434.2
6,6434.8
11,6436.4
14,6436.7
23,6438.0
5,6439.8
30,6443.8
13,6443.9
22,6444.1
18,6446.2
25,6446.8
6,6448.8
27,6449.6
5,6497.9
23,6497.9
6,6498.0
13,6498.2
22,6498.2
4,6498.5
1,6498.7
7,6498.9
27,6499.2
28,6499.4
14,6499.6
29,6500.1
31,6500.5
30,6500.7
8,6500.9
6,6501.2
11,6501.2
25,6501.3
23,6501.3
5,6501.4
18,6501.6
26,6501.6
17,6501.7
22,6501.8
13,6502.2
4,6502.2
20,6502.6
1,6503.3
27,6504.0
7,6504.1
6,6504.5
28,6504.6
23,6504.8
5,6505.0
14,6505.5
29,6505.5
22,6505.6
4,6506.6
30,6507.3
25,6508.0
13,6508.2
6,6508.6
23,6509.6
31,6510.1
5,6510.3
26,6510.6
27,6510.8
8,6511.1
1,6511.2
22,6511.4
7,6511.5
28,6512.9
4,6513.8
29,6514.2
6,6514.8
14,6517.0
11,6517.6
23,6518.0
5,6519.8
22,6524.2
30,6524.4
13,6524.9
25,6527.4
6,6528.9
27,6530.4
6,6883.1
5,6883.2
22,6883.5
4,6883.8
1,6884.1
23,6884.2
7,6884.4
27,6884.5
28,6884.7
14,6885.0
13,6885.0
29,6885.4
31,6886.0
6,6886.1
30,6886.1
8,6886.3
25,6886.7
11,6886.8
5,6886.8
18,6887.0
17,6887.0
26,6887.2
22,6887.2
4,6887.6
20,6888.0
1,6888.9
23,6889.2
27,6889.5
6,6889.5
28,6890.1
7,6890.4
5,6890.7
29,6891.0
22,6891.1
14,6891.1
4,6892.1
30,6892.9
13,6892.9
6,6893.2
25,6893.8
23,6895.0
5,6896.0
26,6896.1
31,6896.6
27,6896.6
22,6897.0
1,6897.7
8,6897.8
28,6898.6
6,6898.7
7,6899.6
4,6899.7
29,6899.8
14,6903.6
5,6906.2
23,6907.6
6,6908.6
25,6910.8
22,6911.4
6,6962.9
5,6963.0
22,6963.3
4,6963.5
1,6963.7
23,6963.9
7,6964.1
27,6964.2
28,6964.4
13,6964.7
14,6964.7
29,6965.2
31,6965.5
8,6965.8
30,6965.8
6,6965.9
25,6966.3
11,6966.4
5,6966.5
26,6966.7
18,6966.7
17,6966.7
22,6966.9
4,6967.2
20,6967.5
1,6968.5
23,6968.7
27,6969.0
6,6969.1
28,6969.6
7,6969.8
5,6970.2
14,6970.6
29,6970.6
22,6970.8
4,6971.6
13,6972.2
30,6972.3
6,6972.9
25,6973.1
23,6974.5
31,6975.1
26,6975.4
5,6975.4
27,6975.8
8,6975.9
1,6976.6
22,6976.7
28,6977.6
6,6978.5
7,6978.8
4,6978.9
29,6979.6
14,6982.4
5,6984.9
11,6985.0
23,6987.5
6,6988.3
22,6990.9
25,6991.0
27,6995.7
30,6998.1
6,7042.8
5,7042.9
22,7043.2
4,7043.5
1,7043.7
23,7043.9
7,7044.0
27,7044.2
28,7044.3
14,7044.7
13,7044.7
29,7045.1
31,7045.5
6,7045.8
30,7045.8
8,7045.8
11,7046.3
25,7046.3
5,7046.4
26,7046.6
18,7046.7
17,7046.7
22,7046.8
4,7047.2
20,7047.5
1,7048.5
23,7048.6
27,7049.0
6,7049.0
28,7049.6
7,7049.7
5,7050.0
14,7050.5
29,7050.5
22,7050.6
4,7051.6
13,7052.2
30,7052.3
6,7052.7
25,7053.0
23,7054.3
31,7055.1
26,7055.2
5,7055.3
8,7055.6
27,7055.8
22,7056.4
1,7056.6
28,7057.5
6,7058.1
7,7058.6
4,7058.9
29,7059.3
14,7062.2
11,7063.5
5,7064.8
23,7066.9
6,7067.7
22,7069.3
25,7071.8
27,7074.8
30,7088.9
6,7122.8
5,7122.9
22,7123.2
4,7123.5
1,7123.7
23,7123.8
7,7124.0
27,7124.2
28,7124.3
14,7124.7
13,7124.7
29,7125.1
31,7125.5
30,7125.8
6,7125.8
8,7125.8
25,7126.3
5,7126.4
11,7126.4
26,7126.6
18,7126.7
17,7126.7
22,7126.8
4,7127.2
20,7127.5
23,7128.5
1,7128.5
27,7129.0
6,7129.0
28,7129.6
7,7129.7
5,7130.0
29,7130.5
14,7130.5
22,7130.6
4,7131.6
13,7132.2
30,7132.3
6,7132.7
25,7133.0
23,7134.1
26,7135.2
31,7135.2
5,7135.3
8,7135.6
27,7135.8
22,7136.4
1,7136.7
28,7137.5
6,7138.1
7,7138.6
4,7138.9
29,7139.3
14,7142.2
5,7144.8
11,7145.4
23,7146.7
6,7147.8
22,7149.4
25,7152.4
27,7155.8
5,7508.0
6,7508.1
22,7508.5
23,7508.6
7,7508.8
4,7508.8
27,7508.9
29,7509.5
30,7509.6
28,7509.7
20,7509.9
13,7510.0
14,7510.0
5,7511.0
31,7511.0
6,7511.1
25,7511.7
11,7511.8
2,7511.9
17,7512.0
26,7512.2
22,7512.2
4,7512.6
23,7512.7
27,7512.8
1,7512.9
7,7513.2
5,7514.3
29,7514.5
6,7514.5
30,7515.0
28,7515.1
14,7516.1
22,7516.1
20,7516.4
23,7517.0
4,7517.1
27,7517.5
13,7518.0
6,7518.2
5,7518.3
7,7518.7
25,7518.8
29,7520.2
26,7521.1
30,7521.4
31,7521.6
22,7522.0
23,7522.0
5,7522.5
2,7522.6
27,7523.0
20,7523.2
28,7523.3
6,7523.8
7,7524.1
4,7524.2
29,7527.2
14,7528.0
5,7528.8
23,7529.5
30,7530.0
27,7531.2
7,7532.8
20,7534.5
6,7534.5
22,7535.6
25,7535.8
2,7538.5
11,7540.9
5,7543.2
5,7587.8
6,7587.9
22,7588.3
23,7588.4
7,7588.5
4,7588.5
27,7588.6
29,7589.2
30,7589.2
28,7589.4
20,7589.6
13,7589.7
14,7589.7
31,7590.5
5,7590.7
6,7590.9
25,7591.3
11,7591.3
2,7591.4
17,7591.6
26,7591.7
22,7591.9
4,7592.2
23,7592.3
27,7592.4
1,7592.4
7,7592.7
5,7593.9
29,7593.9
6,7594.1
30,7594.3
28,7594.6
14,7595.5
22,7595.8
20,7595.9
4,7596.6
23,7596.7
27,7597.0
13,7597.2
5,7597.8
7,7597.8
6,7597.9
25,7598.1
29,7599.3
31,7600.1
30,7600.3
26,7600.4
23,7601.4
2,7601.4
22,7601.7
5,7602.1
27,7602.1
20,7602.3
28,7602.5
7,7603.1
6,7603.5
4,7603.6
29,7606.1
14,7606.7
11,7607.6
5,7608.6
30,7608.7
23,7609.4
27,7610.1
7,7611.5
20,7613.4
6,7613.5
22,7614.9
2,7615.7
25,7616.2
5,7622.9
29,7627.0
5,7667.7
6,7667.8
22,7668.2
23,7668.3
7,7668.4
4,7668.5
27,7668.6
29,7669.1
30,7669.2
28,7669.3
20,7669.5
14,7669.6
13,7669.7
31,7670.4
5,7670.7
6,7670.8
11,7671.2
25,7671.3
2,7671.4
17,7671.5
26,7671.6
22,7671.8
4,7672.2
23,7672.2
27,7672.4
1,7672.4
7,7672.6
29,7673.8
5,7673.9
6,7674.0
30,7674.4
28,7674.6
14,7675.3
22,7675.6
20,7675.9
23,7676.4
4,7676.6
27,7677.0
13,7677.2
6,7677.7
7,7677.7
5,7677.9
25,7678.0
29,7679.3
31,7680.1
26,7680.2
30,7680.5
23,7681.3
22,7681.4
2,7681.8
5,7682.1
27,7682.2
28,7682.5
20,7682.5
7,7682.9
6,7683.1
4,7683.7
29,7685.9
14,7686.4
11,7687.6
5,7688.5
23,7688.8
30,7689.1
27,7690.1
7,7691.4
6,7692.5
22,7693.4
20,7693.5
2,7696.6
25,7696.9
5,7702.2
29,7704.2
5,7747.7
6,7747.8
22,7748.2
23,7748.3
7,7748.4
4,7748.5
27,7748.6
29,7749.1
30,7749.2
28,7749.3
20,7749.5
14,7749.6
13,7749.7
31,7750.5
5,7750.7
6,7750.8
11,7751.3
25,7751.3
2,7751.4
26,7751.6
17,7751.6
22,7751.8
4,7752.2
23,7752.3
1,7752.4
27,7752.4
7,7752.6
29,7753.8
5,7753.9
6,7754.0
30,7754.4
28,7754.6
14,7755.3
22,7755.6
20,7755.9
23,7756.5
4,7756.6
27,7757.0
13,7757.2
6,7757.7
7,7757.7
5,7757.9
25,7758.0
29,7759.3
31,7760.1
26,7760.2
30,7760.6
23,7761.3
22,7761.4
2,7761.8
5,7762.1
27,7762.2
28,7762.5
20,7762.5
7,7762.9
6,7763.1
4,7763.7
29,7766.0
14,7766.5
11,7768.2
5,7768.5
23,7769.0
30,7769.1
27,7770.2
7,7771.4
6,7772.9
22,7773.5
20,7773.6
2,7776.9
25,7777.5
5,7782.9
29,7784.6
5,8133.0
6,8133.1
22,8133.5
23,8133.6
7,8133.8
27,8133.9
20,8134.2
29,8134.4
28,8134.5
30,8134.5
4,8134.7
13,8135.0
14,8135.0
5,8136.0
31,8136.0
6,8136.1
25,8136.7
11,8136.8
2,8136.9
17,8137.0
26,8137.2
22,8137.2
23,8137.7
27,8137.8
1,8137.9
7,8138.2
20,8139.0
5,8139.3
6,8139.5
29,8139.5
28,8139.8
30,8140.0
4,8140.2
22,8141.1
14,8141.1
23,8142.0
27,8142.5
13,8143.0
6,8143.2
5,8143.3
7,8143.7
25,8143.8
29,8145.3
26,8146.1
20,8146.4
30,8146.6
31,8146.6
22,8147.0
28,8147.1
23,8147.1
5,8147.5
2,8147.9
27,8148.0
4,8148.7
6,8148.7
7,8149.2
29,8152.0
14,8152.6
20,8154.0
5,8154.1
23,8154.9
30,8155.3
27,8156.1
7,8158.5
6,8158.7
22,8159.2
2,8160.8
5,8169.7
29,8179.1
5,8212.8
6,8212.9
22,8213.3
23,8213.4
7,8213.5
27,8213.6
20,8213.9
28,8214.2
30,8214.2
29,8214.2
4,8214.4
13,8214.6
14,8214.7
31,8215.4
5,8215.7
6,8215.9
11,8216.3
25,8216.4
2,8216.4
17,8216.5
26,8216.7
22,8216.9
1,8217.2
23,8217.4
27,8217.4
7,8217.7
20,8218.4
5,8218.9
29,8218.9
28,8219.1
6,8219.1
30,8219.4
4,8219.5
14,8220.4
22,8220.8
23,8221.7
27,8222.0
13,8222.2
7,8222.8
5,8222.9
6,8222.9
25,8223.3
29,8224.3
31,8225.0
20,8225.1
26,8225.4
30,8225.5
28,8226.4
2,8226.4
23,8226.5
22,8226.7
27,8227.1
5,8227.1
4,8227.6
7,8228.3
6,8228.5
29,8230.9
14,8231.2
20,8232.5
11,8233.0
5,8233.6
30,8233.7
23,8234.6
27,8235.1
7,8237.7
2,8238.2
22,8238.6
6,8239.0
5,8248.3
29,8250.5
5,8292.7
6,8292.8
22,8293.2
23,8293.3
7,8293.4
27,8293.6
20,8293.9
29,8294.1
30,8294.2
28,8294.2
4,8294.4
14,8294.6
13,8294.6
31,8295.4
5,8295.7
6,8295.8
2,8296.3
11,8296.3
25,8296.4
17,8296.5
26,8296.6
22,8296.8
23,8297.2
1,8297.2
27,8297.4
7,8297.6
20,8298.4
29,8298.8
5,8298.9
6,8299.0
28,8299.2
30,8299.4
4,8299.5
14,8300.3
22,8300.6
23,8301.4
27,8302.0
13,8302.2
6,8302.7
7,8302.7
5,8302.9
25,8303.2
29,8304.3
31,8305.0
20,8305.2
26,8305.3
30,8305.5
28,8306.3
23,8306.3
22,8306.4
2,8306.7
5,8307.1
27,8307.2
4,8307.6
7,8307.9
6,8308.1
29,8310.8
14,8311.1
20,8312.4
11,8313.0
5,8313.5
30,8313.7
23,8313.9
27,8315.2
7,8317.1
22,8317.4
6,8318.1
2,8318.6
5,8327.4
29,8328.8
5,8372.7
6,8372.8
22,8373.2
23,8373.3
7,8373.4
27,8373.6
20,8373.9
29,8374.1
30,8374.2
28,8374.2
4,8374.4
13,8374.6
14,8374.6
31,8375.5
5,8375.7
6,8375.8
2,8376.3
11,8376.3
25,8376.4
17,8376.5
26,8376.7
22,8376.8
1,8377.2
23,8377.3
27,8377.4
7,8377.6
20,8378.4
29,8378.8
5,8378.9
6,8379.0
28,8379.2
30,8379.4
4,8379.5
14,8380.3
22,8380.6
23,8381.5
27,8382.0
13,8382.2
7,8382.7
6,8382.7
5,8382.9
25,8383.2
29,8384.3
31,8385.1
20,8385.2
26,8385.6
30,8385.6
28,8386.3
22,8386.4
23,8386.5
2,8386.7
5,8387.1
27,8387.2
4,8387.6
7,8387.9
6,8388.1
29,8390.8
14,8391.1
20,8392.5
5,8393.5
30,8393.7
23,8394.3
11,8395.0
27,8395.2
7,8397.2
22,8397.5
6,8398.1
2,8398.8
5,8407.6
29,8409.2
6,8758.5
22,8758.5
5,8758.6
23,8758.6
7,8758.8
20,8759.2
17,8759.3
29,8759.4
28,8759.5
30,8759.5
2,8759.6
25,8759.8
14,8760.0
27,8760.3
8,8760.9
31,8761.0
11,8761.8
22,8762.2
26,8762.2
5,8762.4
6,8762.4
23,8762.7
1,8762.9
7,8763.2
20,8764.0
4,8764.2
17,8764.4
29,8764.5
25,8764.7
28,8764.8
2,8764.9
30,8765.0
6,8766.1
22,8766.1
14,8766.1
5,8766.5
27,8766.8
23,8767.0
8,8768.4
7,8768.7
29,8770.3
6,8771.1
26,8771.1
25,8771.2
20,8771.4
5,8771.5
31,8771.6
30,8771.6
22,8772.0
23,8772.1
2,8772.2
28,8772.3
17,8773.3
27,8773.6
7,8774.2
29,8777.0
14,8777.6
5,8777.9
20,8779.0
23,8779.9
6,8780.0
30,8780.6
2,8781.9
7,8784.5
22,8785.3
27,8788.5
5,8795.6
25,8796.0
22,8838.3
6,8838.3
5,8838.4
23,8838.4
7,8838.5
20,8838.9
17,8839.0
28,8839.2
29,8839.2
2,8839.3
30,8839.3
25,8839.5
14,8839.7
27,8840.0
31,8840.4
8,8840.5
11,8841.3
26,8841.7
6,8841.9
22,8841.9
5,8842.1
1,8842.3
23,8842.4
7,8842.7
20,8843.4
4,8843.5
29,8843.9
17,8844.0
28,8844.1
25,8844.3
30,8844.4
2,8844.5
6,8845.4
14,8845.5
22,8845.8
5,8846.1
27,8846.3
23,8846.7
8,8847.7
7,8848.1
29,8849.3
31,8850.0
20,8850.1
6,8850.3
30,8850.5
25,8850.6
5,8850.7
26,8850.8
2,8851.1
28,8851.4
23,8851.5
22,8851.7
17,8852.5
27,8852.7
7,8853.6
29,8856.1
14,8856.4
5,8857.1
20,8857.5
6,8858.6
30,8859.2
23,8859.6
11,8859.7
2,8860.8
7,8864.5
22,8864.7
27,8866.9
4,8868.4
25,8870.9
5,8873.0
29,8880.4
6,8918.2
22,8918.2
5,8918.3
23,8918.3
7,8918.4
20,8918.9
17,8919.0
29,8919.1
28,8919.2
30,8919.2
2,8919.3
25,8919.5
14,8919.6
27,8920.0
8,8920.4
31,8920.4
11,8921.3
26,8921.7
22,8921.8
6,8921.8
5,8922.0
23,8922.2
1,8922.3
7,8922.6
20,8923.4
4,8923.4
29,8923.8
17,8923.8
28,8924.2
25,8924.2
2,8924.5
30,8924.5
14,8925.3
6,8925.3
22,8925.6
5,8926.0
27,8926.3
23,8926.4
8,8927.5
7,8927.7
29,8929.3
31,8930.0
6,8930.1
20,8930.2
25,8930.6
26,8930.6
30,8930.7
5,8930.7
23,8931.3
28,8931.3
2,8931.3
22,8931.4
17,8932.3
27,8932.8
7,8933.0
29,8935.8
14,8936.1
5,8937.2
20,8937.5
6,8938.2
23,8938.9
30,8939.4
11,8939.8
2,8940.8
7,8942.9
22,8943.3
27,8947.1
4,8947.1
25,8950.7
5,8952.8
29,8953.8
6,8998.2
22,8998.2
5,8998.3
23,8998.3
7,8998.5
20,8998.9
17,8999.0
29,8999.1
30,8999.2
28,8999.2
2,8999.3
25,8999.5
14,8999.6
27,9000.0
8,9000.4
31,9000.5
11,9001.4
26,9001.7
22,9001.8
6,9001.8
5,9002.0
23,9002.3
1,9002.3
7,9002.8
4,9003.4
20,9003.4
17,9003.8
29,9003.8
28,9004.2
25,9004.2
2,9004.5
30,9004.5
6,9005.3
14,9005.3
22,9005.6
5,9006.0
27,9006.3
23,9006.5
8,9007.6
7,9008.1
29,9009.3
31,9010.1
6,9010.1
20,9010.2
25,9010.6
30,9010.7
5,9010.7
26,9010.9
28,9011.3
2,9011.3
22,9011.4
23,9011.5
17,9012.3
27,9012.8
7,9013.5
29,9015.8
14,9016.2
5,9017.2
20,9017.5
6,9018.5
23,9019.3
30,9019.4
2,9020.8
11,9020.8
22,9023.3
7,9024.2
27,9027.3
25,9031.1
5,9033.0
29,9034.3
5,9383.1
2,9383.5
23,9383.6
6,9383.6
7,9383.8
29,9383.8
27,9384.1
11,9384.2
20,9384.2
17,9384.3
30,9384.5
28,9384.5
22,9384.8
25,9384.8
4,9385.1
8,9385.9
3,9386.1
5,9386.2
18,9387.0
2,9387.1
26,9387.2
6,9387.4
29,9387.6
23,9387.7
1,9387.9
19,9388.2
7,9388.2
27,9388.3
14,9388.4
11,9388.8
20,9389.0
17,9389.3
5,9389.4
25,9389.7
28,9389.8
22,9390.0
30,9390.0
6,9391.1
4,9391.2
29,9391.4
2,9391.6
23,9392.0
5,9393.3
8,9393.4
27,9393.4
7,9393.7
6,9396.1
26,9396.1
25,9396.2
29,9396.4
20,9396.4
30,9396.6
11,9396.7
23,9397.1
2,9397.1
28,9397.3
5,9397.4
22,9397.7
17,9398.1
3,9398.1
27,9398.9
7,9399.2
29,9402.9
4,9403.6
5,9403.8
2,9404.5
20,9404.5
23,9404.9
14,9405.0
30,9405.6
6,9405.8
27,9409.3
7,9409.5
18,9410.6
5,9416.3
29,9419.6
25,9422.8
5,9462.8
6,9463.3
2,9463.3
23,9463.4
29,9463.5
7,9463.5
27,9463.8
20,9463.9
11,9463.9
17,9464.0
28,9464.2
30,9464.3
22,9464.5
25,9464.5
4,9464.8
8,9465.6
5,9465.8
3,9465.8
18,9466.5
2,9466.8
26,9466.9
6,9466.9
29,9467.2
1,9467.3
23,9467.4
7,9467.7
27,9467.8
19,9467.8
14,9467.8
11,9468.3
20,9468.5
17,9468.8
5,9468.9
28,9469.1
25,9469.3
22,9469.4
30,9469.5
6,9470.4
4,9470.8
29,9471.0
2,9471.3
23,9471.7
5,9472.7
27,9472.8
8,9473.0
7,9473.1
20,9475.1
6,9475.3
30,9475.5
25,9475.6
29,9475.6
11,9475.8
2,9476.2
26,9476.2
28,9476.4
23,9476.5
5,9476.7
22,9476.8
17,9476.9
3,9477.4
27,9478.2
7,9478.6
29,9482.1
14,9482.6
20,9482.7
5,9482.8
4,9483.0
2,9483.6
18,9483.6
6,9484.1
30,9484.3
23,9484.6
27,9489.2
7,9489.9
5,9494.9
25,9497.0
29,9497.6
5,9542.8
2,9543.2
6,9543.2
23,9543.3
7,9543.5
29,9543.5
11,9543.8
27,9543.8
17,9543.9
20,9543.9
28,9544.2
30,9544.3
22,9544.4
25,9544.5
4,9544.7
8,9545.5
3,9545.7
5,9545.8
18,9546.5
2,9546.7
6,9546.8
26,9546.8
23,9547.2
29,9547.2
1,9547.3
19,9547.7
14,9547.7
7,9547.8
27,9547.8
11,9548.2
20,9548.4
17,9548.7
5,9548.9
28,9549.2
25,9549.2
22,9549.4
30,9549.5
6,9550.3
4,9550.5
29,9550.9
2,9551.1
23,9551.5
5,9552.7
8,9552.8
27,9552.9
7,9553.1
6,9555.1
20,9555.3
11,9555.4
25,9555.6
30,9555.7
29,9555.7
26,9555.9
2,9556.2
28,9556.3
23,9556.5
5,9556.7
17,9556.7
22,9557.0
3,9557.1
7,9558.5
27,9558.5
4,9562.0
14,9562.2
29,9562.4
5,9562.7
20,9562.8
18,9562.9
2,9563.4
6,9563.9
23,9564.4
30,9564.4
7,9569.1
27,9569.4
5,9574.2
25,9576.8
29,9578.5
5,9622.8
2,9623.2
6,9623.2
23,9623.3
7,9623.5
29,9623.5
11,9623.8
27,9623.8
17,9623.9
20,9623.9
28,9624.2
30,9624.2
22,9624.4
25,9624.5
4,9624.7
8,9625.5
3,9625.7
5,9625.7
18,9626.5
2,9626.7
6,9626.8
26,9626.8
29,9627.2
1,9627.3
23,9627.3
19,9627.7
14,9627.8
7,9627.8
27,9627.8
11,9628.2
20,9628.4
17,9628.7
5,9628.8
28,9629.2
25,9629.2
22,9629.4
30,9629.5
6,9630.3
4,9630.5
29,9630.9
2,9631.1
23,9631.5
5,9632.6
27,9632.9
8,9632.9
7,9633.1
6,9635.1
20,9635.3
11,9635.4
25,9635.6
30,9635.7
29,9635.8
26,9636.0
2,9636.2
28,9636.3
23,9636.5
5,9636.6
17,9636.8
22,9636.8
3,9637.1
27,9638.5
7,9638.5
29,9642.4
4,9642.5
5,9642.6
20,9642.8
18,9643.1
14,9643.3
2,9643.4
6,9643.9
30,9644.4
23,9644.4
27,9649.4
7,9649.5
5,9654.3
25,9657.2
29,9658.7
