0,26.0
32,26.0
57,26.0
58,26.0
31,26.0
30,26.0
59,26.0
29,26.0
28,26.0
27,26.0
26,26.0
25,26.0
24,26.0
23,26.0
22,26.0
21,26.0
20,26.0
19,26.0
18,26.0
17,26.0
33,26.0
16,26.0
56,26.0
34,26.0
49,26.0
48,26.0
47,26.0
51,26.0
52,26.0
46,26.0
45,26.0
44,26.0
43,26.0
42,26.0
41,26.0
53,26.0
54,26.0
40,26.0
39,26.0
38,26.0
37,26.0
36,26.0
35,26.0
55,26.0
60,26.0
50,26.0
11,26.0
7,26.0
12,26.0
14,26.0
8,26.0
13,26.0
5,26.0
9,26.0
4,26.0
10,26.0
2,26.0
3,26.0
1,26.0
15,26.0
61,26.0
62,26.0
6,26.0
1,96.4
19,109.4
24,117.3
46,119.1
21,120.4
34,122.2
61,127.0
42,127.9
28,129.4
49,130.9
33,133.5
43,134.2
47,134.6
14,137.5
52,137.8
7,138.5
16,139.3
31,139.8
62,140.4
41,140.9
5,140.9
54,141.2
13,143.1
58,144.2
46,145.0
18,145.5
34,146.6
37,146.7
15,148.1
61,149.1
12,149.8
29,151.2
49,151.4
50,152.3
33,153.3
36,154.2
40,154.7
30,154.9
22,164.3
31,166.0
41,166.8
20,167.0
8,167.1
59,167.2
13,167.6
62,169.0
61,169.9
18,171.1
46,172.0
55,181.4
49,181.9
34,183.4
24,183.8
36,185.1
7,192.0
14,193.3
38,194.2
30,194.6
19,195.3
12,196.2
33,196.2
13,197.0
54,197.8
61,198.3
34,200.2
5,200.5
52,201.3
62,201.8
50,202.3
29,203.5
58,206.2
37,206.4
31,207.7
49,208.2
16,211.0
14,211.9
18,212.6
41,215.6
13,216.0
15,217.2
54,217.7
12,219.4
33,219.8
34,219.9
5,219.9
61,221.7
46,223.6
49,244.3
34,271.3
50,274.1
62,274.4
31,275.1
29,275.2
52,275.5
46,276.5
49,278.5
54,278.8
12,279.0
61,279.4
33,280.0
5,280.7
13,281.0
14,281.1
15,285.0
41,286.3
58,287.1
37,288.6
31,289.7
34,290.2
40,290.4
62,291.7
49,292.6
52,293.0
33,294.5
50,295.6
19,296.5
54,296.7
14,298.4
29,298.7
5,300.1
61,302.1
13,302.5
12,304.6
15,306.4
41,308.2
46,310.3
58,310.6
31,312.6
62,314.0
40,318.5
49,476.9
14,494.8
33,498.0
34,505.3
52,512.9
37,529.6
61,542.5
7,560.0
34,651.6
30,655.9
38,656.4
19,657.3
49,657.5
46,657.9
14,658.7
31,659.3
37,659.4
18,659.9
58,660.0
13,660.1
54,661.9
52,661.9
61,664.3
33,664.8
16,665.5
15,665.8
24,666.5
12,668.6
29,668.6
62,668.9
50,669.2
5,669.3
41,669.9
40,670.2
34,670.7
7,671.2
49,673.5
31,675.6
14,675.8
33,677.1
8,677.2
46,678.3
13,678.4
55,678.9
36,679.4
54,679.6
52,679.7
58,679.9
37,679.9
61,681.3
62,685.1
15,686.9
41,687.3
18,688.2
49,689.6
7,691.1
33,694.0
59,694.5
31,694.6
34,694.7
14,697.3
35,697.8
12,698.3
61,700.1
20,700.2
22,700.8
46,701.5
5,702.3
24,704.3
40,704.4
36,704.7
42,707.6
41,709.0
3,713.0
26,718.5
49,721.4
42,729.9
34,735.4
54,736.0
26,737.1
62,738.5
13,738.9
14,739.3
46,739.8
50,739.9
61,742.4
29,743.1
12,745.7
19,746.4
42,748.3
33,748.4
52,748.5
5,750.0
49,751.4
54,753.6
31,753.9
34,754.1
26,756.5
14,757.9
13,758.7
62,760.1
50,762.0
61,764.4
42,771.3
34,816.0
12,816.2
49,818.0
29,819.1
62,819.8
52,820.9
54,822.3
46,822.9
15,822.9
33,824.6
61,825.4
31,825.6
14,826.1
37,826.3
13,827.3
50,828.1
5,830.2
41,831.2
49,832.9
58,833.5
40,835.6
34,835.9
62,836.4
18,836.8
33,839.1
54,839.1
12,839.8
31,840.7
61,841.8
15,841.9
52,842.5
29,843.7
7,845.5
41,847.3
37,847.4
19,848.3
46,849.6
49,850.2
13,850.4
36,852.1
18,856.7
62,857.4
61,857.7
14,857.9
41,871.8
24,887.6
34,893.2
5,898.9
61,899.0
50,900.2
33,902.9
46,903.8
54,904.0
14,906.0
31,906.5
49,907.4
15,907.7
52,908.0
62,908.9
58,908.9
12,909.0
13,909.1
40,911.1
29,912.5
34,913.0
41,916.9
33,917.0
5,918.3
61,922.4
14,923.7
37,924.9
50,925.1
62,926.6
54,928.1
52,929.6
15,931.7
49,933.6
33,934.5
13,934.8
41,944.2
19,1144.4
34,1150.8
61,1179.0
30,1194.4
58,1206.1
16,1213.1
31,1252.0
40,1266.4
38,1267.9
8,1270.3
48,1273.7
45,1274.4
15,1275.2
30,1277.4
34,1277.7
19,1277.8
29,1280.1
55,1280.1
18,1282.7
46,1283.4
49,1283.6
16,1284.1
24,1284.1
58,1284.3
13,1284.3
12,1284.6
14,1285.1
31,1285.4
37,1285.9
54,1286.1
52,1288.7
61,1289.2
33,1289.8
50,1294.0
5,1294.0
62,1294.7
41,1294.9
42,1296.4
34,1296.5
15,1297.4
40,1298.0
36,1298.6
7,1299.1
49,1300.5
14,1302.5
33,1303.0
31,1303.2
13,1303.6
29,1304.5
58,1305.5
38,1305.6
61,1305.8
54,1305.9
46,1307.0
37,1307.0
12,1307.1
52,1307.3
18,1309.3
62,1311.4
55,1313.2
41,1313.8
35,1314.9
8,1316.1
59,1319.0
33,1319.9
15,1321.4
36,1321.5
34,1322.5
16,1322.5
24,1322.8
61,1322.8
20,1323.9
7,1324.1
5,1325.4
49,1325.8
22,1332.2
46,1333.7
41,1335.0
3,1341.1
40,1347.4
14,1350.6
34,1359.6
46,1363.6
49,1364.1
50,1364.3
62,1364.6
24,1365.1
13,1365.4
61,1365.8
54,1367.4
12,1369.4
31,1372.7
5,1373.0
14,1375.3
52,1375.9
33,1376.2
29,1378.2
34,1379.8
62,1385.2
50,1386.1
61,1386.5
49,1386.5
13,1388.2
54,1389.4
42,1391.7
12,1398.1
5,1420.5
34,1427.6
30,1429.9
19,1435.0
49,1439.7
46,1440.5
45,1443.6
61,1443.8
52,1444.6
14,1444.7
62,1444.8
31,1445.2
34,1446.4
54,1447.6
15,1447.8
5,1448.2
13,1448.7
12,1449.2
33,1450.2
24,1450.7
50,1451.2
29,1451.4
49,1454.2
42,1455.5
41,1456.3
37,1460.1
58,1460.1
31,1461.0
62,1461.9
61,1461.9
40,1462.1
14,1463.2
54,1464.7
18,1465.4
52,1465.6
33,1466.0
34,1467.4
5,1467.5
15,1467.6
49,1468.1
46,1468.5
7,1468.8
13,1474.4
12,1475.8
61,1477.2
8,1477.9
41,1478.8
62,1484.4
18,1491.5
49,1509.1
61,1510.0
34,1523.3
50,1524.2
29,1524.9
46,1525.4
54,1528.5
31,1529.8
5,1530.8
14,1531.4
13,1531.6
12,1532.4
52,1532.6
33,1533.1
42,1533.7
15,1533.8
62,1534.2
49,1534.4
61,1534.5
24,1535.1
41,1542.7
34,1544.6
50,1546.8
29,1548.9
33,1549.7
62,1551.7
5,1551.7
54,1552.2
14,1552.6
52,1552.7
13,1554.1
31,1555.3
15,1558.6
49,1558.6
61,1560.5
41,1567.4
36,1570.4
19,1780.5
18,1796.2
58,1871.9
30,1891.8
38,1893.3
37,1898.3
34,1903.6
19,1903.7
55,1906.1
46,1908.4
18,1909.3
49,1909.6
58,1909.8
24,1910.3
12,1910.3
13,1910.4
16,1910.7
14,1911.2
8,1911.3
54,1911.4
62,1912.3
52,1914.1
31,1914.3
15,1915.0
61,1915.6
33,1915.8
40,1916.7
29,1919.5
41,1920.1
50,1920.2
5,1920.3
42,1921.6
34,1922.2
36,1922.2
7,1924.5
37,1926.3
49,1926.7
30,1928.6
45,1928.8
14,1929.3
62,1929.4
13,1929.8
33,1929.9
48,1930.0
54,1931.3
61,1932.2
31,1932.4
52,1932.4
12,1933.0
46,1933.4
38,1934.5
58,1934.7
18,1935.3
15,1936.7
41,1937.7
35,1941.4
36,1942.3
55,1944.4
59,1946.0
34,1949.3
61,1949.8
40,1951.6
49,1952.6
5,1953.1
33,1953.7
24,1953.8
41,1955.2
22,1959.2
46,1964.8
15,1972.9
34,1984.8
54,1985.3
14,1987.3
49,1987.4
13,1988.3
30,1988.9
62,1990.6
61,1993.1
12,1994.2
50,1995.9
5,1996.1
29,1998.6
46,1998.7
31,1998.8
33,1999.8
52,2000.3
54,2002.7
14,2002.8
34,2004.7
13,2007.4
10,2009.0
49,2009.4
62,2011.5
8,2011.9
61,2013.9
45,2016.4
5,2027.4
42,2038.6
49,2044.2
24,2051.4
19,2058.1
34,2061.4
12,2065.9
54,2066.2
46,2067.2
50,2069.3
31,2070.0
14,2070.1
52,2070.1
62,2070.2
41,2072.5
49,2073.9
5,2074.5
33,2075.0
13,2076.3
61,2078.0
37,2078.2
29,2078.5
15,2079.8
34,2081.0
54,2082.2
58,2083.7
42,2083.9
40,2085.3
31,2086.5
62,2087.1
12,2089.2
49,2089.6
18,2089.7
14,2089.8
33,2089.9
52,2091.0
50,2091.1
41,2091.9
5,2094.0
61,2095.3
37,2100.8
46,2101.3
13,2101.8
15,2102.5
31,2107.6
41,2108.7
62,2109.5
18,2113.0
61,2113.3
34,2144.4
54,2148.1
49,2149.2
29,2150.3
33,2152.4
46,2153.4
14,2155.7
61,2155.8
5,2156.5
52,2157.0
12,2157.6
13,2157.8
50,2158.7
62,2160.5
58,2160.6
41,2162.2
36,2162.6
24,2163.0
40,2163.1
34,2164.0
31,2164.1
33,2166.3
54,2167.3
49,2172.1
42,2172.2
37,2174.0
29,2174.8
14,2175.9
52,2177.5
5,2179.6
62,2179.8
61,2179.9
49,2212.6
34,2385.4
33,2399.0
19,2421.5
16,2453.4
31,2468.5
40,2497.5
41,2505.3
30,2517.1
38,2518.6
58,2519.8
13,2521.9
34,2528.3
19,2528.5
46,2533.3
18,2533.5
24,2534.0
49,2534.5
16,2534.5
14,2535.2
12,2535.6
37,2535.8
8,2536.0
7,2536.1
54,2536.2
50,2536.4
31,2536.7
40,2536.8
36,2538.1
52,2539.3
15,2540.1
61,2540.4
33,2540.8
42,2543.9
5,2544.2
29,2544.4
62,2545.2
13,2545.4
41,2546.2
58,2546.5
45,2546.9
34,2547.2
49,2551.5
55,2552.3
14,2554.3
31,2554.6
30,2554.8
33,2555.2
54,2555.8
37,2556.8
61,2556.9
52,2557.8
12,2558.6
46,2558.8
18,2559.2
36,2560.1
50,2560.1
38,2560.4
20,2561.1
48,2561.7
40,2562.1
62,2562.3
7,2564.1
15,2565.4
13,2565.4
41,2566.0
59,2569.7
61,2574.9
5,2575.9
34,2576.0
49,2577.4
22,2583.5
41,2589.3
46,2589.4
24,2593.5
15,2597.3
19,2601.6
34,2609.3
61,2612.8
33,2614.4
31,2616.5
49,2616.8
54,2617.7
12,2619.2
13,2619.7
46,2622.9
14,2623.0
62,2623.3
52,2624.1
50,2624.3
5,2624.6
29,2626.6
34,2629.0
61,2635.4
54,2637.5
33,2639.3
49,2640.6
31,2641.1
13,2643.0
42,2643.4
12,2645.2
62,2646.5
14,2653.7
5,2674.7
30,2680.6
34,2687.3
46,2692.3
49,2694.3
52,2695.7
50,2695.7
61,2696.9
45,2697.4
54,2698.9
14,2700.5
12,2701.0
5,2701.2
58,2702.0
31,2702.1
33,2702.1
13,2703.2
37,2704.6
62,2705.1
15,2705.4
29,2705.9
41,2706.9
34,2707.1
49,2709.7
40,2711.1
24,2715.0
42,2715.4
61,2716.8
33,2717.9
54,2718.6
52,2718.8
31,2719.5
50,2720.0
18,2722.9
5,2723.0
58,2723.5
37,2727.6
49,2729.0
12,2729.1
15,2730.8
62,2731.2
13,2731.3
41,2734.8
61,2736.4
46,2739.9
18,2747.3
61,2762.1
34,2769.8
18,2774.5
14,2776.4
29,2776.9
33,2777.0
61,2777.5
46,2778.6
24,2778.8
54,2779.1
49,2782.4
5,2782.7
52,2783.9
12,2784.1
50,2784.3
62,2784.7
13,2785.1
31,2788.9
34,2789.6
33,2794.7
61,2795.1
42,2795.8
14,2795.9
62,2803.3
52,2804.6
58,2807.1
5,2807.2
40,2807.3
36,2809.1
49,2810.6
46,2815.8
41,2822.2
54,3057.7
19,3096.6
18,3139.2
30,3139.4
38,3140.5
8,3141.4
16,3142.0
13,3142.7
15,3143.7
61,3144.4
19,3145.5
34,3147.0
36,3147.5
29,3147.6
46,3149.0
24,3150.2
49,3150.8
37,3151.0
58,3152.1
14,3152.2
54,3152.9
40,3152.9
12,3153.3
42,3153.4
52,3154.0
45,3154.8
35,3154.9
31,3155.0
33,3156.0
55,3156.1
18,3157.5
48,3158.2
30,3158.4
26,3160.7
38,3161.0
16,3161.8
8,3163.2
13,3163.4
20,3163.8
41,3163.9
50,3165.0
19,3165.2
6,3166.1
34,3166.9
28,3167.0
61,3167.4
5,3168.1
32,3168.2
15,3168.6
7,3168.6
51,3168.8
46,3170.2
59,3170.4
24,3171.1
21,3171.7
4,3171.8
53,3171.8
47,3172.1
1,3172.2
36,3172.7
49,3173.1
2,3173.2
11,3173.3
60,3173.4
39,3174.0
62,3174.5
10,3175.4
58,3175.5
23,3175.6
9,3175.9
43,3176.2
37,3176.4
44,3176.4
56,3176.5
0,3177.4
17,3177.4
29,3177.5
52,3177.9
12,3178.3
18,3178.4
40,3178.5
3,3178.9
25,3178.9
31,3179.7
54,3179.8
14,3179.9
33,3180.2
42,3180.2
45,3180.9
55,3181.5
30,3182.3
22,3182.5
16,3182.8
26,3183.5
8,3185.5
27,3185.9
35,3186.5
5,3186.8
28,3188.5
19,3188.8
50,3190.1
46,3190.1
38,3190.6
20,3191.2
7,3191.8
6,3192.7
21,3193.6
48,3193.7
61,3194.5
1,3194.7
24,3195.6
2,3198.2
47,3198.3
62,3202.1
43,3202.1
23,3205.0
0,3205.6
44,3208.2
34,3222.9
45,3223.1
49,3224.5
19,3225.1
30,3226.1
40,3227.7
55,3227.9
42,3229.4
46,3229.5
18,3230.5
38,3232.2
24,3232.6
14,3237.3
15,3239.4
16,3242.2
34,3252.8
61,3255.6
19,3255.7
28,3256.0
30,3299.5
40,3301.6
8,3302.6
46,3302.7
37,3303.0
58,3303.4
13,3304.1
49,3304.6
19,3305.7
54,3306.2
52,3307.6
34,3307.7
38,3309.1
31,3310.0
18,3310.2
16,3312.2
24,3313.2
14,3313.4
45,3313.6
12,3314.2
61,3315.4
15,3315.8
42,3316.3
20,3316.9
33,3318.8
48,3319.2
55,3319.9
30,3320.0
5,3324.2
41,3324.5
29,3324.7
36,3324.9
46,3325.6
49,3327.3
34,3327.4
19,3329.3
58,3329.4
40,3329.7
37,3330.4
8,3330.8
13,3331.0
54,3332.5
59,3333.0
52,3333.3
7,3335.0
18,3336.9
21,3338.3
12,3338.3
38,3339.4
62,3339.8
31,3340.4
16,3341.0
50,3342.1
28,3345.2
6,3347.6
14,3348.8
0,3350.0
61,3350.3
1,3351.7
20,3351.9
33,3352.8
34,3352.9
35,3354.4
24,3354.4
46,3354.9
15,3355.1
39,3355.6
30,3356.0
2,3356.1
55,3356.3
42,3356.4
17,3356.4
45,3357.9
26,3359.1
5,3359.5
58,3361.3
19,3361.3
44,3361.4
49,3362.1
41,3364.1
43,3364.9
47,3370.1
9,3371.7
7,3373.9
21,3374.9
8,3379.9
24,3380.5
40,3381.4
46,3381.9
0,3383.0
29,3384.1
52,3384.5
18,3384.6
30,3384.7
38,3384.9
19,3385.9
37,3386.0
28,3386.6
13,3387.1
23,3387.5
1,3387.8
16,3388.2
6,3388.4
34,3388.5
42,3389.7
50,3390.6
49,3391.2
12,3392.0
48,3392.9
45,3393.3
14,3393.6
58,3394.7
2,3394.8
31,3395.0
15,3395.6
61,3396.4
4,3396.5
55,3397.3
54,3397.4
62,3400.0
5,3401.6
46,3403.7
25,3404.2
24,3406.1
21,3408.1
7,3408.7
47,3408.9
20,3409.0
43,3409.4
26,3409.5
8,3409.8
40,3410.1
34,3410.4
52,3411.2
30,3411.5
22,3412.2
19,3412.7
44,3414.3
11,3416.6
41,3416.7
18,3417.2
0,3417.7
12,3418.2
27,3418.4
49,3419.8
33,3420.6
16,3421.5
1,3422.6
17,3424.3
42,3425.0
37,3427.0
28,3429.8
14,3432.1
46,3556.8
21,3576.2
34,3599.2
54,3599.8
55,3600.2
23,3600.6
32,3601.5
13,3601.6
9,3607.5
52,3611.3
58,3611.5
31,3613.8
62,3615.4
35,3621.1
57,3625.7
38,3628.3
45,3629.4
50,3630.5
60,3630.6
46,3631.3
47,3631.6
28,3633.7
30,3634.0
42,3634.8
40,3635.6
29,3636.1
34,3636.7
14,3638.5
51,3639.2
1,3639.6
36,3640.1
54,3640.5
19,3640.6
18,3642.6
37,3642.7
61,3643.1
5,3644.2
33,3644.6
56,3646.9
43,3647.5
24,3648.6
58,3649.6
16,3650.0
55,3650.4
2,3650.8
8,3650.9
44,3651.6
25,3652.4
49,3652.6
26,3652.7
53,3653.1
21,3653.1
23,3653.4
0,3653.5
52,3654.1
12,3654.7
10,3655.0
20,3655.5
46,3656.1
6,3656.2
13,3656.2
39,3656.7
17,3656.9
7,3657.3
32,3657.7
41,3657.8
22,3658.1
15,3658.2
62,3659.3
9,3659.3
31,3659.5
27,3659.7
50,3661.2
45,3662.0
40,3662.5
29,3662.9
4,3663.0
3,3663.3
28,3664.1
18,3664.4
35,3665.2
47,3665.2
30,3665.4
38,3665.6
42,3665.9
34,3666.4
5,3667.0
19,3667.1
48,3667.2
33,3667.3
54,3667.3
1,3667.6
14,3669.3
37,3669.7
61,3669.9
59,3670.3
11,3671.2
36,3671.7
57,3671.8
16,3671.9
58,3673.9
51,3674.1
8,3674.2
24,3674.9
43,3675.1
60,3675.2
56,3675.2
52,3675.6
55,3675.7
21,3677.1
46,3677.4
26,3677.6
0,3678.1
2,3678.4
49,3679.3
12,3680.1
20,3680.5
44,3680.6
23,3682.7
25,3682.9
7,3683.2
41,3684.1
62,3685.0
6,3685.3
17,3686.4
22,3692.6
28,3695.0
40,3704.2
19,3719.3
24,3761.4
30,3764.5
38,3767.3
42,3768.5
34,3768.7
14,3769.3
13,3769.4
45,3771.1
18,3772.8
31,3773.8
19,3775.2
46,3776.1
16,3777.5
58,3780.3
49,3781.1
24,3781.3
40,3782.0
8,3782.8
54,3783.4
5,3785.4
30,3785.4
48,3785.6
15,3786.0
61,3787.3
29,3788.3
7,3789.0
21,3791.6
1,3792.3
38,3793.8
34,3795.2
37,3795.3
47,3795.4
0,3796.4
50,3797.4
13,3797.9
14,3798.1
52,3798.2
33,3798.3
28,3798.4
42,3798.4
20,3799.1
4,3799.2
55,3801.3
18,3801.6
46,3802.7
45,3803.2
19,3803.9
2,3806.0
6,3806.2
31,3808.5
43,3809.7
32,3809.8
12,3810.4
24,3813.6
16,3813.6
8,3813.8
49,3813.9
22,3814.6
58,3814.7
26,3815.4
5,3816.1
3,3816.2
25,3817.3
30,3818.6
9,3819.0
44,3820.6
7,3821.5
61,3821.8
41,3822.6
27,3823.7
1,3823.8
17,3825.5
21,3825.8
40,3826.3
23,3826.7
29,3827.5
11,3827.5
36,3828.0
48,3828.3
54,3828.5
34,3829.1
0,3830.2
35,3831.9
62,3832.1
47,3833.7
42,3834.2
18,3834.5
52,3834.7
28,3835.0
46,3835.5
50,3835.7
20,3836.9
33,3838.1
13,3839.7
59,3840.0
14,3841.0
8,3842.2
19,3842.6
31,3843.4
15,3843.8
30,3844.4
2,3844.9
38,3845.7
24,3845.8
5,3845.8
37,3845.9
16,3846.1
43,3846.3
58,3847.4
45,3847.9
6,3848.7
49,3850.6
34,3850.9
51,3851.6
26,3852.6
61,3852.6
46,3852.7
40,3853.1
21,3853.6
7,3854.6
12,3854.8
55,3855.6
22,3856.4
18,3857.0
42,3857.1
54,3857.3
1,3858.2
48,3859.0
29,3859.9
0,3860.7
17,3862.8
19,3863.7
20,3867.9
62,3875.2
46,3923.8
30,3924.8
24,3925.8
38,3926.9
34,3927.7
8,3927.9
58,3928.6
14,3928.6
40,3929.9
49,3930.4
13,3930.5
61,3930.6
45,3932.2
31,3934.5
19,3934.8
16,3936.4
37,3939.1
42,3943.3
54,3943.7
18,3945.3
15,3947.0
46,3947.8
30,3948.5
24,3950.4
33,3953.0
21,3954.1
34,3954.3
38,3956.7
14,3957.2
58,3959.7
7,3959.9
49,3960.1
8,3960.4
12,3961.4
20,3963.1
48,3963.8
19,3969.0
44,3970.2
45,3970.5
52,3970.6
13,3970.7
55,3971.0
40,3972.9
61,3973.9
5,3980.6
16,3981.0
46,3983.2
18,3984.4
0,3985.8
31,3990.2
42,3993.2
37,3993.5
21,3996.8
34,3999.3
30,4000.5
2,4002.9
49,4003.4
1,4005.0
33,4005.7
8,4006.2
24,4006.6
14,4006.9
7,4010.1
19,4010.3
58,4011.2
38,4011.7
46,4012.2
13,4014.4
54,4015.3
18,4015.9
40,4016.3
61,4016.4
45,4016.9
48,4017.4
42,4017.8
30,4018.7
31,4018.7
16,4019.0
34,4019.7
15,4019.9
28,4020.3
12,4020.7
47,4021.3
37,4021.5
25,4022.7
35,4023.0
59,4023.2
20,4023.5
5,4023.6
52,4023.9
29,4024.8
32,4025.1
43,4027.9
26,4028.0
49,4028.3
36,4029.0
0,4029.1
23,4029.1
55,4029.5
21,4030.1
8,4031.0
6,4031.1
41,4031.2
24,4031.3
14,4033.0
22,4033.5
46,4034.3
50,4034.4
19,4035.3
17,4035.3
33,4035.6
58,4037.6
11,4039.1
7,4040.0
13,4040.1
9,4040.2
18,4040.6
44,4040.7
53,4041.1
4,4041.3
38,4041.5
2,4041.9
1,4042.0
34,4042.8
30,4043.2
54,4045.1
61,4045.2
62,4045.3
40,4045.7
31,4048.5
42,4048.7
16,4050.6
45,4051.4
39,4052.8
5,4053.5
52,4053.9
20,4054.2
28,4055.3
27,4056.3
26,4057.5
47,4058.7
0,4062.1
21,4064.0
43,4064.5
46,4064.7
24,4070.7
19,4209.1
6,4217.5
14,4242.8
25,4250.9
48,4256.6
49,4262.6
37,4263.6
23,4264.5
32,4265.9
56,4266.3
29,4276.1
10,4282.2
8,4284.6
51,4286.0
35,4287.8
12,4290.3
28,4293.8
18,4296.6
46,4303.1
59,4304.5
15,4307.4
5,4308.5
34,4309.1
20,4310.2
13,4310.7
1,4314.0
16,4314.4
41,4315.3
33,4315.4
2,4315.6
17,4315.9
60,4317.4
61,4319.7
30,4321.1
62,4321.6
43,4324.0
55,4327.0
26,4327.3
24,4327.6
19,4327.9
46,4328.1
14,4328.7
50,4329.0
47,4329.4
54,4329.5
56,4329.7
52,4331.9
7,4332.1
29,4332.3
27,4332.6
6,4332.8
21,4332.9
0,4333.1
22,4333.5
8,4333.5
38,4334.2
58,4334.4
31,4334.6
37,4335.0
5,4335.2
18,4335.6
32,4336.4
28,4336.6
49,4337.5
42,4337.6
35,4337.8
40,4337.9
53,4338.8
12,4339.9
16,4340.0
45,4340.0
34,4340.7
25,4341.1
4,4341.2
51,4341.6
10,4341.8
23,4342.2
57,4342.3
15,4343.6
33,4343.7
20,4344.1
11,4344.2
1,4345.2
9,4345.3
44,4345.6
36,4346.3
13,4348.0
61,4348.1
62,4348.1
41,4348.3
30,4348.4
3,4349.7
46,4350.3
39,4350.6
48,4350.8
2,4351.2
59,4351.7
26,4352.7
19,4352.9
55,4353.2
54,4353.7
50,4354.0
17,4354.0
43,4354.1
52,4354.2
24,4354.2
18,4354.9
14,4355.3
5,4355.6
8,4356.2
7,4356.6
56,4357.0
58,4357.4
21,4357.8
47,4357.8
29,4358.9
31,4359.8
0,4360.0
6,4360.6
28,4360.8
60,4360.8
16,4361.7
37,4362.0
38,4362.2
22,4363.0
40,4365.9
42,4366.2
27,4366.3
49,4366.8
1,4370.4
23,4372.4
62,4375.7
19,4389.1
46,4391.3
30,4391.5
61,4391.6
24,4392.5
15,4394.8
18,4395.5
34,4397.2
13,4397.6
58,4404.4
14,4404.8
40,4405.3
38,4408.3
42,4408.3
49,4408.6
54,4408.7
7,4413.2
19,4416.4
46,4416.7
43,4419.9
30,4420.1
24,4420.4
21,4425.8
20,4428.8
28,4440.0
44,4444.3
0,4451.8
2,4452.9
8,4472.0
34,4472.4
48,4474.8
45,4476.0
16,4476.9
31,4477.5
24,4477.9
30,4478.2
19,4478.6
46,4479.0
13,4480.7
42,4481.4
26,4481.9
61,4482.2
58,4482.3
49,4483.9
14,4484.1
40,4485.7
38,4488.1
21,4488.2
18,4489.7
7,4489.7
54,4489.9
34,4498.1
0,4498.4
5,4498.7
8,4500.5
52,4500.7
12,4500.8
15,4501.7
2,4505.0
24,4505.2
46,4506.1
43,4506.2
1,4507.4
19,4507.4
16,4507.5
30,4507.9
37,4508.2
20,4508.9
28,4511.0
13,4511.1
45,4511.3
49,4512.3
31,4512.9
42,4514.9
44,4515.6
50,4516.1
47,4516.4
6,4516.8
55,4516.8
29,4518.4
58,4519.9
33,4520.9
61,4522.6
14,4524.0
21,4524.3
22,4529.4
18,4529.5
7,4529.6
5,4531.2
34,4532.4
26,4533.1
52,4536.9
46,4537.2
8,4538.4
0,4539.6
48,4540.1
24,4540.3
40,4541.6
41,4542.0
32,4542.9
23,4543.0
12,4544.5
43,4544.6
59,4544.8
1,4545.1
20,4547.7
2,4548.6
15,4548.6
17,4550.3
25,4550.7
37,4550.8
16,4551.2
30,4551.3
13,4552.5
49,4552.7
19,4553.2
38,4554.2
42,4554.9
61,4555.1
54,4555.3
9,4556.2
34,4556.2
31,4556.7
58,4557.1
35,4557.1
45,4557.8
46,4557.9
14,4558.2
24,4558.3
8,4558.5
21,4560.2
11,4561.2
7,4561.6
18,4562.5
5,4562.5
29,4563.5
26,4563.6
40,4564.8
39,4565.2
28,4565.4
55,4565.6
48,4566.7
50,4567.3
27,4567.8
47,4567.9
44,4569.0
52,4569.2
57,4569.9
12,4570.2
53,4570.4
33,4570.4
6,4571.5
0,4571.5
4,4571.8
22,4572.3
30,4574.1
13,4574.8
49,4575.2
51,4575.3
16,4576.4
34,4577.7
62,4577.8
19,4578.2
1,4580.5
20,4582.2
15,4583.1
59,4583.5
61,4583.8
58,4584.7
46,4584.8
41,4586.6
38,4587.4
14,4587.8
24,4630.8
21,4633.4
40,4634.8
8,4635.0
42,4635.1
45,4638.1
19,4640.2
46,4641.7
7,4641.7
30,4643.8
34,4644.2
49,4645.3
58,4647.4
31,4648.4
61,4648.6
14,4649.6
13,4650.4
48,4656.1
24,4657.2
12,4662.9
2,4669.9
5,4670.0
21,4673.8
46,4677.1
0,4677.6
42,4682.1
49,4682.9
7,4686.8
8,4693.3
43,4755.6
32,4798.6
25,4804.3
18,4807.6
9,4812.3
34,4818.7
54,4826.5
16,4827.0
56,4828.0
35,4830.5
23,4832.8
38,4836.6
46,4837.0
37,4837.3
1,4841.3
17,4846.0
31,4853.0
28,4854.9
49,4855.9
30,4856.2
5,4857.2
18,4857.7
24,4858.3
34,4859.4
36,4859.8
10,4862.6
42,4862.8
47,4862.8
45,4863.4
33,4866.9
21,4867.4
14,4867.6
27,4868.2
6,4868.5
22,4868.8
3,4870.5
60,4872.9
55,4873.1
12,4874.4
43,4874.7
19,4876.4
16,4877.1
8,4877.6
52,4878.8
54,4879.0
46,4879.1
29,4879.3
25,4879.5
0,4879.6
62,4879.9
50,4879.9
61,4880.1
58,4880.5
20,4881.6
13,4883.0
18,4883.1
9,4883.9
56,4884.0
41,4884.6
15,4885.3
40,4885.6
2,4886.5
17,4886.7
1,4886.8
39,4886.9
48,4887.4
37,4887.6
28,4887.6
24,4887.9
5,4888.1
57,4888.4
30,4888.8
34,4889.0
49,4889.9
23,4890.2
31,4890.2
7,4890.4
38,4890.4
32,4890.4
36,4892.6
4,4892.9
51,4893.0
44,4894.0
35,4894.1
26,4894.2
33,4894.3
53,4894.5
45,4894.5
42,4895.2
14,4896.1
46,4898.5
59,4898.7
19,4898.8
12,4899.4
21,4899.4
47,4899.6
10,4900.2
16,4900.4
11,4900.8
55,4901.7
8,4901.9
52,4902.0
6,4902.1
27,4902.9
54,4903.9
22,4903.9
18,4904.8
58,4905.0
43,4905.4
62,4905.4
29,4905.9
3,4905.9
0,4906.6
61,4906.8
50,4907.6
5,4908.3
20,4908.8
13,4908.9
60,4911.8
41,4912.1
1,4912.8
25,4913.1
24,4913.6
28,4914.6
2,4914.9
40,4915.5
30,4915.6
17,4916.2
34,4917.8
7,4918.8
19,4949.1
62,4955.4
46,5015.6
42,5018.1
49,5018.4
48,5018.8
16,5019.7
31,5020.4
45,5020.9
21,5021.8
24,5022.5
37,5025.0
15,5028.0
34,5029.4
19,5029.6
57,5030.1
58,5030.3
14,5030.3
40,5031.2
30,5032.9
38,5033.0
8,5033.8
52,5035.2
46,5037.2
44,5041.6
26,5041.7
0,5042.4
61,5042.5
33,5042.8
28,5043.4
49,5043.7
18,5044.1
13,5044.6
42,5047.7
20,5048.2
24,5049.7
16,5049.8
7,5049.8
5,5050.8
31,5050.8
11,5052.0
55,5052.3
12,5052.4
45,5052.5
23,5054.0
27,5054.1
47,5056.4
6,5056.8
21,5057.3
43,5058.0
34,5058.3
2,5058.7
48,5059.5
39,5059.6
19,5061.8
9,5062.0
32,5062.3
1,5062.4
54,5063.0
30,5063.8
29,5064.0
22,5064.1
50,5065.0
46,5065.4
14,5066.6
37,5067.5
52,5067.9
8,5068.8
58,5069.9
62,5071.3
36,5071.9
18,5072.8
40,5072.8
35,5074.0
0,5075.8
33,5076.1
49,5076.8
41,5077.8
61,5078.4
28,5078.4
5,5079.2
26,5079.7
4,5080.1
44,5080.4
13,5080.6
42,5081.9
24,5082.0
15,5082.0
20,5082.6
31,5082.9
16,5083.9
38,5084.5
10,5087.2
7,5087.2
23,5088.0
34,5088.3
47,5088.8
43,5090.0
17,5090.4
59,5091.2
25,5091.4
19,5091.8
45,5092.5
1,5092.7
46,5092.9
21,5094.0
57,5094.4
12,5094.5
2,5095.3
8,5095.7
30,5095.7
54,5096.9
55,5098.1
3,5098.6
18,5098.8
58,5099.1
37,5100.0
24,5100.3
27,5100.9
49,5101.0
52,5101.4
50,5102.2
40,5102.6
6,5102.9
48,5103.1
29,5104.3
32,5104.6
61,5105.9
42,5106.2
5,5106.3
31,5106.4
28,5107.2
16,5107.8
14,5108.2
0,5108.4
34,5108.8
13,5110.0
33,5110.5
15,5111.1
62,5111.7
20,5112.3
39,5113.1
60,5113.3
38,5113.9
46,5114.5
26,5115.5
19,5115.6
24,5175.9
58,5178.5
30,5178.6
40,5178.8
49,5179.1
8,5180.8
31,5185.0
46,5189.0
34,5191.9
19,5192.0
7,5194.5
21,5195.6
61,5201.4
42,5202.2
57,5202.4
49,5202.8
24,5203.3
16,5203.5
58,5213.4
13,5213.4
31,5214.3
30,5215.2
14,5215.3
40,5226.7
46,5231.0
49,5238.2
8,5241.7
48,5257.6
45,5261.1
24,5261.2
46,5263.0
19,5264.0
34,5264.5
49,5264.6
31,5265.3
8,5265.4
30,5266.1
11,5266.8
58,5267.2
13,5269.5
16,5269.8
18,5270.0
40,5270.0
42,5270.2
61,5271.1
52,5271.6
21,5273.9
7,5274.6
14,5276.7
15,5277.7
20,5277.8
28,5279.0
57,5280.3
12,5281.0
0,5282.9
44,5283.0
38,5283.2
49,5283.4
27,5284.7
5,5284.8
32,5286.4
46,5286.9
31,5287.9
29,5287.9
37,5288.1
24,5288.6
26,5288.9
2,5289.7
34,5290.9
41,5291.1
6,5291.8
48,5293.6
19,5294.0
9,5294.1
54,5294.7
30,5294.9
45,5295.1
35,5295.2
8,5295.5
33,5296.1
22,5298.6
55,5298.8
58,5299.4
50,5299.4
18,5300.6
16,5301.7
42,5302.3
52,5302.6
61,5303.4
13,5304.0
1,5306.8
21,5306.9
7,5307.1
10,5307.7
40,5308.6
49,5309.9
43,5311.2
39,5313.5
31,5313.8
46,5314.3
20,5314.3
34,5319.3
24,5319.3
0,5319.9
62,5320.2
14,5320.7
37,5321.1
44,5323.4
41,5328.3
59,5328.7
38,5329.5
19,5329.6
26,5331.7
47,5333.9
5,5340.3
23,5340.7
42,5342.2
21,5343.8
61,5345.1
1,5345.9
2,5349.8
45,5354.0
43,5354.1
16,5357.5
46,5359.0
24,5366.2
0,5375.6
21,5410.3
28,5470.3
18,5495.4
58,5495.9
33,5503.3
55,5505.1
12,5526.9
56,5531.7
51,5533.8
46,5536.2
25,5536.8
54,5539.9
11,5558.9
5,5565.5
28,5566.9
18,5567.6
1,5570.2
62,5573.5
24,5575.5
46,5592.0
4,5595.2
31,5596.4
16,5596.7
33,5598.2
27,5598.9
6,5599.9
29,5600.7
43,5601.1
54,5602.1
47,5602.8
36,5603.3
5,5603.4
22,5603.7
30,5604.5
61,5605.1
20,5605.7
21,5605.9
52,5605.9
26,5611.8
19,5612.1
18,5617.8
0,5619.4
34,5620.0
50,5620.1
40,5621.1
49,5621.4
9,5622.1
37,5622.2
58,5623.4
8,5624.1
62,5624.4
13,5625.3
56,5625.5
46,5625.6
41,5625.6
1,5626.0
32,5626.0
48,5626.4
45,5626.8
17,5626.9
7,5627.1
35,5627.2
42,5627.4
55,5628.1
31,5628.4
15,5628.5
10,5628.5
33,5628.6
14,5629.3
29,5629.3
38,5629.6
16,5629.7
44,5630.1
24,5630.2
23,5630.2
25,5630.8
28,5631.0
53,5631.3
54,5631.4
3,5631.6
57,5632.7
4,5633.9
61,5635.3
30,5636.4
5,5636.6
52,5637.1
12,5637.8
19,5638.3
18,5638.7
20,5639.1
2,5640.3
34,5640.6
26,5640.7
27,5641.9
47,5642.0
21,5642.3
49,5642.3
58,5642.4
6,5642.4
43,5642.9
8,5643.5
37,5643.7
46,5643.7
39,5643.8
51,5644.3
11,5644.4
40,5644.4
50,5644.9
36,5645.5
31,5645.5
13,5645.8
0,5646.0
60,5646.6
22,5646.6
48,5646.7
16,5646.9
24,5647.6
32,5648.2
59,5648.9
14,5649.6
1,5650.3
45,5650.3
29,5650.3
7,5650.5
42,5650.5
33,5650.6
62,5651.2
56,5651.3
38,5651.9
15,5651.9
55,5652.0
9,5652.2
28,5652.7
41,5652.7
54,5654.6
35,5655.4
61,5656.0
30,5656.7
17,5657.0
25,5658.7
23,5659.2
19,5659.7
57,5660.5
5,5660.6
52,5660.6
44,5661.3
18,5663.6
34,5664.0
46,5666.0
49,5666.3
40,5673.7
24,5723.4
58,5727.6
31,5728.5
49,5737.5
46,5746.2
19,5760.8
49,5767.8
0,5782.0
48,5789.4
24,5799.3
31,5801.2
34,5802.0
30,5802.4
40,5803.8
8,5804.2
16,5805.8
14,5807.5
21,5808.6
49,5809.7
19,5811.3
48,5811.4
58,5812.7
27,5813.6
46,5814.8
37,5814.9
50,5816.1
20,5817.5
61,5818.4
26,5818.4
13,5819.6
32,5820.5
31,5820.7
2,5821.3
6,5822.3
24,5823.3
29,5824.2
12,5824.4
7,5824.5
42,5825.1
34,5825.3
11,5825.4
28,5826.0
0,5826.3
3,5827.9
52,5828.9
57,5829.2
54,5829.5
5,5829.7
49,5830.1
38,5831.2
30,5831.4
44,5831.8
18,5831.8
15,5833.0
8,5833.2
14,5833.7
43,5834.5
33,5835.6
40,5835.6
16,5837.0
59,5838.0
31,5838.8
46,5838.9
62,5841.0
45,5841.1
19,5841.6
55,5841.9
58,5844.3
21,5844.7
61,5845.1
35,5845.8
1,5846.3
50,5847.9
2,5848.1
26,5848.5
13,5849.0
34,5850.3
9,5851.5
47,5852.0
48,5852.5
20,5852.7
49,5852.9
41,5853.3
7,5853.3
23,5853.5
22,5855.1
27,5855.1
37,5856.3
12,5856.6
32,5856.9
6,5858.1
24,5858.3
42,5858.8
52,5860.2
18,5860.6
5,5861.8
28,5862.6
44,5864.1
39,5864.6
0,5864.7
17,5866.6
46,5869.5
19,5876.5
43,5877.5
1,5877.6
40,5878.4
61,5878.6
58,5879.5
21,5879.6
15,5882.3
16,5882.5
31,5885.8
24,5888.1
34,5889.2
30,5890.2
49,5891.0
59,5891.4
45,5893.6
42,5894.1
46,5895.4
14,5896.4
57,5898.6
2,5900.0
0,5902.3
19,5903.7
44,5904.1
52,5906.6
31,5909.2
58,5913.2
49,5913.7
62,5915.8
59,5917.6
61,5919.0
34,5919.4
44,5935.4
49,5967.0
14,5967.1
31,5977.0
2,6011.9
28,6056.4
21,6079.4
8,6084.8
33,6089.9
18,6090.5
27,6098.0
50,6098.2
10,6098.6
29,6099.4
24,6104.1
55,6106.0
22,6107.5
48,6108.3
40,6108.4
38,6109.4
20,6109.5
37,6110.5
53,6112.8
36,6113.1
51,6115.5
41,6115.6
56,6116.3
54,6116.5
60,6117.2
46,6119.3
25,6120.2
11,6121.1
34,6122.8
18,6123.2
1,6125.2
16,6125.3
9,6125.8
52,6126.1
19,6126.6
31,6127.4
5,6127.6
26,6128.2
61,6129.2
12,6129.9
13,6130.2
33,6130.4
62,6131.3
50,6131.8
0,6131.8
4,6132.6
8,6132.9
28,6133.9
7,6134.0
45,6134.5
6,6134.7
49,6135.0
32,6135.2
29,6135.2
58,6135.9
42,6136.0
55,6136.4
40,6136.5
37,6138.5
15,6138.9
30,6139.2
43,6139.3
14,6140.0
23,6140.6
21,6141.0
24,6141.1
59,6141.3
47,6141.9
54,6142.0
2,6142.3
35,6142.4
46,6142.7
20,6142.9
10,6142.9
17,6142.9
27,6143.9
38,6144.4
18,6145.8
57,6146.3
16,6147.0
22,6147.1
34,6147.3
3,6147.5
44,6147.5
41,6147.5
52,6147.9
5,6149.0
56,6149.3
53,6149.7
48,6150.2
36,6151.0
1,6151.0
19,6151.6
33,6152.0
31,6152.4
39,6152.4
26,6152.5
61,6154.1
9,6154.9
8,6155.2
25,6155.5
13,6155.7
50,6156.0
51,6156.4
62,6156.7
12,6156.8
0,6157.7
58,6158.4
7,6158.5
28,6158.7
11,6159.3
60,6160.9
49,6162.1
30,6162.3
55,6162.7
42,6163.0
6,6163.1
45,6163.3
4,6163.7
46,6164.7
29,6166.0
40,6166.1
24,6166.9
21,6167.7
43,6168.0
23,6171.5
2,6171.6
47,6174.1
20,6176.0
17,6178.3
1,6178.7
19,6189.4
62,6196.8
15,6203.0
41,6210.4
0,6230.4
16,6271.3
31,6277.1
34,6277.5
37,6278.5
14,6279.5
30,6280.1
24,6281.4
19,6281.6
46,6281.8
40,6282.0
58,6283.9
28,6284.7
0,6284.7
49,6287.2
8,6287.3
48,6287.6
11,6288.4
5,6291.6
42,6291.9
61,6293.2
18,6295.3
44,6295.7
22,6296.1
54,6296.4
52,6297.6
55,6297.9
26,6298.5
27,6302.5
16,6303.0
15,6303.5
13,6304.7
31,6305.4
45,6305.6
33,6306.0
50,6306.6
6,6308.0
21,6308.1
57,6308.5
20,6309.3
34,6310.3
17,6311.8
32,6311.9
19,6312.5
46,6312.6
30,6314.0
59,6315.3
7,6315.9
24,6316.5
14,6317.6
2,6318.5
49,6318.7
1,6318.9
8,6320.5
40,6321.2
12,6321.5
0,6322.6
28,6323.6
43,6324.9
5,6326.8
42,6327.0
58,6327.2
61,6327.5
3,6329.3
18,6331.1
52,6331.7
47,6332.3
26,6333.6
41,6333.7
44,6337.8
29,6339.6
16,6339.8
35,6340.8
9,6341.1
31,6342.2
21,6342.2
46,6342.5
48,6342.6
54,6342.7
34,6343.5
37,6344.3
23,6344.5
55,6344.5
30,6344.6
62,6344.9
13,6345.3
19,6345.6
33,6345.9
20,6346.6
8,6347.2
25,6347.9
51,6348.8
39,6349.4
50,6350.0
11,6350.7
24,6350.7
7,6352.5
49,6352.8
58,6353.0
40,6353.7
61,6353.9
22,6353.9
38,6354.0
10,6354.3
14,6354.3
6,6355.0
15,6356.1
18,6356.5
0,6356.8
1,6357.0
45,6357.5
2,6357.7
32,6357.8
5,6358.3
42,6358.5
17,6358.6
31,6359.2
27,6359.2
57,6359.6
16,6360.1
12,6360.1
28,6360.4
26,6361.0
46,6361.3
34,6361.9
52,6362.4
47,6364.7
30,6365.0
56,6365.9
43,6366.3
3,6367.8
54,6368.3
19,6368.9
48,6369.1
21,6369.7
13,6371.1
35,6371.2
8,6372.3
37,6373.1
44,6373.3
33,6373.4
41,6374.0
55,6374.2
49,6375.3
20,6376.0
62,6377.1
59,6377.9
31,6427.9
58,6428.8
40,6429.6
46,6430.1
24,6433.1
61,6433.1
0,6434.2
34,6439.5
19,6441.8
30,6443.3
14,6443.7
42,6444.4
49,6444.5
31,6450.0
16,6454.7
46,6463.9
49,6465.8
24,6475.4
58,6480.4
31,6481.3
17,6485.2
61,6494.2
8,6495.3
40,6498.0
48,6508.7
57,6509.4
11,6510.9
31,6511.6
34,6512.7
30,6514.6
19,6514.6
55,6515.7
49,6516.0
58,6516.4
8,6517.0
46,6517.7
0,6518.8
50,6520.2
14,6520.5
16,6520.6
13,6521.4
24,6521.4
38,6521.6
33,6523.5
40,6523.7
61,6523.7
18,6523.9
6,6524.3
21,6525.6
15,6526.3
54,6527.5
5,6528.5
32,6528.9
42,6529.4
12,6529.9
1,6530.4
37,6531.4
31,6531.5
7,6532.1
52,6535.0
34,6535.3
49,6535.3
17,6536.3
20,6537.1
26,6537.5
28,6538.4
22,6538.7
9,6540.7
46,6541.1
48,6541.4
30,6541.6
11,6541.6
44,6541.9
29,6542.4
35,6543.2
19,6543.9
45,6544.3
2,6544.8
59,6545.3
25,6545.3
51,6547.5
8,6548.4
55,6548.5
57,6548.8
58,6549.1
16,6549.4
23,6549.5
14,6552.0
18,6552.2
0,6552.5
47,6552.5
3,6553.0
33,6553.5
13,6553.6
61,6553.9
31,6553.9
41,6555.4
50,6555.8
5,6555.9
38,6556.5
21,6556.5
27,6558.2
24,6558.9
43,6559.5
62,6559.9
42,6560.0
39,6562.7
40,6562.9
49,6563.1
1,6564.6
34,6565.6
46,6567.1
20,6568.5
15,6572.4
17,6572.9
19,6579.1
0,6588.2
44,6590.3
21,6593.3
2,6595.6
22,6607.5
28,6633.2
43,6643.4
30,6690.5
6,6693.9
52,6700.9
32,6722.9
56,6729.2
18,6729.8
7,6738.5
16,6740.8
37,6744.0
58,6745.8
26,6752.7
54,6755.2
30,6758.7
49,6763.4
34,6767.9
53,6767.9
28,6768.6
4,6768.6
18,6770.5
36,6771.1
31,6774.0
12,6774.2
45,6774.8
62,6777.4
42,6778.9
60,6779.0
10,6780.3
5,6781.6
52,6786.5
16,6787.2
59,6787.4
61,6787.8
46,6788.2
0,6791.5
50,6791.8
24,6791.9
44,6793.8
55,6794.0
47,6794.0
19,6794.0
54,6794.1
14,6794.3
58,6795.2
8,6795.3
38,6795.4
32,6796.6
9,6796.8
29,6796.9
20,6798.0
33,6798.3
56,6798.3
37,6799.0
49,6799.8
30,6799.9
43,6800.2
57,6800.3
15,6800.4
18,6800.6
21,6800.7
17,6800.8
40,6801.1
41,6803.0
6,6803.4
1,6803.8
13,6803.9
28,6804.3
26,6806.4
7,6807.1
36,6807.3
2,6807.3
34,6807.5
23,6808.0
62,6808.1
35,6808.1
5,6808.2
48,6809.5
45,6810.3
31,6810.7
46,6810.7
39,6811.5
12,6811.6
52,6812.7
16,6813.0
42,6813.4
22,6813.8
25,6814.1
3,6815.2
51,6815.4
27,6816.2
19,6816.6
61,6817.4
8,6818.1
24,6818.4
50,6818.7
11,6818.8
58,6819.0
4,6819.3
53,6819.8
33,6820.3
10,6820.4
55,6820.7
0,6821.2
14,6821.9
18,6822.1
47,6822.3
29,6822.5
54,6822.8
38,6823.5
59,6823.7
30,6824.1
44,6824.3
32,6824.7
37,6824.8
60,6825.0
9,6825.5
20,6825.7
49,6827.7
43,6828.3
21,6828.3
56,6828.5
5,6828.9
1,6828.9
40,6829.3
13,6829.9
41,6829.9
28,6832.2
17,6832.7
15,6835.1
62,6835.6
46,6835.7
2,6837.3
7,6839.6
26,6839.8
23,6840.4
42,6844.8
6,6846.5
19,6851.3
0,6890.3
34,6893.0
31,6894.2
48,6895.6
24,6896.1
55,6897.6
30,6901.3
58,6902.3
19,6903.1
40,6907.0
46,6909.4
8,6910.8
11,6911.2
14,6912.3
49,6912.8
57,6913.7
50,6917.8
33,6918.1
13,6920.2
42,6920.3
52,6920.9
0,6921.3
31,6921.6
34,6924.1
28,6924.2
24,6929.1
20,6931.2
54,6931.8
6,6936.6
19,6938.6
30,6938.8
46,6942.0
5,6944.3
26,6946.8
21,6947.2
18,6948.4
7,6949.3
1,6950.7
32,6954.0
58,6957.4
49,6957.4
16,6959.1
61,6961.5
17,6962.4
48,6963.9
42,6966.8
0,6969.9
44,6971.4
8,6971.7
15,6972.4
37,6974.4
30,6975.8
34,6975.9
31,6976.6
19,6977.4
58,6979.0
46,6979.3
38,6979.3
14,6979.9
13,6980.5
24,6980.6
40,6981.0
43,6982.3
11,6982.4
49,6982.5
12,6983.0
45,6983.2
33,6983.2
5,6985.5
55,6987.0
50,6987.4
21,6987.4
52,6987.9
28,6988.0
16,6989.0
32,6989.3
54,6989.7
18,6989.8
26,6990.0
48,6990.2
20,6990.4
57,6990.8
10,6991.6
6,6993.5
3,6994.0
25,6994.5
27,6994.8
7,6994.9
51,6995.5
35,6996.0
22,6996.5
42,6996.6
2,6996.9
8,6997.1
47,6997.3
31,6998.4
30,7000.4
1,7000.8
34,7000.9
0,7001.1
61,7001.3
17,7001.5
46,7002.9
19,7003.3
49,7004.4
58,7006.7
13,7007.4
14,7007.7
33,7009.5
29,7009.8
24,7009.9
15,7010.0
5,7010.5
37,7011.0
44,7011.0
56,7011.2
41,7011.8
9,7012.2
62,7013.0
53,7013.6
18,7015.1
40,7015.3
50,7016.4
38,7016.8
12,7016.9
55,7017.8
45,7017.9
23,7018.3
11,7018.9
39,7019.3
28,7019.9
43,7020.1
21,7020.3
16,7021.1
54,7021.4
52,7021.8
20,7022.2
32,7025.0
59,7027.0
46,7031.6
42,7035.1
1,7035.7
0,7045.5
30,7049.5
24,7050.2
58,7050.6
49,7051.3
19,7052.9
34,7053.5
31,7054.7
14,7055.6
8,7056.4
48,7056.7
33,7059.8
57,7061.3
40,7066.9
46,7067.0
11,7070.5
49,7073.9
30,7076.8
31,7077.1
55,7084.6
13,7084.9
19,7085.4
0,7087.8
58,7088.0
14,7093.8
6,7094.5
28,7097.8
34,7098.8
49,7098.9
32,7109.0
31,7109.5
8,7114.0
24,7128.9
16,7132.5
34,7138.3
19,7139.0
58,7139.1
31,7139.5
30,7140.1
46,7141.5
8,7142.3
40,7143.5
49,7144.1
15,7144.2
61,7144.8
37,7144.9
33,7145.0
14,7145.4
0,7146.4
17,7148.9
48,7148.9
50,7149.7
11,7150.5
13,7151.4
57,7153.0
55,7153.2
42,7153.4
52,7153.9
20,7155.1
54,7156.2
24,7158.1
38,7158.5
31,7160.3
32,7161.3
18,7163.2
12,7163.8
49,7164.6
34,7166.2
16,7166.3
19,7166.4
46,7167.0
21,7169.0
45,7171.2
5,7172.1
33,7172.2
30,7172.5
58,7173.0
35,7174.8
28,7175.8
6,7179.0
8,7179.4
14,7180.0
1,7180.1
7,7180.4
22,7181.8
37,7182.2
51,7182.7
44,7183.1
26,7183.7
0,7186.5
40,7187.5
61,7188.8
2,7190.0
47,7190.8
42,7191.0
15,7193.9
59,7194.3
49,7196.0
41,7197.4
62,7198.4
20,7199.9
24,7201.7
43,7206.1
39,7206.2
5,7208.5
46,7209.1
21,7211.6
17,7212.4
19,7215.6
1,7221.8
58,7227.0
0,7231.5
16,7249.0
34,7331.2
31,7341.8
18,7342.4
54,7366.1
9,7372.0
52,7390.1
55,7391.1
10,7392.2
46,7395.9
50,7412.2
26,7416.2
13,7426.7
14,7427.6
33,7430.4
1,7441.2
5,7446.4
16,7453.8
30,7454.3
18,7455.5
46,7457.0
34,7457.9
24,7460.2
49,7460.2
19,7462.1
62,7462.3
55,7463.4
31,7474.3
36,7477.7
20,7479.8
61,7479.9
54,7480.2
5,7483.2
16,7484.2
14,7484.6
52,7484.7
37,7485.0
41,7485.5
0,7486.1
47,7486.8
28,7487.1
35,7487.2
38,7487.9
50,7488.9
58,7489.1
22,7489.4
18,7489.6
48,7489.6
46,7491.0
21,7491.1
33,7491.6
9,7491.9
40,7492.4
43,7492.5
3,7492.8
39,7494.1
7,7494.5
30,7495.8
1,7498.8
19,7499.1
42,7499.4
8,7499.5
45,7500.2
29,7501.5
55,7502.1
49,7503.3
12,7503.4
56,7503.4
34,7503.6
15,7504.0
31,7504.8
13,7505.1
26,7505.1
24,7505.6
44,7506.1
5,7506.8
2,7506.9
6,7506.9
10,7507.5
61,7507.8
27,7507.9
23,7508.2
62,7508.6
17,7508.8
32,7509.1
54,7510.1
53,7510.3
52,7510.3
16,7510.7
51,7510.7
4,7510.8
18,7511.0
57,7511.3
14,7512.4
36,7512.4
41,7512.5
37,7512.9
20,7513.1
25,7513.1
11,7513.8
58,7514.0
46,7514.6
50,7514.7
38,7514.7
0,7515.3
33,7516.5
60,7517.0
30,7517.5
28,7518.0
47,7518.1
21,7518.4
48,7519.0
8,7519.2
40,7519.8
34,7520.2
19,7520.3
35,7521.0
43,7521.2
31,7521.3
9,7521.5
49,7522.0
7,7522.0
22,7522.2
59,7522.9
13,7524.1
42,7524.1
24,7524.4
5,7525.2
3,7525.3
26,7525.5
1,7525.9
45,7526.2
56,7527.1
12,7527.9
29,7528.0
39,7530.1
44,7531.4
27,7533.9
55,7534.5
46,7534.5
6,7535.0
52,7537.1
14,7537.1
62,7537.3
61,7537.7
17,7539.5
20,7547.1
0,7556.3
19,7570.0
34,7598.4
48,7600.7
30,7600.8
24,7601.5
49,7602.6
31,7602.7
8,7605.4
58,7605.8
14,7615.6
19,7618.4
46,7618.5
0,7620.7
20,7661.7
14,7666.6
34,7667.5
49,7674.3
24,7675.2
30,7676.6
13,7678.9
25,7682.5
11,7682.7
16,7683.5
50,7684.3
33,7685.3
31,7686.0
8,7686.6
21,7686.9
48,7686.9
46,7687.5
34,7687.7
14,7688.0
51,7688.4
32,7689.2
43,7689.4
57,7690.6
19,7690.8
58,7691.0
0,7691.5
10,7691.9
37,7692.1
5,7692.8
18,7694.6
38,7695.9
28,7696.0
42,7697.2
26,7697.8
53,7698.0
54,7698.4
49,7698.4
20,7699.1
40,7699.5
27,7699.7
30,7700.2
44,7700.7
24,7702.2
7,7703.2
41,7703.5
2,7703.8
35,7704.6
13,7705.3
15,7707.6
52,7708.0
29,7709.2
12,7710.0
14,7710.2
46,7710.3
31,7710.3
33,7711.0
56,7711.1
16,7711.2
1,7712.4
11,7712.4
8,7712.4
61,7713.0
50,7713.8
6,7714.3
9,7714.4
5,7714.8
34,7715.5
4,7715.9
19,7716.9
18,7717.1
45,7717.3
21,7717.6
48,7717.8
47,7718.1
32,7718.2
23,7719.2
55,7719.4
22,7719.6
3,7720.6
25,7720.9
58,7722.5
17,7722.8
62,7722.9
0,7725.2
51,7725.4
37,7725.5
43,7725.6
49,7726.2
39,7726.8
30,7727.1
10,7729.3
26,7729.7
28,7730.5
59,7730.7
42,7731.0
38,7731.4
7,7732.6
57,7732.6
24,7733.3
20,7733.9
40,7734.4
41,7735.5
46,7735.7
44,7736.8
1,7740.7
2,7740.8
61,7740.8
16,7743.4
5,7746.0
15,7746.1
21,7748.0
19,7749.6
14,7756.5
0,7757.5
31,7759.7
58,7763.0
34,7764.2
30,7765.9
46,7769.0
49,7769.6
48,7771.1
8,7772.5
14,7775.6
11,7776.1
6,7777.8
10,7778.6
5,7781.1
29,7782.8
7,7785.1
19,7787.9
50,7788.9
31,7791.3
14,7807.2
49,7817.1
46,7818.8
32,7820.6
34,7821.5
5,7828.6
57,7870.8
33,7916.5
26,7918.6
13,7925.0
18,7928.0
62,7946.3
51,7947.7
56,7947.9
52,7948.9
54,7949.5
46,7952.7
12,7953.1
53,7953.8
24,7954.3
30,7954.6
17,7954.8
35,7958.1
55,7958.1
43,7959.1
45,7959.4
42,7959.7
16,7961.6
47,7963.7
25,7965.2
27,7966.5
23,7968.9
36,7969.5
5,7970.0
14,7971.7
49,7972.3
22,7972.6
19,7973.0
18,7974.6
33,7974.6
20,7976.2
52,7978.4
61,7979.4
62,7979.6
50,7980.0
24,7980.1
32,7980.6
21,7980.8
8,7981.5
44,7981.5
34,7981.6
9,7981.8
15,7981.9
13,7982.1
56,7982.1
58,7982.8
26,7983.3
37,7983.9
6,7984.0
0,7984.7
38,7985.5
46,7985.6
1,7986.1
28,7986.4
30,7987.0
41,7987.5
54,7988.2
51,7988.3
29,7988.4
31,7988.5
7,7988.8
16,7989.7
40,7989.9
39,7991.3
48,7992.2
10,7993.0
45,7994.6
17,7994.8
55,7995.6
59,7995.6
42,7996.1
5,7996.7
2,7997.2
12,7997.3
3,7997.6
35,7997.7
57,7998.0
33,7998.1
19,7998.5
18,7998.6
4,7999.6
49,7999.7
14,7999.9
47,8000.3
43,8000.9
11,8001.0
53,8001.3
52,8001.8
36,8002.5
20,8003.0
23,8003.5
27,8004.3
34,8004.3
62,8004.5
25,8005.0
61,8005.4
22,8006.7
8,8007.1
58,8007.1
24,8007.3
13,8007.8
50,8007.9
21,8008.4
46,8008.7
26,8009.0
32,8009.2
37,8010.9
0,8011.4
1,8012.6
30,8013.3
60,8013.4
6,8013.6
44,8013.7
9,8014.1
15,8014.3
28,8014.8
41,8015.6
7,8015.6
56,8016.4
16,8017.3
38,8018.0
40,8021.5
55,8029.3
42,8029.4
62,8040.9
17,8042.5
19,8044.7
24,8085.2
49,8102.1
3,8102.8
5,8126.8
14,8132.8
43,8134.1
48,8139.4
31,8140.4
2,8142.6
23,8143.1
33,8143.2
51,8143.3
34,8144.5
45,8145.0
47,8147.1
54,8148.0
46,8148.2
24,8150.1
50,8150.2
8,8150.2
49,8150.3
12,8150.5
20,8150.6
30,8150.6
18,8151.8
28,8152.9
52,8153.1
27,8153.5
5,8154.5
10,8155.0
0,8155.6
13,8155.9
3,8156.0
26,8156.4
19,8156.8
7,8158.3
58,8159.3
35,8159.5
31,8159.9
29,8160.0
16,8161.6
38,8161.6
42,8161.7
14,8162.2
43,8162.7
1,8163.0
32,8163.1
11,8163.3
57,8163.4
25,8163.7
48,8164.1
39,8164.7
6,8165.1
44,8165.8
37,8166.2
59,8166.5
4,8166.9
33,8167.5
21,8167.5
22,8167.6
56,8167.8
46,8169.0
34,8169.0
61,8169.4
51,8170.0
15,8170.1
30,8171.4
18,8171.6
17,8171.9
55,8172.7
8,8173.6
45,8173.6
50,8174.1
49,8174.3
23,8175.0
54,8175.4
41,8175.5
53,8175.9
5,8176.2
40,8176.4
2,8176.4
24,8176.7
9,8176.9
62,8176.9
47,8177.0
20,8177.4
52,8177.9
28,8178.7
12,8181.9
26,8182.0
13,8182.1
27,8183.1
0,8183.1
7,8184.3
19,8184.4
31,8185.7
16,8187.1
58,8187.9
42,8189.0
43,8189.5
1,8190.1
29,8190.9
46,8193.6
21,8198.7
61,8199.1
59,8206.5
20,8220.5
17,8220.6
40,8220.9
39,8221.6
48,8223.7
30,8224.2
24,8225.0
34,8227.2
46,8232.3
31,8232.7
19,8234.5
14,8234.6
5,8234.6
8,8234.6
49,8234.8
33,8235.5
50,8236.6
0,8240.1
28,8246.3
13,8249.2
43,8251.2
30,8259.5
42,8259.5
14,8263.3
24,8268.4
44,8279.7
46,8286.4
52,8291.6
26,8299.1
11,8301.6
7,8303.1
27,8303.6
6,8304.0
48,8304.6
51,8307.2
3,8307.2
35,8307.5
45,8307.9
31,8309.1
30,8309.6
54,8309.8
8,8310.3
58,8310.4
24,8311.3
13,8312.0
33,8312.3
46,8312.4
32,8312.5
57,8312.6
49,8313.1
14,8313.4
34,8313.4
50,8313.5
0,8313.8
43,8315.3
37,8315.9
19,8316.1
38,8316.2
18,8316.7
10,8317.8
25,8319.4
42,8319.5
5,8319.6
28,8320.7
44,8321.4
21,8321.9
1,8322.0
16,8322.6
52,8323.6
22,8328.0
41,8328.6
26,8329.5
51,8330.0
20,8330.0
62,8330.4
61,8331.9
14,8332.0
11,8332.9
9,8333.2
48,8334.0
27,8334.1
55,8334.1
30,8334.2
46,8334.4
7,8334.4
31,8335.0
4,8336.6
6,8337.2
32,8337.4
45,8337.5
47,8337.5
12,8337.6
15,8337.7
8,8338.1
54,8338.3
33,8339.3
24,8339.7
2,8340.2
23,8340.4
53,8340.8
35,8340.9
13,8341.2
58,8341.5
3,8341.5
49,8341.6
50,8342.1
18,8342.3
40,8342.6
56,8342.8
34,8343.0
29,8344.6
5,8345.4
17,8345.9
0,8346.5
43,8347.1
19,8347.2
36,8347.4
37,8348.4
57,8349.3
10,8350.1
16,8352.1
42,8352.1
1,8353.0
28,8353.7
21,8355.0
44,8357.5
26,8357.6
38,8358.2
52,8358.4
46,8358.9
20,8360.9
61,8361.7
41,8362.1
39,8367.2
62,8368.2
59,8370.5
40,8379.2
24,8380.5
19,8381.0
58,8381.3
50,8383.1
31,8383.4
30,8384.9
8,8386.0
48,8386.1
45,8387.5
54,8388.1
33,8388.6
14,8390.4
32,8390.5
51,8390.6
46,8391.8
6,8391.9
0,8392.2
49,8394.5
34,8394.8
13,8399.6
43,8400.6
26,8400.9
7,8401.6
37,8403.6
28,8404.7
10,8408.7
11,8409.8
42,8410.2
20,8410.4
14,8410.5
16,8410.7
31,8412.2
32,8412.3
24,8412.7
50,8414.6
51,8414.9
19,8417.7
30,8418.8
5,8419.4
17,8420.0
27,8420.4
46,8424.6
8,8425.4
52,8426.2
44,8426.6
18,8427.3
48,8432.8
33,8434.3
58,8435.2
0,8441.0
49,8442.4
6,8442.9
7,8447.9
13,8448.2
21,8449.1
28,8449.2
9,8450.1
45,8454.5
1,8456.1
61,8456.8
14,8456.9
34,8466.4
46,8478.4
57,8481.7
43,8489.2
55,8490.1
0,8498.4
31,8506.3
47,8531.4
12,8535.8
35,8547.5
30,8571.6
22,8579.8
25,8585.6
1,8618.9
31,8773.3
33,8776.8
30,8777.2
50,8777.8
27,8778.4
38,8779.8
13,8780.3
48,8780.4
51,8782.6
3,8782.9
35,8783.5
24,8783.6
11,8783.7
26,8783.9
19,8784.5
8,8785.1
46,8785.5
28,8785.7
0,8785.8
34,8786.1
32,8786.3
58,8786.6
43,8787.3
54,8787.4
5,8787.5
14,8787.9
16,8788.5
52,8788.9
57,8790.2
37,8790.3
49,8791.5
25,8791.7
53,8792.8
7,8792.9
18,8794.8
12,8795.3
22,8795.5
56,8795.8
15,8796.1
31,8796.1
10,8798.2
6,8798.8
30,8798.9
1,8799.0
33,8799.0
20,8799.1
61,8801.3
13,8802.3
50,8803.5
40,8804.7
44,8804.8
21,8805.2
23,8805.3
55,8805.3
62,8805.6
29,8806.0
27,8806.1
45,8806.2
42,8806.4
47,8806.6
2,8807.1
9,8807.2
41,8807.3
46,8807.6
17,8808.6
38,8808.9
5,8809.6
48,8809.9
19,8810.0
14,8810.1
34,8810.3
8,8810.4
26,8810.4
51,8810.7
4,8811.2
24,8811.3
16,8811.8
28,8811.9
3,8812.5
39,8812.7
35,8813.0
58,8813.5
54,8813.5
32,8813.7
36,8813.8
52,8813.9
11,8815.4
0,8816.0
49,8816.6
43,8816.7
37,8817.7
18,8818.0
7,8819.3
31,8821.7
12,8822.4
33,8822.7
1,8823.6
20,8824.2
59,8825.6
61,8826.5
15,8827.9
30,8828.1
21,8829.2
40,8830.3
46,8831.3
62,8832.2
44,8833.2
42,8834.0
23,8835.3
19,8837.1
2,8837.3
41,8838.3
26,8845.1
24,8845.3
14,8846.5
5,8848.4
0,8850.6
50,8851.2
27,8852.2
58,8852.6
28,8853.4
31,8856.4
30,8858.8
33,8860.2
6,8860.5
7,8861.1
52,8861.4
46,8862.0
48,8863.7
43,8865.5
19,8868.1
40,8881.1
0,8904.8
13,8931.8
11,8936.8
14,8937.4
31,8938.2
32,8939.5
51,8941.0
30,8943.1
33,8943.9
34,8944.1
24,8944.5
0,8945.0
50,8945.2
48,8950.6
19,8951.3
28,8956.1
46,8959.8
27,8963.0
54,8963.4
32,8965.1
9,8967.0
26,8969.4
14,8971.0
43,8972.1
31,8974.2
13,8976.2
35,8976.5
49,8978.6
7,8978.7
20,8978.8
58,8979.6
51,8979.6
52,8989.3
8,8990.0
0,8992.4
30,8993.0
1,8995.2
18,8998.2
5,9003.0
33,9004.1
46,9004.7
34,9004.8
44,9005.0
50,9007.3
61,9007.9
37,9008.0
19,9008.5
16,9010.6
47,9010.8
31,9011.5
26,9012.4
22,9013.4
38,9013.5
29,9013.7
13,9013.8
27,9014.4
30,9015.0
14,9015.5
32,9015.5
48,9016.0
57,9016.4
51,9016.5
28,9017.2
24,9017.3
11,9017.8
7,9018.5
49,9018.6
35,9018.9
8,9019.4
54,9019.7
52,9020.0
43,9020.0
25,9020.1
53,9020.2
20,9020.9
0,9021.1
3,9021.2
45,9021.4
58,9021.5
10,9025.0
21,9025.6
33,9025.6
17,9025.9
18,9026.1
12,9027.2
46,9027.5
6,9027.6
23,9028.5
1,9028.7
34,9028.9
50,9029.3
55,9029.3
9,9029.4
5,9030.0
40,9030.4
42,9030.5
15,9031.3
2,9032.1
41,9032.2
32,9033.3
61,9033.4
31,9034.8
16,9035.5
19,9035.7
56,9036.0
37,9036.1
14,9036.2
51,9036.4
30,9037.1
13,9037.3
26,9039.9
62,9040.9
39,9041.7
44,9042.2
47,9043.4
29,9043.7
28,9044.1
7,9044.9
22,9045.3
38,9045.3
24,9045.3
48,9045.7
27,9046.0
49,9048.9
20,9049.1
0,9049.2
46,9051.1
43,9051.6
57,9051.7
21,9053.2
58,9054.6
59,9056.2
1,9058.4
17,9064.4
40,9064.8
18,9067.7
42,9068.8
33,9198.6
34,9229.5
19,9229.6
52,9231.8
62,9238.7
12,9238.8
54,9239.9
23,9246.9
50,9247.7
5,9248.8
61,9249.0
41,9249.5
35,9249.9
6,9252.1
45,9257.6
46,9260.0
53,9261.8
8,9262.1
4,9262.8
25,9264.7
16,9265.1
14,9265.9
11,9266.5
31,9269.8
37,9270.2
33,9270.8
52,9273.6
54,9274.5
34,9275.4
19,9275.5
36,9275.6
18,9275.8
21,9277.4
7,9277.7
13,9280.4
49,9280.8
42,9281.2
5,9281.5
24,9281.8
30,9282.0
47,9283.4
26,9284.2
0,9284.2
38,9284.5
55,9284.5
1,9285.2
28,9286.8
32,9286.8
20,9287.7
60,9289.0
50,9289.2
10,9289.5
45,9290.1
15,9290.4
44,9290.6
16,9290.7
58,9290.7
61,9291.1
40,9292.5
56,9292.9
46,9293.4
12,9293.7
2,9293.9
23,9294.1
22,9294.1
62,9294.2
29,9295.0
43,9295.1
9,9295.8
41,9296.3
14,9296.5
48,9297.0
18,9297.7
35,9297.8
6,9297.9
8,9298.2
57,9298.6
51,9298.8
52,9298.8
33,9299.1
19,9299.6
37,9300.5
31,9300.7
27,9301.2
59,9302.2
54,9302.3
17,9302.8
3,9302.9
39,9303.0
36,9303.1
53,9303.7
5,9303.7
34,9304.0
24,9305.9
21,9306.4
4,9306.5
7,9307.2
30,9307.2
26,9307.9
25,9308.2
42,9308.8
13,9309.0
49,9309.6
11,9310.4
55,9310.5
1,9310.8
28,9311.5
20,9312.1
47,9312.5
0,9312.7
50,9313.4
38,9314.0
61,9314.4
46,9314.5
58,9315.4
16,9315.4
32,9317.0
45,9317.5
40,9319.2
62,9320.0
2,9320.9
15,9321.9
44,9322.0
43,9322.1
23,9324.7
18,9324.9
19,9333.7
6,9342.8
14,9348.9
1,9377.2
42,9390.8
33,9393.4
48,9393.6
24,9393.7
5,9396.1
26,9396.3
8,9397.0
52,9403.5
21,9407.1
46,9408.6
11,9408.6
0,9409.4
17,9409.6
31,9410.4
27,9411.0
30,9411.6
29,9413.2
43,9413.3
2,9416.1
6,9416.2
50,9416.7
28,9416.8
54,9416.9
14,9417.7
57,9417.9
51,9418.7
7,9420.0
56,9420.1
33,9420.4
20,9421.7
22,9422.0
19,9422.7
1,9423.1
32,9424.1
9,9424.9
24,9425.2
10,9425.4
3,9427.0
48,9427.3
44,9430.4
37,9430.8
13,9431.4
5,9431.7
41,9431.8
18,9432.7
26,9433.9
52,9435.1
8,9436.0
61,9436.4
46,9437.1
42,9437.8
58,9439.5
49,9441.4
62,9441.9
30,9442.0
0,9443.6
34,9444.3
21,9445.2
31,9446.2
23,9446.6
43,9446.8
47,9447.7
17,9448.1
4,9448.6
15,9448.7
16,9449.1
14,9449.3
55,9449.6
54,9450.8
40,9451.1
28,9451.2
11,9453.6
27,9453.6
2,9453.9
12,9454.3
19,9455.3
1,9455.5
33,9455.8
20,9456.4
25,9456.9
29,9457.3
39,9458.4
50,9458.7
7,9459.4
45,9459.8
18,9462.4
6,9463.3
24,9464.3
5,9465.3
26,9466.4
46,9467.5
13,9467.9
38,9468.1
8,9468.7
57,9469.7
37,9470.0
58,9470.8
44,9470.9
32,9471.6
61,9473.1
0,9473.1
52,9473.1
35,9473.8
30,9474.6
22,9475.7
48,9476.1
31,9476.1
41,9476.2
21,9477.1
34,9477.5
49,9478.0
33,9478.2
43,9478.9
27,9479.7
3,9479.8
42,9480.2
14,9480.3
11,9480.8
16,9480.8
54,9481.4
51,9481.5
56,9481.7
53,9482.2
28,9482.2
9,9482.9
23,9483.6
36,9483.9
2,9485.1
29,9485.2
1,9485.3
20,9485.7
59,9485.8
50,9486.0
47,9486.3
17,9486.4
10,9486.5
40,9487.1
18,9487.3
24,9487.5
62,9487.6
15,9488.3
19,9488.6
46,9490.1
5,9491.4
55,9491.8
6,9493.0
7,9494.4
26,9494.6
39,9494.8
8,9496.0
12,9497.7
32,9498.0
0,9553.3
33,9553.6
48,9554.5
31,9557.5
14,9562.2
57,9568.7
32,9572.1
30,9572.3
46,9572.3
11,9572.9
51,9573.0
24,9573.0
28,9578.3
8,9581.5
20,9582.3
54,9584.9
14,9588.2
61,9589.8
33,9590.9
9,9593.1
37,9594.1
50,9596.8
6,9611.5
0,9617.1
46,9618.3
32,9618.3
48,9619.5
27,9621.5
5,9622.7
31,9624.6
26,9626.5
19,9627.3
13,9633.4
52,9637.2
33,9638.5
44,9640.1
49,9640.3
14,9640.8
8,9641.2
24,9641.6
48,9641.8
11,9642.1
58,9642.4
51,9642.5
46,9642.6
54,9643.8
30,9643.9
50,9645.6
21,9645.7
43,9645.7
27,9645.8
32,9645.8
0,9646.1
7,9646.6
37,9646.8
31,9648.1
28,9648.5
18,9648.6
5,9649.0
20,9649.6
29,9649.6
6,9649.7
2,9649.9
3,9650.3
16,9650.3
57,9650.7
25,9650.8
1,9652.3
61,9653.7
34,9655.2
9,9655.4
42,9655.8
26,9656.6
45,9656.8
4,9659.5
35,9659.8
46,9661.3
41,9661.4
24,9661.9
56,9661.9
10,9662.2
14,9663.0
23,9663.1
17,9663.3
19,9663.6
52,9663.7
51,9664.0
53,9664.4
13,9664.7
39,9664.8
33,9665.4
47,9665.8
8,9667.0
32,9667.6
22,9667.7
49,9669.1
55,9669.5
62,9669.6
30,9670.2
15,9670.5
48,9671.7
50,9671.9
58,9672.0
18,9672.6
38,9672.7
11,9673.8
5,9674.4
43,9675.0
44,9675.0
54,9675.5
0,9676.0
12,9676.3
31,9676.7
16,9677.1
37,9677.2
40,9677.3
21,9677.5
28,9677.6
9,9677.7
7,9678.9
36,9680.8
20,9681.6
27,9682.0
61,9683.5
1,9684.5
14,9687.2
46,9688.3
59,9688.7
42,9689.7
24,9690.8
19,9691.0
41,9693.2
17,9719.1
62,9758.2
0,9759.9
6,9846.9
2,9856.3
57,9858.0
33,9862.4
52,9876.8
58,9881.4
26,9882.1
34,9883.3
18,9886.0
25,9890.7
29,9890.9
23,9895.8
46,9896.4
40,9899.1
45,9905.8
16,9915.8
30,9922.1
18,9923.3
61,9923.3
31,9923.5
24,9923.6
14,9924.5
13,9927.3
33,9930.4
7,9931.9
21,9937.9
5,9939.0
49,9940.6
34,9943.1
52,9944.9
19,9947.9
16,9948.0
20,9948.5
50,9949.0
9,9949.6
28,9950.1
15,9951.0
54,9951.3
43,9952.2
41,9952.4
46,9952.6
45,9952.9
56,9953.3
38,9953.6
58,9953.9
1,9954.7
30,9956.1
62,9956.4
35,9956.5
2,9956.8
18,9958.4
60,9958.9
55,9959.4
42,9960.4
8,9961.3
0,9961.3
14,9962.0
31,9963.0
32,9963.9
47,9964.1
48,9965.8
51,9966.6
37,9966.6
24,9966.6
33,9967.7
39,9967.8
22,9967.9
3,9968.2
5,9968.3
7,9968.6
26,9968.8
29,9968.9
61,9969.2
53,9969.7
40,9970.0
12,9970.3
6,9970.6
34,9970.6
36,9970.8
44,9971.6
49,9972.3
11,9973.3
19,9973.5
13,9973.9
4,9974.1
21,9974.1
27,9974.5
52,9974.7
59,9974.7
16,9974.7
10,9975.0
23,9975.1
17,9975.6
46,9975.8
20,9976.2
25,9976.7
50,9977.9
28,9978.4
57,9979.0
58,9979.1
54,9979.3
18,9980.3
15,9980.4
1,9980.7
45,9982.1
30,9982.3
41,9983.1
9,9983.2
43,9983.2
2,9983.6
62,9984.0
38,9984.4
8,9985.2
56,9985.9
42,9987.1
14,9987.8
55,9988.1
0,9988.2
31,9988.6
5,9989.8
35,9990.0
32,9993.7
7,9994.2
47,9994.7
61,9995.2
24,9995.7
26,9996.5
46,9999.2
