22,87.9
19,88.2
10,88.3
17,88.3
26,88.5
0,88.6
27,88.8
1,88.9
6,89.1
23,89.2
18,89.2
8,89.2
28,89.5
29,90.0
31,90.1
11,90.1
3,90.5
5,90.6
21,90.6
16,90.7
14,90.9
13,91.1
4,91.1
22,91.2
15,91.6
10,91.7
19,91.8
17,91.8
2,92.0
9,92.0
26,92.1
20,92.1
0,92.3
27,92.9
25,93.4
1,93.4
18,94.0
23,94.2
6,94.2
8,94.4
28,95.1
22,95.3
10,95.3
19,95.4
17,95.5
26,95.9
0,96.9
16,97.4
27,97.4
5,97.9
3,98.0
29,98.0
11,98.0
31,98.7
8,98.9
1,98.9
10,99.6
19,100.3
17,100.6
26,101.6
18,101.7
22,101.9
23,101.9
21,102.0
9,102.3
0,102.6
6,102.7
25,103.4
2,103.6
14,103.7
27,104.0
20,105.2
28,105.6
8,105.9
4,106.0
10,106.2
16,108.2
13,108.5
19,108.8
17,109.0
15,109.3
1,110.4
26,112.2
0,113.7
22,117.4
5,118.5
23,119.2
27,120.0
10,120.7
8,120.9
31,123.2
17,128.7
19,131.4
22,167.6
17,168.0
19,168.0
10,168.0
0,168.2
26,168.2
27,168.5
1,168.6
6,168.8
8,168.9
18,168.9
23,168.9
28,169.2
29,169.7
11,169.7
31,169.8
3,170.1
5,170.2
21,170.2
16,170.3
14,170.4
13,170.5
4,170.7
22,170.8
15,171.0
9,171.4
19,171.4
10,171.4
17,171.6
20,171.6
2,171.6
26,171.8
0,172.0
27,172.4
25,172.6
1,172.9
18,173.5
23,173.5
6,173.7
8,173.9
22,174.7
19,174.7
28,174.7
10,174.9
17,175.1
26,175.5
0,176.5
16,176.7
27,176.9
5,177.1
29,177.3
11,177.5
3,177.5
31,177.8
1,178.1
8,178.3
10,179.0
19,179.5
17,180.0
22,180.8
23,180.9
18,181.0
26,181.2
9,181.3
21,181.4
6,181.7
0,182.0
25,182.3
14,183.1
2,183.1
27,184.2
20,184.5
28,184.8
8,184.9
13,185.1
10,185.2
4,185.3
19,187.6
1,188.1
17,188.3
15,189.3
16,189.7
26,192.1
0,192.5
22,193.7
10,198.4
8,201.9
27,205.0
19,225.9
22,247.6
19,247.9
10,248.0
17,248.0
26,248.1
0,248.2
27,248.4
1,248.5
23,248.8
6,248.8
8,248.9
18,248.9
28,249.2
29,249.7
11,249.7
31,249.8
3,250.1
21,250.2
5,250.2
16,250.3
14,250.5
13,250.6
4,250.7
22,250.8
15,251.1
19,251.4
10,251.4
9,251.4
17,251.4
2,251.5
20,251.6
26,251.7
0,252.0
27,252.5
25,252.7
1,252.9
6,253.6
18,253.6
23,253.6
8,253.8
28,254.5
10,254.8
19,254.8
22,254.8
17,255.0
26,255.6
0,256.1
16,256.6
27,256.9
29,257.2
5,257.3
3,257.5
11,257.5
31,257.8
1,258.2
8,258.2
10,259.0
19,259.5
17,260.0
22,260.8
23,260.9
18,261.1
21,261.2
9,261.2
26,261.2
0,261.7
6,261.9
2,262.6
25,262.8
14,262.9
27,264.0
28,264.5
20,265.1
10,265.4
8,265.6
4,265.6
13,266.0
19,267.6
1,268.6
17,268.6
15,270.3
16,270.7
26,272.3
0,272.6
22,273.9
10,279.2
8,282.4
27,282.7
23,285.1
17,298.9
22,632.9
19,633.2
10,633.3
17,633.3
26,633.4
0,633.5
27,633.7
1,633.8
6,634.1
8,634.1
18,634.2
23,634.2
28,634.5
29,635.0
11,635.0
31,635.1
3,635.4
5,635.5
21,635.5
16,635.7
14,635.8
13,636.0
4,636.0
22,636.1
15,636.5
10,636.7
19,636.7
17,636.8
9,636.9
2,637.0
26,637.1
20,637.1
0,637.3
27,637.9
25,638.2
1,638.3
23,639.0
18,639.0
6,639.1
8,639.4
19,640.2
28,640.2
22,640.2
10,640.3
17,640.5
26,640.9
0,642.0
16,642.3
27,642.3
29,642.7
5,642.7
3,642.8
11,643.2
31,643.7
8,643.8
1,643.9
10,644.6
19,645.0
17,645.6
26,646.6
22,646.6
18,646.7
23,646.7
9,647.1
21,647.4
6,647.5
0,647.9
25,648.1
2,648.5
27,649.2
14,649.4
20,650.2
8,650.5
28,650.9
10,651.3
4,651.4
19,653.0
16,653.5
13,654.0
17,654.0
1,654.9
15,655.8
26,657.4
0,659.8
22,661.5
23,664.8
8,665.5
10,665.9
27,666.4
5,666.5
19,672.6
17,675.2
22,712.6
19,713.0
10,713.0
17,713.0
26,713.2
0,713.2
27,713.5
1,713.6
6,713.8
8,713.8
18,713.9
23,713.9
28,714.2
29,714.7
31,714.7
11,714.7
3,715.1
21,715.2
5,715.2
16,715.3
14,715.4
13,715.5
4,715.5
22,715.8
15,716.1
10,716.4
19,716.4
20,716.5
9,716.5
2,716.6
17,716.6
26,716.8
0,717.0
27,717.4
25,717.7
1,717.9
23,718.6
18,718.7
6,718.7
8,718.9
19,719.7
22,719.7
28,719.7
10,719.9
17,720.1
26,720.5
0,721.5
16,721.7
27,721.9
5,722.1
29,722.3
11,722.5
3,722.5
31,722.7
1,723.1
8,723.3
10,724.0
19,724.5
17,725.0
22,725.8
23,725.9
26,726.2
18,726.3
9,726.3
21,726.4
6,726.7
0,726.9
25,727.3
14,728.1
2,728.1
4,729.1
27,729.2
20,729.3
28,729.8
8,729.9
13,730.2
10,730.2
19,732.6
1,733.1
17,733.6
15,734.4
16,734.7
26,737.1
0,737.5
22,738.2
10,743.4
8,745.5
27,750.2
19,771.2
22,792.6
19,792.9
10,793.0
17,793.0
26,793.1
0,793.2
27,793.4
1,793.5
23,793.8
6,793.8
18,793.9
8,793.9
28,794.2
31,794.7
29,794.7
11,794.7
3,795.1
21,795.2
5,795.2
16,795.3
14,795.5
13,795.6
4,795.7
22,795.8
15,796.1
19,796.4
17,796.4
9,796.4
10,796.4
2,796.5
20,796.6
26,796.8
0,797.0
27,797.5
25,797.7
1,797.9
18,798.6
6,798.6
23,798.6
8,798.8
28,799.5
19,799.8
10,799.8
22,799.8
17,800.0
26,800.6
0,801.1
16,801.8
27,801.9
5,802.2
29,802.2
3,802.4
11,802.5
31,802.7
8,803.2
1,803.2
10,804.0
19,804.5
17,805.0
22,805.8
23,805.9
18,806.1
21,806.2
26,806.2
9,806.3
0,806.7
6,806.8
2,807.7
25,808.0
14,808.0
27,809.2
20,809.5
28,809.5
4,809.8
10,810.4
8,810.6
13,811.0
19,812.5
1,813.3
17,813.6
15,815.5
16,815.9
26,817.4
0,817.7
22,818.8
10,823.7
8,827.3
27,828.3
23,829.8
17,848.1
19,852.0
22,872.6
19,872.9
17,873.0
10,873.0
26,873.1
0,873.2
27,873.4
1,873.5
23,873.8
18,873.8
6,873.8
8,873.9
28,874.2
11,874.7
29,874.7
31,874.7
3,875.1
5,875.1
21,875.2
16,875.3
14,875.5
13,875.6
4,875.7
22,875.8
15,876.1
9,876.4
19,876.4
10,876.4
17,876.4
2,876.5
20,876.6
26,876.8
0,877.0
27,877.4
25,877.7
1,877.9
23,878.6
18,878.6
6,878.6
8,878.8
28,879.5
22,879.8
10,879.8
19,879.8
17,880.0
26,880.6
0,881.1
16,881.7
27,881.8
5,882.2
29,882.2
3,882.4
11,882.5
31,882.8
8,883.2
1,883.2
10,884.0
19,884.5
17,885.0
23,885.9
22,885.9
18,886.1
21,886.2
26,886.2
9,886.3
0,886.8
6,886.8
2,887.6
25,887.7
14,887.9
27,888.8
28,889.5
20,889.8
4,889.9
8,890.3
10,890.4
13,892.0
19,892.6
1,893.3
17,893.6
15,895.7
16,895.8
26,897.4
0,898.2
22,899.0
10,904.5
27,908.4
8,913.8
22,1257.9
19,1258.2
10,1258.3
17,1258.3
26,1258.4
0,1258.5
27,1258.7
1,1258.8
6,1259.1
8,1259.1
18,1259.2
23,1259.2
28,1259.5
11,1260.0
29,1260.0
31,1260.1
3,1260.4
5,1260.5
21,1260.5
16,1260.7
14,1260.8
13,1261.0
4,1261.0
22,1261.1
15,1261.5
19,1261.7
10,1261.7
17,1261.8
9,1262.0
2,1262.0
26,1262.1
20,1262.1
0,1262.3
27,1262.9
1,1263.3
25,1263.3
23,1264.0
18,1264.0
6,1264.1
8,1264.4
19,1265.2
22,1265.2
28,1265.2
10,1265.4
17,1265.5
26,1266.1
0,1267.0
16,1267.3
27,1267.3
29,1267.7
5,1267.7
3,1267.9
11,1268.2
31,1268.7
8,1268.8
1,1268.9
10,1269.6
19,1270.0
17,1270.6
22,1271.6
18,1271.7
23,1271.8
26,1271.9
9,1272.1
21,1272.4
6,1272.5
0,1272.9
25,1273.1
2,1273.5
27,1274.2
14,1274.4
20,1275.5
8,1275.5
28,1275.9
10,1276.3
4,1276.5
19,1278.0
16,1278.4
17,1279.1
13,1279.7
1,1279.9
15,1280.8
26,1283.5
0,1284.6
22,1286.4
23,1289.6
5,1289.8
8,1290.3
10,1290.8
27,1291.4
19,1297.6
17,1301.0
22,1337.6
17,1338.0
10,1338.0
19,1338.0
0,1338.2
26,1338.2
27,1338.5
1,1338.6
6,1338.8
18,1338.9
8,1338.9
23,1338.9
28,1339.2
31,1339.7
29,1339.7
11,1339.7
3,1340.1
21,1340.2
16,1340.2
5,1340.2
14,1340.4
13,1340.5
4,1340.6
22,1340.8
15,1341.1
10,1341.4
19,1341.4
9,1341.5
2,1341.6
20,1341.6
17,1341.6
26,1341.8
0,1342.0
27,1342.4
25,1342.7
1,1342.9
23,1343.6
18,1343.7
6,1343.7
8,1343.9
22,1344.7
28,1344.7
10,1344.9
19,1344.9
17,1345.1
26,1345.5
0,1346.5
16,1346.7
27,1346.9
5,1347.1
11,1347.2
29,1347.3
3,1347.5
31,1347.7
1,1348.2
8,1348.3
10,1349.0
19,1349.7
17,1350.0
22,1350.8
23,1350.9
26,1351.2
18,1351.2
9,1351.3
21,1351.4
6,1351.7
0,1351.9
25,1352.3
14,1353.1
2,1353.1
27,1354.2
20,1354.4
28,1354.8
4,1355.1
8,1355.1
13,1355.2
10,1355.2
19,1357.8
1,1358.2
17,1358.6
15,1359.4
16,1359.8
26,1362.1
0,1362.5
22,1363.2
10,1368.4
8,1372.6
27,1375.0
22,1417.6
19,1417.9
17,1418.0
10,1418.0
26,1418.2
0,1418.2
27,1418.4
1,1418.5
6,1418.8
23,1418.8
8,1418.9
18,1418.9
28,1419.2
31,1419.7
29,1419.7
11,1419.7
3,1420.1
5,1420.2
21,1420.2
16,1420.3
14,1420.5
13,1420.6
4,1420.7
22,1420.8
15,1421.1
9,1421.4
10,1421.4
19,1421.4
17,1421.4
2,1421.5
20,1421.6
26,1421.8
0,1422.0
27,1422.5
25,1422.7
1,1422.9
6,1423.6
23,1423.6
18,1423.6
8,1423.8
28,1424.5
22,1424.8
10,1424.8
19,1424.8
17,1425.0
26,1425.6
0,1426.1
16,1426.7
27,1426.9
29,1427.2
5,1427.2
11,1427.4
3,1427.4
31,1427.7
8,1428.2
1,1428.2
10,1429.0
19,1429.5
17,1430.0
22,1430.8
23,1430.9
18,1431.1
26,1431.2
21,1431.2
9,1431.3
0,1431.7
6,1431.8
2,1432.7
14,1433.0
25,1433.1
27,1434.2
28,1434.5
4,1434.9
20,1435.0
10,1435.4
8,1435.6
13,1436.1
19,1437.5
1,1438.3
17,1438.6
15,1440.6
16,1440.6
26,1442.3
0,1442.7
22,1443.8
10,1449.5
8,1453.0
27,1454.2
23,1456.0
17,1468.0
19,1476.1
22,1497.6
19,1497.9
10,1498.0
17,1498.0
26,1498.1
0,1498.2
27,1498.4
1,1498.5
6,1498.8
23,1498.8
8,1498.9
18,1498.9
28,1499.2
31,1499.7
11,1499.7
29,1499.7
3,1500.1
5,1500.1
21,1500.2
16,1500.3
14,1500.5
13,1500.6
4,1500.7
22,1500.8
15,1501.1
19,1501.4
9,1501.4
10,1501.4
17,1501.4
2,1501.5
20,1501.6
26,1501.8
0,1502.0
27,1502.5
25,1502.7
1,1502.9
23,1503.6
18,1503.6
6,1503.6
8,1503.8
28,1504.5
10,1504.8
19,1504.8
22,1504.8
17,1505.0
26,1505.6
0,1506.1
16,1506.6
27,1506.9
29,1507.2
5,1507.2
3,1507.4
11,1507.5
31,1507.8
8,1508.2
1,1508.2
10,1509.0
19,1509.5
17,1510.0
22,1510.9
23,1510.9
18,1511.1
21,1511.2
26,1511.2
9,1511.3
0,1511.8
6,1511.8
2,1512.7
14,1513.0
25,1513.0
27,1514.2
28,1514.5
4,1514.9
20,1515.2
8,1515.3
10,1515.4
13,1517.0
19,1517.6
17,1518.6
1,1518.7
16,1520.8
15,1520.8
26,1522.3
0,1523.2
22,1524.0
10,1529.5
27,1535.1
8,1538.4
22,1882.9
19,1883.2
10,1883.3
17,1883.3
26,1883.4
0,1883.5
27,1883.7
1,1883.8
6,1884.1
8,1884.1
18,1884.2
23,1884.2
28,1884.5
11,1885.0
29,1885.0
31,1885.1
3,1885.4
21,1885.5
5,1885.5
16,1885.7
14,1885.8
13,1886.0
4,1886.0
22,1886.1
15,1886.5
17,1886.8
10,1886.8
19,1886.9
2,1887.0
9,1887.0
26,1887.1
20,1887.1
0,1887.3
27,1887.9
1,1888.3
25,1888.3
23,1889.0
18,1889.0
6,1889.1
8,1889.4
22,1890.2
28,1890.2
19,1890.3
10,1890.4
17,1890.5
26,1891.1
0,1892.0
16,1892.3
27,1892.3
5,1892.7
29,1892.7
3,1892.9
11,1893.2
31,1893.7
8,1893.8
1,1893.9
10,1894.6
19,1895.3
17,1895.6
18,1896.7
23,1896.8
22,1896.8
26,1896.9
9,1897.1
21,1897.4
6,1897.5
0,1897.9
25,1898.1
2,1898.5
27,1899.2
14,1899.4
8,1900.5
20,1900.6
28,1900.9
10,1901.3
4,1901.5
16,1903.5
19,1903.8
17,1904.2
13,1904.8
1,1904.9
15,1905.9
26,1908.5
0,1909.6
22,1911.9
23,1914.5
5,1914.8
8,1915.3
10,1915.8
27,1917.0
17,1925.8
19,1929.9
22,1962.6
10,1963.0
17,1963.0
19,1963.0
26,1963.2
0,1963.2
27,1963.5
1,1963.6
6,1963.8
18,1963.9
8,1963.9
23,1963.9
28,1964.2
31,1964.7
29,1964.7
11,1964.7
3,1965.1
5,1965.2
16,1965.2
21,1965.2
14,1965.4
13,1965.5
4,1965.6
22,1965.8
15,1966.1
19,1966.4
10,1966.4
9,1966.5
20,1966.6
2,1966.6
17,1966.6
26,1966.8
0,1967.0
27,1967.4
25,1967.7
1,1967.9
23,1968.6
18,1968.7
6,1968.7
8,1968.9
22,1969.7
28,1969.7
10,1969.9
19,1969.9
17,1970.1
26,1970.6
0,1971.5
16,1971.7
27,1971.9
5,1972.1
11,1972.2
29,1972.3
3,1972.5
31,1972.7
1,1973.2
8,1973.3
10,1974.0
19,1974.7
17,1975.0
22,1975.8
23,1975.9
18,1976.2
26,1976.2
9,1976.3
21,1976.4
6,1976.7
0,1976.9
25,1977.4
2,1978.1
14,1978.1
27,1979.2
20,1979.4
28,1979.8
8,1980.1
4,1980.1
13,1980.2
10,1980.2
19,1982.8
1,1983.2
17,1983.6
15,1984.5
16,1984.6
26,1987.2
0,1987.5
22,1988.2
10,1993.4
8,1997.6
27,2000.9
22,2042.6
19,2042.9
10,2043.0
17,2043.0
0,2043.2
26,2043.2
27,2043.4
1,2043.5
6,2043.8
23,2043.8
18,2043.9
8,2043.9
28,2044.2
29,2044.7
11,2044.7
31,2044.8
3,2045.1
5,2045.2
21,2045.2
16,2045.3
14,2045.5
13,2045.6
4,2045.7
22,2045.8
15,2046.1
10,2046.4
19,2046.4
9,2046.4
17,2046.4
2,2046.5
20,2046.6
26,2046.8
0,2047.0
27,2047.5
25,2047.7
1,2047.9
18,2048.6
23,2048.6
6,2048.6
8,2048.8
28,2049.5
19,2049.8
10,2049.8
22,2049.8
17,2050.0
26,2050.6
0,2051.1
16,2051.7
27,2051.9
11,2052.2
29,2052.2
5,2052.3
3,2052.4
31,2052.8
1,2053.2
8,2053.2
10,2054.0
19,2054.5
17,2055.0
22,2055.8
23,2055.9
18,2056.1
26,2056.2
21,2056.2
9,2056.3
6,2056.8
0,2056.9
2,2057.7
14,2057.9
25,2058.1
27,2059.2
28,2059.5
20,2059.6
10,2060.4
4,2060.6
8,2060.6
13,2061.1
19,2062.6
1,2063.3
17,2063.6
15,2065.7
16,2065.7
26,2067.3
0,2068.2
22,2068.8
10,2074.6
8,2078.1
27,2079.6
23,2080.8
17,2093.6
19,2102.6
22,2122.6
19,2122.9
10,2123.0
17,2123.0
26,2123.1
0,2123.2
27,2123.4
1,2123.5
23,2123.8
6,2123.8
8,2123.9
18,2123.9
28,2124.2
11,2124.7
31,2124.7
29,2124.7
3,2125.1
21,2125.2
5,2125.2
16,2125.3
14,2125.5
13,2125.6
4,2125.7
22,2125.8
15,2126.1
10,2126.4
17,2126.4
9,2126.4
2,2126.5
19,2126.5
20,2126.6
26,2126.8
0,2127.0
27,2127.5
25,2127.7
1,2127.9
6,2128.6
18,2128.6
23,2128.6
8,2128.8
28,2129.5
10,2129.8
22,2129.8
19,2129.9
17,2130.0
26,2130.6
0,2131.2
16,2131.7
27,2131.9
29,2132.2
5,2132.2
3,2132.4
11,2132.5
31,2132.8
1,2133.2
8,2133.2
10,2134.0
19,2134.7
17,2135.0
23,2135.9
22,2135.9
18,2136.1
26,2136.2
21,2136.2
9,2136.3
6,2136.8
0,2136.8
2,2137.7
25,2138.0
14,2138.0
27,2139.2
28,2139.5
4,2139.9
20,2140.2
8,2140.3
10,2140.4
13,2142.0
19,2142.8
17,2143.6
1,2143.7
15,2145.8
16,2145.8
26,2147.3
0,2148.2
22,2149.0
10,2154.5
27,2160.1
8,2163.4
22,2507.9
19,2508.2
10,2508.3
17,2508.3
26,2508.4
0,2508.5
27,2508.7
1,2508.8
8,2509.1
6,2509.1
18,2509.2
23,2509.2
28,2509.5
11,2510.0
29,2510.0
31,2510.1
3,2510.4
5,2510.5
21,2510.5
16,2510.7
14,2510.8
13,2511.0
4,2511.0
22,2511.1
15,2511.5
10,2511.8
17,2511.8
19,2511.9
2,2512.0
9,2512.0
26,2512.1
20,2512.1
0,2512.3
27,2512.9
25,2513.3
1,2513.3
18,2514.0
6,2514.1
23,2514.2
8,2514.4
22,2515.2
28,2515.2
19,2515.4
10,2515.4
17,2515.5
26,2516.1
0,2517.0
16,2517.3
27,2517.4
29,2517.7
5,2517.7
3,2517.9
11,2518.2
31,2518.7
8,2518.8
1,2518.9
10,2519.6
19,2520.3
17,2520.6
18,2521.7
22,2521.8
23,2521.9
26,2521.9
9,2522.1
21,2522.4
6,2522.6
0,2522.9
25,2523.1
2,2523.5
27,2524.2
14,2524.4
8,2525.5
20,2525.6
28,2525.9
10,2526.3
4,2526.5
16,2528.5
19,2528.8
17,2529.2
13,2529.8
1,2529.9
15,2531.0
26,2533.5
0,2534.7
22,2537.3
5,2539.9
23,2540.3
8,2540.3
10,2540.8
27,2542.0
17,2550.8
19,2554.6
22,2587.6
17,2588.0
19,2588.0
10,2588.0
0,2588.2
26,2588.2
27,2588.5
1,2588.6
6,2588.8
8,2588.9
18,2588.9
23,2588.9
28,2589.2
29,2589.7
11,2589.8
31,2589.8
3,2590.1
21,2590.2
5,2590.2
16,2590.3
13,2590.5
14,2590.5
4,2590.7
22,2590.8
15,2591.0
19,2591.4
10,2591.4
9,2591.5
20,2591.5
17,2591.6
2,2591.6
26,2591.8
0,2592.0
27,2592.4
25,2592.7
1,2592.9
23,2593.6
18,2593.7
6,2593.7
8,2593.9
28,2594.7
22,2594.7
19,2594.9
10,2594.9
17,2595.1
26,2595.6
0,2596.5
16,2596.7
27,2596.9
5,2597.1
29,2597.3
11,2597.5
3,2597.5
31,2597.7
1,2598.2
8,2598.3
10,2599.0
19,2599.7
17,2600.0
22,2600.8
23,2600.9
18,2601.2
26,2601.2
9,2601.3
21,2601.4
6,2601.7
0,2601.9
25,2602.4
2,2603.1
14,2603.2
27,2604.2
20,2604.4
28,2604.8
8,2605.2
4,2605.2
10,2605.2
13,2605.2
19,2607.8
1,2608.2
17,2608.6
15,2609.4
16,2609.8
26,2612.2
0,2612.5
22,2613.2
10,2618.4
8,2622.6
27,2625.9
22,2667.6
19,2667.9
10,2668.0
17,2668.0
0,2668.2
26,2668.2
27,2668.4
1,2668.5
23,2668.8
6,2668.8
18,2668.9
8,2668.9
28,2669.2
11,2669.7
29,2669.7
31,2669.8
3,2670.1
5,2670.2
21,2670.2
16,2670.3
14,2670.5
13,2670.6
4,2670.7
22,2670.8
15,2671.1
19,2671.4
10,2671.4
9,2671.4
17,2671.4
2,2671.5
20,2671.6
26,2671.8
0,2672.0
27,2672.5
25,2672.7
1,2672.9
18,2673.6
23,2673.6
6,2673.6
8,2673.8
28,2674.5
10,2674.8
22,2674.8
19,2674.8
17,2675.0
26,2675.6
0,2676.1
16,2676.8
27,2676.9
29,2677.2
5,2677.3
3,2677.4
11,2677.5
31,2677.8
1,2678.2
8,2678.2
10,2679.0
19,2679.5
17,2680.2
22,2680.8
23,2680.9
18,2681.1
21,2681.2
26,2681.2
9,2681.3
6,2681.8
0,2681.9
2,2682.7
14,2682.9
25,2683.1
27,2684.2
28,2684.5
20,2684.6
10,2685.4
4,2685.6
8,2685.7
13,2686.1
19,2687.6
1,2688.3
17,2689.0
15,2690.5
16,2691.4
26,2692.3
0,2693.2
22,2693.8
10,2699.0
8,2702.2
27,2703.6
23,2704.4
19,2730.9
22,2747.6
19,2747.9
10,2748.0
17,2748.0
26,2748.2
0,2748.2
27,2748.4
1,2748.5
6,2748.8
23,2748.8
18,2748.9
8,2748.9
28,2749.2
11,2749.7
31,2749.7
29,2749.7
3,2750.1
21,2750.2
5,2750.2
16,2750.3
14,2750.5
13,2750.6
4,2750.7
22,2750.8
15,2751.1
9,2751.4
10,2751.4
17,2751.4
19,2751.5
2,2751.5
20,2751.6
26,2751.8
0,2752.0
27,2752.5
25,2752.7
1,2752.9
18,2753.6
23,2753.6
6,2753.7
8,2753.8
28,2754.5
10,2754.8
22,2754.8
19,2754.9
17,2755.0
26,2755.6
0,2756.2
16,2756.7
27,2756.9
5,2757.2
29,2757.2
3,2757.4
11,2757.5
31,2757.8
8,2758.2
1,2758.2
10,2759.0
19,2759.7
17,2760.0
22,2760.9
23,2760.9
18,2761.1
21,2761.2
26,2761.2
9,2761.3
0,2761.8
6,2761.9
2,2762.7
25,2763.0
14,2763.0
27,2764.2
28,2764.5
4,2764.9
20,2765.2
8,2765.3
10,2765.4
13,2767.0
19,2767.8
17,2768.6
1,2768.7
15,2770.8
16,2770.9
26,2772.4
0,2773.2
22,2774.0
10,2779.5
27,2785.1
8,2785.3
23,2793.2
22,3133.0
19,3133.3
10,3133.3
17,3133.4
26,3133.5
0,3133.6
27,3133.8
1,3133.9
6,3134.2
8,3134.2
23,3134.3
18,3134.3
28,3134.6
29,3135.2
11,3135.2
31,3135.3
3,3135.6
5,3135.7
21,3135.8
16,3135.9
14,3136.1
22,3136.2
13,3136.3
4,3136.3
10,3136.8
15,3136.8
19,3136.9
17,3137.0
26,3137.1
0,3137.3
9,3137.4
20,3137.5
2,3137.5
27,3137.9
1,3138.4
25,3139.0
18,3139.1
23,3139.2
6,3139.2
8,3139.4
28,3140.4
10,3140.4
19,3140.4
22,3140.4
17,3140.6
26,3140.9
0,3142.0
27,3142.4
16,3142.7
5,3143.3
29,3143.5
3,3143.5
8,3143.8
1,3143.9
11,3144.0
31,3144.4
10,3144.7
19,3145.4
17,3145.8
26,3146.7
22,3147.1
23,3147.3
18,3147.5
0,3147.9
6,3148.5
9,3149.1
27,3149.5
25,3150.0
21,3150.0
8,3150.8
10,3151.4
2,3151.5
28,3152.7
14,3153.7
19,3154.3
20,3155.0
17,3155.5
16,3156.5
1,3156.7
26,3159.0
0,3161.2
10,3171.9
22,3212.7
19,3213.1
17,3213.1
10,3213.1
26,3213.3
0,3213.4
27,3213.6
1,3213.7
6,3213.9
8,3214.0
23,3214.0
18,3214.1
28,3214.4
29,3214.9
11,3215.0
31,3215.0
3,3215.4
5,3215.4
21,3215.5
16,3215.5
14,3215.8
13,3215.9
22,3215.9
4,3216.0
10,3216.5
15,3216.5
19,3216.5
17,3216.6
9,3216.9
26,3216.9
2,3217.1
0,3217.1
20,3217.1
27,3217.5
1,3218.1
25,3218.3
23,3218.7
18,3218.8
6,3219.0
8,3219.1
22,3219.9
28,3219.9
19,3219.9
10,3220.0
17,3220.1
26,3220.7
0,3221.6
27,3221.9
16,3222.0
29,3222.7
5,3222.9
3,3223.1
11,3223.2
8,3223.4
31,3223.5
1,3223.6
10,3224.1
19,3224.7
17,3225.1
23,3226.3
26,3226.4
22,3226.4
18,3226.7
0,3227.2
6,3227.7
9,3228.6
25,3228.8
21,3229.1
27,3229.2
8,3230.4
10,3230.7
2,3231.1
28,3231.2
14,3231.4
19,3233.2
20,3233.8
17,3233.9
16,3235.0
1,3235.5
4,3236.2
26,3238.3
0,3238.7
13,3241.3
10,3245.8
22,3246.5
8,3250.3
22,3292.7
19,3293.0
10,3293.0
17,3293.1
26,3293.2
0,3293.3
27,3293.5
1,3293.7
6,3293.9
18,3294.0
23,3294.0
8,3294.0
28,3294.4
29,3294.9
31,3294.9
11,3295.0
5,3295.4
3,3295.4
16,3295.4
21,3295.5
14,3295.8
22,3295.9
13,3295.9
4,3296.0
10,3296.4
15,3296.5
17,3296.5
19,3296.5
9,3296.8
26,3296.8
20,3297.0
2,3297.0
0,3297.1
27,3297.5
1,3298.0
25,3298.3
23,3298.7
6,3298.8
18,3298.9
8,3298.9
10,3299.8
19,3299.9
28,3299.9
17,3300.0
22,3300.0
26,3300.6
0,3301.2
16,3301.9
27,3301.9
5,3302.8
29,3302.9
11,3303.2
3,3303.3
8,3303.4
1,3303.5
31,3303.5
10,3304.0
19,3304.7
17,3305.0
23,3306.3
26,3306.3
22,3306.4
18,3307.0
0,3307.2
6,3307.3
9,3307.7
21,3308.7
27,3309.2
25,3309.8
2,3310.3
10,3310.5
8,3310.8
14,3311.0
28,3311.2
19,3312.9
20,3314.0
17,3314.1
1,3315.2
4,3315.3
16,3316.0
26,3317.8
0,3320.1
13,3320.6
10,3325.8
22,3326.2
22,3372.7
10,3373.0
19,3373.0
17,3373.1
26,3373.2
0,3373.3
27,3373.5
1,3373.7
6,3373.9
8,3374.0
23,3374.0
18,3374.0
28,3374.4
29,3374.9
31,3374.9
11,3375.0
3,3375.4
5,3375.4
21,3375.5
16,3375.5
14,3375.8
22,3375.9
13,3375.9
4,3376.0
10,3376.4
19,3376.5
15,3376.5
17,3376.5
9,3376.8
26,3376.8
0,3376.9
20,3377.0
2,3377.0
27,3377.5
1,3378.0
25,3378.3
23,3378.7
6,3378.8
8,3378.9
18,3378.9
10,3379.8
19,3379.9
28,3379.9
22,3380.0
17,3380.0
26,3380.6
0,3381.2
27,3381.9
16,3381.9
5,3382.8
29,3382.9
11,3383.2
3,3383.3
8,3383.4
31,3383.5
1,3383.5
10,3384.0
19,3384.7
17,3385.0
23,3386.3
26,3386.3
22,3386.4
0,3386.9
18,3387.0
6,3387.3
9,3387.7
21,3388.7
27,3389.2
25,3389.6
2,3390.3
10,3390.5
8,3390.8
14,3391.1
28,3391.2
19,3392.9
20,3394.2
17,3394.2
1,3395.3
4,3395.6
16,3396.3
26,3397.8
0,3399.4
10,3405.9
22,3406.1
1,3758.0
26,3758.1
27,3758.2
19,3758.3
10,3758.3
17,3758.4
22,3758.5
0,3758.6
6,3759.2
8,3759.2
18,3759.3
23,3759.3
25,3759.8
20,3759.8
29,3760.2
31,3760.3
11,3760.3
3,3760.6
5,3760.7
16,3760.9
26,3761.2
1,3761.4
27,3761.5
10,3761.8
19,3761.9
17,3762.0
0,3762.3
9,3762.4
22,3762.4
2,3762.5
28,3763.5
18,3764.1
6,3764.2
26,3764.2
23,3764.3
8,3764.5
1,3764.7
27,3764.7
19,3765.2
10,3765.4
17,3765.6
20,3765.7
25,3766.3
0,3767.0
16,3767.7
26,3768.3
22,3768.4
29,3768.5
5,3768.5
3,3768.8
8,3768.9
11,3769.0
27,3769.1
1,3769.3
31,3769.6
10,3769.7
19,3770.1
17,3770.8
18,3772.5
23,3772.6
0,3772.9
6,3773.1
9,3773.7
26,3774.7
25,3775.1
27,3775.7
8,3776.2
2,3776.4
10,3776.4
1,3777.5
19,3778.6
20,3778.7
17,3780.4
22,3782.0
16,3782.4
0,3785.2
26,3793.0
27,3794.8
10,3796.8
1,3837.8
26,3837.9
27,3838.0
19,3838.1
10,3838.1
17,3838.1
22,3838.2
0,3838.3
6,3838.9
23,3839.0
8,3839.0
18,3839.1
25,3839.5
20,3839.5
29,3839.9
11,3840.0
31,3840.0
3,3840.4
5,3840.5
16,3840.5
26,3840.9
1,3841.1
27,3841.2
10,3841.5
19,3841.5
17,3841.6
9,3841.8
22,3842.0
2,3842.0
0,3842.1
28,3843.0
23,3843.7
18,3843.8
26,3843.9
6,3844.0
8,3844.1
1,3844.3
27,3844.3
19,3844.9
10,3845.0
17,3845.1
20,3845.2
25,3845.8
0,3846.6
16,3847.1
22,3847.6
29,3847.7
5,3847.9
26,3847.9
11,3848.1
3,3848.1
8,3848.4
27,3848.6
31,3848.6
1,3848.8
10,3849.1
19,3849.7
17,3850.1
23,3851.3
18,3851.7
0,3852.2
6,3852.5
9,3852.9
25,3854.0
26,3854.0
27,3855.1
8,3855.3
2,3855.3
10,3855.6
1,3856.3
20,3857.9
19,3858.1
17,3858.9
22,3859.6
16,3861.5
0,3862.9
26,3868.3
10,3870.7
27,3871.0
8,3872.3
1,3888.6
1,3917.7
26,3917.8
27,3917.9
19,3918.0
10,3918.0
22,3918.1
17,3918.1
0,3918.3
6,3918.9
8,3919.0
23,3919.0
18,3919.0
25,3919.5
20,3919.5
29,3919.9
11,3919.9
31,3920.0
3,3920.4
5,3920.4
16,3920.5
26,3920.9
1,3921.0
27,3921.1
10,3921.4
19,3921.5
17,3921.5
9,3921.7
2,3921.9
0,3921.9
22,3922.0
28,3923.0
23,3923.7
6,3923.8
26,3923.9
18,3923.9
8,3923.9
27,3924.2
1,3924.2
10,3924.8
19,3924.9
17,3925.0
20,3925.3
25,3925.5
0,3926.2
16,3927.0
22,3927.7
26,3927.9
29,3927.9
5,3928.1
11,3928.1
3,3928.3
8,3928.4
27,3928.5
31,3928.6
1,3928.7
10,3929.0
19,3929.7
17,3930.0
23,3931.3
18,3932.0
0,3932.0
6,3932.2
9,3932.5
25,3934.1
26,3934.1
2,3934.6
27,3935.0
10,3935.5
8,3935.8
1,3936.1
19,3937.9
20,3938.2
17,3939.2
22,3939.7
16,3942.2
0,3943.5
26,3948.9
10,3950.8
27,3950.8
1,3997.7
26,3997.8
27,3997.9
10,3998.0
19,3998.0
17,3998.1
22,3998.2
0,3998.3
6,3998.9
8,3999.0
18,3999.0
23,3999.0
25,3999.5
20,3999.5
29,3999.9
31,4000.0
11,4000.0
5,4000.4
3,4000.4
16,4000.5
26,4000.9
1,4001.0
27,4001.1
10,4001.4
17,4001.5
19,4001.5
9,4001.8
0,4001.9
2,4001.9
22,4002.0
28,4003.0
23,4003.7
6,4003.8
26,4003.9
8,4003.9
18,4003.9
1,4004.2
27,4004.2
10,4004.8
19,4004.9
17,4005.0
20,4005.3
25,4005.5
0,4006.2
16,4007.0
22,4007.7
29,4007.9
26,4007.9
5,4008.1
11,4008.2
3,4008.3
8,4008.4
27,4008.5
31,4008.6
1,4008.7
10,4009.0
19,4009.7
17,4010.0
23,4011.3
0,4011.9
18,4012.0
6,4012.2
9,4012.5
26,4014.1
25,4014.4
27,4015.0
2,4015.2
10,4015.5
8,4015.8
1,4016.1
19,4017.9
20,4018.3
17,4019.2
22,4019.8
16,4022.5
0,4023.1
26,4028.8
10,4030.9
27,4031.0
1,4383.0
26,4383.1
27,4383.2
19,4383.3
10,4383.3
22,4383.5
0,4383.6
23,4383.8
17,4384.0
6,4384.2
18,4384.3
20,4384.8
25,4384.8
29,4385.2
31,4385.3
11,4385.3
3,4385.6
5,4385.7
26,4386.2
8,4386.2
1,4386.4
27,4386.5
10,4386.8
19,4386.9
0,4387.3
22,4387.4
9,4387.4
2,4387.5
7,4387.7
23,4387.8
21,4388.0
17,4388.2
28,4388.5
18,4389.1
26,4389.2
6,4389.2
1,4389.7
27,4389.7
19,4390.2
10,4390.4
20,4390.7
25,4391.3
0,4392.0
23,4392.6
26,4393.3
22,4393.4
29,4393.5
5,4393.5
3,4393.8
8,4393.8
11,4394.0
27,4394.1
17,4394.2
1,4394.3
31,4394.7
10,4394.7
19,4395.1
18,4397.5
0,4397.9
6,4398.2
9,4398.7
26,4399.7
25,4400.2
23,4400.5
27,4400.7
10,4401.4
2,4401.4
7,4401.5
1,4402.5
21,4402.8
20,4403.0
19,4403.6
17,4404.7
8,4405.0
22,4407.3
0,4410.1
26,4417.9
27,4419.7
10,4422.1
1,4462.8
26,4462.9
27,4463.0
19,4463.1
10,4463.1
22,4463.2
0,4463.3
23,4463.5
17,4463.7
6,4463.9
18,4464.1
20,4464.5
25,4464.5
29,4464.9
11,4465.0
31,4465.0
3,4465.4
5,4465.5
8,4465.8
26,4465.9
1,4466.1
27,4466.2
19,4466.5
10,4466.5
9,4466.9
0,4466.9
2,4467.0
7,4467.0
22,4467.0
23,4467.4
21,4467.4
17,4467.8
28,4468.0
18,4468.8
26,4468.9
6,4469.0
1,4469.3
27,4469.3
19,4469.9
10,4470.0
20,4470.2
25,4470.8
0,4471.5
23,4472.1
22,4472.7
29,4472.7
26,4472.9
5,4472.9
3,4473.1
11,4473.2
8,4473.3
17,4473.5
27,4473.6
31,4473.6
1,4473.8
10,4474.1
19,4474.7
18,4476.7
0,4477.2
6,4477.5
9,4477.9
7,4478.7
25,4479.0
26,4479.0
23,4479.8
27,4480.1
2,4480.3
10,4480.6
1,4481.3
21,4481.8
20,4482.1
19,4483.1
17,4483.6
8,4484.5
22,4484.7
0,4487.6
26,4493.3
10,4495.7
27,4496.0
1,4523.9
1,4542.7
26,4542.8
27,4542.9
10,4543.0
19,4543.0
22,4543.2
0,4543.3
23,4543.4
17,4543.7
6,4543.9
18,4544.0
20,4544.4
25,4544.5
29,4544.9
11,4545.0
31,4545.0
5,4545.4
3,4545.4
8,4545.8
26,4545.9
1,4546.0
27,4546.1
10,4546.4
19,4546.5
9,4546.7
2,4546.9
0,4546.9
7,4546.9
22,4547.0
23,4547.3
21,4547.3
17,4547.8
28,4548.0
6,4548.8
18,4548.9
26,4548.9
1,4549.2
27,4549.2
10,4549.8
19,4549.9
20,4550.3
25,4550.5
0,4551.1
23,4552.0
8,4552.6
22,4552.7
26,4552.9
29,4552.9
11,4553.1
5,4553.1
3,4553.3
17,4553.5
27,4553.5
31,4553.6
1,4553.7
10,4554.0
19,4554.7
18,4557.0
0,4557.0
6,4557.2
9,4557.5
7,4558.5
26,4559.1
25,4559.1
2,4559.6
23,4559.7
27,4560.0
10,4560.5
21,4561.0
1,4561.1
20,4562.7
19,4562.9
17,4564.2
8,4564.5
22,4564.7
0,4568.2
26,4573.9
10,4575.8
27,4575.8
1,4622.7
26,4622.8
27,4622.9
19,4623.0
10,4623.0
22,4623.2
0,4623.3
23,4623.4
17,4623.7
6,4623.9
18,4624.0
20,4624.4
25,4624.5
29,4624.9
11,4625.0
31,4625.0
3,4625.4
5,4625.4
8,4625.8
26,4625.9
1,4626.0
27,4626.1
10,4626.4
19,4626.5
9,4626.8
2,4626.9
0,4626.9
22,4627.0
7,4627.0
21,4627.3
23,4627.3
17,4627.8
28,4628.0
6,4628.8
18,4628.9
26,4628.9
1,4629.2
27,4629.2
10,4629.8
19,4629.9
20,4630.3
25,4630.5
0,4631.2
23,4631.9
8,4632.7
22,4632.7
29,4632.9
26,4632.9
5,4633.1
11,4633.2
3,4633.3
17,4633.5
27,4633.5
31,4633.6
1,4633.7
10,4634.0
19,4634.7
0,4636.9
18,4637.0
6,4637.2
9,4637.5
7,4638.8
26,4639.1
25,4639.4
23,4639.7
27,4640.0
2,4640.2
10,4640.5
1,4641.2
21,4641.2
20,4642.9
19,4642.9
17,4644.4
22,4644.9
8,4644.9
0,4647.9
26,4653.8
10,4655.9
27,4656.1
1,5008.0
26,5008.1
10,5008.3
22,5008.5
0,5008.6
6,5008.6
19,5008.8
23,5008.8
27,5008.9
11,5009.1
21,5009.5
7,5009.8
25,5009.8
29,5010.2
31,5010.3
17,5010.6
3,5010.6
5,5010.7
26,5011.2
8,5011.2
1,5011.4
14,5011.5
10,5011.8
0,5012.3
22,5012.4
9,5012.4
2,5012.5
18,5012.7
6,5012.7
20,5012.8
23,5012.9
19,5013.1
27,5013.1
28,5013.5
11,5013.8
26,5014.2
21,5014.7
1,5014.7
7,5015.3
10,5015.4
25,5016.3
0,5017.0
6,5017.2
23,5017.8
27,5018.1
19,5018.1
26,5018.3
22,5018.4
14,5018.5
29,5018.5
5,5018.5
8,5018.8
3,5018.8
11,5019.0
1,5019.3
10,5019.7
31,5019.7
21,5020.1
17,5020.2
7,5022.2
0,5022.9
9,5024.2
6,5024.6
26,5024.7
25,5025.5
10,5026.4
23,5026.6
2,5026.8
27,5027.0
1,5027.5
19,5028.0
21,5029.8
11,5030.0
8,5030.9
14,5031.8
22,5034.8
0,5036.9
7,5039.7
26,5041.0
10,5048.3
1,5087.8
26,5087.9
10,5088.1
22,5088.2
6,5088.3
0,5088.4
23,5088.5
27,5088.6
19,5088.6
11,5088.7
21,5089.2
25,5089.5
7,5089.5
29,5089.9
31,5090.0
17,5090.2
3,5090.4
5,5090.5
14,5090.8
26,5090.9
8,5090.9
1,5091.1
10,5091.5
9,5091.9
22,5092.0
2,5092.1
0,5092.1
6,5092.3
18,5092.3
20,5092.4
23,5092.4
19,5092.6
27,5092.6
28,5093.0
11,5093.2
26,5093.9
21,5094.3
1,5094.3
7,5094.9
10,5095.0
25,5096.0
6,5096.6
0,5096.6
23,5097.1
27,5097.4
19,5097.5
22,5097.7
29,5097.7
14,5097.8
5,5097.9
26,5097.9
11,5098.1
3,5098.1
8,5098.4
31,5098.5
1,5098.8
17,5098.9
10,5099.1
21,5099.6
7,5101.5
0,5102.2
9,5103.2
6,5103.4
26,5104.0
25,5104.7
23,5105.3
10,5105.8
27,5105.9
1,5106.2
19,5106.4
2,5106.5
11,5107.4
21,5109.0
14,5109.9
8,5110.1
22,5110.9
0,5114.0
7,5117.5
26,5118.1
10,5122.1
1,5127.8
1,5167.7
26,5167.8
10,5168.0
22,5168.2
6,5168.3
0,5168.3
23,5168.4
27,5168.5
19,5168.5
11,5168.7
21,5169.2
7,5169.4
25,5169.5
29,5169.9
31,5170.0
17,5170.2
3,5170.3
5,5170.4
14,5170.8
26,5170.9
8,5170.9
1,5171.0
10,5171.4
9,5171.8
2,5172.0
22,5172.0
0,5172.1
18,5172.2
6,5172.2
20,5172.3
23,5172.4
27,5172.6
19,5172.6
28,5172.9
11,5173.2
26,5173.9
1,5174.2
21,5174.3
10,5174.8
7,5174.8
25,5175.5
0,5176.2
6,5176.7
23,5177.1
19,5177.5
27,5177.6
8,5177.7
14,5177.8
26,5177.9
22,5177.9
29,5177.9
5,5178.1
11,5178.1
3,5178.3
31,5178.5
1,5178.6
10,5179.0
17,5179.1
21,5179.5
7,5181.2
0,5182.2
9,5183.1
6,5183.6
26,5184.0
25,5184.4
23,5185.3
2,5185.5
10,5185.6
1,5186.1
27,5186.3
19,5186.4
11,5187.0
21,5188.8
8,5190.2
14,5190.3
22,5192.3
0,5195.5
7,5196.9
26,5198.7
10,5202.0
1,5214.8
1,5247.7
26,5247.8
10,5248.0
22,5248.2
0,5248.3
6,5248.3
23,5248.4
27,5248.5
19,5248.5
11,5248.7
21,5249.2
7,5249.4
25,5249.5
29,5249.9
31,5250.0
17,5250.2
3,5250.3
5,5250.4
8,5250.9
14,5250.9
26,5250.9
1,5251.0
10,5251.4
9,5251.9
0,5251.9
22,5252.0
2,5252.0
18,5252.2
6,5252.2
20,5252.3
23,5252.4
27,5252.6
19,5252.6
28,5252.9
11,5253.2
26,5253.9
1,5254.2
21,5254.3
10,5254.8
7,5254.8
25,5255.6
0,5256.2
6,5256.7
23,5257.1
19,5257.5
27,5257.6
8,5257.8
14,5257.9
29,5257.9
26,5257.9
22,5257.9
11,5258.1
5,5258.1
3,5258.3
31,5258.6
1,5258.7
10,5259.0
17,5259.1
21,5259.4
7,5261.4
0,5261.9
9,5263.2
6,5263.6
26,5264.0
25,5264.6
23,5265.3
10,5265.6
1,5266.1
2,5266.3
27,5266.3
19,5266.4
11,5267.0
21,5268.8
14,5270.4
8,5270.5
22,5272.4
0,5274.7
7,5277.7
26,5278.7
10,5281.9
1,5305.9
1,5632.9
26,5633.1
6,5633.5
22,5633.5
10,5633.6
23,5633.8
19,5633.8
27,5633.9
17,5634.0
11,5634.0
21,5634.4
0,5634.6
25,5634.8
7,5634.8
29,5635.2
31,5635.3
3,5635.6
5,5635.7
1,5635.9
26,5636.2
14,5636.3
8,5637.0
9,5637.4
22,5637.4
10,5637.5
2,5637.5
6,5637.7
18,5637.8
20,5637.8
23,5637.9
19,5638.1
27,5638.1
28,5638.5
11,5638.7
17,5638.7
1,5638.8
26,5639.2
21,5639.7
0,5640.1
7,5640.3
25,5641.0
10,5641.7
1,5642.2
6,5642.2
23,5642.8
27,5643.1
19,5643.2
26,5643.3
22,5643.4
5,5643.5
14,5643.5
29,5643.5
17,5643.6
3,5643.8
11,5643.9
31,5644.6
21,5645.2
8,5645.2
1,5646.8
7,5647.1
25,5648.8
10,5648.8
9,5649.3
6,5649.5
26,5649.7
17,5651.2
23,5651.7
2,5652.5
27,5652.6
0,5652.8
19,5652.9
11,5654.3
1,5654.4
21,5655.2
14,5657.2
22,5659.9
7,5661.1
26,5666.1
10,5670.3
6,5684.9
1,5685.2
1,5712.6
26,5712.9
22,5713.2
10,5713.3
6,5713.3
23,5713.5
19,5713.6
27,5713.6
11,5713.7
17,5713.7
21,5714.2
0,5714.3
7,5714.4
25,5714.5
29,5714.9
31,5715.0
3,5715.4
5,5715.4
1,5715.6
14,5715.8
26,5715.9
8,5716.6
9,5716.9
2,5717.0
22,5717.0
10,5717.0
6,5717.3
18,5717.3
23,5717.4
20,5717.4
19,5717.6
27,5717.6
28,5717.9
17,5718.2
11,5718.2
1,5718.3
26,5718.9
21,5719.3
0,5719.6
7,5719.8
25,5720.2
10,5721.1
1,5721.5
6,5721.6
23,5722.1
27,5722.4
19,5722.5
5,5722.6
22,5722.7
14,5722.7
29,5722.7
17,5722.9
26,5722.9
11,5723.1
3,5723.1
31,5723.5
8,5724.4
21,5724.6
1,5725.9
7,5726.5
10,5727.6
25,5727.9
9,5728.2
6,5728.4
26,5729.0
23,5730.3
0,5730.6
17,5730.6
2,5731.3
27,5731.3
19,5731.4
11,5732.4
1,5733.0
21,5734.0
14,5735.1
22,5735.9
7,5740.1
26,5743.1
10,5743.6
6,5748.1
1,5749.7
1,5792.6
26,5792.8
22,5793.2
10,5793.2
6,5793.3
23,5793.4
19,5793.5
27,5793.6
17,5793.6
11,5793.7
0,5794.2
21,5794.2
25,5794.4
7,5794.4
29,5794.9
31,5795.0
3,5795.3
5,5795.4
1,5795.5
14,5795.8
26,5795.9
8,5796.6
9,5796.8
22,5797.0
2,5797.0
10,5797.1
18,5797.2
6,5797.2
20,5797.3
23,5797.3
27,5797.6
19,5797.6
28,5797.9
17,5798.0
11,5798.2
1,5798.3
26,5798.9
21,5799.3
0,5799.7
7,5799.8
25,5800.2
10,5801.3
1,5801.5
6,5801.7
23,5801.9
19,5802.5
27,5802.6
5,5802.8
14,5802.8
17,5802.8
26,5802.9
29,5802.9
22,5802.9
11,5803.1
3,5803.3
31,5803.6
8,5804.3
21,5804.5
1,5805.9
7,5806.2
25,5807.9
10,5808.0
9,5808.1
6,5808.6
26,5809.0
23,5810.1
2,5810.4
17,5810.5
0,5811.1
19,5811.4
27,5811.6
11,5812.0
1,5813.0
21,5813.8
14,5815.9
22,5817.3
7,5819.4
26,5823.7
10,5826.4
1,5832.3
6,5833.7
1,5872.6
26,5872.8
10,5873.2
22,5873.2
6,5873.3
23,5873.4
19,5873.5
27,5873.6
17,5873.6
11,5873.7
21,5874.2
0,5874.2
25,5874.4
7,5874.4
29,5874.9
31,5875.0
3,5875.3
5,5875.4
1,5875.5
14,5875.8
26,5875.9
8,5876.6
9,5876.9
2,5877.0
22,5877.0
10,5877.1
6,5877.2
20,5877.3
18,5877.3
23,5877.4
27,5877.6
19,5877.6
28,5877.9
17,5878.0
11,5878.2
1,5878.3
26,5878.9
21,5879.3
0,5879.7
7,5879.8
25,5880.3
10,5881.3
1,5881.5
6,5881.7
23,5882.1
19,5882.5
27,5882.6
5,5882.8
17,5882.8
29,5882.9
26,5882.9
22,5882.9
14,5882.9
11,5883.1
3,5883.3
31,5883.6
8,5884.3
21,5884.4
1,5885.9
7,5886.2
10,5888.0
9,5888.2
25,5888.4
6,5888.6
26,5889.0
23,5890.3
2,5890.5
17,5890.6
0,5891.2
19,5891.4
27,5891.9
11,5892.0
1,5893.0
21,5893.8
14,5896.1
22,5897.4
7,5899.7
26,5903.7
10,5906.9
1,5913.0
6,5916.8
1,6257.9
26,6258.4
6,6258.5
22,6258.5
7,6258.7
23,6258.7
17,6259.0
11,6259.0
21,6259.4
10,6259.5
0,6259.6
27,6259.6
25,6259.8
19,6260.1
29,6260.2
31,6260.3
3,6260.6
5,6260.7
1,6260.9
14,6261.3
30,6261.5
26,6261.9
8,6262.1
22,6262.4
9,6262.4
2,6262.5
23,6262.6
6,6262.7
7,6262.7
18,6262.8
20,6262.8
17,6263.6
11,6263.7
1,6263.8
21,6264.7
10,6264.7
27,6264.9
0,6265.1
25,6266.0
26,6266.1
19,6266.3
7,6266.7
6,6267.2
1,6267.2
23,6267.5
22,6268.4
14,6268.5
5,6268.5
29,6268.5
17,6268.6
3,6268.8
11,6268.9
31,6269.7
21,6270.2
8,6270.2
1,6271.8
7,6272.7
26,6272.8
30,6273.6
27,6273.9
25,6274.0
10,6274.2
9,6274.3
6,6274.6
23,6276.0
17,6276.5
2,6276.8
0,6278.5
11,6279.3
1,6279.4
21,6280.8
19,6281.6
22,6284.9
7,6285.8
14,6286.9
1,6309.2
1,6337.6
22,6338.2
26,6338.2
6,6338.3
23,6338.4
7,6338.4
17,6338.7
11,6338.7
21,6339.2
10,6339.2
27,6339.3
0,6339.3
25,6339.5
19,6339.8
29,6339.9
31,6340.0
5,6340.4
3,6340.4
1,6340.6
14,6340.9
30,6341.1
8,6341.7
26,6341.7
9,6341.9
22,6342.0
2,6342.1
23,6342.2
6,6342.3
7,6342.3
18,6342.4
20,6342.4
17,6343.2
11,6343.2
1,6343.3
10,6344.2
21,6344.3
27,6344.3
0,6344.6
25,6345.2
26,6345.8
19,6345.8
7,6346.3
1,6346.5
6,6346.6
23,6347.0
22,6347.7
14,6347.8
5,6347.9
17,6347.9
29,6348.0
11,6348.1
3,6348.1
31,6348.5
8,6349.4
21,6349.6
1,6350.9
7,6352.1
26,6352.2
27,6352.6
30,6352.6
25,6352.9
10,6353.2
6,6353.4
9,6353.7
23,6355.2
0,6355.9
17,6356.0
2,6356.3
11,6357.4
1,6358.0
21,6359.5
19,6359.5
22,6360.9
14,6362.8
7,6364.7
26,6373.7
1,6374.8
6,6375.8
1,6417.6
26,6418.1
22,6418.2
6,6418.3
23,6418.4
7,6418.4
17,6418.6
11,6418.7
27,6419.2
21,6419.2
10,6419.2
0,6419.3
25,6419.4
19,6419.7
29,6419.9
31,6420.0
3,6420.3
5,6420.4
1,6420.5
14,6420.9
30,6421.0
26,6421.6
8,6421.6
9,6421.9
22,6422.0
2,6422.0
6,6422.2
23,6422.2
18,6422.3
7,6422.3
20,6422.4
17,6423.2
11,6423.2
1,6423.3
10,6424.3
21,6424.3
27,6424.4
0,6424.7
25,6425.3
19,6425.6
26,6425.7
7,6426.3
1,6426.5
6,6426.7
23,6427.0
22,6427.9
14,6427.9
29,6427.9
5,6428.1
11,6428.1
17,6428.1
3,6428.3
31,6428.5
8,6429.3
21,6429.5
1,6430.9
7,6432.1
26,6432.1
30,6432.6
27,6432.9
10,6433.1
9,6433.2
25,6433.4
6,6433.6
23,6435.2
2,6435.4
17,6436.4
0,6436.5
11,6437.0
1,6438.0
19,6439.1
21,6439.2
22,6442.3
14,6443.6
7,6444.1
26,6453.5
1,6457.4
1,6497.6
26,6498.1
22,6498.2
6,6498.3
23,6498.4
7,6498.4
17,6498.6
11,6498.7
10,6499.2
21,6499.2
27,6499.2
0,6499.3
25,6499.4
19,6499.7
29,6499.9
31,6500.0
3,6500.3
5,6500.4
1,6500.5
14,6500.9
30,6501.0
26,6501.6
8,6501.6
9,6501.9
2,6502.0
22,6502.0
6,6502.2
23,6502.2
7,6502.3
18,6502.3
20,6502.4
11,6503.2
17,6503.2
1,6503.3
21,6504.3
10,6504.3
27,6504.4
0,6504.7
25,6505.3
19,6505.6
26,6505.7
7,6506.3
1,6506.5
6,6506.7
23,6507.0
22,6507.9
29,6507.9
14,6508.0
17,6508.1
5,6508.1
11,6508.1
3,6508.3
31,6508.5
21,6509.4
8,6509.5
1,6510.9
7,6512.1
26,6512.1
30,6512.6
27,6513.0
10,6513.1
9,6513.3
25,6513.4
6,6513.6
23,6515.2
2,6515.5
17,6516.4
0,6516.5
11,6517.0
1,6518.0
21,6519.2
19,6519.3
22,6522.4
7,6524.2
14,6525.0
26,6534.0
1,6538.1
1,6882.9
22,6883.5
6,6883.5
7,6883.6
23,6883.7
25,6883.8
17,6884.0
26,6884.2
0,6884.4
21,6884.4
27,6884.6
29,6885.2
31,6885.3
3,6885.6
5,6885.7
1,6885.9
14,6886.3
30,6886.4
11,6886.8
8,6887.1
9,6887.4
22,6887.4
2,6887.5
23,6887.6
7,6887.7
6,6887.7
18,6887.8
20,6887.8
25,6887.8
10,6888.6
17,6888.7
26,6888.7
1,6888.8
19,6889.2
0,6889.4
21,6889.7
27,6889.9
7,6891.7
1,6892.2
6,6892.2
25,6892.4
23,6892.5
22,6893.4
5,6893.5
29,6893.5
14,6893.5
17,6893.6
3,6893.8
11,6894.2
31,6894.6
8,6895.2
21,6895.2
26,6895.5
1,6896.8
0,6897.5
7,6897.7
30,6898.3
25,6898.7
27,6898.9
6,6899.5
9,6899.8
23,6901.1
17,6901.7
2,6901.8
1,6904.4
21,6905.8
7,6910.1
22,6910.6
14,6910.9
25,6913.7
1,6934.2
1,6962.6
22,6963.2
6,6963.3
23,6963.4
7,6963.4
25,6963.5
17,6963.7
26,6963.9
21,6964.2
0,6964.2
27,6964.3
29,6964.9
31,6965.0
3,6965.4
5,6965.4
1,6965.6
14,6965.8
30,6966.1
11,6966.5
8,6966.8
9,6966.9
22,6967.0
2,6967.1
7,6967.2
23,6967.2
18,6967.3
6,6967.3
25,6967.4
20,6967.4
10,6968.0
17,6968.2
26,6968.3
1,6968.3
19,6968.5
0,6969.0
27,6969.3
21,6969.3
7,6971.2
25,6971.5
1,6971.5
6,6971.6
23,6972.0
5,6972.6
22,6972.7
14,6972.7
17,6972.9
29,6973.0
3,6973.1
31,6973.5
11,6973.8
21,6974.6
8,6974.6
26,6974.7
1,6975.9
7,6977.1
0,6977.1
25,6977.5
27,6977.6
30,6977.6
6,6978.4
9,6978.7
23,6980.3
2,6981.3
17,6981.4
1,6983.0
21,6984.5
22,6986.1
14,6986.8
7,6987.9
25,6989.9
6,6999.7
1,6999.7
1,7042.6
22,7043.2
6,7043.3
23,7043.4
25,7043.4
7,7043.4
17,7043.7
26,7043.9
0,7044.1
21,7044.2
27,7044.2
29,7044.9
31,7045.0
3,7045.3
5,7045.4
1,7045.5
14,7045.8
30,7046.0
11,7046.5
8,7046.7
9,7046.9
2,7047.0
22,7047.0
23,7047.2
18,7047.2
6,7047.2
25,7047.3
7,7047.3
20,7047.4
10,7048.0
17,7048.2
1,7048.3
26,7048.3
19,7048.4
0,7049.0
27,7049.3
21,7049.3
7,7051.2
25,7051.4
1,7051.5
6,7051.7
23,7051.9
14,7052.8
5,7052.8
22,7052.9
29,7052.9
17,7053.1
3,7053.3
31,7053.5
11,7053.8
8,7054.5
21,7054.5
26,7054.9
1,7055.9
0,7056.9
7,7057.1
25,7057.3
30,7057.6
27,7057.7
9,7058.2
6,7058.6
23,7060.3
2,7060.4
17,7061.6
1,7063.0
21,7064.2
22,7067.6
14,7068.0
7,7068.1
25,7069.9
1,7082.6
1,7122.6
22,7123.2
6,7123.3
23,7123.4
7,7123.4
25,7123.4
17,7123.7
26,7123.9
0,7124.1
27,7124.2
21,7124.2
29,7124.9
31,7125.0
3,7125.3
5,7125.4
1,7125.5
14,7125.9
30,7126.0
11,7126.5
8,7126.6
9,7126.9
2,7127.0
22,7127.0
23,7127.2
6,7127.2
7,7127.3
25,7127.3
18,7127.3
20,7127.4
10,7128.0
17,7128.2
26,7128.3
1,7128.3
19,7128.5
0,7129.0
21,7129.3
27,7129.3
7,7131.3
25,7131.4
1,7131.5
6,7131.7
23,7131.9
5,7132.8
14,7132.9
29,7132.9
22,7132.9
17,7133.1
3,7133.3
31,7133.5
11,7133.9
21,7134.4
8,7134.5
26,7134.9
1,7135.9
0,7136.9
7,7137.0
25,7137.3
30,7137.6
27,7137.7
9,7138.3
6,7138.6
23,7140.3
2,7140.5
17,7141.6
1,7143.0
21,7144.2
22,7147.6
14,7148.1
7,7148.2
25,7150.1
1,7163.1
1,7507.9
27,7508.6
7,7508.6
25,7508.7
17,7509.0
26,7509.2
21,7509.4
9,7509.4
0,7509.4
6,7509.7
29,7510.2
22,7510.5
23,7510.6
3,7510.6
5,7510.7
1,7510.9
14,7511.3
30,7511.4
11,7511.8
8,7512.1
27,7512.3
2,7512.5
7,7512.7
20,7512.8
25,7512.8
18,7512.8
10,7513.6
26,7513.7
17,7513.7
1,7513.8
19,7514.2
0,7514.4
9,7514.5
21,7514.7
6,7515.3
7,7516.7
27,7516.8
23,7517.1
1,7517.2
25,7517.4
14,7518.5
29,7518.5
5,7518.5
17,7518.6
3,7518.8
11,7519.4
21,7520.2
8,7520.2
26,7520.5
1,7521.8
22,7522.2
0,7522.5
7,7522.5
9,7522.7
6,7523.1
30,7523.4
25,7523.7
27,7524.5
17,7526.5
2,7526.8
1,7529.0
21,7531.5
7,7533.1
23,7533.3
14,7535.1
25,7537.4
1,7554.0
1,7587.6
27,7588.3
7,7588.4
25,7588.5
17,7588.7
26,7588.9
9,7589.0
0,7589.1
21,7589.2
6,7589.4
29,7589.9
23,7590.2
22,7590.2
5,7590.4
3,7590.4
1,7590.6
14,7590.8
30,7591.0
11,7591.5
8,7591.7
27,7591.9
2,7592.0
7,7592.2
20,7592.3
18,7592.3
25,7592.4
10,7593.0
17,7593.2
19,7593.3
1,7593.3
26,7593.3
9,7594.0
0,7594.0
21,7594.3
6,7595.0
7,7596.2
27,7596.3
1,7596.5
25,7596.5
23,7596.7
29,7597.6
5,7597.6
14,7597.7
17,7597.9
3,7598.1
11,7598.9
8,7599.4
21,7599.6
26,7599.7
22,7600.7
1,7600.9
9,7601.7
7,7601.8
0,7602.0
30,7602.1
6,7602.5
25,7602.5
27,7603.5
2,7605.4
17,7606.2
1,7607.8
21,7610.0
14,7610.7
7,7611.7
23,7612.5
25,7614.8
26,7621.0
1,7625.1
1,7667.6
27,7668.3
7,7668.3
25,7668.4
17,7668.7
26,7668.9
9,7669.0
0,7669.1
21,7669.2
6,7669.4
29,7669.8
22,7670.1
23,7670.2
5,7670.4
3,7670.4
1,7670.5
14,7670.8
30,7671.0
11,7671.5
8,7671.6
2,7671.9
27,7671.9
7,7672.2
18,7672.3
25,7672.3
20,7672.3
10,7673.0
17,7673.2
26,7673.3
1,7673.3
19,7673.3
9,7673.9
0,7674.0
21,7674.3
6,7674.9
7,7676.1
27,7676.3
25,7676.4
1,7676.5
23,7676.5
29,7677.6
5,7677.8
14,7677.8
17,7678.1
3,7678.3
11,7678.8
8,7679.3
21,7679.5
26,7679.9
22,7680.7
1,7680.9
9,7681.5
7,7681.8
0,7681.9
30,7682.1
25,7682.3
6,7682.4
27,7683.6
2,7685.3
17,7686.4
1,7687.8
21,7689.6
7,7691.8
14,7692.1
23,7692.4
25,7694.4
1,7707.0
1,7747.6
27,7748.3
7,7748.4
25,7748.4
17,7748.7
26,7748.9
9,7749.0
0,7749.1
21,7749.2
6,7749.4
29,7749.8
22,7750.1
23,7750.2
5,7750.4
3,7750.4
1,7750.5
14,7750.9
30,7751.0
11,7751.5
8,7751.6
27,7751.9
2,7752.0
20,7752.3
7,7752.3
25,7752.3
18,7752.3
10,7753.0
17,7753.2
19,7753.3
26,7753.3
1,7753.3
9,7753.9
0,7754.0
21,7754.3
6,7755.1
27,7756.3
7,7756.3
25,7756.4
23,7756.5
1,7756.5
29,7757.6
5,7757.8
14,7757.9
17,7758.1
3,7758.3
11,7758.9
8,7759.3
21,7759.7
26,7759.9
22,7760.8
1,7760.9
9,7761.5
0,7761.9
7,7762.0
25,7762.3
30,7762.6
6,7762.7
27,7763.6
2,7765.4
17,7766.4
1,7767.9
21,7770.1
14,7772.3
7,7772.5
23,7772.8
25,7775.1
1,7786.7
1,8132.9
21,8133.4
27,8133.6
7,8133.6
5,8133.6
25,8133.7
3,8133.9
26,8134.2
9,8134.4
6,8134.7
23,8135.6
1,8135.9
17,8136.2
14,8136.3
30,8136.4
22,8136.5
11,8136.8
0,8137.0
21,8137.0
8,8137.1
27,8137.3
2,8137.5
5,8137.6
7,8137.7
28,8137.7
25,8137.8
20,8137.8
3,8138.3
10,8138.6
26,8138.7
1,8138.8
19,8139.2
9,8139.5
6,8140.3
21,8140.6
7,8141.7
27,8141.8
23,8142.1
1,8142.2
25,8142.4
5,8143.0
14,8143.5
17,8143.7
11,8144.4
3,8145.1
8,8145.2
21,8145.4
26,8145.5
1,8146.8
7,8147.6
9,8147.7
0,8148.0
6,8148.1
30,8148.4
25,8148.7
27,8149.4
2,8151.8
21,8152.8
5,8152.9
22,8153.8
1,8154.4
17,8157.1
23,8158.0
14,8159.2
7,8159.9
25,8163.7
1,8182.2
1,8212.6
21,8213.2
27,8213.3
5,8213.3
7,8213.4
25,8213.5
3,8213.6
26,8213.9
9,8214.0
6,8214.4
23,8215.3
1,8215.6
14,8215.8
17,8215.9
30,8216.0
22,8216.2
11,8216.5
0,8216.7
21,8216.7
8,8216.8
27,8216.9
2,8217.0
7,8217.2
5,8217.2
28,8217.3
25,8217.4
20,8217.4
3,8217.9
10,8218.1
26,8218.3
1,8218.3
19,8218.5
9,8218.8
6,8219.9
21,8220.3
7,8221.2
27,8221.3
1,8221.5
25,8221.5
23,8221.7
5,8222.5
17,8222.7
14,8222.7
11,8223.9
3,8224.3
8,8224.6
26,8224.7
21,8224.9
1,8225.9
9,8226.3
7,8227.1
30,8227.1
6,8227.3
0,8227.4
25,8227.5
27,8228.6
2,8230.4
22,8231.2
5,8231.9
21,8232.1
1,8233.0
14,8235.5
23,8236.8
17,8236.9
7,8237.9
25,8241.0
1,8251.8
1,8292.6
21,8293.1
5,8293.3
27,8293.3
25,8293.4
7,8293.4
3,8293.6
26,8293.9
9,8294.0
6,8294.4
23,8295.2
1,8295.5
17,8295.8
14,8295.8
30,8296.0
22,8296.1
11,8296.5
8,8296.6
0,8296.6
21,8296.6
2,8296.9
27,8296.9
5,8297.2
28,8297.2
7,8297.3
20,8297.3
25,8297.3
3,8297.9
10,8298.1
26,8298.3
1,8298.3
19,8298.5
9,8298.9
6,8299.9
21,8300.2
7,8301.2
27,8301.3
25,8301.4
1,8301.5
23,8301.5
5,8302.4
17,8302.7
14,8302.8
11,8303.8
3,8304.4
8,8304.5
21,8304.9
26,8304.9
1,8305.9
9,8306.4
7,8307.0
30,8307.1
25,8307.3
6,8307.3
0,8307.5
27,8308.6
2,8310.3
5,8312.0
21,8312.1
22,8312.3
1,8313.0
14,8316.6
17,8316.8
23,8316.8
7,8318.0
25,8321.0
1,8334.5
1,8372.6
21,8373.1
5,8373.3
27,8373.3
7,8373.4
25,8373.4
3,8373.6
26,8373.9
9,8374.0
6,8374.4
23,8375.2
1,8375.5
17,8375.8
14,8375.9
30,8376.0
22,8376.1
11,8376.5
8,8376.6
0,8376.6
21,8376.6
27,8376.9
2,8377.0
5,8377.2
28,8377.2
7,8377.3
25,8377.3
20,8377.3
3,8377.9
10,8378.1
26,8378.3
1,8378.3
19,8378.5
9,8378.9
6,8379.9
21,8380.3
27,8381.3
7,8381.3
25,8381.4
1,8381.5
23,8381.5
5,8382.4
17,8382.7
14,8382.9
11,8383.9
3,8384.4
8,8384.5
21,8384.8
26,8384.9
1,8386.1
9,8386.5
7,8387.0
6,8387.2
25,8387.4
30,8387.6
0,8387.6
27,8388.6
2,8390.4
5,8392.0
21,8392.1
22,8392.4
1,8393.4
14,8396.7
17,8396.9
23,8397.0
7,8397.7
25,8401.1
1,8415.9
21,8758.4
1,8758.4
7,8758.4
5,8758.6
25,8758.7
3,8758.9
6,8758.9
27,8759.1
26,8759.2
23,8760.6
17,8761.2
14,8761.3
9,8761.3
30,8761.4
22,8761.5
11,8761.8
19,8761.9
7,8761.9
1,8761.9
21,8762.0
8,8762.1
0,8762.1
28,8762.6
5,8762.6
25,8762.8
20,8762.8
12,8763.3
6,8763.3
3,8763.3
26,8763.7
27,8763.7
2,8765.2
7,8765.5
21,8765.6
1,8766.1
23,8767.1
6,8767.4
25,8767.4
5,8768.0
14,8768.5
17,8768.7
11,8769.4
7,8769.5
19,8769.8
3,8770.1
8,8770.2
21,8770.4
26,8770.5
1,8771.4
27,8771.8
12,8772.5
0,8773.0
6,8773.1
30,8773.4
25,8773.7
7,8775.2
9,8777.0
5,8777.5
21,8777.8
22,8779.3
1,8781.2
17,8782.1
14,8783.0
23,8783.1
6,8783.4
19,8787.1
7,8787.6
25,8787.9
3,8796.4
1,8838.1
7,8838.1
21,8838.2
5,8838.3
25,8838.5
6,8838.6
3,8838.6
27,8838.8
26,8838.9
23,8840.3
14,8840.8
9,8840.8
17,8840.9
30,8841.0
22,8841.2
19,8841.4
7,8841.5
11,8841.5
1,8841.6
0,8841.6
21,8841.7
8,8841.7
5,8842.2
28,8842.2
25,8842.4
20,8842.5
12,8842.8
6,8842.9
3,8842.9
27,8843.2
26,8843.3
2,8844.4
7,8844.9
21,8845.3
1,8845.4
25,8846.5
6,8846.7
23,8846.7
5,8847.5
17,8847.7
14,8847.7
19,8848.7
7,8848.8
11,8848.9
3,8849.2
8,8849.4
26,8849.7
21,8849.9
1,8850.5
27,8850.9
0,8851.8
30,8851.9
12,8851.9
6,8852.3
25,8852.5
9,8853.7
7,8854.5
22,8856.0
5,8856.7
21,8857.0
1,8859.5
14,8859.7
17,8861.5
6,8861.8
23,8861.9
19,8864.9
25,8865.7
7,8865.9
3,8867.6
26,8868.2
1,8918.1
21,8918.1
7,8918.1
5,8918.3
25,8918.4
6,8918.6
3,8918.6
27,8918.8
26,8918.9
23,8920.2
14,8920.8
17,8920.8
9,8920.8
30,8920.9
22,8921.1
19,8921.4
0,8921.5
11,8921.5
7,8921.5
1,8921.5
8,8921.6
21,8921.6
28,8922.1
5,8922.2
25,8922.3
20,8922.4
12,8922.7
6,8922.8
3,8922.9
26,8923.3
27,8923.3
2,8924.5
7,8925.0
21,8925.2
1,8925.4
25,8926.4
23,8926.5
6,8926.7
5,8927.4
14,8927.7
17,8927.7
19,8928.7
11,8928.8
7,8928.9
8,8929.3
3,8929.4
21,8929.7
26,8929.9
1,8930.5
27,8931.0
0,8931.6
12,8931.9
30,8931.9
6,8932.2
25,8932.3
9,8933.8
7,8934.6
22,8936.1
21,8936.7
5,8936.8
1,8939.9
14,8940.3
17,8941.5
6,8941.6
23,8941.8
25,8945.8
7,8946.0
19,8946.4
3,8951.3
26,8956.8
21,8998.1
1,8998.1
7,8998.1
5,8998.3
25,8998.4
3,8998.6
6,8998.6
27,8998.8
26,8998.9
23,9000.2
14,9000.8
17,9000.8
9,9000.8
30,9001.0
22,9001.1
19,9001.4
1,9001.5
0,9001.5
11,9001.5
7,9001.5
21,9001.6
8,9001.6
28,9002.1
5,9002.2
25,9002.3
20,9002.4
12,9002.8
6,9002.8
3,9002.9
27,9003.3
26,9003.3
2,9004.5
7,9005.0
21,9005.3
1,9005.4
25,9006.4
23,9006.5
6,9006.7
5,9007.4
17,9007.7
14,9007.9
19,9008.8
11,9008.9
7,9008.9
8,9009.3
3,9009.4
21,9009.8
26,9009.9
1,9010.5
27,9011.0
12,9011.9
0,9012.0
30,9012.0
6,9012.2
25,9012.3
9,9014.5
7,9014.6
22,9016.2
5,9016.8
21,9017.1
1,9019.9
14,9020.8
6,9021.7
17,9021.7
23,9021.9
25,9026.0
7,9026.1
19,9027.5
3,9035.0
21,9383.4
7,9383.4
25,9383.7
6,9384.0
1,9384.1
27,9384.1
23,9384.5
14,9384.9
12,9385.0
28,9385.3
5,9385.4
2,9385.6
17,9386.2
9,9386.3
30,9386.4
4,9386.5
22,9386.5
3,9386.7
11,9386.8
19,9386.9
26,9386.9
7,9386.9
21,9387.0
0,9387.1
8,9387.1
10,9387.5
20,9387.8
25,9387.8
27,9388.7
6,9388.8
18,9388.8
1,9389.3
23,9389.5
29,9390.0
7,9390.5
21,9390.6
14,9391.2
12,9392.2
25,9392.4
28,9393.0
6,9393.2
17,9393.7
2,9394.0
5,9394.2
11,9394.4
7,9394.5
19,9394.8
8,9395.2
1,9395.3
21,9395.4
23,9396.5
27,9396.8
4,9397.4
6,9397.7
14,9397.8
12,9397.9
0,9398.0
30,9398.3
10,9398.5
25,9398.7
18,9399.9
7,9400.2
28,9400.7
2,9401.7
29,9401.9
9,9401.9
21,9402.6
22,9404.3
6,9404.9
23,9406.6
17,9407.1
12,9407.5
14,9410.0
1,9410.1
3,9410.8
4,9411.1
25,9412.7
7,9412.8
21,9463.1
7,9463.2
25,9463.5
6,9463.8
27,9463.8
1,9463.9
23,9464.2
14,9464.5
12,9464.7
28,9464.9
5,9465.1
2,9465.3
9,9465.8
17,9465.8
4,9466.0
30,9466.0
22,9466.2
3,9466.4
19,9466.4
26,9466.5
11,9466.5
0,9466.6
21,9466.6
7,9466.6
8,9466.7
10,9467.0
25,9467.4
20,9467.5
27,9468.2
18,9468.3
6,9468.5
1,9468.7
23,9469.2
29,9469.3
7,9470.0
21,9470.2
14,9470.7
12,9471.2
25,9471.5
28,9472.0
17,9472.6
6,9472.7
2,9472.8
5,9473.4
11,9473.8
19,9473.8
7,9473.9
8,9474.4
1,9474.6
21,9474.7
23,9475.7
27,9475.9
4,9476.1
14,9476.8
0,9476.8
12,9476.8
30,9476.9
10,9477.3
6,9477.4
25,9477.5
9,9478.6
18,9478.9
28,9479.6
7,9479.8
29,9480.5
2,9480.6
22,9481.0
21,9481.5
3,9483.9
6,9484.9
17,9485.7
12,9486.0
23,9486.3
14,9487.4
4,9488.6
1,9488.8
25,9490.4
7,9492.3
21,9502.0
7,9543.1
21,9543.1
25,9543.4
27,9543.8
6,9543.8
1,9543.8
23,9544.2
14,9544.5
12,9544.7
28,9544.9
5,9545.0
2,9545.3
17,9545.7
9,9545.8
30,9545.9
4,9545.9
22,9546.1
3,9546.3
26,9546.4
11,9546.4
19,9546.5
7,9546.5
0,9546.5
8,9546.6
21,9546.6
10,9547.0
25,9547.3
20,9547.4
18,9548.2
27,9548.3
6,9548.5
1,9548.6
23,9549.0
29,9549.2
7,9550.0
21,9550.2
14,9550.8
12,9551.2
25,9551.4
28,9552.1
17,9552.6
6,9552.7
2,9552.9
5,9553.6
11,9553.8
7,9553.9
19,9553.9
8,9554.3
1,9554.7
21,9554.7
23,9555.8
27,9556.0
4,9556.4
0,9556.6
30,9556.9
12,9557.0
14,9557.0
6,9557.2
25,9557.3
10,9557.6
9,9558.6
18,9559.2
7,9559.6
28,9559.8
2,9560.4
29,9560.7
22,9561.2
21,9561.6
6,9564.3
3,9564.7
17,9565.7
23,9566.1
12,9566.1
14,9567.8
4,9568.9
1,9569.2
25,9569.9
7,9571.5
21,9583.0
21,9623.1
7,9623.1
25,9623.4
27,9623.8
6,9623.8
1,9623.8
23,9624.2
14,9624.6
12,9624.7
28,9624.9
5,9625.0
2,9625.3
17,9625.7
9,9625.8
4,9625.9
30,9626.0
22,9626.1
3,9626.3
26,9626.4
11,9626.4
7,9626.5
19,9626.5
0,9626.5
8,9626.6
21,9626.6
10,9627.0
25,9627.3
20,9627.4
18,9628.2
27,9628.3
6,9628.5
1,9628.6
23,9629.0
29,9629.3
7,9630.0
21,9630.3
14,9630.8
12,9631.2
25,9631.4
28,9632.1
6,9632.7
17,9632.7
2,9632.9
5,9633.6
11,9633.8
19,9633.9
7,9633.9
8,9634.3
1,9634.7
21,9634.8
23,9635.9
27,9636.0
4,9636.5
12,9637.0
0,9637.0
30,9637.0
14,9637.2
6,9637.2
25,9637.3
10,9637.7
9,9638.6
18,9639.3
7,9639.6
28,9639.8
2,9640.4
29,9640.9
22,9641.2
21,9641.8
6,9644.3
23,9646.0
17,9646.3
3,9646.4
12,9646.4
14,9648.5
4,9649.2
1,9649.4
25,9650.6
7,9651.5
21,9666.6
