10,83.3
4,83.4
21,83.6
27,83.6
17,83.7
9,83.7
29,83.8
20,84.0
3,84.2
12,84.4
10,86.3
4,86.6
27,87.5
21,87.5
9,87.6
17,87.9
29,88.5
20,89.1
3,92.2
10,163.1
4,163.2
17,163.5
9,163.5
27,163.5
21,163.5
29,163.7
20,163.8
3,164.1
12,164.2
10,166.3
4,166.3
21,167.2
27,167.2
9,167.2
17,167.6
29,168.0
20,169.0
3,170.9
12,175.9
10,243.1
4,243.2
21,243.4
27,243.4
17,243.5
9,243.5
29,243.7
20,243.8
3,244.1
12,244.2
10,246.1
4,246.4
27,247.2
21,247.2
9,247.3
17,247.6
29,248.1
20,248.6
3,251.0
12,256.1
10,628.3
4,628.4
21,628.6
27,628.6
9,628.6
17,628.7
29,628.8
20,628.9
3,629.2
12,629.4
10,631.3
4,631.6
27,632.6
17,632.6
9,632.6
21,632.6
29,633.5
20,634.1
3,637.4
12,642.6
10,708.1
4,708.2
21,708.5
9,708.5
27,708.5
17,708.5
29,708.7
20,708.8
3,709.1
12,709.3
4,711.3
10,711.3
9,712.2
27,712.2
21,712.2
17,712.6
29,713.0
20,714.0
3,715.9
12,720.7
10,788.1
4,788.2
21,788.4
27,788.4
17,788.5
9,788.5
29,788.7
20,788.8
3,789.1
12,789.2
10,791.1
4,791.4
27,792.2
21,792.2
9,792.3
17,792.6
29,793.1
20,793.6
3,796.0
12,801.1
10,868.1
4,868.2
21,868.4
27,868.4
17,868.5
9,868.5
29,868.7
20,868.8
3,869.1
12,869.2
10,871.1
4,871.4
21,872.2
27,872.3
9,872.3
17,872.6
29,873.1
20,873.6
3,876.0
12,881.2
10,1253.3
4,1253.4
21,1253.6
27,1253.6
9,1253.6
17,1253.7
29,1253.8
20,1253.9
3,1254.2
12,1254.4
10,1256.3
4,1256.6
21,1257.6
27,1257.6
17,1257.6
9,1257.6
29,1258.5
20,1259.1
3,1262.4
12,1267.6
10,1333.1
4,1333.2
17,1333.5
21,1333.5
9,1333.5
27,1333.5
29,1333.7
20,1333.8
3,1334.1
12,1334.3
10,1336.3
4,1336.3
27,1337.2
21,1337.2
9,1337.2
17,1337.6
29,1338.0
20,1339.0
3,1340.9
12,1345.8
10,1413.1
4,1413.2
21,1413.4
27,1413.4
9,1413.5
17,1413.5
29,1413.7
20,1413.8
3,1414.1
12,1414.2
10,1416.1
4,1416.4
21,1417.2
27,1417.2
9,1417.3
17,1417.6
29,1418.1
20,1418.6
3,1421.0
12,1426.1
10,1493.1
4,1493.2
21,1493.4
27,1493.4
17,1493.5
9,1493.5
29,1493.7
20,1493.8
3,1494.1
12,1494.2
10,1496.1
4,1496.4
21,1497.2
27,1497.3
9,1497.3
17,1497.6
29,1498.1
20,1498.6
3,1501.0
12,1506.2
10,1878.3
4,1878.4
21,1878.6
27,1878.6
9,1878.6
17,1878.7
29,1878.8
20,1878.9
3,1879.2
12,1879.4
10,1881.3
4,1881.6
9,1882.6
27,1882.6
21,1882.6
17,1882.6
29,1883.5
20,1884.1
3,1887.4
12,1892.6
10,1958.1
4,1958.2
21,1958.5
27,1958.5
17,1958.5
9,1958.5
29,1958.7
20,1958.8
3,1959.1
12,1959.3
10,1961.3
4,1961.3
21,1962.2
9,1962.2
27,1962.2
17,1962.6
29,1963.0
20,1964.0
3,1965.9
12,1970.8
10,2038.1
4,2038.2
27,2038.4
21,2038.4
17,2038.5
9,2038.5
29,2038.7
20,2038.8
3,2039.1
12,2039.2
10,2041.1
4,2041.4
21,2042.2
27,2042.2
9,2042.3
17,2042.6
29,2043.1
20,2043.6
3,2046.0
12,2051.2
10,2118.1
4,2118.2
27,2118.4
21,2118.4
9,2118.5
17,2118.5
29,2118.7
20,2118.8
3,2119.1
12,2119.2
10,2121.1
4,2121.4
21,2122.2
9,2122.3
27,2122.3
17,2122.6
29,2123.1
20,2123.6
3,2126.0
12,2131.2
10,2503.3
4,2503.4
9,2503.6
27,2503.6
21,2503.6
17,2503.7
29,2503.8
20,2503.9
3,2504.2
12,2504.4
10,2506.3
4,2506.6
17,2507.6
21,2507.6
27,2507.6
9,2507.6
29,2508.5
20,2509.1
3,2512.4
12,2517.6
10,2583.1
4,2583.2
9,2583.5
17,2583.5
21,2583.5
27,2583.5
29,2583.7
20,2583.8
3,2584.1
12,2584.3
10,2586.3
4,2586.3
21,2587.2
27,2587.2
9,2587.2
17,2587.6
29,2588.0
20,2589.0
3,2590.9
12,2595.8
10,2663.1
4,2663.2
27,2663.4
21,2663.4
17,2663.5
9,2663.5
29,2663.7
20,2663.8
3,2664.1
12,2664.2
10,2666.1
4,2666.4
27,2667.2
21,2667.2
9,2667.3
17,2667.6
29,2668.1
20,2668.6
3,2671.0
12,2676.2
10,2743.1
4,2743.2
27,2743.4
21,2743.4
17,2743.5
9,2743.5
29,2743.7
20,2743.8
3,2744.1
12,2744.2
10,2746.1
4,2746.4
21,2747.2
27,2747.3
9,2747.3
17,2747.6
29,2748.1
20,2748.6
3,2751.0
12,2756.2
10,3128.3
4,3128.4
27,3128.6
9,3128.6
21,3128.6
17,3128.7
29,3128.8
20,3128.9
3,3129.2
12,3129.4
10,3131.3
4,3131.6
21,3132.6
9,3132.6
17,3132.6
27,3132.6
29,3133.5
20,3134.1
3,3137.4
12,3142.6
10,3208.1
4,3208.2
17,3208.5
21,3208.5
9,3208.5
27,3208.5
29,3208.7
20,3208.8
3,3209.1
12,3209.3
10,3211.3
4,3211.3
9,3212.2
27,3212.2
21,3212.2
17,3212.6
29,3213.0
20,3214.0
3,3215.9
12,3220.8
10,3288.1
4,3288.2
21,3288.4
27,3288.4
9,3288.5
17,3288.5
29,3288.7
20,3288.8
3,3289.1
12,3289.2
10,3291.1
4,3291.4
21,3292.2
27,3292.2
9,3292.3
17,3292.6
29,3293.1
20,3293.6
3,3296.0
12,3301.2
10,3368.1
4,3368.2
27,3368.4
21,3368.4
9,3368.5
17,3368.5
29,3368.7
20,3368.8
3,3369.1
12,3369.2
10,3371.1
4,3371.4
21,3372.2
27,3372.3
9,3372.3
17,3372.6
29,3373.1
20,3373.6
3,3376.0
12,3381.2
10,3753.3
5,3753.4
4,3753.4
21,3753.6
27,3753.6
17,3753.7
29,3753.8
20,3753.9
3,3754.2
12,3754.4
10,3756.3
4,3756.6
5,3756.8
17,3757.6
27,3757.6
21,3757.6
29,3758.5
20,3759.1
3,3762.4
12,3767.6
10,3833.1
5,3833.2
4,3833.2
21,3833.5
27,3833.5
17,3833.5
29,3833.7
20,3833.8
3,3834.1
12,3834.3
4,3836.3
10,3836.3
5,3836.6
27,3837.2
21,3837.2
17,3837.6
29,3838.0
20,3839.0
3,3840.9
12,3845.8
10,3913.1
5,3913.2
4,3913.2
21,3913.4
27,3913.4
17,3913.5
29,3913.7
20,3913.8
3,3914.1
12,3914.2
10,3916.1
4,3916.4
5,3916.6
21,3917.2
27,3917.2
17,3917.6
29,3918.1
20,3918.6
3,3921.0
12,3926.2
10,3993.1
5,3993.2
4,3993.2
21,3993.4
27,3993.4
17,3993.5
29,3993.7
20,3993.8
3,3994.1
12,3994.2
10,3996.1
4,3996.4
5,3996.6
21,3997.2
27,3997.3
17,3997.6
29,3998.1
20,3998.6
3,4001.0
12,4006.2
10,4378.3
5,4378.4
4,4378.4
28,4378.4
27,4378.6
21,4378.6
17,4378.7
29,4378.8
3,4379.2
12,4379.4
10,4381.3
5,4381.6
28,4381.6
4,4381.6
17,4382.6
21,4382.6
27,4382.6
29,4383.5
3,4387.4
12,4392.6
10,4458.1
5,4458.2
4,4458.2
28,4458.2
17,4458.5
21,4458.5
27,4458.5
29,4458.7
3,4459.1
12,4459.3
28,4461.3
10,4461.3
4,4461.3
5,4461.6
21,4462.2
27,4462.2
17,4462.6
29,4463.0
3,4465.9
12,4470.8
10,4538.1
4,4538.2
28,4538.2
5,4538.2
27,4538.4
21,4538.4
17,4538.5
29,4538.7
3,4539.1
12,4539.2
10,4541.1
28,4541.4
4,4541.4
5,4541.6
21,4542.2
27,4542.2
17,4542.6
29,4543.1
3,4546.0
12,4551.2
10,4618.1
5,4618.2
4,4618.2
28,4618.2
21,4618.4
27,4618.4
17,4618.5
29,4618.7
3,4619.1
12,4619.2
10,4621.1
28,4621.4
4,4621.4
5,4621.6
21,4622.2
27,4622.3
17,4622.6
29,4623.1
3,4626.0
12,4631.2
28,5003.3
10,5003.3
4,5003.4
5,5003.4
24,5003.4
27,5003.6
21,5003.6
29,5003.8
3,5004.2
12,5004.4
10,5006.3
28,5006.6
5,5006.6
4,5006.6
24,5006.8
27,5007.6
21,5007.6
29,5008.5
3,5012.4
12,5017.6
10,5083.1
24,5083.2
28,5083.2
4,5083.2
5,5083.2
27,5083.5
21,5083.5
29,5083.7
3,5084.1
12,5084.3
4,5086.3
28,5086.3
10,5086.3
5,5086.6
24,5086.6
27,5087.2
21,5087.2
29,5088.0
3,5090.9
12,5095.8
10,5163.1
24,5163.2
5,5163.2
28,5163.2
4,5163.2
27,5163.4
21,5163.4
29,5163.7
3,5164.1
12,5164.2
10,5166.1
4,5166.4
28,5166.4
24,5166.6
5,5166.6
27,5167.2
21,5167.2
29,5168.1
3,5171.0
12,5176.2
10,5243.1
28,5243.2
4,5243.2
24,5243.2
5,5243.2
21,5243.4
27,5243.4
29,5243.7
3,5244.1
12,5244.2
10,5246.1
28,5246.4
4,5246.4
5,5246.6
24,5246.6
21,5247.2
27,5247.3
29,5248.1
3,5251.0
12,5256.2
28,5628.3
24,5628.4
5,5628.4
4,5628.4
21,5628.6
27,5628.6
6,5628.7
29,5628.8
3,5629.2
12,5629.4
5,5631.6
28,5631.6
4,5631.6
24,5631.6
21,5632.6
6,5632.6
27,5632.6
29,5633.5
3,5637.4
12,5642.6
4,5708.2
5,5708.2
28,5708.2
24,5708.2
6,5708.5
27,5708.5
21,5708.5
29,5708.7
3,5709.1
12,5709.3
28,5711.3
4,5711.3
5,5711.6
24,5711.6
27,5712.2
21,5712.2
6,5712.5
29,5713.0
3,5715.9
12,5720.8
28,5788.2
5,5788.2
4,5788.2
24,5788.2
21,5788.4
27,5788.4
6,5788.5
29,5788.7
3,5789.1
12,5789.2
4,5791.4
28,5791.4
24,5791.6
5,5791.6
21,5792.2
27,5792.2
6,5792.3
29,5793.1
3,5796.0
12,5801.2
24,5868.2
28,5868.2
5,5868.2
4,5868.2
27,5868.4
21,5868.4
6,5868.5
29,5868.7
3,5869.1
12,5869.2
4,5871.4
28,5871.4
5,5871.6
24,5871.6
21,5872.2
27,5872.3
6,5872.3
29,5873.1
3,5876.0
12,5881.2
28,6253.3
24,6253.4
5,6253.4
4,6253.4
2,6253.5
21,6253.6
6,6253.7
29,6253.8
3,6254.2
12,6254.4
24,6256.6
28,6256.6
5,6256.6
4,6256.6
2,6257.2
6,6257.6
21,6257.6
29,6258.5
3,6262.4
12,6267.6
5,6333.2
4,6333.2
28,6333.2
24,6333.2
2,6333.3
21,6333.5
6,6333.5
29,6333.7
3,6334.1
12,6334.3
28,6336.3
4,6336.3
5,6336.6
24,6336.6
2,6336.9
21,6337.2
6,6337.5
29,6338.0
3,6340.9
12,6345.8
28,6413.2
5,6413.2
24,6413.2
4,6413.2
2,6413.3
21,6413.4
6,6413.5
29,6413.7
3,6414.1
12,6414.2
4,6416.4
28,6416.4
5,6416.6
24,6416.6
2,6416.9
21,6417.2
6,6417.3
29,6418.1
3,6421.0
12,6426.2
28,6493.2
5,6493.2
24,6493.2
4,6493.2
2,6493.3
21,6493.4
6,6493.5
29,6493.7
3,6494.1
12,6494.2
28,6496.4
4,6496.4
24,6496.6
5,6496.6
2,6496.9
21,6497.2
6,6497.3
29,6498.1
3,6501.0
12,6506.2
28,6878.3
0,6878.3
24,6878.4
4,6878.4
5,6878.4
2,6878.5
6,6878.7
29,6878.8
3,6879.2
12,6879.4
0,6881.3
28,6881.6
5,6881.6
24,6881.6
4,6881.6
2,6881.9
6,6882.6
29,6883.5
3,6887.4
12,6892.6
0,6958.1
5,6958.2
4,6958.2
28,6958.2
24,6958.2
2,6958.3
6,6958.5
29,6958.7
3,6959.1
12,6959.3
28,6961.3
0,6961.3
4,6961.3
24,6961.6
5,6961.6
2,6961.9
6,6962.5
29,6963.0
3,6965.9
12,6970.8
0,7038.1
28,7038.2
24,7038.2
5,7038.2
4,7038.2
2,7038.3
6,7038.5
29,7038.7
3,7039.1
12,7039.2
0,7041.3
28,7041.4
4,7041.4
24,7041.6
5,7041.6
2,7041.9
6,7042.3
29,7043.1
3,7046.0
12,7051.2
0,7118.1
28,7118.2
4,7118.2
24,7118.2
5,7118.2
2,7118.3
6,7118.5
29,7118.7
3,7119.1
12,7119.2
0,7121.1
4,7121.4
28,7121.4
5,7121.6
24,7121.6
2,7121.9
6,7122.3
29,7123.1
3,7126.0
12,7131.2
0,7503.3
14,7503.3
28,7503.3
5,7503.4
24,7503.4
2,7503.5
6,7503.7
29,7503.8
3,7504.2
12,7504.4
0,7506.3
28,7506.6
24,7506.6
14,7506.6
5,7506.6
2,7506.9
6,7507.6
29,7508.5
3,7512.4
12,7517.6
0,7583.1
14,7583.2
24,7583.2
28,7583.2
5,7583.2
2,7583.3
6,7583.5
29,7583.7
3,7584.1
12,7584.3
0,7586.3
28,7586.3
14,7586.3
5,7586.6
24,7586.6
2,7586.9
6,7587.5
29,7588.0
3,7590.9
12,7595.8
14,7663.1
0,7663.1
24,7663.2
28,7663.2
5,7663.2
2,7663.3
6,7663.5
29,7663.7
3,7664.1
12,7664.2
14,7666.3
0,7666.3
28,7666.4
24,7666.6
5,7666.6
2,7666.9
6,7667.3
29,7668.1
3,7671.0
12,7676.2
0,7743.1
14,7743.1
24,7743.2
28,7743.2
5,7743.2
2,7743.3
6,7743.5
29,7743.7
3,7744.1
12,7744.2
0,7746.1
14,7746.3
28,7746.4
24,7746.6
5,7746.6
2,7746.9
6,7747.3
29,7748.1
3,7751.0
12,7756.2
1,8128.2
28,8128.3
14,8128.3
0,8128.3
5,8128.4
24,8128.4
2,8128.5
6,8128.7
29,8128.8
3,8129.2
0,8131.3
1,8131.3
14,8131.6
5,8131.6
24,8131.6
28,8131.6
2,8131.9
6,8132.6
29,8133.5
3,8137.4
1,8208.1
0,8208.1
24,8208.2
28,8208.2
14,8208.2
5,8208.2
2,8208.3
6,8208.5
29,8208.7
3,8209.1
1,8211.1
14,8211.3
28,8211.3
0,8211.3
24,8211.6
5,8211.6
2,8211.9
6,8212.5
29,8213.0
3,8215.9
1,8288.0
0,8288.1
14,8288.1
5,8288.2
24,8288.2
28,8288.2
2,8288.3
6,8288.5
29,8288.7
3,8289.1
1,8291.1
14,8291.3
0,8291.3
28,8291.4
5,8291.6
24,8291.6
2,8291.9
6,8292.3
29,8293.1
3,8296.0
1,8368.0
14,8368.1
0,8368.1
5,8368.2
28,8368.2
24,8368.2
2,8368.3
6,8368.5
29,8368.7
3,8369.1
1,8371.1
0,8371.1
14,8371.3
28,8371.4
24,8371.6
5,8371.6
2,8371.9
6,8372.3
29,8373.1
3,8376.0
1,8753.2
0,8753.3
14,8753.3
28,8753.3
5,8753.4
24,8753.4
2,8753.5
23,8753.6
6,8753.7
29,8753.8
1,8756.3
0,8756.3
14,8756.6
24,8756.6
28,8756.6
5,8756.6
2,8756.9
23,8757.5
6,8757.6
29,8758.5
0,8833.1
1,8833.1
28,8833.2
5,8833.2
14,8833.2
24,8833.2
2,8833.3
23,8833.4
6,8833.5
29,8833.7
1,8836.1
28,8836.3
0,8836.3
14,8836.3
24,8836.6
5,8836.6
2,8836.9
23,8837.2
6,8837.5
29,8838.0
1,8913.0
0,8913.1
14,8913.1
5,8913.2
28,8913.2
24,8913.2
2,8913.3
23,8913.4
6,8913.5
29,8913.7
1,8916.1
14,8916.3
0,8916.3
28,8916.4
24,8916.6
5,8916.6
2,8916.9
23,8917.2
6,8917.3
29,8918.1
1,8993.0
0,8993.1
14,8993.1
24,8993.2
5,8993.2
28,8993.2
2,8993.3
23,8993.4
6,8993.5
29,8993.7
1,8996.1
0,8996.1
14,8996.3
28,8996.4
24,8996.6
5,8996.6
2,8996.9
23,8997.2
6,8997.3
29,8998.1
1,9378.2
28,9378.3
0,9378.3
14,9378.3
24,9378.4
5,9378.4
2,9378.5
23,9378.6
6,9378.7
8,9378.7
1,9381.3
0,9381.3
28,9381.6
5,9381.6
14,9381.6
24,9381.6
2,9381.9
23,9382.3
6,9382.6
8,9382.6
1,9458.1
0,9458.1
14,9458.2
28,9458.2
24,9458.2
5,9458.2
2,9458.3
23,9458.4
8,9458.5
6,9458.5
1,9461.1
14,9461.3
28,9461.3
0,9461.3
5,9461.6
24,9461.6
2,9461.9
23,9462.2
6,9462.5
8,9462.5
1,9538.0
0,9538.1
14,9538.1
5,9538.2
28,9538.2
24,9538.2
2,9538.3
23,9538.4
8,9538.5
6,9538.5
1,9541.1
14,9541.3
0,9541.3
28,9541.4
24,9541.6
5,9541.6
2,9541.9
23,9542.2
8,9542.3
6,9542.3
1,9618.0
0,9618.1
14,9618.1
24,9618.2
5,9618.2
28,9618.2
2,9618.3
23,9618.4
6,9618.5
8,9618.5
0,9621.1
1,9621.1
14,9621.3
28,9621.4
5,9621.6
24,9621.6
2,9621.9
23,9622.2
8,9622.3
6,9622.3
