12,87.8
11,88.3
5,88.4
21,88.7
22,88.7
26,88.7
10,89.2
9,89.6
12,90.6
20,90.7
16,90.9
29,90.9
24,91.0
28,91.1
0,91.4
27,91.5
11,91.5
19,91.7
5,91.9
2,92.0
18,92.3
26,92.4
25,92.6
17,92.7
21,92.9
22,93.1
1,93.4
12,93.5
10,94.1
11,94.5
9,95.2
5,95.8
26,96.2
12,96.6
29,97.6
16,97.7
11,97.7
24,98.0
22,98.2
10,98.5
0,99.1
21,99.1
28,99.3
27,99.4
19,99.8
5,100.1
12,100.4
2,100.5
20,100.5
9,101.2
26,101.3
18,101.7
11,102.0
25,103.4
10,104.4
17,104.8
12,105.8
22,107.1
5,107.3
11,108.8
29,110.3
26,110.5
0,110.6
16,110.8
21,111.0
9,112.5
12,114.4
1,114.9
10,116.4
27,118.6
24,118.8
19,121.7
5,122.5
11,123.3
22,133.3
12,137.0
12,167.5
11,168.0
5,168.1
26,168.3
22,168.4
21,168.4
10,168.9
9,169.2
20,170.3
12,170.3
16,170.5
29,170.5
24,170.7
28,170.8
27,171.0
0,171.0
11,171.1
19,171.2
2,171.5
5,171.5
18,171.8
26,171.9
17,172.0
25,172.0
21,172.5
22,172.6
1,172.9
12,173.1
10,173.6
11,174.0
9,174.7
5,175.1
26,175.6
12,176.2
29,176.8
16,177.0
11,177.1
24,177.4
22,177.6
10,177.8
27,178.2
21,178.4
0,178.5
28,178.8
19,179.1
20,179.2
5,179.6
2,179.9
12,179.9
9,180.2
26,180.3
18,180.8
11,181.2
25,182.6
10,184.1
17,184.1
12,185.5
22,186.5
5,186.6
11,187.7
26,188.5
0,190.4
21,191.4
9,191.5
29,191.5
1,192.5
16,192.8
12,195.0
10,196.7
11,200.6
5,204.6
27,222.5
12,228.2
12,247.5
11,248.0
5,248.1
21,248.3
26,248.3
22,248.3
10,248.9
9,249.3
12,250.3
20,250.3
29,250.4
16,250.5
28,250.7
24,250.7
0,251.0
27,251.0
11,251.1
19,251.1
5,251.6
2,251.6
18,251.8
26,251.9
25,252.1
17,252.1
21,252.4
22,252.5
1,252.9
12,253.1
10,253.7
11,254.1
9,254.6
5,255.2
26,255.6
12,256.0
29,256.9
16,257.1
11,257.3
24,257.4
22,257.6
10,257.8
0,258.1
21,258.3
27,258.4
28,258.7
19,259.2
20,259.2
5,259.5
2,259.6
12,259.8
26,260.5
9,260.6
18,261.0
11,261.6
25,262.5
17,264.0
10,264.1
12,265.3
22,266.5
5,266.6
11,268.5
26,268.6
21,270.7
0,271.1
29,271.6
1,273.1
9,273.3
16,273.8
12,275.3
10,277.5
11,283.6
5,284.7
24,294.4
12,313.3
12,632.8
11,633.3
5,633.4
26,633.6
21,633.6
22,633.7
10,634.2
9,634.6
12,635.6
20,635.7
16,635.9
29,635.9
24,636.0
28,636.1
0,636.4
27,636.5
11,636.5
19,636.6
5,636.9
2,637.0
18,637.3
26,637.4
25,637.5
17,637.6
21,637.9
22,638.1
1,638.4
12,638.5
10,639.1
11,639.6
9,640.1
5,640.8
26,641.2
12,641.6
29,642.4
16,642.5
11,642.8
24,643.0
22,643.4
10,643.5
21,644.1
27,644.1
0,644.1
28,644.2
19,644.8
5,645.3
20,645.3
2,645.5
12,645.5
9,645.8
26,646.2
18,647.0
11,647.1
25,648.2
10,649.5
17,650.5
12,651.2
5,652.4
22,653.0
11,654.0
26,655.4
29,655.7
0,655.9
16,656.3
21,656.5
9,656.9
1,658.1
12,659.9
10,661.9
24,665.0
27,666.1
5,667.6
11,668.6
19,670.6
12,686.0
12,712.5
11,713.0
5,713.1
26,713.3
22,713.4
21,713.4
10,713.9
9,714.3
20,715.3
12,715.3
16,715.5
29,715.5
24,715.7
28,715.8
0,716.0
27,716.0
11,716.1
19,716.2
2,716.6
5,716.7
18,716.8
26,716.9
25,717.0
17,717.0
21,717.5
22,717.6
1,717.9
12,718.1
10,718.6
11,719.0
9,719.7
5,720.2
26,720.6
12,721.2
29,722.0
16,722.0
11,722.1
24,722.4
22,722.8
10,722.8
27,723.4
21,723.4
0,723.6
28,723.8
20,724.2
19,724.2
5,724.7
2,724.9
12,724.9
9,725.2
26,725.3
18,725.7
11,726.2
25,727.7
17,728.9
10,729.1
12,730.5
22,732.0
5,732.0
11,732.7
26,733.5
0,735.8
21,736.4
9,736.6
29,737.0
1,737.5
16,738.8
12,740.0
10,741.8
11,745.6
5,751.8
12,774.1
12,792.5
11,793.0
5,793.1
26,793.3
21,793.3
22,793.3
10,793.9
9,794.3
20,795.3
12,795.3
29,795.4
16,795.5
24,795.7
28,795.7
27,796.0
0,796.0
11,796.1
19,796.1
2,796.6
5,796.6
18,796.8
26,796.9
17,797.1
25,797.1
21,797.4
22,797.7
1,797.9
12,798.1
10,798.7
11,799.1
9,799.7
5,800.2
26,800.6
12,801.0
29,801.9
16,802.1
11,802.3
24,802.4
22,802.7
10,802.8
0,803.1
21,803.3
27,803.4
28,803.7
20,804.2
19,804.2
5,804.5
2,804.6
12,804.8
26,805.5
9,805.6
18,806.0
11,806.6
25,807.5
17,809.0
10,809.1
12,810.3
5,811.6
22,812.0
11,813.5
26,813.6
21,815.8
0,816.0
29,816.6
1,818.2
9,818.6
16,818.9
12,820.2
10,822.5
5,828.4
11,828.6
12,851.4
12,872.5
11,873.0
5,873.1
21,873.3
26,873.3
22,873.3
10,873.9
9,874.3
20,875.3
12,875.3
29,875.4
16,875.5
24,875.7
28,875.7
0,876.0
27,876.0
11,876.1
19,876.1
5,876.6
2,876.6
18,876.8
26,876.9
17,877.1
25,877.1
21,877.4
22,877.7
1,877.9
12,878.1
10,878.5
11,879.1
9,879.5
5,880.2
26,880.7
12,881.0
29,881.9
16,882.1
11,882.3
24,882.4
10,882.7
22,882.7
0,883.1
21,883.3
28,883.7
27,883.7
19,884.2
5,884.5
20,884.6
2,884.8
12,884.8
26,885.5
9,885.6
18,886.1
11,886.7
25,887.9
10,889.2
17,889.4
12,890.3
5,891.6
22,892.0
11,893.6
26,894.0
21,895.8
0,896.1
29,897.4
1,898.3
16,899.2
9,899.3
12,900.3
10,903.9
11,908.0
5,909.8
12,926.0
12,1257.8
11,1258.3
5,1258.4
21,1258.6
26,1258.6
22,1258.7
10,1259.2
9,1259.6
12,1260.6
20,1260.7
29,1260.9
16,1260.9
24,1261.0
28,1261.1
0,1261.4
11,1261.5
27,1261.5
19,1261.6
5,1261.9
2,1262.0
18,1262.3
26,1262.4
25,1262.5
17,1262.6
21,1262.9
22,1263.1
1,1263.4
12,1263.5
10,1264.1
11,1264.6
9,1265.1
5,1265.8
26,1266.2
12,1266.6
29,1267.4
16,1267.6
11,1267.8
24,1268.0
22,1268.4
10,1268.5
0,1269.1
27,1269.1
21,1269.1
28,1269.2
19,1269.8
20,1270.3
5,1270.3
12,1270.5
2,1270.6
9,1270.8
26,1271.2
18,1272.0
11,1272.1
25,1273.2
10,1274.6
17,1275.6
12,1276.2
5,1277.4
22,1278.0
11,1279.0
26,1280.4
29,1280.8
0,1280.9
16,1281.4
21,1281.5
9,1281.9
1,1283.2
12,1285.0
10,1287.0
24,1290.1
27,1291.4
5,1292.6
11,1293.6
19,1295.9
12,1312.1
12,1337.5
11,1338.0
5,1338.1
26,1338.3
21,1338.4
22,1338.4
10,1338.9
9,1339.2
12,1340.3
20,1340.3
29,1340.5
16,1340.5
24,1340.7
28,1340.8
0,1341.0
27,1341.0
11,1341.1
19,1341.2
5,1341.5
2,1341.6
18,1341.8
26,1341.9
17,1342.0
25,1342.0
21,1342.5
22,1342.6
1,1342.9
12,1343.1
10,1343.6
11,1344.0
9,1344.7
5,1345.1
26,1345.6
12,1346.2
29,1347.0
16,1347.1
11,1347.1
24,1347.6
22,1347.8
10,1347.9
27,1348.4
21,1348.4
0,1348.6
28,1348.8
19,1349.2
20,1349.2
5,1349.6
2,1349.9
12,1349.9
9,1350.2
26,1350.3
18,1350.7
11,1351.2
25,1352.7
17,1353.9
10,1354.1
12,1355.5
5,1356.6
22,1357.0
11,1357.7
26,1358.5
0,1360.8
21,1361.4
9,1361.6
29,1361.9
1,1362.6
16,1364.2
12,1365.0
10,1366.8
11,1370.6
5,1374.7
12,1397.8
12,1417.5
11,1418.0
5,1418.1
21,1418.3
22,1418.3
26,1418.3
10,1418.9
9,1419.3
20,1420.3
12,1420.3
29,1420.4
16,1420.5
24,1420.7
28,1420.7
0,1421.0
27,1421.0
19,1421.1
11,1421.1
2,1421.6
5,1421.6
18,1421.8
26,1421.9
25,1422.1
17,1422.1
21,1422.4
22,1422.5
1,1422.9
12,1423.1
10,1423.7
11,1424.1
9,1424.7
5,1425.2
26,1425.6
12,1426.0
29,1426.9
16,1427.1
11,1427.3
24,1427.4
22,1427.6
10,1427.8
0,1428.1
21,1428.3
27,1428.4
28,1428.7
19,1429.2
20,1429.2
5,1429.5
2,1429.6
12,1429.8
26,1430.5
9,1430.6
18,1431.1
11,1431.6
25,1432.5
17,1434.0
10,1434.1
12,1435.3
22,1436.5
5,1436.6
26,1438.6
11,1438.6
21,1440.9
0,1441.0
29,1442.1
1,1443.2
9,1443.3
16,1444.4
12,1445.2
10,1447.5
11,1453.5
5,1453.6
12,1476.4
12,1497.5
11,1498.0
5,1498.1
26,1498.3
22,1498.3
21,1498.3
10,1498.9
9,1499.3
12,1500.3
20,1500.3
16,1500.5
29,1500.5
28,1500.7
24,1500.7
27,1501.0
0,1501.0
11,1501.1
19,1501.1
5,1501.6
2,1501.6
18,1501.8
26,1501.9
17,1502.1
25,1502.1
21,1502.4
22,1502.5
1,1502.9
12,1503.1
10,1503.5
11,1504.1
9,1504.5
5,1505.2
26,1505.7
12,1506.0
29,1506.9
16,1507.1
11,1507.3
24,1507.4
22,1507.6
10,1507.7
0,1508.1
21,1508.3
28,1508.7
27,1508.7
19,1509.2
5,1509.5
20,1509.6
12,1509.8
2,1509.8
26,1510.5
9,1510.6
18,1511.1
11,1511.7
25,1512.9
10,1514.2
17,1514.5
12,1515.3
22,1516.5
5,1516.6
11,1518.6
26,1519.0
21,1520.9
0,1521.1
29,1522.4
1,1523.4
9,1524.2
16,1524.6
12,1525.3
10,1528.8
11,1534.2
5,1534.7
12,1552.5
12,1882.8
11,1883.3
5,1883.4
26,1883.6
21,1883.6
22,1883.7
10,1884.2
9,1884.6
12,1885.6
20,1885.7
16,1885.9
29,1885.9
24,1886.0
28,1886.1
0,1886.4
11,1886.5
27,1886.5
19,1886.7
2,1887.0
5,1887.0
18,1887.3
26,1887.4
25,1887.6
17,1887.6
21,1887.9
22,1888.1
1,1888.4
12,1888.5
10,1889.1
11,1889.6
9,1890.1
5,1890.8
26,1891.2
12,1891.6
29,1892.4
16,1892.6
11,1892.8
24,1893.0
22,1893.4
10,1893.5
0,1894.1
21,1894.1
28,1894.2
27,1894.2
19,1894.8
20,1895.3
5,1895.3
12,1895.5
2,1895.6
9,1895.8
26,1896.2
18,1897.0
11,1897.1
25,1898.2
10,1899.6
17,1900.6
12,1901.2
5,1902.4
22,1903.0
11,1904.0
26,1905.5
29,1905.8
0,1905.9
16,1906.4
21,1906.6
9,1906.9
1,1908.2
12,1910.0
10,1911.9
24,1915.2
27,1916.3
5,1917.7
11,1918.6
19,1921.0
12,1937.4
12,1962.5
11,1963.0
5,1963.1
26,1963.3
21,1963.4
22,1963.4
10,1963.9
9,1964.3
20,1965.3
12,1965.3
29,1965.5
16,1965.5
24,1965.7
28,1965.8
0,1966.0
27,1966.0
11,1966.1
19,1966.2
5,1966.5
2,1966.6
18,1966.8
26,1966.9
17,1967.0
25,1967.0
21,1967.5
22,1967.6
1,1967.9
12,1968.1
10,1968.6
11,1969.0
9,1969.7
5,1970.2
26,1970.6
12,1971.2
29,1972.0
11,1972.1
16,1972.1
24,1972.6
22,1972.8
10,1972.9
27,1973.4
21,1973.4
0,1973.5
28,1973.9
19,1974.2
20,1974.2
5,1974.6
2,1974.9
12,1974.9
9,1975.2
26,1975.5
18,1975.7
11,1976.2
25,1977.7
17,1978.9
10,1979.1
12,1980.5
5,1981.6
22,1982.0
11,1982.7
26,1983.9
0,1985.4
21,1986.4
9,1986.6
29,1987.0
1,1987.6
16,1989.0
12,1990.0
10,1991.8
11,1996.0
5,1999.6
12,2022.3
12,2042.5
11,2043.0
5,2043.1
26,2043.3
21,2043.3
22,2043.3
10,2043.9
9,2044.3
12,2045.3
20,2045.3
29,2045.4
16,2045.5
24,2045.7
28,2045.7
0,2046.0
27,2046.0
11,2046.1
19,2046.1
5,2046.6
2,2046.6
18,2046.8
26,2046.9
25,2047.1
17,2047.1
21,2047.4
22,2047.5
1,2047.9
12,2048.1
10,2048.7
11,2049.1
9,2049.7
5,2050.2
26,2050.6
12,2051.0
29,2051.9
16,2052.1
11,2052.3
24,2052.4
22,2052.6
10,2052.8
0,2053.1
21,2053.3
27,2053.4
28,2053.7
20,2054.2
19,2054.2
5,2054.5
2,2054.7
12,2054.8
26,2055.5
9,2055.6
18,2056.1
11,2056.6
25,2057.6
17,2059.0
10,2059.1
12,2060.3
22,2061.5
5,2061.6
11,2063.5
26,2063.6
21,2065.9
0,2066.0
29,2067.1
1,2068.3
9,2068.5
16,2069.0
12,2070.3
10,2072.5
11,2078.6
5,2079.6
12,2100.4
12,2122.5
11,2123.0
5,2123.1
21,2123.3
22,2123.3
26,2123.3
10,2123.9
9,2124.3
20,2125.3
12,2125.3
29,2125.5
16,2125.5
28,2125.7
24,2125.7
27,2126.0
0,2126.0
11,2126.1
19,2126.1
5,2126.6
2,2126.6
18,2126.8
26,2126.9
17,2127.1
25,2127.1
21,2127.4
22,2127.7
1,2127.9
12,2128.1
10,2128.5
11,2129.1
9,2129.5
5,2130.2
26,2130.7
12,2131.0
29,2131.9
16,2132.1
11,2132.3
24,2132.4
10,2132.7
22,2132.7
0,2133.1
21,2133.3
27,2133.7
28,2133.7
19,2134.2
5,2134.5
20,2134.6
12,2134.8
2,2134.8
26,2135.5
9,2135.6
18,2136.1
11,2136.7
25,2137.9
10,2139.2
17,2139.5
12,2140.3
5,2141.6
22,2142.0
11,2143.6
26,2144.0
21,2146.0
0,2146.1
29,2147.3
1,2148.4
9,2149.3
16,2149.5
12,2150.3
10,2153.8
11,2159.3
5,2159.7
12,2188.3
12,2507.8
11,2508.3
5,2508.4
21,2508.6
26,2508.6
22,2508.7
10,2509.2
9,2509.6
12,2510.6
20,2510.7
29,2510.9
16,2510.9
24,2511.0
28,2511.1
0,2511.4
27,2511.5
11,2511.5
19,2511.7
2,2512.0
5,2512.0
18,2512.3
26,2512.4
17,2512.6
25,2512.6
21,2512.9
22,2513.1
1,2513.4
12,2513.5
10,2514.1
11,2514.6
9,2515.1
5,2515.9
26,2516.2
12,2516.7
29,2517.4
16,2517.6
11,2517.8
24,2518.0
22,2518.4
10,2518.5
0,2519.1
21,2519.1
28,2519.2
27,2519.4
19,2519.9
5,2520.3
20,2520.4
12,2520.5
2,2520.6
9,2520.8
26,2521.2
18,2522.1
11,2522.1
25,2523.2
10,2524.6
17,2525.6
12,2526.2
5,2527.4
22,2528.0
11,2529.0
26,2530.5
29,2530.8
0,2530.9
16,2531.4
21,2531.6
9,2531.9
1,2533.3
12,2534.9
10,2536.9
24,2540.4
5,2542.7
11,2543.6
27,2543.7
19,2545.5
12,2561.8
12,2587.5
11,2588.0
5,2588.1
26,2588.3
21,2588.4
22,2588.4
10,2588.9
9,2589.3
12,2590.3
20,2590.3
29,2590.5
16,2590.5
24,2590.7
28,2590.8
0,2591.0
27,2591.0
11,2591.1
19,2591.2
2,2591.6
5,2591.7
18,2591.8
26,2591.9
17,2592.0
25,2592.1
21,2592.5
22,2592.6
1,2592.9
12,2593.1
10,2593.6
11,2594.0
9,2594.7
5,2595.2
26,2595.6
12,2596.2
16,2597.0
29,2597.0
11,2597.3
24,2597.6
22,2597.8
10,2597.9
27,2598.4
21,2598.5
0,2598.6
28,2598.9
20,2599.2
19,2599.4
5,2599.7
2,2599.9
12,2599.9
9,2600.4
26,2600.5
18,2601.0
11,2601.5
25,2602.7
17,2603.9
10,2604.1
12,2605.5
5,2607.0
22,2607.0
11,2608.2
26,2608.9
0,2610.8
21,2611.4
29,2611.9
9,2612.2
16,2613.2
1,2614.6
12,2615.0
10,2616.8
11,2622.3
5,2626.8
12,2648.0
12,2667.5
11,2668.0
5,2668.1
26,2668.3
21,2668.3
22,2668.4
10,2668.9
9,2669.3
20,2670.3
12,2670.3
16,2670.5
29,2670.5
28,2670.7
24,2670.7
27,2671.0
0,2671.0
11,2671.1
19,2671.3
5,2671.6
2,2671.6
18,2671.8
26,2671.9
17,2672.1
25,2672.1
21,2672.4
22,2672.6
1,2672.9
12,2673.1
10,2673.7
11,2674.1
9,2674.7
5,2675.2
26,2675.6
12,2676.2
29,2677.0
16,2677.1
11,2677.3
24,2677.4
22,2677.8
10,2677.8
0,2678.1
21,2678.3
27,2678.4
28,2678.7
20,2679.2
19,2679.4
5,2679.5
2,2679.7
12,2680.1
26,2680.5
9,2680.6
18,2681.1
11,2681.7
25,2682.6
17,2684.0
10,2684.1
12,2685.8
5,2686.6
22,2687.0
11,2688.6
26,2688.6
21,2691.0
0,2691.1
29,2691.8
1,2693.4
9,2693.4
16,2694.0
12,2696.4
10,2697.6
5,2703.3
11,2703.6
24,2708.7
12,2735.5
12,2747.5
11,2748.0
5,2748.1
21,2748.3
26,2748.3
22,2748.3
10,2748.9
9,2749.3
20,2750.3
12,2750.3
16,2750.5
29,2750.5
24,2750.7
28,2750.7
0,2751.0
27,2751.0
11,2751.1
19,2751.1
2,2751.6
5,2751.6
18,2751.8
26,2751.9
25,2752.1
17,2752.1
21,2752.4
22,2752.7
1,2752.9
12,2753.1
10,2753.5
11,2754.1
9,2754.5
5,2755.2
26,2755.7
12,2756.2
29,2756.9
16,2757.1
11,2757.3
24,2757.6
22,2757.7
10,2757.7
0,2758.1
21,2758.3
28,2758.7
27,2758.7
19,2759.2
5,2759.6
20,2759.6
2,2759.8
12,2760.1
26,2760.5
9,2760.6
18,2761.1
11,2761.7
25,2763.0
10,2764.2
17,2764.5
12,2765.8
5,2766.6
22,2767.0
11,2768.6
26,2769.0
21,2770.8
0,2770.9
29,2772.0
1,2773.6
9,2774.3
16,2774.6
12,2776.4
10,2778.9
11,2784.3
5,2784.8
12,2806.7
12,3132.8
11,3133.3
5,3133.5
21,3133.7
26,3133.7
22,3133.8
10,3134.3
9,3134.7
12,3135.6
20,3135.9
29,3136.1
16,3136.1
24,3136.3
28,3136.3
11,3136.5
0,3136.7
27,3136.8
19,3137.0
5,3137.1
26,3137.4
2,3137.4
18,3137.7
21,3138.0
25,3138.1
17,3138.1
22,3138.3
12,3138.5
1,3139.0
10,3139.2
11,3139.5
9,3140.3
5,3141.0
26,3141.2
12,3141.7
11,3142.7
29,3142.9
16,3143.1
24,3143.4
10,3143.5
22,3143.6
0,3144.4
21,3144.6
27,3145.0
28,3145.3
5,3145.5
12,3145.6
19,3146.0
2,3146.2
26,3146.3
9,3146.3
20,3146.6
11,3147.0
18,3149.0
10,3150.0
25,3150.6
12,3151.3
5,3153.0
22,3153.9
11,3154.0
17,3154.9
26,3156.0
0,3159.8
9,3159.9
12,3161.6
21,3163.3
29,3164.7
10,3168.0
11,3174.2
12,3212.6
11,3213.1
5,3213.2
26,3213.4
21,3213.5
22,3213.5
10,3214.0
9,3214.4
12,3215.4
20,3215.6
29,3215.7
16,3215.8
24,3216.0
28,3216.1
11,3216.2
27,3216.3
0,3216.3
19,3216.6
5,3216.7
26,3217.0
2,3217.1
18,3217.4
17,3217.5
25,3217.5
21,3217.6
22,3217.8
12,3218.2
1,3218.5
10,3218.8
11,3219.1
9,3219.9
5,3220.3
26,3220.7
12,3221.3
11,3222.2
29,3222.3
16,3222.5
10,3223.0
22,3223.0
24,3223.3
21,3223.7
27,3223.9
0,3223.9
5,3224.8
28,3225.0
12,3225.1
19,3225.3
26,3225.6
20,3225.6
9,3225.6
2,3225.7
11,3226.4
18,3228.2
10,3229.1
25,3229.6
12,3230.6
17,3231.0
5,3232.3
22,3232.8
11,3232.8
26,3234.4
0,3237.9
21,3238.1
9,3238.5
29,3239.8
12,3241.3
10,3245.0
11,3246.9
16,3248.8
12,3292.5
11,3293.1
5,3293.2
26,3293.4
21,3293.4
22,3293.5
10,3294.0
9,3294.4
12,3295.3
20,3295.6
29,3295.8
16,3295.8
24,3296.0
28,3296.0
11,3296.1
0,3296.3
27,3296.3
19,3296.6
5,3296.7
26,3297.0
2,3297.1
18,3297.3
17,3297.4
25,3297.5
21,3297.5
22,3297.8
12,3298.0
1,3298.5
10,3298.8
11,3299.0
9,3299.8
5,3300.3
26,3300.8
12,3300.9
11,3302.1
29,3302.3
16,3302.5
22,3302.9
10,3302.9
24,3303.0
0,3303.3
21,3303.6
27,3303.8
5,3304.7
28,3304.7
12,3304.7
19,3305.2
20,3305.6
2,3305.6
26,3305.7
9,3305.8
11,3306.4
18,3308.2
10,3309.4
25,3309.4
12,3310.2
17,3311.0
5,3312.2
22,3312.7
11,3313.0
26,3314.5
21,3317.3
0,3319.0
29,3320.6
12,3320.9
9,3321.0
10,3327.6
11,3328.3
16,3329.9
12,3372.5
11,3373.0
5,3373.2
26,3373.4
22,3373.4
21,3373.4
10,3374.0
9,3374.4
12,3375.3
20,3375.6
29,3375.7
16,3375.8
28,3376.0
24,3376.0
11,3376.1
0,3376.3
27,3376.3
19,3376.5
5,3376.7
26,3377.0
2,3377.1
18,3377.3
21,3377.5
25,3377.5
17,3377.5
22,3377.7
12,3378.1
1,3378.6
10,3378.7
11,3379.0
9,3379.7
5,3380.3
26,3380.8
12,3381.0
29,3382.2
11,3382.2
16,3382.5
22,3382.8
10,3382.9
24,3383.0
0,3383.3
21,3383.6
27,3384.2
28,3384.7
5,3384.7
12,3384.8
19,3385.0
20,3385.6
2,3385.6
9,3385.8
26,3385.8
11,3386.6
18,3388.2
10,3389.3
25,3389.4
12,3390.4
17,3391.2
22,3392.2
5,3392.2
11,3393.4
26,3394.9
21,3397.3
0,3399.2
12,3401.1
9,3401.5
29,3401.6
10,3408.4
11,3410.8
12,3758.3
5,3758.5
11,3758.6
26,3758.7
22,3758.8
10,3759.3
20,3759.4
9,3759.7
21,3760.2
29,3761.2
16,3761.2
24,3761.3
0,3761.7
27,3761.8
12,3761.8
15,3762.0
19,3762.1
5,3762.1
11,3762.2
26,3762.4
2,3762.5
18,3762.7
25,3763.1
17,3763.1
22,3763.3
6,3763.5
10,3764.1
1,3764.1
20,3764.4
28,3765.1
9,3765.4
11,3765.6
12,3765.7
5,3766.0
26,3766.2
29,3767.9
16,3768.0
24,3768.5
10,3768.5
22,3768.6
21,3769.2
11,3769.4
0,3769.4
12,3769.9
27,3770.3
5,3770.5
19,3771.0
2,3771.2
20,3771.3
26,3771.3
9,3771.5
15,3772.2
11,3774.0
6,3774.2
18,3774.5
10,3775.3
25,3776.0
12,3776.4
28,3777.1
5,3777.8
22,3779.4
20,3780.6
26,3781.0
11,3781.7
0,3783.6
15,3784.3
17,3784.4
9,3786.1
29,3787.6
16,3789.4
10,3790.2
12,3791.4
5,3798.1
12,3838.1
5,3838.2
11,3838.3
26,3838.4
22,3838.5
20,3839.0
10,3839.0
9,3839.4
21,3839.9
16,3840.7
29,3840.8
24,3841.0
0,3841.3
27,3841.3
15,3841.5
12,3841.5
19,3841.6
5,3841.7
11,3841.8
26,3842.0
2,3842.1
18,3842.4
17,3842.5
25,3842.5
6,3842.8
22,3842.8
1,3843.6
10,3843.8
20,3843.8
28,3844.6
9,3844.9
11,3845.1
5,3845.2
12,3845.3
26,3845.7
29,3847.3
16,3847.5
24,3848.0
22,3848.0
10,3848.0
21,3848.4
11,3848.7
0,3848.9
27,3849.1
12,3849.4
5,3849.8
20,3850.2
9,3850.6
2,3850.6
19,3850.7
26,3850.8
15,3851.2
11,3853.1
6,3853.2
18,3853.2
10,3854.4
25,3854.8
12,3855.8
28,3856.3
17,3856.7
5,3857.0
22,3858.1
20,3858.6
26,3859.9
11,3860.4
0,3861.5
15,3862.2
9,3863.5
29,3866.3
16,3867.3
10,3868.3
12,3870.5
5,3874.2
11,3882.4
12,3918.1
5,3918.2
11,3918.3
26,3918.4
22,3918.5
10,3919.0
20,3919.0
9,3919.4
21,3919.9
16,3920.7
29,3920.8
24,3921.0
27,3921.3
0,3921.3
15,3921.5
12,3921.5
19,3921.6
5,3921.7
11,3921.8
26,3922.0
2,3922.1
18,3922.3
25,3922.4
17,3922.5
6,3922.8
22,3922.8
1,3923.6
10,3923.8
20,3923.8
28,3924.6
9,3924.8
11,3924.9
12,3925.0
5,3925.3
26,3925.8
29,3927.3
16,3927.4
22,3927.9
10,3927.9
24,3928.0
0,3928.3
21,3928.4
11,3928.6
27,3928.8
12,3929.2
5,3929.7
19,3930.2
20,3930.5
2,3930.6
26,3930.7
9,3930.8
15,3931.5
11,3933.1
18,3933.2
6,3933.4
10,3934.4
25,3934.5
12,3935.8
28,3936.4
5,3936.8
17,3936.8
22,3937.6
20,3939.0
26,3939.5
11,3940.3
0,3942.3
15,3942.6
9,3946.2
29,3947.2
16,3948.3
10,3949.9
12,3953.2
5,3953.8
11,3961.4
12,3998.0
5,3998.1
11,3998.3
22,3998.4
26,3998.4
20,3999.0
10,3999.0
9,3999.4
21,3999.9
16,4000.7
29,4000.7
24,4001.0
27,4001.3
0,4001.3
12,4001.4
19,4001.5
15,4001.5
5,4001.6
11,4001.8
26,4002.0
2,4002.1
18,4002.3
25,4002.4
17,4002.5
22,4002.7
6,4002.8
1,4003.6
10,4003.7
20,4003.8
28,4004.6
9,4004.7
12,4005.0
11,4005.0
5,4005.2
26,4005.8
29,4007.2
16,4007.5
22,4007.8
10,4007.9
24,4008.0
0,4008.3
21,4008.4
11,4008.8
12,4009.2
27,4009.2
5,4009.6
19,4010.0
20,4010.5
2,4010.6
26,4010.8
9,4010.8
15,4011.6
18,4013.2
11,4013.4
6,4013.5
10,4014.5
25,4014.5
12,4015.8
28,4016.4
5,4016.7
17,4016.9
22,4017.4
20,4018.9
26,4019.9
11,4021.0
0,4023.0
15,4023.3
9,4026.6
29,4027.5
16,4030.5
10,4031.4
12,4033.6
5,4034.6
11,4060.2
12,4383.3
5,4383.5
22,4383.8
24,4383.9
11,4384.1
9,4384.2
26,4384.3
20,4384.3
4,4385.2
21,4385.2
28,4385.5
10,4385.6
16,4386.2
29,4386.2
0,4386.7
12,4386.8
15,4386.9
5,4387.1
19,4387.1
2,4387.5
18,4387.7
17,4388.1
25,4388.1
6,4388.3
22,4388.3
24,4388.6
11,4389.0
1,4389.1
26,4389.1
20,4389.3
9,4389.3
12,4390.7
5,4391.0
10,4392.4
29,4392.9
16,4393.0
11,4393.5
22,4393.6
4,4393.7
21,4394.2
24,4394.4
26,4394.4
0,4394.4
28,4394.8
12,4394.9
9,4395.1
5,4395.5
19,4396.0
2,4396.2
20,4396.4
15,4397.5
11,4398.7
6,4399.4
18,4399.5
25,4401.0
10,4401.4
12,4401.5
5,4402.6
22,4404.6
26,4404.7
20,4404.8
24,4407.3
9,4407.4
11,4408.4
28,4408.7
17,4409.5
15,4410.9
0,4411.0
29,4412.8
12,4420.9
5,4423.1
12,4463.1
5,4463.2
22,4463.5
24,4463.7
9,4463.9
11,4463.9
20,4464.0
26,4464.0
4,4464.9
21,4464.9
28,4465.2
10,4465.3
16,4465.8
29,4465.8
0,4466.3
15,4466.5
12,4466.5
19,4466.6
5,4466.7
2,4467.2
18,4467.4
17,4467.5
25,4467.5
6,4467.8
22,4467.8
24,4468.1
11,4468.5
1,4468.6
26,4468.7
20,4468.8
9,4468.8
5,4470.2
12,4470.3
10,4471.9
29,4472.3
16,4472.5
4,4473.0
22,4473.0
11,4473.1
21,4473.5
24,4473.6
26,4473.9
0,4474.0
28,4474.2
12,4474.4
9,4474.4
5,4474.8
20,4475.3
19,4475.3
2,4475.8
15,4476.2
18,4478.2
6,4478.2
11,4478.4
25,4480.4
10,4480.5
12,4481.1
17,4481.7
5,4482.0
22,4483.2
20,4483.5
26,4483.6
9,4485.0
24,4485.2
28,4488.1
15,4488.4
11,4488.4
0,4490.0
29,4491.3
12,4498.3
5,4500.1
12,4543.1
5,4543.2
22,4543.5
24,4543.7
26,4543.9
11,4543.9
9,4543.9
20,4544.0
4,4544.9
21,4544.9
28,4545.2
10,4545.2
16,4545.8
29,4545.8
0,4546.3
12,4546.5
15,4546.5
19,4546.5
5,4546.7
2,4547.1
18,4547.3
25,4547.5
17,4547.5
6,4547.8
22,4547.8
24,4548.1
11,4548.6
1,4548.6
26,4548.7
9,4548.8
20,4548.8
12,4550.0
5,4550.3
10,4551.6
29,4552.3
16,4552.5
22,4552.9
11,4553.0
4,4553.0
0,4553.3
21,4553.5
24,4553.6
26,4553.8
12,4554.2
28,4554.3
9,4554.5
5,4554.7
19,4555.2
20,4555.5
2,4555.8
15,4556.6
18,4558.2
6,4558.4
11,4558.5
25,4559.6
10,4560.3
12,4560.9
5,4561.7
17,4561.8
22,4563.1
26,4563.6
20,4563.7
24,4565.1
9,4566.7
28,4567.8
15,4569.0
11,4569.1
0,4573.0
29,4574.4
12,4579.7
5,4580.1
12,4623.0
5,4623.1
22,4623.4
24,4623.7
9,4623.9
26,4623.9
11,4623.9
20,4624.0
21,4624.9
4,4624.9
28,4625.2
10,4625.3
29,4625.7
16,4625.8
0,4626.3
12,4626.4
19,4626.5
5,4626.6
15,4626.6
2,4627.1
18,4627.3
25,4627.5
17,4627.5
22,4627.7
6,4627.8
24,4628.1
11,4628.6
1,4628.6
26,4628.7
20,4628.8
9,4628.8
12,4630.0
5,4630.2
10,4631.6
29,4632.2
16,4632.5
22,4632.8
4,4633.0
11,4633.0
0,4633.3
21,4633.5
24,4633.6
26,4633.8
12,4634.2
28,4634.3
9,4634.5
5,4634.6
19,4635.0
20,4635.5
2,4635.8
15,4636.7
18,4638.2
6,4638.5
11,4638.5
25,4639.7
10,4640.3
12,4640.9
5,4641.6
17,4641.9
22,4642.6
20,4643.6
26,4643.7
24,4645.2
9,4646.8
28,4647.5
11,4649.0
15,4649.2
0,4653.6
29,4655.4
12,4660.1
5,4660.9
12,5008.3
24,5008.9
11,5009.1
9,5009.2
20,5009.3
26,5009.3
18,5009.3
5,5009.4
21,5010.2
4,5010.2
28,5010.5
10,5010.7
16,5011.2
29,5011.2
22,5011.3
0,5011.7
12,5011.8
15,5011.9
19,5012.1
30,5012.4
2,5012.5
17,5013.1
25,5013.1
6,5013.3
24,5013.6
11,5014.0
18,5014.0
26,5014.1
1,5014.1
9,5014.3
20,5014.3
5,5014.8
12,5015.7
10,5017.4
29,5017.9
16,5018.0
22,5018.4
11,5018.5
4,5018.7
21,5019.2
0,5019.4
24,5019.4
5,5019.5
26,5019.6
28,5019.8
12,5019.9
9,5020.1
18,5020.3
19,5021.0
2,5021.2
20,5021.3
15,5022.5
11,5023.7
6,5024.4
25,5026.1
10,5026.4
12,5026.5
5,5027.7
30,5028.5
17,5029.4
20,5030.0
26,5030.8
9,5031.5
28,5032.0
24,5032.3
11,5032.8
15,5035.4
29,5036.1
16,5036.2
0,5039.5
12,5041.6
12,5088.1
24,5088.7
9,5088.9
11,5088.9
20,5089.0
18,5089.0
26,5089.0
5,5089.2
21,5089.9
4,5089.9
28,5090.2
10,5090.3
29,5090.8
16,5090.8
22,5091.0
0,5091.4
12,5091.5
19,5091.5
15,5091.5
30,5091.8
2,5092.2
17,5092.4
25,5092.5
6,5093.0
24,5093.1
11,5093.5
18,5093.6
1,5093.6
26,5093.7
9,5093.8
20,5093.8
5,5094.1
12,5095.3
10,5096.9
29,5097.5
16,5097.5
4,5098.0
22,5098.1
11,5098.1
21,5098.5
24,5098.6
28,5098.9
26,5098.9
0,5099.0
5,5099.1
9,5099.4
12,5099.4
18,5099.7
19,5100.0
20,5100.3
2,5100.8
15,5101.2
11,5103.3
6,5103.4
25,5105.4
10,5105.5
12,5105.8
30,5105.9
17,5106.1
5,5107.7
20,5108.1
26,5108.7
9,5109.6
24,5110.2
28,5110.7
11,5112.7
15,5112.8
16,5115.7
29,5117.3
0,5117.6
18,5118.4
12,5120.9
12,5168.1
24,5168.7
9,5168.9
11,5168.9
26,5169.0
18,5169.0
20,5169.0
5,5169.1
21,5169.9
4,5169.9
28,5170.2
10,5170.3
16,5170.7
29,5170.8
22,5171.0
0,5171.4
19,5171.5
12,5171.5
15,5171.5
30,5171.8
2,5172.1
17,5172.4
25,5172.5
6,5173.0
24,5173.1
18,5173.6
11,5173.6
1,5173.6
26,5173.7
20,5173.8
9,5173.8
5,5174.2
12,5175.0
10,5176.6
29,5177.3
16,5177.5
22,5178.0
11,5178.0
4,5178.0
0,5178.4
21,5178.5
24,5178.6
26,5178.8
28,5179.0
5,5179.0
12,5179.2
9,5179.5
18,5179.7
19,5179.9
20,5180.4
2,5180.8
15,5181.5
11,5183.3
6,5183.6
25,5184.6
10,5185.3
30,5185.6
17,5185.6
12,5185.8
5,5187.4
20,5188.4
26,5188.7
24,5190.1
28,5190.2
9,5191.0
11,5192.7
15,5193.0
16,5195.8
29,5197.1
18,5197.8
12,5203.9
0,5215.9
12,5248.0
24,5248.7
11,5248.9
9,5248.9
20,5249.0
26,5249.0
18,5249.0
5,5249.1
21,5249.9
4,5249.9
28,5250.2
10,5250.3
29,5250.7
16,5250.8
22,5250.9
19,5251.4
0,5251.4
12,5251.4
15,5251.5
30,5251.9
2,5252.1
17,5252.4
25,5252.5
6,5253.0
24,5253.1
11,5253.6
1,5253.6
18,5253.6
26,5253.7
9,5253.8
20,5253.8
5,5254.1
12,5255.0
10,5256.6
29,5257.4
16,5257.5
22,5257.9
4,5258.0
11,5258.0
0,5258.4
21,5258.5
24,5258.6
26,5258.8
5,5258.9
28,5259.0
12,5259.2
9,5259.5
19,5259.7
18,5259.7
20,5260.5
2,5260.8
15,5261.6
11,5263.3
6,5263.7
25,5264.7
10,5265.4
17,5265.7
30,5265.7
12,5265.8
5,5267.3
20,5268.4
26,5268.7
24,5270.2
28,5270.5
9,5271.2
11,5272.8
15,5273.7
16,5277.3
18,5277.7
29,5278.8
12,5284.7
24,5633.0
9,5633.1
18,5633.4
26,5633.5
12,5633.9
20,5634.3
16,5634.4
11,5635.1
4,5635.2
21,5635.2
19,5635.3
28,5635.5
10,5635.7
8,5636.1
9,5636.2
24,5636.2
14,5636.5
0,5636.7
26,5636.8
15,5636.9
18,5637.0
5,5637.0
30,5637.3
2,5637.5
17,5638.1
25,5638.1
6,5638.3
12,5638.4
1,5639.1
20,5639.3
16,5639.6
24,5639.7
9,5640.2
26,5640.8
18,5640.9
10,5642.4
11,5642.5
12,5643.3
4,5643.7
19,5643.9
21,5644.2
24,5644.4
0,5644.4
9,5644.8
28,5644.8
5,5644.9
26,5645.9
2,5646.2
20,5646.3
16,5646.6
18,5646.9
15,5647.4
8,5648.2
11,5648.6
6,5649.4
25,5650.3
12,5650.5
30,5651.0
10,5651.4
9,5651.7
14,5652.0
24,5652.7
20,5654.3
17,5654.6
26,5654.8
28,5655.8
0,5657.9
15,5658.9
18,5659.8
11,5662.6
16,5673.8
9,5675.8
9,5712.8
24,5712.8
18,5713.1
26,5713.2
12,5713.6
20,5714.0
16,5714.1
21,5714.9
19,5714.9
4,5714.9
11,5714.9
28,5715.2
10,5715.3
8,5715.8
24,5715.9
9,5715.9
14,5716.1
0,5716.3
26,5716.5
15,5716.5
18,5716.6
5,5716.6
30,5716.8
2,5717.0
17,5717.6
25,5717.6
6,5717.9
12,5718.1
1,5718.6
20,5718.8
16,5719.0
24,5719.3
9,5719.8
18,5720.4
26,5720.5
11,5722.0
10,5722.0
19,5722.9
4,5723.0
12,5723.0
21,5723.4
28,5723.9
24,5724.0
0,5724.0
5,5724.1
9,5724.2
20,5725.2
2,5725.5
26,5725.5
16,5725.9
18,5726.1
15,5726.2
8,5727.3
11,5728.1
6,5728.3
30,5729.5
25,5730.0
12,5730.0
14,5730.5
10,5730.6
9,5730.8
17,5732.0
24,5732.0
20,5732.5
26,5733.9
28,5734.5
0,5736.3
18,5737.1
15,5737.2
11,5742.5
9,5747.8
16,5747.8
9,5792.8
24,5792.8
18,5793.1
26,5793.1
12,5793.6
20,5794.0
16,5794.1
19,5794.8
4,5794.9
21,5794.9
11,5794.9
28,5795.2
10,5795.3
8,5795.7
9,5795.9
24,5796.0
14,5796.1
0,5796.3
26,5796.4
15,5796.5
5,5796.5
18,5796.6
30,5796.8
2,5796.9
17,5797.5
25,5797.5
6,5797.9
12,5797.9
1,5798.6
20,5798.8
16,5799.1
24,5799.4
9,5799.7
26,5800.4
18,5800.4
11,5801.4
10,5801.7
12,5802.6
19,5802.7
4,5803.0
0,5803.3
21,5803.4
28,5804.0
5,5804.1
24,5804.1
9,5804.2
26,5805.3
20,5805.4
2,5805.4
16,5806.0
18,5806.1
15,5806.4
8,5806.9
11,5807.6
6,5808.5
25,5809.8
30,5809.8
12,5809.9
14,5809.9
10,5810.5
9,5811.3
17,5812.0
24,5812.1
20,5812.6
26,5813.5
28,5814.6
18,5817.2
0,5817.3
15,5817.8
11,5822.1
16,5831.7
9,5834.1
9,5872.8
24,5872.8
26,5873.1
18,5873.1
12,5873.6
20,5874.0
16,5874.1
19,5874.8
21,5874.9
4,5874.9
11,5874.9
28,5875.2
10,5875.3
8,5875.7
9,5875.9
24,5876.0
14,5876.1
0,5876.3
26,5876.4
15,5876.5
5,5876.5
18,5876.6
30,5876.9
2,5877.0
17,5877.6
25,5877.6
12,5877.9
6,5877.9
1,5878.6
20,5878.8
16,5879.1
24,5879.4
9,5879.7
18,5880.4
26,5880.4
11,5881.4
10,5881.7
12,5882.6
19,5882.7
4,5883.0
0,5883.3
21,5883.5
28,5884.0
24,5884.1
5,5884.1
9,5884.2
26,5885.3
2,5885.4
20,5885.5
16,5886.0
18,5886.1
15,5886.5
8,5886.9
11,5887.7
6,5888.6
30,5889.9
25,5889.9
14,5889.9
12,5890.0
10,5890.7
9,5891.4
17,5892.0
24,5892.1
20,5892.8
26,5893.5
28,5894.5
18,5897.2
0,5897.7
15,5898.0
11,5902.0
9,5915.9
24,6258.0
9,6258.1
18,6258.4
26,6258.5
16,6258.6
12,6258.9
0,6259.1
20,6259.3
11,6260.1
21,6260.2
4,6260.2
19,6260.3
28,6260.5
10,6260.7
8,6261.1
24,6261.2
9,6261.2
14,6261.5
26,6261.8
15,6261.9
18,6262.0
30,6262.3
2,6262.5
16,6262.8
17,6263.1
25,6263.1
6,6263.3
12,6263.4
0,6263.5
1,6264.1
20,6264.3
24,6264.7
9,6265.2
26,6265.8
18,6265.9
16,6267.3
10,6267.5
11,6267.5
0,6268.4
12,6268.4
4,6268.7
19,6268.9
21,6269.2
24,6269.4
28,6269.8
9,6269.8
26,6270.9
2,6271.2
20,6271.3
18,6271.9
15,6272.4
8,6273.1
11,6273.8
16,6274.2
6,6274.4
0,6275.2
12,6275.4
25,6275.4
30,6275.5
10,6276.2
9,6276.9
14,6276.9
24,6277.2
20,6279.2
26,6279.3
28,6280.6
17,6283.1
15,6283.5
18,6284.9
11,6289.0
16,6289.7
24,6337.8
9,6337.9
18,6338.1
26,6338.2
16,6338.4
12,6338.6
0,6338.9
20,6339.0
4,6339.9
19,6339.9
21,6339.9
11,6339.9
28,6340.2
10,6340.3
8,6340.8
24,6340.9
9,6341.0
14,6341.1
15,6341.5
26,6341.5
18,6341.6
30,6341.8
2,6341.9
16,6342.3
17,6342.6
25,6342.6
6,6342.9
12,6343.1
0,6343.2
1,6343.5
20,6343.8
24,6344.2
9,6344.9
18,6345.4
26,6345.5
16,6346.6
10,6347.0
11,6347.0
19,6348.0
12,6348.0
4,6348.0
0,6348.0
21,6348.4
28,6348.9
24,6349.0
9,6349.5
20,6350.2
26,6350.5
2,6350.5
18,6351.1
15,6351.2
8,6352.3
11,6353.1
16,6353.3
6,6353.3
30,6354.1
14,6354.4
0,6354.8
12,6354.9
25,6355.0
10,6355.5
9,6356.5
24,6356.5
17,6357.7
20,6357.8
26,6358.7
28,6359.6
18,6362.3
15,6362.3
16,6366.5
11,6367.7
9,6380.9
24,6417.8
9,6417.8
26,6418.1
18,6418.1
16,6418.3
12,6418.6
0,6418.8
20,6419.0
19,6419.8
21,6419.9
4,6419.9
11,6419.9
28,6420.2
10,6420.3
8,6420.7
9,6420.9
24,6421.0
14,6421.0
26,6421.3
15,6421.5
18,6421.6
30,6421.8
2,6421.9
16,6422.2
17,6422.6
25,6422.6
6,6422.9
12,6422.9
0,6423.1
1,6423.5
20,6423.8
24,6424.4
9,6424.7
18,6425.4
26,6425.4
16,6426.4
11,6426.4
10,6426.7
12,6427.6
0,6427.6
19,6427.7
4,6428.0
21,6428.4
28,6429.0
24,6429.1
9,6429.3
26,6430.3
2,6430.3
20,6430.4
18,6431.1
15,6431.5
8,6431.9
11,6432.6
16,6433.2
6,6433.5
14,6434.0
30,6434.1
0,6434.6
12,6434.8
25,6434.9
10,6435.3
9,6436.5
24,6436.7
17,6437.6
20,6437.8
26,6438.3
28,6439.6
18,6442.2
15,6442.8
16,6446.7
11,6447.2
9,6497.8
24,6497.8
18,6498.1
26,6498.1
16,6498.3
12,6498.6
0,6498.8
20,6499.0
19,6499.8
11,6499.9
21,6499.9
4,6499.9
28,6500.2
10,6500.3
8,6500.7
9,6500.9
14,6501.0
24,6501.0
26,6501.3
15,6501.5
18,6501.6
30,6501.8
2,6502.0
16,6502.2
17,6502.6
25,6502.6
12,6502.9
6,6502.9
0,6503.1
1,6503.6
20,6503.8
24,6504.4
9,6504.7
18,6505.4
26,6505.4
11,6506.4
16,6506.4
10,6506.7
12,6507.6
0,6507.6
19,6507.7
4,6508.0
21,6508.4
28,6509.0
24,6509.1
9,6509.3
26,6510.3
2,6510.4
20,6510.5
18,6511.1
15,6511.6
8,6511.9
11,6512.7
16,6513.2
6,6513.6
14,6514.1
30,6514.6
0,6514.6
12,6514.9
25,6514.9
10,6515.3
9,6516.6
24,6516.8
17,6517.7
20,6518.0
26,6518.3
28,6519.6
18,6522.3
15,6523.0
11,6527.0
16,6527.4
16,6882.9
18,6883.0
24,6883.0
9,6883.1
26,6883.7
12,6884.1
0,6884.1
2,6884.2
1,6884.6
20,6884.8
17,6884.9
11,6885.1
4,6885.2
19,6885.3
28,6885.5
3,6885.7
10,6885.7
18,6886.0
16,6886.0
8,6886.1
24,6886.2
9,6886.2
14,6886.5
15,6886.9
30,6887.3
26,6887.4
25,6888.1
6,6888.3
29,6888.3
0,6888.5
12,6888.6
18,6889.0
16,6889.1
2,6889.6
24,6889.7
1,6889.8
9,6890.2
17,6890.5
20,6890.8
26,6891.8
10,6892.4
11,6892.5
18,6892.9
16,6893.0
12,6893.3
0,6893.4
4,6893.7
19,6893.9
24,6894.4
28,6894.8
9,6894.8
3,6895.0
2,6895.7
20,6897.3
15,6897.5
8,6898.1
26,6898.1
1,6898.2
18,6898.7
16,6898.8
11,6899.0
6,6899.1
14,6899.9
0,6899.9
12,6900.1
10,6901.2
25,6901.2
30,6901.3
17,6901.6
9,6901.9
24,6902.2
28,6905.3
20,6907.3
2,6907.9
16,6908.0
15,6908.2
18,6909.9
26,6912.2
11,6914.9
0,6915.4
16,6962.7
18,6962.7
24,6962.8
9,6962.9
26,6963.4
0,6963.8
12,6963.8
2,6963.9
1,6964.3
20,6964.4
17,6964.5
4,6964.8
11,6964.9
19,6965.0
28,6965.2
10,6965.3
3,6965.4
16,6965.6
8,6965.7
18,6965.7
24,6965.9
9,6966.0
14,6966.1
15,6966.5
30,6966.8
26,6967.1
25,6967.6
29,6967.6
6,6967.7
0,6968.0
12,6968.2
18,6968.5
16,6968.6
2,6969.0
24,6969.2
1,6969.3
9,6969.9
20,6970.0
17,6970.1
26,6971.4
11,6972.0
10,6972.0
18,6972.2
16,6972.4
12,6972.8
0,6972.8
4,6972.9
19,6973.3
24,6973.8
28,6973.9
3,6974.2
9,6974.5
2,6974.6
15,6976.2
20,6976.4
8,6977.2
26,6977.4
1,6977.4
18,6977.6
6,6978.0
16,6978.0
11,6978.2
14,6978.9
0,6979.2
30,6979.4
12,6979.4
25,6980.5
10,6980.5
17,6980.6
24,6981.2
9,6981.5
28,6984.4
2,6985.3
20,6985.9
16,6986.8
18,6987.5
15,6987.8
26,6990.4
11,6992.4
0,6992.6
12,6996.9
24,7000.5
9,7006.7
16,7042.6
18,7042.7
24,7042.7
9,7042.8
26,7043.4
0,7043.7
12,7043.8
2,7043.9
1,7044.3
20,7044.4
17,7044.5
4,7044.8
11,7044.9
19,7044.9
28,7045.2
10,7045.3
3,7045.4
16,7045.6
8,7045.6
18,7045.7
24,7045.8
9,7045.9
14,7046.0
15,7046.5
30,7046.8
26,7047.1
25,7047.5
29,7047.6
6,7047.7
0,7048.0
12,7048.0
16,7048.6
18,7048.7
2,7049.0
24,7049.1
1,7049.3
9,7049.7
17,7050.1
20,7050.1
26,7051.4
11,7051.4
10,7051.7
16,7052.4
12,7052.5
18,7052.5
0,7052.6
4,7052.7
19,7053.0
24,7053.6
28,7053.9
3,7054.2
9,7054.3
2,7055.0
20,7056.5
15,7056.5
8,7056.8
1,7057.3
26,7057.4
11,7057.7
16,7058.0
18,7058.1
6,7058.2
14,7059.1
12,7059.4
0,7059.4
30,7059.8
25,7060.2
10,7060.3
17,7060.5
24,7060.8
9,7061.5
28,7064.5
20,7066.3
16,7067.0
2,7067.4
15,7067.8
18,7068.4
26,7070.6
11,7071.4
0,7075.1
24,7078.0
12,7084.7
16,7122.6
24,7122.7
18,7122.7
9,7122.8
26,7123.4
12,7123.8
0,7123.8
2,7123.9
1,7124.3
20,7124.4
17,7124.5
4,7124.8
19,7124.9
11,7124.9
28,7125.2
10,7125.3
3,7125.4
16,7125.6
8,7125.6
18,7125.7
24,7125.8
9,7125.9
14,7126.0
15,7126.5
30,7126.9
26,7127.1
25,7127.5
29,7127.6
6,7127.7
12,7128.0
0,7128.1
16,7128.6
18,7128.7
2,7129.0
24,7129.1
1,7129.3
9,7129.7
17,7130.1
20,7130.3
11,7131.4
26,7131.4
10,7131.7
16,7132.4
0,7132.5
18,7132.5
12,7132.5
4,7132.7
19,7133.1
24,7133.6
28,7134.0
3,7134.2
9,7134.3
2,7135.0
15,7136.6
20,7136.7
8,7136.8
1,7137.3
26,7137.4
11,7137.8
16,7138.0
18,7138.1
6,7138.3
14,7139.2
0,7139.4
12,7139.4
30,7139.9
25,7140.2
10,7140.3
17,7140.5
24,7140.8
9,7141.6
28,7144.4
20,7146.9
16,7147.1
2,7147.6
15,7148.0
18,7148.5
26,7150.8
11,7151.3
0,7155.5
24,7158.4
16,7507.9
24,7508.0
18,7508.1
9,7508.1
20,7508.7
26,7508.7
12,7509.1
0,7509.1
2,7509.2
1,7509.5
6,7509.7
30,7510.1
11,7510.1
4,7510.2
19,7510.3
28,7510.5
3,7510.6
10,7510.7
16,7511.0
8,7511.1
9,7511.2
21,7511.2
24,7511.2
14,7511.5
18,7511.5
15,7511.9
31,7511.9
20,7512.3
22,7512.3
17,7512.5
26,7512.5
25,7513.1
29,7513.3
12,7513.5
0,7513.5
16,7514.1
2,7514.5
24,7514.7
1,7514.7
9,7515.2
18,7515.4
30,7515.5
6,7515.8
26,7516.8
20,7516.9
10,7517.4
11,7517.5
16,7518.0
12,7518.2
0,7518.4
4,7518.7
19,7518.9
24,7519.4
3,7519.7
28,7519.8
9,7519.8
21,7520.0
2,7520.4
18,7521.3
20,7521.9
15,7522.5
1,7522.9
8,7523.1
26,7523.1
6,7523.3
16,7523.9
31,7524.0
11,7524.0
14,7524.9
0,7525.1
12,7525.1
30,7525.7
25,7526.5
10,7526.8
9,7526.9
24,7527.7
20,7529.1
28,7531.5
2,7531.9
16,7532.5
15,7533.2
18,7533.3
26,7537.3
6,7539.1
11,7539.8
0,7545.9
12,7556.8
16,7587.6
24,7587.8
18,7587.9
9,7587.9
26,7588.4
20,7588.4
0,7588.8
2,7588.9
12,7588.9
1,7589.3
6,7589.4
30,7589.7
11,7589.9
4,7589.9
19,7590.0
28,7590.2
10,7590.3
3,7590.4
16,7590.6
8,7590.7
21,7590.8
24,7590.9
9,7591.0
14,7591.1
18,7591.2
31,7591.3
15,7591.5
22,7591.8
20,7591.9
26,7592.1
17,7592.2
25,7592.5
29,7592.6
0,7593.0
12,7593.2
16,7593.6
2,7594.0
24,7594.2
1,7594.3
9,7595.0
18,7595.0
30,7595.1
6,7595.4
20,7596.4
26,7596.4
10,7597.0
11,7597.0
16,7597.4
12,7597.8
0,7597.8
4,7598.0
19,7598.3
24,7598.8
28,7598.9
3,7599.2
21,7599.3
9,7599.5
2,7599.6
18,7600.7
20,7601.1
15,7601.3
8,7602.2
6,7602.3
26,7602.4
1,7602.4
31,7602.7
16,7603.0
11,7603.2
14,7604.4
0,7604.4
12,7604.5
30,7605.1
25,7605.6
10,7605.7
24,7606.5
9,7606.5
20,7607.9
28,7610.4
2,7610.4
16,7612.0
18,7612.1
15,7612.7
22,7614.5
26,7615.8
6,7616.1
11,7617.4
0,7621.0
12,7621.4
24,7622.0
20,7630.2
9,7631.9
16,7667.6
24,7667.7
9,7667.8
18,7667.9
20,7668.4
26,7668.4
0,7668.8
12,7668.8
2,7668.9
1,7669.3
6,7669.3
30,7669.7
4,7669.9
11,7669.9
19,7669.9
28,7670.2
10,7670.3
3,7670.4
16,7670.6
8,7670.7
21,7670.8
24,7670.8
9,7670.9
14,7671.0
18,7671.2
31,7671.3
15,7671.5
22,7671.8
20,7671.9
26,7672.1
17,7672.2
25,7672.6
29,7672.6
12,7673.0
0,7673.0
16,7673.6
2,7674.0
24,7674.1
1,7674.3
9,7674.7
30,7674.9
18,7675.0
6,7675.3
20,7676.3
26,7676.4
11,7676.4
10,7676.7
16,7677.4
12,7677.5
0,7677.6
4,7678.0
19,7678.1
24,7678.6
28,7679.0
3,7679.2
21,7679.2
9,7679.3
2,7680.0
18,7680.7
20,7681.2
15,7681.5
8,7681.9
1,7682.4
6,7682.4
26,7682.4
31,7682.5
11,7682.7
16,7683.0
14,7684.2
12,7684.5
0,7684.5
30,7684.6
25,7685.3
10,7685.5
24,7686.0
9,7686.5
20,7688.2
28,7690.4
22,7691.7
18,7691.8
16,7692.1
2,7692.5
15,7692.7
26,7695.9
6,7696.0
11,7696.3
24,7701.3
12,7707.4
0,7711.2
20,7716.2
16,7747.6
24,7747.7
9,7747.8
18,7747.9
20,7748.4
26,7748.4
0,7748.8
12,7748.8
2,7748.9
6,7749.3
1,7749.3
30,7749.7
4,7749.9
11,7749.9
19,7749.9
28,7750.2
10,7750.3
3,7750.4
16,7750.6
8,7750.7
24,7750.8
21,7750.8
9,7750.9
14,7751.0
18,7751.2
31,7751.3
15,7751.5
22,7751.8
20,7751.9
26,7752.1
17,7752.2
25,7752.6
29,7752.6
12,7753.0
0,7753.1
16,7753.6
2,7754.0
24,7754.1
1,7754.3
9,7754.7
30,7754.9
18,7755.0
6,7755.3
26,7756.4
11,7756.4
20,7756.5
10,7756.7
16,7757.4
12,7757.5
0,7757.6
4,7758.0
19,7758.1
24,7758.6
28,7759.0
21,7759.2
3,7759.2
9,7759.3
2,7760.0
18,7760.7
20,7761.4
15,7761.6
8,7761.9
1,7762.4
26,7762.4
6,7762.5
31,7762.5
11,7762.8
16,7763.0
14,7764.2
0,7764.5
12,7764.5
30,7764.6
25,7765.4
10,7765.5
24,7766.0
9,7766.6
20,7768.6
28,7770.3
22,7771.7
18,7771.9
16,7772.2
2,7772.7
15,7773.0
6,7775.8
26,7776.2
11,7776.3
24,7782.1
0,7790.5
12,7790.7
16,8132.9
24,8133.0
18,8133.1
20,8133.2
9,8133.3
26,8133.7
12,8134.1
1,8134.5
6,8134.6
30,8135.0
4,8135.2
19,8135.3
0,8135.5
28,8135.5
3,8135.6
2,8135.8
16,8136.0
27,8136.1
21,8136.1
8,8136.1
24,8136.2
20,8136.3
18,8136.5
14,8136.5
31,8136.8
15,8136.9
9,8136.9
22,8137.2
26,8137.5
17,8137.6
25,8138.1
12,8138.2
29,8138.3
10,8138.5
16,8139.1
20,8139.5
1,8139.7
24,8139.7
30,8140.3
18,8140.4
6,8140.8
11,8141.3
26,8141.8
9,8142.0
0,8142.8
16,8143.0
4,8143.7
20,8143.9
19,8143.9
12,8144.3
24,8144.4
3,8144.7
21,8144.7
28,8144.8
27,8145.5
18,8146.3
2,8146.4
15,8147.5
1,8147.9
8,8148.1
6,8148.3
26,8148.3
20,8148.5
31,8148.9
16,8148.9
14,8149.6
10,8149.9
30,8150.3
9,8151.1
25,8151.5
24,8152.7
11,8152.9
20,8155.5
22,8155.8
28,8157.0
15,8158.2
12,8158.3
16,8158.4
18,8158.4
26,8163.6
0,8166.3
6,8168.1
20,8174.9
16,8212.7
24,8212.8
18,8212.9
20,8213.0
9,8213.1
26,8213.4
12,8213.8
1,8214.3
6,8214.4
30,8214.7
4,8214.9
19,8215.0
0,8215.1
28,8215.2
3,8215.3
2,8215.4
16,8215.6
27,8215.6
21,8215.7
8,8215.8
24,8215.9
20,8216.0
14,8216.1
18,8216.2
31,8216.3
15,8216.5
9,8216.7
22,8216.8
26,8217.1
17,8217.2
29,8217.6
25,8217.7
12,8217.8
10,8218.0
16,8218.6
20,8219.2
24,8219.2
1,8219.3
18,8220.0
30,8220.1
11,8220.2
6,8220.4
26,8221.4
9,8221.8
0,8222.4
16,8222.4
4,8222.9
19,8223.3
20,8223.5
12,8223.6
24,8223.8
3,8223.8
21,8223.9
28,8223.9
27,8224.3
2,8224.8
18,8225.7
15,8226.2
31,8227.3
8,8227.3
6,8227.3
1,8227.4
26,8227.5
16,8228.0
20,8228.1
14,8228.6
10,8228.7
30,8230.2
9,8230.8
24,8231.5
11,8232.4
25,8232.5
22,8234.0
20,8235.1
28,8235.4
12,8236.7
15,8237.1
18,8237.2
16,8237.7
26,8240.7
6,8243.5
0,8244.1
24,8247.4
20,8255.4
16,8292.6
24,8292.7
18,8292.9
9,8293.0
20,8293.0
26,8293.4
12,8293.8
1,8294.3
6,8294.4
30,8294.7
4,8294.8
19,8294.9
0,8295.0
28,8295.2
3,8295.3
2,8295.3
27,8295.6
16,8295.6
21,8295.7
8,8295.7
24,8295.8
20,8295.9
14,8296.0
18,8296.2
31,8296.3
15,8296.5
9,8296.6
22,8296.8
26,8297.1
17,8297.1
29,8297.6
25,8297.7
12,8297.8
10,8298.0
16,8298.6
20,8299.0
24,8299.1
1,8299.3
30,8299.9
18,8300.0
11,8300.2
6,8300.3
26,8301.4
9,8301.6
0,8302.2
16,8302.4
4,8302.9
19,8303.1
20,8303.2
12,8303.6
24,8303.6
21,8303.8
3,8303.8
28,8304.0
27,8304.2
2,8304.8
18,8305.7
15,8306.5
8,8306.9
31,8307.1
26,8307.4
1,8307.4
6,8307.5
20,8307.5
16,8308.0
10,8308.3
14,8308.3
30,8309.7
9,8310.5
24,8311.0
25,8312.0
11,8312.3
22,8313.4
20,8313.8
28,8315.4
12,8316.3
18,8317.2
15,8317.6
16,8318.0
26,8320.8
6,8323.0
0,8326.1
24,8326.4
20,8328.3
16,8372.6
24,8372.7
18,8372.9
20,8372.9
9,8373.0
26,8373.4
12,8373.8
1,8374.3
6,8374.4
30,8374.7
4,8374.8
19,8374.9
0,8375.1
28,8375.2
3,8375.3
2,8375.4
27,8375.6
16,8375.6
21,8375.7
8,8375.7
24,8375.8
20,8375.9
14,8376.0
18,8376.2
31,8376.3
15,8376.5
9,8376.6
22,8376.8
17,8377.1
26,8377.1
29,8377.6
25,8377.7
12,8377.8
10,8378.0
16,8378.6
20,8379.0
24,8379.1
1,8379.3
30,8379.9
18,8380.0
11,8380.2
6,8380.3
26,8381.4
9,8381.6
0,8382.1
16,8382.4
4,8382.9
19,8383.1
20,8383.2
24,8383.6
12,8383.8
3,8383.8
21,8383.8
28,8384.0
27,8384.0
2,8384.8
18,8385.7
15,8386.6
8,8386.9
31,8387.1
1,8387.4
26,8387.5
20,8387.5
6,8387.5
16,8388.0
10,8388.3
14,8388.9
30,8389.7
9,8390.5
24,8391.0
25,8392.0
11,8392.5
22,8393.4
20,8393.8
28,8395.3
18,8397.3
12,8397.7
15,8397.9
16,8398.1
26,8400.9
6,8402.7
0,8406.8
24,8407.1
20,8408.8
20,8757.9
18,8758.1
16,8758.3
9,8758.3
24,8758.5
26,8758.7
3,8759.0
12,8759.1
2,8759.2
19,8759.4
6,8759.6
30,8760.0
4,8760.2
28,8760.5
0,8760.6
20,8760.7
8,8761.1
21,8761.1
27,8761.1
1,8761.2
13,8761.4
14,8761.5
18,8761.5
31,8761.8
16,8761.9
9,8761.9
15,8761.9
22,8762.2
24,8762.4
26,8762.5
17,8762.5
12,8763.2
29,8763.2
20,8763.5
10,8763.6
3,8763.7
2,8764.1
19,8764.9
30,8765.3
18,8765.4
6,8765.9
16,8766.4
11,8766.4
20,8766.6
26,8766.8
9,8767.2
0,8768.1
24,8768.3
3,8768.6
4,8768.7
13,8768.9
12,8769.2
2,8769.2
21,8769.7
28,8769.8
20,8770.2
27,8770.4
18,8771.3
1,8771.8
19,8772.0
15,8772.5
8,8773.1
26,8773.3
6,8773.3
31,8773.9
16,8774.1
20,8774.2
14,8774.7
10,8774.9
30,8775.3
3,8776.7
9,8776.8
2,8777.4
11,8777.9
20,8780.5
22,8780.6
15,8782.0
28,8782.0
12,8782.3
13,8782.7
24,8782.9
18,8784.9
26,8787.5
16,8788.6
6,8789.0
20,8793.4
19,8799.8
20,8837.7
18,8837.9
16,8838.0
9,8838.0
24,8838.3
26,8838.4
3,8838.7
12,8838.8
2,8838.9
19,8839.1
6,8839.3
30,8839.7
4,8839.9
28,8840.1
0,8840.2
20,8840.4
27,8840.6
21,8840.7
8,8840.8
1,8840.9
13,8841.0
14,8841.1
18,8841.2
31,8841.3
15,8841.4
16,8841.5
9,8841.7
22,8841.8
26,8842.1
24,8842.2
17,8842.2
29,8842.6
12,8842.8
10,8843.0
20,8843.1
3,8843.2
2,8843.6
19,8844.4
30,8844.9
18,8845.0
11,8845.2
6,8845.3
16,8845.9
20,8846.1
26,8846.4
9,8846.7
0,8847.4
13,8847.9
24,8848.0
3,8848.0
4,8848.0
12,8848.6
2,8848.6
28,8848.8
21,8849.0
27,8849.3
20,8849.5
18,8850.8
15,8851.1
1,8851.2
19,8851.5
8,8852.3
31,8852.3
6,8852.3
26,8852.5
16,8853.1
10,8853.4
14,8853.5
20,8853.6
30,8854.6
9,8855.5
3,8856.5
11,8857.1
2,8857.4
22,8858.7
20,8859.7
28,8860.0
12,8860.3
15,8860.8
24,8862.1
13,8863.1
18,8863.5
6,8865.1
16,8865.8
26,8866.4
20,8870.8
20,8917.6
16,8917.9
18,8917.9
9,8918.0
24,8918.2
26,8918.4
3,8918.6
12,8918.8
2,8918.8
19,8919.0
6,8919.3
30,8919.7
4,8919.8
0,8920.1
28,8920.2
20,8920.3
27,8920.7
21,8920.7
8,8920.7
1,8920.9
13,8920.9
14,8921.0
18,8921.2
31,8921.3
16,8921.4
15,8921.4
9,8921.6
22,8921.8
17,8922.1
24,8922.1
26,8922.1
29,8922.6
12,8922.8
10,8922.9
20,8923.0
3,8923.2
2,8923.4
19,8924.3
30,8924.9
18,8925.0
11,8925.1
6,8925.1
16,8925.7
20,8925.9
26,8926.4
9,8926.6
0,8927.2
13,8927.9
24,8927.9
4,8927.9
3,8928.2
2,8928.5
12,8928.6
21,8928.8
28,8928.9
27,8929.2
20,8929.4
18,8930.7
1,8931.2
19,8931.3
15,8931.4
8,8931.9
31,8932.1
6,8932.2
26,8932.4
16,8932.7
10,8933.2
14,8933.3
20,8933.4
30,8934.6
9,8935.3
3,8936.8
2,8937.0
11,8937.1
22,8938.0
20,8939.3
28,8940.1
12,8940.5
24,8941.2
15,8941.3
13,8942.9
18,8943.5
6,8944.4
16,8945.7
26,8946.5
20,8950.4
20,8997.6
18,8997.9
16,8997.9
9,8998.0
24,8998.2
26,8998.4
3,8998.6
2,8998.8
12,8998.8
19,8999.0
6,8999.3
30,8999.7
4,8999.8
0,9000.1
28,9000.2
20,9000.3
27,9000.6
8,9000.7
21,9000.7
13,9000.9
1,9000.9
14,9001.0
18,9001.2
31,9001.3
15,9001.4
16,9001.4
9,9001.6
22,9001.8
24,9002.1
26,9002.1
17,9002.1
29,9002.6
12,9002.8
10,9002.9
20,9003.0
3,9003.2
2,9003.4
19,9004.3
30,9004.9
18,9005.0
11,9005.1
6,9005.3
16,9005.7
20,9005.9
26,9006.4
9,9006.6
0,9007.1
24,9007.9
4,9007.9
13,9007.9
3,9008.2
2,9008.5
12,9008.8
21,9008.9
27,9009.0
28,9009.0
20,9009.4
18,9010.7
1,9011.2
19,9011.3
15,9011.4
8,9011.9
31,9012.1
6,9012.5
26,9012.5
16,9012.7
10,9013.2
20,9013.4
14,9013.9
30,9014.6
9,9015.3
3,9016.9
2,9017.0
11,9017.3
22,9018.1
20,9019.3
28,9020.0
24,9021.3
12,9021.3
15,9021.6
13,9023.0
18,9023.6
6,9025.8
16,9026.2
26,9026.7
20,9030.6
20,9382.9
18,9383.1
16,9383.3
9,9383.3
12,9383.4
24,9383.5
6,9383.6
3,9383.9
28,9383.9
2,9384.2
26,9384.3
31,9384.4
21,9384.4
19,9384.4
27,9384.5
30,9385.0
4,9385.2
0,9385.6
11,9385.6
20,9385.7
8,9386.1
1,9386.2
13,9386.4
18,9386.5
14,9386.5
16,9386.9
15,9386.9
9,9386.9
12,9387.0
22,9387.2
24,9387.4
17,9387.5
6,9387.6
29,9388.3
20,9388.5
28,9388.5
3,9388.7
2,9389.1
21,9389.1
31,9389.2
27,9389.4
26,9389.5
19,9389.9
30,9390.3
18,9390.4
12,9390.6
16,9391.4
20,9391.6
6,9391.9
9,9392.0
11,9392.7
0,9393.1
24,9393.6
3,9393.6
4,9393.7
28,9393.8
13,9393.9
2,9394.2
20,9395.2
31,9395.4
27,9395.5
21,9395.6
12,9395.9
18,9396.3
1,9396.9
19,9396.9
6,9397.0
15,9397.4
8,9398.1
16,9398.9
20,9399.1
14,9399.7
30,9399.8
28,9399.9
26,9400.2
11,9400.5
9,9401.2
2,9402.1
3,9402.2
6,9404.3
12,9405.0
20,9405.4
22,9405.5
31,9407.2
13,9407.5
24,9407.7
27,9408.1
15,9408.5
18,9410.0
21,9411.2
28,9415.5
16,9415.8
20,9417.2
19,9420.0
20,9462.7
18,9462.9
16,9463.0
9,9463.1
12,9463.1
24,9463.3
6,9463.4
3,9463.7
28,9463.7
2,9463.9
21,9464.1
31,9464.1
26,9464.1
19,9464.1
27,9464.2
30,9464.7
4,9464.9
0,9465.2
20,9465.3
11,9465.3
8,9465.8
1,9465.9
13,9466.0
14,9466.1
18,9466.3
16,9466.5
15,9466.5
12,9466.6
9,9466.7
22,9466.8
6,9467.2
17,9467.2
24,9467.2
29,9467.6
20,9467.8
28,9467.9
3,9468.2
2,9468.6
21,9468.6
31,9468.6
27,9468.7
26,9469.3
19,9469.4
30,9470.1
12,9470.2
18,9470.2
20,9470.7
16,9470.9
6,9471.4
9,9471.8
11,9472.2
0,9472.4
13,9472.9
4,9473.0
3,9473.0
24,9473.1
28,9473.2
2,9473.6
20,9474.2
31,9474.7
21,9474.7
27,9474.8
12,9475.4
18,9476.1
15,9476.2
6,9476.2
1,9476.2
19,9476.5
8,9477.3
16,9478.0
20,9478.1
14,9478.6
28,9479.4
30,9479.8
26,9479.8
11,9480.0
9,9480.9
2,9481.9
3,9481.9
6,9483.5
22,9483.7
12,9484.1
20,9484.1
31,9486.1
27,9486.3
24,9486.4
15,9487.1
13,9488.1
21,9489.1
18,9489.8
16,9492.9
20,9494.0
28,9496.0
19,9496.6
20,9542.6
16,9542.9
18,9542.9
9,9543.0
12,9543.1
24,9543.2
6,9543.3
28,9543.6
3,9543.7
2,9543.8
19,9544.0
26,9544.0
31,9544.0
21,9544.1
27,9544.2
30,9544.7
4,9544.9
0,9545.1
20,9545.3
11,9545.3
8,9545.7
1,9545.8
13,9545.9
14,9546.0
18,9546.2
16,9546.4
15,9546.5
9,9546.6
12,9546.6
22,9546.8
6,9547.1
24,9547.1
17,9547.2
29,9547.6
28,9547.9
20,9548.0
3,9548.2
2,9548.4
31,9548.6
21,9548.7
27,9548.8
26,9549.1
19,9549.3
30,9549.9
18,9550.0
12,9550.1
16,9550.7
20,9550.9
6,9551.3
9,9551.6
11,9552.0
0,9552.2
13,9552.9
24,9552.9
4,9553.0
28,9553.0
3,9553.2
2,9553.5
20,9554.4
31,9554.5
27,9554.7
21,9554.8
12,9555.2
18,9555.7
6,9556.2
1,9556.2
19,9556.3
15,9556.4
8,9557.0
16,9557.6
20,9558.3
14,9558.4
28,9559.0
26,9559.2
30,9559.4
11,9559.8
9,9560.5
2,9561.8
3,9562.0
22,9563.1
6,9563.4
12,9563.8
20,9564.3
31,9565.4
24,9565.8
27,9566.3
15,9567.7
13,9567.9
18,9568.5
21,9569.3
16,9572.0
28,9573.7
19,9574.8
20,9575.0
20,9622.6
18,9622.9
16,9622.9
9,9623.0
12,9623.1
24,9623.2
6,9623.3
28,9623.6
3,9623.7
2,9623.8
26,9624.0
31,9624.0
19,9624.0
21,9624.1
27,9624.1
30,9624.7
4,9624.9
0,9625.1
11,9625.3
20,9625.3
8,9625.7
1,9625.8
13,9625.9
14,9626.0
18,9626.2
16,9626.4
15,9626.5
12,9626.6
9,9626.6
22,9626.8
24,9627.1
6,9627.1
17,9627.2
29,9627.6
28,9628.0
20,9628.0
3,9628.2
2,9628.4
31,9628.6
21,9628.7
27,9628.7
26,9629.1
19,9629.3
30,9629.9
18,9630.0
12,9630.1
16,9630.7
20,9630.9
6,9631.3
9,9631.6
11,9632.0
0,9632.1
24,9632.9
13,9632.9
4,9633.0
28,9633.1
3,9633.2
2,9633.5
20,9634.4
31,9634.5
27,9634.6
21,9634.8
12,9635.2
18,9635.7
1,9636.2
6,9636.3
19,9636.3
15,9636.5
8,9637.0
16,9637.6
20,9638.3
14,9638.9
26,9639.2
28,9639.3
30,9639.5
11,9639.8
9,9640.5
2,9641.8
3,9642.0
22,9643.1
6,9643.6
12,9643.9
20,9644.3
31,9645.5
24,9645.9
27,9646.3
13,9648.0
15,9648.0
18,9648.6
21,9650.1
16,9653.1
28,9655.2
20,9655.2
19,9656.1
