9,88.3
29,88.4
28,88.6
20,88.8
22,88.9
5,89.0
0,89.1
31,89.1
21,89.1
30,89.5
12,89.5
11,89.6
27,89.8
2,90.2
6,90.7
3,91.2
24,91.6
9,91.7
25,91.8
1,92.0
18,92.0
29,92.0
28,92.5
17,92.6
16,92.7
19,92.7
23,92.9
20,93.2
22,93.4
5,93.7
0,93.9
31,93.9
21,94.0
12,94.5
30,94.6
9,94.7
27,95.2
11,95.2
2,95.9
29,96.2
28,96.6
3,98.1
9,98.3
20,98.6
22,98.8
0,99.2
1,99.9
24,100.0
5,100.4
12,100.4
18,100.6
6,100.6
25,101.2
31,102.4
21,102.5
28,102.6
27,102.6
29,102.7
16,102.8
17,102.9
9,103.2
30,103.2
11,103.3
2,104.9
23,107.2
22,108.2
0,108.2
20,108.4
3,111.0
9,111.0
12,113.9
28,113.9
29,115.9
30,116.5
5,118.5
31,119.4
6,122.1
27,123.6
9,123.7
18,123.9
2,140.1
9,167.9
29,168.1
28,168.3
20,168.4
5,168.6
22,168.6
31,168.7
0,168.8
21,168.8
30,169.0
11,169.2
12,169.2
27,169.5
2,169.8
6,170.2
3,170.8
9,171.1
24,171.2
25,171.4
18,171.4
1,171.5
29,171.7
16,172.0
28,172.1
17,172.1
23,172.2
19,172.3
20,172.8
22,172.9
5,173.2
31,173.4
21,173.5
0,173.6
30,174.0
12,174.1
9,174.2
27,174.7
11,174.7
2,175.4
29,175.7
28,176.2
9,177.5
3,177.6
22,178.1
20,178.1
0,178.7
1,179.2
6,179.3
18,179.4
5,179.5
24,179.5
12,179.8
25,180.7
31,181.0
16,181.6
30,181.7
29,181.8
21,181.8
27,182.1
9,182.1
28,182.3
17,182.3
11,182.4
2,183.9
23,186.0
0,187.9
22,188.1
20,188.2
9,189.4
3,190.7
12,192.5
28,194.5
29,194.6
5,196.3
9,207.1
29,248.0
9,248.0
28,248.3
20,248.4
5,248.6
22,248.6
31,248.7
0,248.8
21,248.8
30,249.0
12,249.2
11,249.2
27,249.4
2,249.8
6,250.2
3,250.8
24,251.1
9,251.2
25,251.3
1,251.5
18,251.5
29,251.7
16,252.0
28,252.1
17,252.1
23,252.3
19,252.3
20,252.8
22,252.9
5,253.1
31,253.4
0,253.5
21,253.6
12,254.0
30,254.0
9,254.3
27,254.6
11,254.7
2,255.4
29,255.7
28,256.3
3,257.6
9,257.6
22,258.1
20,258.1
0,258.5
1,259.2
24,259.3
6,259.4
5,259.4
18,259.5
12,259.8
25,260.5
31,261.1
16,261.7
21,261.7
29,261.8
30,261.8
27,261.9
17,262.1
28,262.3
9,262.4
11,262.6
2,263.8
23,266.3
0,267.7
22,268.1
20,268.3
9,270.0
3,270.8
12,272.4
28,273.9
29,274.2
5,275.6
9,287.7
9,633.3
29,633.3
28,633.5
20,633.7
22,633.9
31,634.0
21,634.0
5,634.0
0,634.1
30,634.4
11,634.5
12,634.5
27,634.8
2,635.2
6,635.6
3,636.1
24,636.5
9,636.6
25,636.7
1,636.8
18,637.0
29,637.0
28,637.4
16,637.6
17,637.6
19,637.7
23,637.8
20,638.1
22,638.3
5,638.6
31,638.8
21,639.0
0,639.0
12,639.4
30,639.5
9,639.7
11,640.1
27,640.1
2,640.9
29,641.1
28,641.5
3,643.1
9,643.1
20,643.6
22,643.7
0,644.2
1,644.7
24,644.9
6,645.3
12,645.3
18,645.4
5,645.4
25,646.1
31,646.9
29,647.4
28,647.4
27,647.5
21,647.5
16,647.6
17,647.8
9,648.0
11,648.2
30,648.2
2,649.6
23,652.9
0,653.1
22,653.3
20,653.5
9,655.8
3,656.1
12,658.7
28,659.0
29,661.0
30,662.2
5,663.9
31,664.7
9,668.9
27,669.4
18,672.4
6,676.6
9,713.0
29,713.1
28,713.3
20,713.4
5,713.6
22,713.6
31,713.7
0,713.8
21,713.8
30,714.0
11,714.2
12,714.2
27,714.5
2,714.9
6,715.2
3,715.8
9,716.2
24,716.2
18,716.4
25,716.4
1,716.5
29,716.7
16,717.1
28,717.1
17,717.1
23,717.3
19,717.3
20,717.8
22,717.9
5,718.1
31,718.4
21,718.5
0,718.6
30,719.0
12,719.1
9,719.3
11,719.7
27,719.7
2,720.5
29,720.7
28,721.2
3,722.6
9,722.7
22,723.1
20,723.1
0,723.7
1,724.2
6,724.4
5,724.4
18,724.4
24,724.5
12,724.8
25,725.7
31,726.1
16,726.6
30,726.7
29,726.8
21,726.8
27,727.1
17,727.3
28,727.3
11,727.4
9,727.4
2,729.0
23,731.1
0,732.9
22,733.1
20,733.2
9,735.0
3,735.8
12,737.5
29,740.0
28,740.0
5,741.2
9,754.2
9,793.0
29,793.0
28,793.2
20,793.4
22,793.6
5,793.6
31,793.7
21,793.8
0,793.8
30,794.0
12,794.2
11,794.2
27,794.4
2,794.8
6,795.2
3,795.8
24,796.1
9,796.2
25,796.3
18,796.5
1,796.5
29,796.7
17,797.1
28,797.1
16,797.1
19,797.3
23,797.3
20,797.8
22,797.9
5,798.1
31,798.4
0,798.5
21,798.6
12,799.0
30,799.0
9,799.3
27,799.6
11,799.7
2,800.4
29,800.7
28,801.3
9,802.6
3,802.6
22,803.1
20,803.1
0,803.5
1,804.2
24,804.3
6,804.4
5,804.4
18,804.5
12,804.8
25,805.5
31,806.1
21,806.7
30,806.8
29,806.8
16,806.8
27,806.9
17,807.1
28,807.3
9,807.4
11,807.6
2,808.8
23,811.9
0,812.4
22,813.1
20,813.3
9,815.0
3,815.9
12,817.4
28,819.5
29,819.8
5,821.0
9,833.1
9,873.0
29,873.0
28,873.3
20,873.4
22,873.5
5,873.6
21,873.7
31,873.7
0,873.8
30,874.0
11,874.2
12,874.2
27,874.4
2,874.8
6,875.3
3,875.8
24,876.1
9,876.2
25,876.3
18,876.5
1,876.5
29,876.7
17,877.1
16,877.1
28,877.1
23,877.3
19,877.3
20,877.8
22,877.9
5,878.1
31,878.4
0,878.6
21,878.6
30,879.0
12,879.1
9,879.3
27,879.6
11,879.7
2,880.5
29,880.7
28,881.3
9,882.6
3,882.7
20,883.1
22,883.3
0,883.6
1,884.2
6,884.4
5,884.5
24,884.5
18,884.6
12,884.8
25,885.4
31,886.1
21,887.0
29,887.0
27,887.1
30,887.1
16,887.1
28,887.2
9,887.2
11,887.5
17,887.5
2,889.2
23,892.1
0,892.8
20,893.3
22,893.6
9,894.6
3,895.5
12,896.9
28,899.4
29,900.7
5,901.7
9,910.9
30,912.7
9,1258.3
29,1258.3
28,1258.5
20,1258.7
22,1258.9
21,1259.0
5,1259.0
31,1259.0
0,1259.1
30,1259.4
11,1259.5
12,1259.5
27,1259.8
2,1260.2
6,1260.6
3,1261.1
24,1261.5
9,1261.6
25,1261.7
1,1261.8
18,1261.9
29,1262.0
28,1262.4
17,1262.6
16,1262.6
19,1262.7
23,1262.8
20,1263.1
22,1263.3
5,1263.6
31,1263.8
21,1264.0
0,1264.0
12,1264.4
30,1264.5
9,1264.7
27,1265.1
11,1265.1
2,1266.0
29,1266.1
28,1266.5
3,1268.1
9,1268.1
20,1268.6
22,1268.7
0,1269.2
1,1269.8
24,1269.9
6,1270.3
5,1270.4
12,1270.4
18,1270.4
25,1271.1
31,1271.9
28,1272.4
29,1272.4
27,1272.5
16,1272.6
17,1272.8
21,1272.8
9,1273.0
30,1273.2
11,1273.3
2,1274.8
23,1278.0
0,1278.1
22,1278.3
20,1278.5
9,1280.9
3,1281.2
12,1283.7
28,1284.0
29,1285.9
30,1287.6
5,1289.3
31,1290.0
9,1294.0
27,1295.0
6,1299.5
9,1338.0
29,1338.1
28,1338.3
20,1338.4
22,1338.6
5,1338.6
31,1338.7
0,1338.8
21,1338.8
30,1339.0
12,1339.2
11,1339.2
27,1339.5
2,1339.9
6,1340.2
3,1340.8
9,1341.2
24,1341.2
25,1341.4
18,1341.4
1,1341.5
29,1341.7
16,1342.1
28,1342.1
17,1342.1
23,1342.2
19,1342.3
20,1342.8
22,1342.9
5,1343.1
31,1343.4
21,1343.6
0,1343.6
30,1344.0
12,1344.1
9,1344.3
11,1344.7
27,1344.7
2,1345.5
29,1345.7
28,1346.2
3,1347.6
9,1347.7
22,1348.1
20,1348.1
0,1348.7
1,1349.2
6,1349.4
18,1349.4
5,1349.4
24,1349.5
12,1349.8
25,1350.7
31,1351.0
21,1351.8
29,1351.8
30,1351.8
16,1351.9
27,1352.1
28,1352.3
17,1352.3
11,1352.4
9,1352.4
2,1354.0
23,1356.1
0,1357.9
22,1358.1
20,1358.2
9,1360.0
3,1360.8
12,1362.5
29,1364.9
28,1365.0
5,1366.1
9,1379.0
9,1418.0
29,1418.0
28,1418.3
20,1418.4
22,1418.6
5,1418.6
31,1418.7
21,1418.8
0,1418.8
30,1419.1
11,1419.2
12,1419.2
27,1419.4
2,1419.8
6,1420.2
3,1420.8
24,1421.1
9,1421.2
25,1421.3
1,1421.5
18,1421.5
29,1421.7
28,1422.1
16,1422.1
17,1422.1
23,1422.3
19,1422.3
20,1422.8
22,1422.9
5,1423.1
31,1423.4
0,1423.5
21,1423.6
30,1424.0
12,1424.1
9,1424.3
27,1424.6
11,1424.7
2,1425.5
29,1425.7
28,1426.3
3,1427.6
9,1427.7
20,1428.1
22,1428.3
0,1428.7
1,1429.2
24,1429.2
6,1429.4
5,1429.4
18,1429.5
12,1429.8
25,1430.4
31,1431.1
21,1431.7
29,1431.8
30,1431.8
16,1431.8
17,1432.1
27,1432.1
28,1432.3
9,1432.4
11,1432.6
2,1434.0
23,1436.9
0,1437.9
22,1438.2
20,1438.3
9,1440.3
3,1440.8
12,1442.4
28,1444.3
29,1444.8
5,1446.0
9,1458.7
29,1498.0
9,1498.0
28,1498.3
20,1498.4
22,1498.5
5,1498.6
31,1498.7
21,1498.7
0,1498.8
30,1499.1
12,1499.2
11,1499.2
27,1499.4
2,1499.8
6,1500.3
3,1500.8
24,1501.1
9,1501.2
25,1501.3
1,1501.5
18,1501.5
29,1501.7
17,1502.1
28,1502.1
16,1502.1
23,1502.3
19,1502.3
20,1502.8
22,1502.9
5,1503.1
31,1503.4
21,1503.6
0,1503.6
30,1504.0
12,1504.1
9,1504.3
27,1504.6
11,1504.7
2,1505.5
29,1505.7
28,1506.3
3,1507.7
9,1507.8
20,1508.1
22,1508.3
0,1508.6
1,1509.2
6,1509.4
24,1509.5
5,1509.5
18,1509.6
12,1509.8
25,1510.7
31,1511.1
29,1512.0
27,1512.1
16,1512.1
21,1512.1
30,1512.2
28,1512.2
17,1512.5
11,1512.5
9,1512.5
2,1514.2
23,1517.1
0,1517.8
20,1518.3
22,1518.5
9,1520.4
3,1520.7
12,1521.9
28,1524.1
29,1525.7
5,1526.7
9,1538.6
9,1883.3
29,1883.3
28,1883.5
20,1883.7
22,1883.9
31,1884.0
5,1884.0
21,1884.0
0,1884.1
30,1884.4
12,1884.5
11,1884.5
27,1884.8
2,1885.2
6,1885.6
3,1886.1
24,1886.5
9,1886.6
1,1886.8
25,1886.8
18,1887.0
29,1887.0
28,1887.4
17,1887.6
16,1887.6
19,1887.7
23,1887.8
20,1888.1
22,1888.3
5,1888.6
31,1888.8
0,1889.0
21,1889.0
12,1889.4
30,1889.5
9,1889.7
27,1890.1
11,1890.1
2,1891.0
29,1891.1
28,1891.5
3,1893.1
9,1893.1
20,1893.6
22,1893.7
0,1894.2
1,1894.8
24,1894.9
6,1895.3
12,1895.4
18,1895.4
5,1895.4
25,1896.1
31,1896.9
28,1897.4
29,1897.4
27,1897.6
16,1897.6
17,1897.8
21,1897.8
9,1898.0
30,1898.2
11,1898.3
2,1899.8
23,1903.0
0,1903.2
22,1903.3
20,1903.5
9,1905.9
3,1906.2
12,1908.8
28,1909.0
29,1910.9
30,1912.4
5,1914.4
31,1914.9
9,1919.1
27,1919.2
6,1923.6
18,1923.9
9,1963.0
29,1963.1
28,1963.3
20,1963.4
22,1963.6
5,1963.6
31,1963.7
21,1963.8
0,1963.8
30,1964.0
11,1964.2
12,1964.2
27,1964.5
2,1964.9
6,1965.2
3,1965.8
9,1966.2
24,1966.2
18,1966.4
25,1966.4
1,1966.5
29,1966.7
28,1967.1
17,1967.1
16,1967.1
23,1967.2
19,1967.3
20,1967.8
22,1967.9
5,1968.1
31,1968.4
0,1968.6
21,1968.6
30,1969.0
12,1969.1
9,1969.3
27,1969.7
11,1969.7
2,1970.5
29,1970.7
28,1971.2
3,1972.6
9,1972.7
20,1973.1
22,1973.1
0,1973.7
1,1974.2
5,1974.4
6,1974.4
18,1974.4
24,1974.5
12,1975.0
25,1975.7
31,1976.1
16,1976.6
30,1976.7
29,1976.8
21,1976.8
27,1977.1
28,1977.3
17,1977.3
11,1977.4
9,1977.4
2,1979.0
23,1981.1
0,1982.9
22,1983.1
20,1983.2
9,1985.0
3,1985.9
12,1988.2
29,1990.0
28,1990.0
5,1991.2
9,2004.1
29,2043.0
9,2043.0
28,2043.3
20,2043.4
5,2043.6
22,2043.6
31,2043.7
0,2043.8
21,2043.8
30,2044.1
11,2044.2
12,2044.2
27,2044.4
2,2044.8
6,2045.2
3,2045.8
24,2046.1
9,2046.2
25,2046.3
1,2046.5
18,2046.5
29,2046.7
28,2047.1
17,2047.1
16,2047.1
19,2047.3
23,2047.3
20,2047.8
22,2047.9
5,2048.1
31,2048.4
0,2048.5
21,2048.6
30,2049.0
12,2049.1
9,2049.3
27,2049.6
11,2049.7
2,2050.5
29,2050.7
28,2051.3
3,2052.6
9,2052.7
20,2053.1
22,2053.3
0,2053.7
1,2054.2
24,2054.2
5,2054.4
6,2054.4
18,2054.5
12,2054.8
25,2055.4
31,2056.1
21,2056.7
30,2056.8
16,2056.8
29,2056.8
17,2057.1
27,2057.1
28,2057.3
9,2057.4
11,2057.6
2,2059.0
23,2061.9
0,2062.8
22,2063.2
20,2063.3
9,2065.3
3,2065.9
12,2067.4
28,2069.1
29,2070.0
5,2071.2
9,2083.3
9,2123.0
29,2123.0
28,2123.3
20,2123.4
22,2123.5
5,2123.6
21,2123.7
31,2123.7
0,2123.8
30,2124.0
12,2124.2
11,2124.2
27,2124.4
2,2124.8
6,2125.3
3,2125.8
24,2126.1
9,2126.2
25,2126.3
18,2126.5
1,2126.5
29,2126.7
28,2127.1
16,2127.1
17,2127.1
23,2127.3
19,2127.3
20,2127.8
22,2127.9
5,2128.1
31,2128.4
0,2128.6
21,2128.6
30,2129.0
12,2129.1
9,2129.3
27,2129.6
11,2129.7
2,2130.5
29,2130.7
28,2131.3
3,2132.7
9,2132.8
20,2133.1
22,2133.3
0,2133.6
1,2134.4
6,2134.4
24,2134.5
18,2134.6
5,2134.7
12,2134.8
25,2135.7
31,2136.1
29,2137.0
27,2137.1
21,2137.1
16,2137.1
28,2137.2
30,2137.2
9,2137.5
11,2137.5
17,2137.5
2,2139.2
23,2142.0
0,2142.8
20,2143.3
22,2143.5
9,2145.4
3,2145.7
12,2146.9
28,2149.5
29,2150.6
5,2153.7
9,2163.6
30,2172.0
29,2508.3
9,2508.3
28,2508.5
20,2508.7
22,2508.9
31,2509.0
21,2509.0
5,2509.0
0,2509.1
30,2509.4
11,2509.5
12,2509.5
27,2509.8
2,2510.2
6,2510.6
3,2511.1
24,2511.5
9,2511.6
25,2511.8
1,2511.8
18,2512.0
29,2512.0
28,2512.4
17,2512.6
16,2512.6
19,2512.7
23,2512.8
20,2513.1
22,2513.3
5,2513.6
31,2513.8
0,2514.0
21,2514.0
12,2514.4
30,2514.5
9,2514.7
11,2515.1
27,2515.1
2,2516.0
29,2516.1
28,2516.5
3,2518.1
9,2518.1
20,2518.6
22,2518.7
0,2519.2
1,2519.8
24,2519.9
6,2520.3
12,2520.4
18,2520.4
5,2520.4
25,2521.1
31,2521.9
28,2522.4
29,2522.5
27,2522.6
16,2522.7
21,2522.8
17,2522.8
9,2523.1
30,2523.2
11,2523.3
2,2524.8
0,2528.2
22,2528.3
20,2528.6
23,2528.6
9,2530.9
3,2531.2
12,2533.8
28,2534.0
29,2535.9
30,2537.5
5,2539.4
31,2540.0
9,2544.0
27,2544.3
6,2548.6
18,2549.0
9,2588.0
29,2588.1
28,2588.3
20,2588.4
5,2588.6
22,2588.6
31,2588.7
21,2588.8
0,2588.8
30,2589.0
12,2589.2
11,2589.2
27,2589.5
2,2589.9
6,2590.2
3,2590.8
24,2591.2
9,2591.2
18,2591.4
25,2591.4
1,2591.5
29,2591.7
28,2592.1
16,2592.1
17,2592.2
23,2592.2
19,2592.3
20,2592.8
22,2592.9
5,2593.1
31,2593.4
0,2593.6
21,2593.6
30,2594.0
12,2594.1
9,2594.3
27,2594.7
11,2594.9
2,2595.5
29,2595.7
28,2596.3
3,2597.6
9,2597.7
20,2598.1
22,2598.1
0,2598.7
1,2599.2
6,2599.4
5,2599.4
18,2599.4
24,2599.5
12,2600.0
25,2600.7
31,2601.1
16,2601.6
30,2601.7
21,2601.8
29,2601.8
27,2602.1
17,2602.3
28,2602.3
9,2602.4
11,2602.8
2,2604.0
23,2606.2
0,2607.9
22,2608.2
20,2608.3
9,2610.2
3,2610.9
12,2613.2
28,2615.0
29,2615.0
5,2615.2
9,2630.3
29,2668.0
9,2668.0
28,2668.3
20,2668.4
5,2668.6
22,2668.6
31,2668.7
0,2668.8
21,2668.8
30,2669.1
12,2669.2
11,2669.2
27,2669.4
2,2669.8
6,2670.2
3,2670.8
24,2671.1
9,2671.2
25,2671.3
1,2671.5
18,2671.5
29,2671.7
28,2672.1
17,2672.1
16,2672.1
23,2672.3
19,2672.3
20,2672.8
22,2672.9
5,2673.1
31,2673.4
0,2673.5
21,2673.6
30,2674.0
12,2674.1
9,2674.3
27,2674.6
11,2674.7
2,2675.5
29,2675.7
28,2676.3
3,2677.6
9,2677.7
20,2678.1
22,2678.3
0,2678.7
24,2679.2
1,2679.2
6,2679.4
5,2679.4
18,2679.5
12,2679.8
25,2680.4
31,2681.1
21,2681.7
30,2681.8
29,2681.8
16,2681.8
27,2682.1
17,2682.1
28,2682.3
9,2682.4
11,2682.6
2,2684.0
23,2686.9
0,2687.9
20,2688.3
22,2688.6
9,2690.3
3,2691.0
12,2692.4
28,2694.3
29,2695.0
5,2696.3
9,2708.1
9,2748.0
29,2748.0
28,2748.3
20,2748.4
5,2748.6
22,2748.6
31,2748.7
21,2748.7
0,2748.8
30,2749.1
11,2749.2
12,2749.2
27,2749.4
2,2749.8
6,2750.3
3,2750.8
24,2751.1
9,2751.2
25,2751.3
1,2751.5
18,2751.5
29,2751.7
16,2752.1
17,2752.1
28,2752.1
23,2752.3
19,2752.3
20,2752.8
22,2753.0
5,2753.1
31,2753.4
0,2753.6
21,2753.6
30,2754.0
12,2754.1
9,2754.3
27,2754.6
11,2754.7
2,2755.5
29,2755.7
28,2756.3
3,2757.7
9,2757.8
20,2758.1
22,2758.3
0,2758.6
1,2759.4
6,2759.4
24,2759.5
18,2759.6
5,2759.7
12,2759.8
25,2760.7
31,2761.1
29,2762.0
21,2762.1
16,2762.1
27,2762.1
30,2762.2
28,2762.2
9,2762.5
17,2762.5
11,2762.6
2,2764.2
23,2767.1
0,2767.8
20,2768.3
22,2768.6
9,2770.4
3,2770.6
12,2771.9
28,2774.1
29,2775.6
5,2778.8
30,2788.6
9,2788.8
9,3133.3
29,3133.4
28,3133.6
20,3133.8
22,3134.0
5,3134.1
31,3134.2
0,3134.2
21,3134.2
11,3134.6
12,3134.6
30,3134.6
27,3134.9
2,3135.4
6,3135.9
3,3136.4
9,3136.6
24,3136.9
29,3137.0
25,3137.1
1,3137.2
18,3137.4
28,3137.5
17,3138.1
16,3138.1
19,3138.2
20,3138.2
23,3138.3
22,3138.4
5,3138.7
0,3139.0
31,3139.0
21,3139.2
12,3139.5
9,3139.7
30,3139.7
11,3140.3
27,3140.3
2,3141.1
29,3141.1
28,3141.7
9,3143.2
3,3143.4
20,3143.8
22,3143.9
0,3144.3
12,3145.4
1,3145.5
5,3145.8
24,3146.0
6,3146.6
18,3146.7
31,3147.8
29,3147.9
25,3147.9
9,3148.1
28,3148.1
27,3148.2
21,3148.5
11,3148.8
30,3148.9
17,3149.8
16,3150.1
2,3150.6
0,3154.1
22,3155.1
20,3155.3
9,3156.3
12,3162.8
3,3163.1
28,3164.5
29,3173.1
29,3213.1
9,3213.1
28,3213.4
20,3213.6
22,3213.7
5,3213.8
31,3213.8
21,3213.9
0,3213.9
30,3214.1
12,3214.4
11,3214.4
27,3214.7
2,3215.0
6,3215.4
3,3216.1
9,3216.3
24,3216.5
29,3216.7
18,3216.8
25,3216.8
1,3216.9
28,3217.2
17,3217.6
16,3217.7
23,3217.7
19,3217.8
20,3217.9
22,3218.0
5,3218.3
31,3218.5
0,3218.7
21,3218.7
30,3219.1
12,3219.2
9,3219.4
27,3219.8
11,3220.0
2,3220.7
29,3220.7
28,3221.4
9,3222.8
3,3222.9
20,3223.3
22,3223.4
0,3223.9
1,3224.9
6,3224.9
12,3225.1
18,3225.2
5,3225.2
24,3225.8
31,3226.4
30,3227.1
29,3227.2
21,3227.4
27,3227.5
25,3227.5
9,3227.6
28,3227.6
11,3228.3
16,3229.4
17,3229.6
2,3229.8
0,3233.3
22,3233.8
20,3234.3
9,3235.5
23,3237.3
3,3239.6
12,3240.8
28,3241.8
29,3242.8
29,3293.1
9,3293.1
28,3293.4
20,3293.5
5,3293.7
22,3293.7
31,3293.8
0,3293.9
21,3293.9
30,3294.1
11,3294.3
12,3294.3
27,3294.6
2,3295.0
6,3295.4
3,3296.1
9,3296.2
24,3296.5
25,3296.7
29,3296.7
18,3296.8
1,3296.9
28,3297.2
17,3297.5
16,3297.6
23,3297.8
20,3297.9
19,3297.9
22,3298.0
5,3298.3
31,3298.5
0,3298.6
21,3298.7
30,3299.1
12,3299.2
9,3299.3
27,3299.7
11,3300.1
2,3300.6
29,3300.7
28,3301.4
9,3302.7
3,3303.0
20,3303.3
22,3303.5
0,3303.7
1,3304.9
12,3305.1
18,3305.2
5,3305.2
6,3305.2
24,3305.5
31,3306.5
29,3306.9
25,3307.0
30,3307.1
27,3307.3
21,3307.3
28,3307.5
9,3307.5
11,3308.5
16,3309.1
17,3309.4
2,3309.6
0,3312.9
22,3314.0
20,3314.3
9,3315.4
23,3319.1
3,3319.1
12,3320.5
29,3321.2
28,3321.2
29,3373.1
9,3373.1
28,3373.3
20,3373.5
5,3373.7
22,3373.7
21,3373.9
0,3373.9
31,3373.9
30,3374.2
11,3374.3
12,3374.3
27,3374.6
2,3375.0
6,3375.5
3,3376.1
9,3376.2
24,3376.5
29,3376.7
25,3376.7
18,3376.8
1,3376.9
28,3377.2
17,3377.5
16,3377.6
20,3377.8
23,3377.8
19,3377.9
22,3378.0
5,3378.3
31,3378.5
0,3378.7
21,3378.7
30,3379.1
12,3379.2
9,3379.4
27,3379.7
11,3380.1
2,3380.6
29,3380.7
28,3381.4
9,3382.6
3,3383.0
20,3383.2
22,3383.5
0,3383.9
12,3385.0
1,3385.1
5,3385.2
6,3385.3
18,3385.4
24,3385.5
31,3386.5
29,3386.9
25,3387.0
30,3387.2
21,3387.3
27,3387.3
9,3387.3
28,3387.5
11,3388.5
16,3389.1
17,3389.4
2,3389.8
0,3393.4
20,3393.7
22,3394.0
9,3395.0
3,3398.7
12,3400.3
28,3401.1
29,3401.3
9,3758.3
28,3758.3
11,3759.0
29,3759.1
21,3759.2
31,3759.2
0,3759.2
12,3759.6
27,3759.9
17,3760.1
22,3760.1
5,3760.3
2,3760.4
20,3760.5
6,3760.9
30,3761.0
3,3761.4
9,3761.6
28,3761.8
24,3761.9
1,3762.2
25,3762.2
18,3762.4
13,3763.0
16,3763.2
19,3763.2
11,3763.4
29,3763.7
31,3764.0
0,3764.1
21,3764.2
12,3764.5
9,3764.7
28,3765.3
27,3765.3
17,3765.5
2,3766.1
22,3766.5
11,3768.2
9,3768.2
3,3768.3
5,3769.0
0,3769.4
28,3769.7
12,3770.4
1,3770.5
20,3770.6
24,3771.3
6,3771.5
29,3771.5
18,3771.7
30,3772.5
31,3772.8
25,3772.9
9,3773.1
27,3773.1
21,3773.5
17,3773.7
16,3775.1
2,3775.4
11,3776.5
28,3776.5
13,3778.1
0,3780.4
9,3780.8
22,3784.5
3,3786.0
12,3787.8
9,3801.1
9,3838.1
28,3838.1
11,3838.7
31,3838.8
29,3838.8
21,3838.9
0,3839.0
12,3839.4
27,3839.7
22,3839.8
17,3839.8
5,3840.0
2,3840.0
20,3840.1
6,3840.5
30,3840.6
3,3841.1
9,3841.3
28,3841.5
24,3841.5
18,3841.8
25,3841.8
1,3841.8
13,3842.3
16,3842.8
19,3842.9
11,3843.0
29,3843.2
31,3843.5
21,3843.7
0,3843.7
12,3844.2
9,3844.4
27,3844.8
28,3844.9
17,3845.0
2,3845.7
22,3846.1
11,3847.6
9,3847.8
3,3847.9
5,3848.2
0,3848.9
28,3849.2
20,3849.9
1,3849.9
12,3850.1
30,3850.2
6,3850.3
18,3850.4
24,3850.5
29,3850.8
31,3851.4
21,3852.4
25,3852.5
27,3852.5
9,3852.6
17,3852.8
2,3854.8
16,3855.0
11,3855.3
28,3855.8
13,3856.1
0,3859.0
9,3860.1
22,3862.7
3,3864.6
12,3865.4
28,3875.0
9,3918.0
28,3918.1
11,3918.7
31,3918.8
29,3918.8
21,3918.9
0,3918.9
12,3919.3
27,3919.6
17,3919.7
22,3919.8
5,3920.0
2,3920.0
20,3920.1
6,3920.5
30,3920.6
3,3921.0
9,3921.2
28,3921.5
24,3921.5
25,3921.7
1,3921.8
18,3921.8
13,3922.3
16,3922.6
19,3922.8
11,3923.0
29,3923.2
31,3923.5
0,3923.6
21,3923.7
12,3924.2
9,3924.3
27,3924.7
28,3924.9
17,3925.0
2,3925.6
22,3926.0
11,3927.6
9,3927.7
3,3928.0
5,3928.2
0,3928.7
28,3929.1
20,3929.5
1,3929.9
12,3930.1
30,3930.2
18,3930.2
6,3930.3
24,3930.5
29,3930.8
31,3931.5
25,3932.0
27,3932.2
21,3932.3
9,3932.5
17,3932.7
2,3934.5
16,3934.6
11,3935.3
28,3935.5
13,3935.5
0,3938.5
9,3940.0
22,3942.2
3,3944.0
12,3945.2
28,3953.1
9,3998.1
28,3998.1
11,3998.7
29,3998.8
21,3998.9
31,3998.9
0,3998.9
12,3999.3
27,3999.6
17,3999.7
22,3999.8
5,4000.0
2,4000.0
20,4000.1
6,4000.5
30,4000.6
3,4001.1
9,4001.2
24,4001.5
28,4001.5
25,4001.7
1,4001.9
18,4001.9
13,4002.3
16,4002.6
19,4002.8
11,4003.0
29,4003.2
31,4003.5
21,4003.7
0,4003.7
12,4004.2
9,4004.4
27,4004.7
28,4004.9
17,4005.0
2,4005.6
22,4006.0
9,4007.6
11,4007.6
3,4008.0
5,4008.2
0,4008.9
28,4009.1
20,4009.5
1,4009.9
12,4010.0
6,4010.4
18,4010.4
24,4010.5
30,4010.7
29,4010.8
31,4011.5
25,4012.0
27,4012.2
21,4012.3
9,4012.3
17,4012.7
2,4014.5
16,4014.6
11,4015.3
28,4015.5
13,4016.0
0,4019.0
9,4019.8
22,4022.5
3,4023.9
12,4025.2
28,4033.0
9,4383.3
28,4383.3
22,4384.0
11,4384.0
29,4384.1
31,4384.2
0,4384.2
13,4384.6
12,4384.6
27,4384.9
17,4385.1
5,4385.3
2,4385.4
20,4385.5
21,4385.7
14,4385.8
6,4385.9
30,4386.1
3,4386.4
9,4386.6
28,4386.8
24,4386.9
25,4387.2
1,4387.2
18,4387.4
19,4388.2
16,4388.2
11,4388.4
22,4388.5
29,4388.7
31,4389.0
0,4389.1
12,4389.5
13,4389.6
9,4389.7
28,4390.2
27,4390.3
17,4390.6
2,4391.1
14,4392.3
11,4393.1
9,4393.2
3,4393.3
22,4394.0
5,4394.1
0,4394.4
28,4394.7
12,4395.4
1,4395.5
20,4395.6
24,4396.3
6,4396.5
29,4396.6
18,4396.7
13,4396.9
30,4397.6
31,4397.8
25,4397.9
27,4398.0
9,4398.2
21,4398.3
17,4398.8
16,4400.1
2,4400.4
11,4401.8
28,4401.9
22,4405.2
0,4405.4
9,4406.1
3,4411.7
12,4412.8
9,4433.9
9,4463.1
28,4463.1
11,4463.7
22,4463.7
29,4463.8
31,4463.9
0,4464.0
13,4464.2
12,4464.4
27,4464.7
17,4464.8
5,4465.0
2,4465.0
20,4465.1
14,4465.3
6,4465.5
21,4465.5
30,4465.6
3,4466.1
9,4466.3
24,4466.5
28,4466.5
1,4466.8
18,4466.8
25,4466.8
16,4467.8
19,4467.9
11,4468.0
22,4468.0
29,4468.2
31,4468.5
0,4468.7
13,4469.1
12,4469.2
9,4469.4
27,4469.8
28,4469.9
17,4470.0
2,4470.7
14,4471.6
11,4472.6
9,4472.8
3,4472.9
5,4473.2
22,4473.3
0,4473.9
28,4474.2
1,4474.7
20,4474.9
12,4475.1
30,4475.2
6,4475.3
18,4475.4
24,4475.5
29,4475.8
13,4476.0
31,4476.5
21,4477.4
27,4477.5
25,4477.5
9,4477.6
17,4477.8
2,4479.8
11,4480.5
16,4480.7
28,4481.1
22,4483.8
0,4484.0
9,4485.1
3,4489.8
12,4490.4
14,4490.9
13,4496.7
28,4498.6
9,4520.0
28,4543.1
9,4543.1
22,4543.6
11,4543.7
29,4543.8
31,4543.9
0,4543.9
13,4544.2
12,4544.3
27,4544.6
17,4544.8
5,4545.0
2,4545.0
20,4545.1
14,4545.3
21,4545.5
6,4545.5
30,4545.6
3,4546.0
9,4546.2
28,4546.5
24,4546.5
25,4546.7
1,4546.8
18,4546.8
16,4547.7
19,4547.8
22,4547.9
11,4548.0
29,4548.2
31,4548.5
0,4548.6
13,4549.1
12,4549.2
9,4549.3
27,4549.7
28,4549.9
17,4550.0
2,4550.6
14,4551.8
11,4552.6
9,4552.7
3,4553.0
22,4553.1
5,4553.2
0,4553.7
28,4554.1
20,4554.5
1,4554.7
12,4555.1
18,4555.2
30,4555.2
6,4555.4
24,4555.5
29,4555.8
13,4556.2
31,4556.6
25,4557.0
27,4557.2
21,4557.4
9,4557.5
17,4557.8
2,4559.5
16,4559.8
11,4560.5
28,4560.8
22,4563.3
0,4563.5
9,4565.1
3,4569.1
12,4570.2
28,4576.9
14,4579.5
13,4585.3
9,4623.0
28,4623.1
22,4623.6
11,4623.7
29,4623.8
31,4623.9
0,4623.9
13,4624.2
12,4624.3
27,4624.6
17,4624.8
5,4625.0
2,4625.0
20,4625.1
14,4625.4
21,4625.5
6,4625.5
30,4625.6
3,4626.0
9,4626.2
28,4626.5
24,4626.5
25,4626.7
1,4626.8
18,4626.9
16,4627.7
19,4627.8
22,4627.9
11,4628.0
29,4628.2
31,4628.5
0,4628.7
13,4629.1
12,4629.2
9,4629.4
27,4629.7
28,4629.9
17,4630.0
2,4630.6
14,4631.8
9,4632.6
11,4632.6
3,4633.0
22,4633.1
5,4633.2
0,4633.9
28,4634.1
20,4634.5
1,4634.7
12,4635.0
18,4635.4
6,4635.4
24,4635.5
30,4635.7
29,4635.8
13,4636.2
31,4636.9
25,4637.0
27,4637.3
9,4637.3
21,4637.4
17,4637.8
16,4639.8
2,4639.8
11,4640.5
28,4640.8
22,4643.4
0,4644.0
9,4644.8
3,4648.9
12,4650.2
28,4657.1
9,4676.7
29,5008.2
28,5008.2
9,5008.3
20,5008.6
2,5008.9
11,5009.0
22,5009.0
31,5009.2
0,5009.2
12,5009.6
13,5009.6
19,5009.8
27,5009.9
17,5010.1
5,5010.3
21,5010.7
14,5010.8
6,5010.9
30,5011.1
3,5011.4
29,5011.5
28,5011.6
9,5011.6
24,5011.9
1,5012.2
25,5012.2
18,5012.4
20,5012.5
16,5013.2
2,5013.2
11,5013.4
22,5013.4
31,5014.0
0,5014.1
13,5014.5
12,5014.5
9,5014.7
28,5015.1
27,5015.3
17,5015.6
29,5015.6
19,5016.6
14,5017.4
2,5017.7
11,5018.1
9,5018.2
3,5018.3
20,5018.6
22,5018.9
5,5019.1
0,5019.4
28,5019.5
12,5020.4
1,5020.5
24,5021.3
6,5021.6
18,5021.7
13,5021.9
29,5022.0
30,5022.6
31,5022.8
25,5022.9
27,5023.0
9,5023.1
17,5023.7
21,5024.0
16,5025.1
2,5025.5
28,5026.3
11,5026.8
22,5030.1
9,5030.4
20,5030.4
0,5030.4
12,5037.8
3,5038.3
29,5040.1
29,5087.9
28,5087.9
9,5088.1
20,5088.3
2,5088.5
11,5088.7
22,5088.7
31,5088.9
0,5089.0
13,5089.2
12,5089.4
19,5089.5
27,5089.7
17,5089.8
5,5090.0
21,5090.4
14,5090.4
6,5090.5
30,5090.6
3,5091.1
28,5091.2
29,5091.2
9,5091.3
24,5091.6
18,5091.8
1,5091.9
25,5091.9
20,5092.2
2,5092.7
16,5092.8
11,5093.0
22,5093.0
31,5093.5
0,5093.7
13,5094.1
12,5094.2
9,5094.4
28,5094.7
27,5094.8
17,5095.0
29,5095.2
19,5096.1
14,5096.8
2,5097.0
11,5097.6
9,5097.8
3,5097.9
20,5098.0
5,5098.2
22,5098.3
0,5098.9
28,5099.0
1,5099.9
12,5100.1
30,5100.2
18,5100.4
6,5100.8
24,5100.9
13,5101.0
29,5101.3
31,5101.5
21,5102.3
27,5102.5
9,5102.6
17,5102.8
25,5103.0
2,5104.3
11,5105.5
28,5105.6
16,5105.7
22,5108.8
0,5109.0
20,5109.1
9,5109.8
3,5115.5
29,5115.6
12,5115.8
13,5122.1
28,5124.4
14,5130.1
9,5135.8
28,5167.9
29,5167.9
9,5168.0
20,5168.3
2,5168.5
22,5168.6
11,5168.7
31,5168.9
0,5168.9
13,5169.2
12,5169.3
19,5169.4
27,5169.6
17,5169.7
5,5170.0
14,5170.4
21,5170.4
6,5170.5
30,5170.6
3,5171.1
9,5171.2
29,5171.2
28,5171.2
24,5171.5
25,5171.8
18,5171.8
1,5171.9
20,5172.2
2,5172.6
16,5172.7
22,5172.9
11,5173.0
31,5173.5
0,5173.6
13,5174.1
12,5174.2
9,5174.3
28,5174.7
27,5174.7
17,5174.9
29,5175.2
19,5176.1
14,5176.8
2,5176.9
11,5177.6
9,5177.7
20,5178.0
3,5178.0
22,5178.1
5,5178.2
0,5178.7
28,5178.9
1,5179.9
12,5180.1
30,5180.2
6,5180.4
18,5180.4
24,5180.5
13,5181.2
29,5181.3
31,5181.5
21,5181.8
27,5182.3
9,5182.4
17,5182.5
25,5182.5
2,5183.9
16,5184.8
28,5185.3
11,5185.5
22,5188.3
0,5188.5
20,5189.2
9,5189.7
3,5194.9
12,5195.5
29,5195.7
28,5202.6
13,5211.7
9,5214.8
28,5247.9
29,5247.9
9,5248.0
20,5248.3
2,5248.5
22,5248.6
11,5248.7
31,5248.9
0,5248.9
13,5249.2
12,5249.3
19,5249.4
27,5249.6
17,5249.7
5,5250.0
21,5250.4
14,5250.4
6,5250.5
30,5250.6
3,5251.1
9,5251.2
28,5251.2
29,5251.2
24,5251.5
25,5251.8
1,5251.9
18,5251.9
20,5252.2
2,5252.6
16,5252.7
22,5252.9
11,5253.0
31,5253.5
0,5253.7
13,5254.1
12,5254.2
9,5254.3
28,5254.7
27,5254.7
17,5254.9
29,5255.2
19,5256.1
14,5256.8
2,5256.9
11,5257.6
9,5257.6
20,5258.0
3,5258.0
22,5258.1
5,5258.2
28,5258.9
0,5258.9
1,5259.9
12,5260.0
30,5260.3
18,5260.4
24,5260.5
6,5260.8
13,5261.2
29,5261.3
31,5261.6
21,5261.8
9,5262.2
27,5262.3
25,5262.5
17,5262.5
2,5263.9
16,5264.8
28,5265.3
11,5265.5
22,5268.3
0,5269.0
20,5269.3
9,5269.4
3,5275.3
12,5275.3
29,5275.8
28,5282.5
9,5292.5
11,5633.2
29,5633.2
28,5633.2
20,5633.6
9,5633.6
22,5634.0
31,5634.2
2,5634.4
3,5634.5
13,5634.6
19,5634.8
27,5634.9
17,5635.1
5,5635.3
21,5635.7
14,5635.8
4,5635.8
6,5635.9
30,5636.1
11,5636.2
12,5636.3
0,5636.4
29,5636.5
28,5636.6
26,5636.6
24,5636.9
25,5637.2
1,5637.2
20,5637.5
9,5637.6
16,5638.2
22,5638.4
31,5639.0
13,5639.5
11,5639.6
2,5639.6
28,5640.1
3,5640.2
27,5640.3
17,5640.5
29,5640.6
9,5641.2
19,5641.6
14,5642.4
12,5643.6
20,5643.7
11,5643.7
22,5643.9
5,5644.1
0,5644.2
28,5644.5
1,5645.5
9,5646.2
24,5646.3
6,5646.6
3,5646.9
13,5646.9
29,5647.0
2,5647.3
30,5647.6
31,5647.8
25,5647.9
27,5648.0
17,5648.7
21,5648.9
4,5649.5
16,5650.1
11,5650.4
28,5651.4
9,5654.5
22,5655.1
20,5655.4
26,5657.9
29,5665.1
11,5666.8
13,5678.0
28,5685.4
28,5712.9
11,5712.9
29,5712.9
20,5713.3
9,5713.4
22,5713.7
31,5713.9
2,5714.1
3,5714.2
13,5714.2
19,5714.5
27,5714.7
17,5714.8
5,5714.9
14,5715.3
4,5715.4
21,5715.4
6,5715.5
30,5715.7
11,5715.9
12,5716.0
0,5716.0
28,5716.2
29,5716.2
26,5716.2
24,5716.6
25,5716.8
1,5716.8
20,5717.2
9,5717.2
16,5717.8
22,5718.0
31,5718.5
2,5719.0
13,5719.1
11,5719.2
28,5719.7
3,5719.7
27,5719.8
17,5720.0
29,5720.2
9,5720.8
19,5721.1
14,5721.6
20,5723.0
5,5723.1
11,5723.2
22,5723.3
12,5723.3
0,5723.7
28,5724.0
1,5724.7
6,5725.3
30,5725.7
9,5725.8
24,5725.9
13,5726.0
3,5726.1
29,5726.3
2,5726.3
31,5726.5
21,5727.3
4,5727.4
27,5727.5
25,5727.5
17,5727.8
11,5729.4
16,5730.0
28,5730.6
26,5732.5
22,5733.7
9,5733.9
20,5734.1
14,5740.4
29,5740.6
11,5744.0
13,5744.1
28,5747.0
3,5747.9
29,5792.9
11,5792.9
28,5792.9
20,5793.3
9,5793.3
22,5793.6
31,5793.9
2,5794.0
3,5794.2
13,5794.2
19,5794.4
27,5794.6
17,5794.7
5,5794.9
4,5795.3
14,5795.3
21,5795.4
6,5795.5
30,5795.7
0,5795.9
12,5795.9
11,5796.0
26,5796.1
28,5796.2
29,5796.2
24,5796.5
1,5796.7
25,5796.7
9,5797.1
20,5797.2
16,5797.7
22,5797.9
31,5798.5
2,5799.0
13,5799.1
11,5799.4
27,5799.7
28,5799.7
3,5799.7
17,5800.0
29,5800.2
9,5800.7
19,5801.1
14,5801.6
5,5802.8
20,5803.0
22,5803.1
12,5803.1
0,5803.4
11,5803.5
28,5803.9
1,5804.7
6,5805.3
24,5805.5
9,5805.6
30,5805.7
13,5806.2
3,5806.2
29,5806.3
31,5806.5
2,5806.6
21,5806.8
4,5806.9
25,5807.0
27,5807.2
17,5807.8
16,5809.7
11,5809.8
28,5810.3
26,5812.1
22,5813.3
9,5813.6
20,5814.2
29,5820.7
14,5821.2
13,5825.7
11,5825.9
28,5826.0
3,5832.9
29,5872.9
11,5872.9
28,5872.9
9,5873.3
20,5873.3
22,5873.6
31,5873.9
2,5874.0
3,5874.2
13,5874.2
19,5874.4
27,5874.6
17,5874.7
5,5874.9
14,5875.3
4,5875.3
21,5875.4
6,5875.5
30,5875.7
12,5875.9
0,5875.9
11,5876.0
26,5876.1
29,5876.2
28,5876.2
24,5876.5
25,5876.7
1,5876.7
9,5877.1
20,5877.2
16,5877.7
22,5877.9
31,5878.5
2,5879.0
13,5879.1
11,5879.4
28,5879.7
27,5879.7
3,5879.8
17,5880.0
29,5880.2
9,5880.7
19,5881.1
14,5881.6
5,5882.8
20,5883.0
22,5883.1
12,5883.1
11,5883.5
0,5883.7
28,5883.9
1,5884.7
6,5885.4
24,5885.5
9,5885.7
30,5885.7
3,5886.2
13,5886.2
29,5886.3
2,5886.6
31,5886.6
21,5886.8
25,5887.0
4,5887.1
27,5887.2
17,5887.8
16,5889.7
11,5889.8
28,5890.3
26,5893.1
22,5893.3
9,5894.0
20,5894.3
29,5900.8
14,5902.7
11,5906.1
28,5906.2
13,5907.1
3,5908.5
11,6258.1
28,6258.2
9,6258.6
20,6258.6
29,6258.8
2,6259.4
3,6259.5
13,6259.6
19,6259.8
27,6259.9
17,6260.1
22,6260.2
14,6260.8
4,6260.8
15,6260.9
6,6260.9
7,6260.9
31,6261.1
11,6261.2
30,6261.3
12,6261.3
0,6261.4
26,6261.6
28,6261.6
24,6261.9
1,6262.2
25,6262.2
20,6262.5
9,6262.6
29,6263.0
16,6263.2
13,6264.5
2,6264.6
11,6264.6
28,6265.1
3,6265.2
27,6265.3
17,6265.6
22,6265.6
9,6266.2
19,6266.6
14,6267.4
12,6268.6
20,6268.7
11,6268.7
0,6269.2
29,6269.3
28,6269.5
7,6270.0
1,6270.5
15,6270.9
24,6271.3
9,6271.3
6,6271.5
13,6271.9
3,6271.9
31,6272.4
2,6272.4
25,6272.9
27,6273.0
30,6273.3
17,6273.7
4,6274.4
16,6274.9
11,6275.2
28,6275.9
22,6276.2
9,6279.7
20,6280.4
29,6283.0
14,6286.5
11,6290.8
28,6293.1
3,6295.3
26,6295.3
11,6337.9
28,6337.9
20,6338.3
9,6338.4
29,6338.6
2,6339.1
13,6339.2
3,6339.2
19,6339.5
27,6339.7
17,6339.8
22,6339.9
14,6340.3
4,6340.3
15,6340.5
7,6340.5
6,6340.5
31,6340.7
30,6340.8
12,6341.0
11,6341.0
0,6341.1
26,6341.1
28,6341.2
24,6341.6
1,6341.8
25,6341.8
20,6342.2
9,6342.2
29,6342.6
16,6342.7
2,6344.0
13,6344.1
11,6344.3
3,6344.7
28,6344.7
27,6344.8
17,6345.0
22,6345.2
9,6345.8
19,6346.1
14,6346.6
20,6347.9
11,6348.3
12,6348.4
29,6348.6
28,6348.9
0,6349.0
7,6349.6
15,6349.7
1,6349.7
9,6350.8
6,6350.8
24,6350.9
13,6351.0
3,6351.0
2,6351.3
30,6351.5
31,6351.5
4,6352.0
27,6352.5
25,6352.5
17,6352.8
16,6354.3
11,6354.4
22,6354.9
28,6355.3
20,6358.9
9,6359.1
26,6359.2
29,6361.4
14,6362.0
3,6368.1
11,6368.5
28,6368.6
13,6369.6
11,6417.9
28,6417.9
20,6418.2
9,6418.3
29,6418.5
2,6419.0
13,6419.2
3,6419.2
19,6419.4
27,6419.6
17,6419.7
22,6419.8
14,6420.2
4,6420.3
15,6420.5
6,6420.5
7,6420.5
31,6420.7
30,6420.8
12,6420.9
0,6421.0
11,6421.0
26,6421.1
28,6421.2
24,6421.5
25,6421.7
1,6421.8
9,6422.1
20,6422.2
29,6422.6
16,6422.6
2,6424.0
13,6424.1
11,6424.4
27,6424.7
3,6424.7
28,6424.7
17,6424.9
22,6425.2
9,6425.7
19,6426.1
14,6426.5
20,6427.9
12,6428.1
11,6428.5
29,6428.6
0,6428.7
28,6428.9
7,6429.2
1,6429.7
15,6429.7
6,6430.4
24,6430.5
9,6430.6
3,6431.0
13,6431.2
30,6431.5
2,6431.6
31,6431.6
4,6432.0
25,6432.0
27,6432.2
17,6432.5
16,6434.0
11,6434.7
28,6435.1
22,6435.2
9,6438.8
20,6439.1
26,6439.6
29,6441.7
14,6442.2
3,6446.9
28,6448.0
11,6449.5
13,6451.2
11,6497.9
28,6497.9
9,6498.3
20,6498.3
29,6498.5
2,6499.1
3,6499.2
13,6499.2
19,6499.4
27,6499.6
17,6499.7
22,6499.8
4,6500.3
14,6500.3
15,6500.5
6,6500.5
7,6500.5
31,6500.7
30,6500.8
12,6500.9
0,6501.0
11,6501.0
26,6501.2
28,6501.2
24,6501.5
25,6501.7
1,6501.8
9,6502.1
20,6502.2
29,6502.6
16,6502.6
2,6504.0
13,6504.1
11,6504.4
28,6504.7
27,6504.7
3,6504.8
17,6504.9
22,6505.2
9,6505.8
19,6506.1
14,6506.6
20,6507.9
12,6508.1
11,6508.5
29,6508.6
0,6508.7
28,6508.9
7,6509.2
15,6509.7
1,6509.7
24,6510.5
9,6510.7
6,6510.8
3,6511.1
13,6511.2
30,6511.5
2,6511.6
31,6511.6
25,6512.0
4,6512.1
27,6512.2
17,6512.5
16,6514.0
11,6514.7
28,6515.1
22,6515.2
20,6519.2
9,6519.2
26,6520.4
29,6521.9
14,6523.0
28,6528.5
3,6528.8
11,6530.2
13,6532.7
11,6883.1
28,6883.2
20,6883.6
29,6883.9
9,6884.2
0,6884.4
3,6884.5
13,6884.6
19,6884.8
22,6885.2
2,6885.8
4,6885.8
14,6885.8
15,6885.8
7,6885.8
6,6885.9
31,6886.1
30,6886.2
11,6886.2
12,6886.3
28,6886.6
26,6886.6
5,6886.9
24,6886.9
25,6887.2
1,6887.2
20,6887.5
29,6888.0
17,6888.4
27,6889.0
9,6889.3
13,6889.5
11,6889.6
0,6889.7
28,6890.1
3,6890.2
22,6890.8
19,6891.6
14,6892.4
12,6893.6
11,6893.7
20,6893.7
29,6894.3
28,6894.5
9,6894.8
7,6895.1
1,6895.5
15,6896.0
0,6896.1
24,6896.3
6,6896.6
3,6896.9
13,6896.9
2,6897.0
5,6897.3
31,6897.4
25,6897.9
30,6898.4
4,6899.4
11,6900.2
28,6901.0
22,6901.5
17,6904.2
0,6904.6
9,6904.7
20,6905.4
29,6908.6
5,6909.2
14,6914.1
11,6915.9
28,6918.3
3,6921.5
11,6962.9
28,6962.9
20,6963.3
29,6963.6
9,6964.0
0,6964.2
13,6964.2
3,6964.2
19,6964.5
22,6964.9
14,6965.3
4,6965.3
2,6965.5
7,6965.5
15,6965.5
6,6965.6
30,6965.8
31,6965.8
11,6966.0
12,6966.0
28,6966.2
26,6966.2
5,6966.4
24,6966.6
1,6966.9
25,6966.9
20,6967.2
29,6967.6
17,6967.8
27,6968.4
9,6968.9
13,6969.1
0,6969.2
11,6969.3
28,6969.7
3,6969.7
22,6970.2
19,6971.1
14,6971.6
20,6973.0
11,6973.3
12,6973.4
29,6973.6
28,6973.9
9,6974.2
7,6974.6
15,6974.7
1,6974.9
0,6975.2
2,6975.5
6,6975.9
3,6976.0
5,6976.1
13,6976.1
24,6976.3
30,6976.6
31,6976.6
4,6977.0
25,6978.0
11,6979.4
22,6979.9
28,6980.3
17,6982.0
0,6983.4
20,6984.0
9,6984.0
26,6984.8
29,6986.6
5,6987.1
14,6987.7
3,6993.4
11,6993.5
28,6993.7
13,7001.4
11,7042.9
28,7042.9
20,7043.3
29,7043.6
9,7044.0
0,7044.1
13,7044.2
3,7044.2
19,7044.4
22,7044.8
14,7045.3
4,7045.3
2,7045.5
15,7045.5
7,7045.5
6,7045.6
31,7045.7
30,7045.8
12,7045.9
11,7046.0
28,7046.2
26,7046.2
5,7046.4
24,7046.5
25,7046.8
1,7046.9
20,7047.2
29,7047.6
17,7047.8
27,7048.4
9,7048.9
0,7049.1
13,7049.1
11,7049.4
28,7049.7
3,7049.7
22,7050.2
19,7051.1
14,7051.6
20,7052.9
12,7053.1
11,7053.5
29,7053.6
28,7053.9
9,7054.2
7,7054.2
15,7054.7
1,7054.9
0,7055.3
2,7055.5
6,7055.8
24,7055.9
3,7056.0
13,7056.2
5,7056.5
31,7056.6
30,7056.6
4,7057.0
25,7057.5
11,7059.7
28,7060.1
22,7060.2
17,7061.8
0,7063.6
9,7063.8
20,7064.1
26,7065.3
29,7066.9
5,7067.8
14,7067.9
3,7072.1
28,7073.5
11,7074.5
11,7122.9
28,7122.9
20,7123.3
29,7123.5
9,7124.0
0,7124.1
13,7124.2
3,7124.2
19,7124.4
22,7124.8
4,7125.3
14,7125.3
15,7125.5
7,7125.5
2,7125.5
6,7125.6
30,7125.8
31,7125.8
12,7125.9
11,7126.0
28,7126.2
26,7126.2
5,7126.4
24,7126.5
25,7126.8
1,7126.9
20,7127.2
29,7127.6
17,7127.8
27,7128.4
9,7128.9
13,7129.1
0,7129.1
11,7129.4
28,7129.7
3,7129.8
22,7130.2
19,7131.1
14,7131.6
20,7132.9
12,7133.1
11,7133.5
29,7133.6
28,7133.9
9,7134.2
7,7134.2
15,7134.7
1,7134.9
0,7135.3
2,7135.5
6,7135.9
24,7135.9
3,7136.1
13,7136.2
5,7136.5
30,7136.6
31,7136.7
4,7137.1
25,7137.5
11,7139.7
28,7140.1
22,7140.2
17,7142.0
0,7143.6
9,7143.8
20,7144.2
26,7146.4
29,7147.0
5,7148.2
14,7148.6
28,7153.6
3,7153.9
11,7155.2
11,7507.8
28,7508.2
13,7508.4
3,7508.6
29,7508.9
9,7509.2
0,7509.4
25,7509.6
19,7509.8
27,7510.2
22,7510.2
11,7510.5
20,7510.6
4,7510.8
14,7510.8
7,7510.8
15,7510.8
2,7510.9
30,7511.2
12,7511.3
26,7511.6
28,7511.6
5,7511.8
24,7511.9
1,7512.2
13,7512.2
3,7512.7
29,7513.0
11,7513.4
17,7513.4
9,7514.3
0,7514.6
25,7514.9
28,7515.1
22,7515.8
13,7516.3
19,7516.6
11,7516.6
27,7516.8
3,7517.2
14,7517.4
12,7518.6
29,7519.3
20,7519.5
28,7519.5
9,7519.8
7,7520.1
1,7520.5
11,7521.0
15,7521.1
0,7521.2
24,7521.3
2,7522.0
5,7522.5
13,7522.8
30,7523.6
3,7524.3
25,7524.4
4,7524.7
22,7525.7
28,7526.2
11,7527.6
0,7529.5
9,7531.0
29,7534.2
17,7534.6
27,7535.1
5,7535.8
13,7537.2
19,7541.3
28,7544.0
11,7545.0
3,7549.3
11,7587.5
28,7587.9
13,7588.1
3,7588.3
29,7588.6
9,7589.0
0,7589.2
25,7589.3
19,7589.4
27,7589.8
22,7589.9
11,7590.2
20,7590.2
14,7590.4
4,7590.4
7,7590.5
15,7590.5
2,7590.5
30,7590.8
12,7591.0
28,7591.2
26,7591.2
5,7591.4
24,7591.6
1,7591.8
13,7591.9
3,7592.2
29,7592.6
17,7592.8
11,7593.1
9,7593.9
0,7594.2
25,7594.4
28,7594.7
22,7595.2
19,7595.8
13,7595.9
27,7596.1
11,7596.3
3,7596.7
14,7596.8
12,7598.3
20,7598.4
29,7598.6
28,7599.0
9,7599.3
15,7599.6
7,7599.6
1,7599.9
0,7600.2
11,7600.6
2,7601.0
5,7601.1
24,7601.3
30,7601.6
13,7602.1
4,7602.7
25,7603.2
3,7603.4
22,7604.6
28,7605.5
11,7607.1
17,7608.1
0,7608.4
9,7609.9
27,7610.9
29,7612.3
5,7613.5
19,7613.5
13,7613.6
3,7615.2
11,7615.3
25,7617.1
26,7618.5
14,7619.2
28,7622.2
13,7623.0
27,7624.5
11,7626.7
11,7667.5
28,7667.9
13,7668.0
3,7668.3
29,7668.5
9,7669.0
0,7669.1
25,7669.2
19,7669.4
27,7669.7
22,7669.8
11,7670.1
20,7670.2
14,7670.3
4,7670.4
7,7670.5
2,7670.5
15,7670.5
30,7670.8
12,7670.9
28,7671.2
26,7671.2
5,7671.4
24,7671.5
13,7671.8
1,7671.9
3,7672.3
29,7672.6
17,7672.8
11,7673.0
9,7673.9
0,7674.1
25,7674.3
28,7674.7
22,7675.1
13,7675.7
19,7675.8
27,7676.0
11,7676.2
3,7676.7
14,7676.8
12,7678.1
20,7678.4
29,7678.6
28,7678.9
7,7679.2
9,7679.2
15,7679.6
1,7679.9
0,7680.3
11,7680.5
24,7680.9
2,7681.0
5,7681.5
13,7681.6
30,7681.6
4,7682.8
25,7683.2
3,7683.3
22,7684.4
28,7685.2
11,7686.7
17,7687.8
0,7688.6
27,7689.1
9,7689.4
13,7689.5
3,7691.5
29,7692.6
25,7692.8
19,7693.1
11,7693.2
5,7694.1
26,7695.5
13,7699.5
14,7700.6
28,7700.9
11,7708.0
11,7747.5
28,7747.9
13,7748.1
3,7748.3
29,7748.6
9,7749.0
0,7749.1
25,7749.2
19,7749.4
22,7749.8
27,7749.8
11,7750.2
20,7750.2
14,7750.4
4,7750.4
2,7750.5
15,7750.5
7,7750.5
30,7750.8
12,7750.9
26,7751.2
28,7751.2
5,7751.4
24,7751.5
13,7751.9
1,7751.9
3,7752.2
29,7752.6
17,7752.8
11,7753.1
9,7753.9
0,7754.1
25,7754.5
28,7754.7
22,7755.2
13,7755.8
19,7755.8
27,7756.1
11,7756.3
3,7756.7
14,7756.8
12,7758.1
20,7758.4
29,7758.6
28,7758.9
9,7759.2
7,7759.2
15,7759.6
1,7759.9
0,7760.3
11,7760.6
24,7760.9
2,7761.0
5,7761.5
30,7761.6
13,7762.0
4,7763.0
3,7763.3
25,7763.4
22,7764.9
28,7765.3
11,7766.9
17,7768.0
0,7768.6
9,7769.4
27,7771.6
29,7772.9
5,7774.8
19,7775.2
13,7775.3
28,7780.9
11,7782.1
3,7788.2
11,8132.9
13,8133.4
28,8133.8
29,8133.9
4,8133.9
0,8134.4
3,8134.5
12,8134.6
25,8134.6
19,8134.8
27,8135.1
22,8135.2
1,8135.5
20,8135.6
14,8135.8
15,8135.8
7,8135.8
11,8135.8
2,8135.9
30,8136.2
26,8136.6
9,8136.7
5,8136.8
24,8136.9
13,8137.2
29,8138.0
28,8138.0
18,8138.3
17,8138.4
4,8138.6
11,8138.9
12,8139.6
0,8139.6
25,8139.9
22,8140.6
13,8141.3
3,8141.4
19,8141.6
27,8141.8
14,8142.4
11,8143.0
28,8143.8
29,8144.3
20,8144.6
1,8144.7
7,8145.1
15,8146.0
0,8146.2
24,8146.3
2,8147.0
12,8147.2
4,8147.4
5,8147.5
13,8147.6
11,8149.1
30,8149.2
25,8149.4
22,8150.5
9,8151.6
0,8154.5
28,8155.5
27,8157.2
29,8159.7
5,8159.9
13,8161.1
11,8163.6
17,8165.6
19,8175.2
11,8212.6
13,8213.1
28,8213.5
29,8213.6
4,8213.6
0,8214.2
3,8214.2
25,8214.3
19,8214.4
12,8214.4
27,8214.8
22,8214.9
1,8215.0
20,8215.2
14,8215.4
2,8215.5
15,8215.5
7,8215.5
11,8215.5
30,8215.8
26,8216.3
9,8216.4
5,8216.4
24,8216.6
13,8216.9
29,8217.6
18,8217.7
28,8217.7
17,8217.9
4,8218.2
11,8218.6
0,8219.2
12,8219.2
25,8219.4
22,8220.2
3,8220.6
19,8220.8
13,8220.9
27,8221.1
14,8221.8
11,8222.6
28,8223.1
20,8223.4
29,8223.6
1,8223.7
15,8224.6
7,8224.6
0,8225.2
24,8225.9
2,8226.0
5,8226.1
30,8226.5
4,8226.5
12,8226.7
13,8227.0
25,8228.2
11,8228.6
22,8229.6
9,8229.8
0,8233.4
28,8233.8
17,8234.5
27,8235.5
29,8237.4
5,8237.8
13,8239.3
11,8239.6
19,8240.1
3,8241.1
25,8242.7
27,8247.7
13,8249.0
11,8250.7
11,8292.6
13,8293.0
28,8293.4
29,8293.5
4,8293.6
0,8294.1
3,8294.1
25,8294.2
12,8294.3
19,8294.4
27,8294.7
22,8294.8
1,8295.1
20,8295.2
14,8295.3
11,8295.4
15,8295.4
2,8295.5
7,8295.5
30,8295.7
26,8296.3
9,8296.4
5,8296.4
24,8296.5
13,8296.8
29,8297.6
18,8297.7
28,8297.7
17,8297.9
4,8298.2
11,8298.5
0,8299.1
12,8299.1
25,8299.3
22,8300.1
3,8300.5
13,8300.7
19,8300.8
27,8301.0
14,8301.8
11,8302.4
28,8303.1
20,8303.4
29,8303.6
1,8303.7
7,8304.2
15,8304.3
0,8305.3
24,8305.5
2,8306.1
5,8306.5
4,8306.5
30,8306.5
12,8306.5
13,8306.6
25,8308.2
11,8308.5
22,8309.3
9,8309.8
0,8313.6
28,8313.8
27,8313.9
17,8314.1
13,8314.4
3,8314.9
11,8315.3
29,8317.5
25,8317.7
5,8318.4
19,8321.3
13,8324.0
11,8327.0
11,8372.6
13,8373.1
28,8373.4
29,8373.6
4,8373.6
0,8374.1
25,8374.2
3,8374.2
12,8374.3
19,8374.4
27,8374.7
22,8374.8
1,8375.1
20,8375.2
14,8375.4
15,8375.4
7,8375.5
11,8375.5
2,8375.6
30,8375.8
26,8376.3
5,8376.4
9,8376.4
24,8376.5
13,8376.9
29,8377.6
28,8377.7
18,8377.8
17,8377.9
4,8378.2
11,8378.6
12,8379.1
0,8379.1
25,8379.5
22,8380.1
3,8380.6
13,8380.8
19,8380.8
27,8381.1
14,8381.8
11,8382.6
28,8383.1
20,8383.4
29,8383.6
1,8383.7
7,8384.2
15,8384.6
0,8385.3
24,8385.5
2,8386.1
4,8386.5
30,8386.5
5,8386.5
12,8386.5
13,8387.0
25,8388.4
11,8388.6
22,8389.4
9,8389.9
0,8393.6
28,8393.8
17,8394.2
27,8395.9
29,8397.8
5,8399.0
13,8401.5
11,8401.7
19,8405.3
11,8757.5
13,8758.4
3,8758.5
28,8758.8
20,8758.8
29,8758.9
4,8758.9
2,8759.0
19,8759.8
10,8759.9
11,8760.1
1,8760.4
14,8760.8
7,8760.8
15,8760.8
30,8761.2
26,8761.6
9,8761.8
5,8761.8
0,8762.0
25,8762.2
13,8762.2
22,8762.5
3,8762.6
11,8762.7
27,8762.8
28,8763.0
29,8763.0
18,8763.1
20,8763.1
12,8763.2
17,8763.4
2,8763.6
4,8763.7
11,8765.8
13,8766.3
19,8766.6
14,8767.4
10,8768.4
28,8768.8
3,8769.1
29,8769.3
1,8769.7
11,8770.0
7,8770.1
20,8770.2
15,8771.0
2,8772.1
4,8772.5
5,8772.5
13,8772.7
0,8772.9
30,8773.7
11,8775.9
22,8776.0
9,8776.9
28,8781.2
5,8783.8
13,8787.6
14,8788.0
11,8788.3
3,8790.1
29,8790.1
11,8837.3
13,8838.1
3,8838.2
20,8838.4
28,8838.5
4,8838.6
29,8838.6
2,8838.7
19,8839.4
10,8839.6
11,8839.8
1,8840.0
14,8840.3
15,8840.5
7,8840.5
30,8840.8
26,8841.1
5,8841.3
9,8841.5
0,8841.7
25,8841.8
13,8841.9
22,8842.0
3,8842.2
11,8842.2
27,8842.3
29,8842.6
18,8842.7
28,8842.7
20,8842.7
12,8842.9
17,8842.9
4,8843.2
2,8843.2
11,8845.1
13,8845.9
19,8846.1
14,8846.6
10,8847.7
28,8848.1
1,8848.3
3,8848.3
29,8848.7
11,8849.0
20,8849.4
15,8849.6
7,8849.6
2,8851.0
5,8851.1
4,8851.5
0,8851.6
30,8852.0
13,8852.1
22,8853.9
11,8854.5
9,8856.0
26,8858.6
28,8859.3
17,8861.2
5,8861.9
14,8863.4
11,8863.9
29,8864.1
3,8864.3
13,8864.4
25,8868.0
27,8869.0
20,8869.4
11,8872.7
13,8874.0
11,8917.2
13,8918.0
3,8918.1
20,8918.4
4,8918.5
28,8918.5
29,8918.6
2,8918.7
19,8919.4
10,8919.6
11,8919.8
1,8920.0
14,8920.3
15,8920.4
7,8920.5
30,8920.8
26,8921.1
5,8921.3
9,8921.5
25,8921.7
0,8921.7
13,8921.8
22,8922.0
3,8922.0
27,8922.2
11,8922.4
29,8922.6
20,8922.6
28,8922.7
18,8922.7
12,8922.9
17,8923.0
4,8923.2
2,8923.2
11,8925.2
13,8925.7
19,8925.8
14,8926.6
10,8927.5
28,8928.1
3,8928.2
29,8928.7
1,8928.7
11,8929.1
20,8929.2
7,8929.2
15,8929.6
2,8931.0
5,8931.4
4,8931.5
30,8931.6
13,8931.7
0,8932.0
22,8934.0
11,8934.7
9,8936.0
28,8938.9
13,8939.5
3,8939.5
11,8940.5
17,8940.7
26,8940.8
25,8941.0
27,8941.8
5,8942.2
14,8943.8
29,8944.0
20,8948.0
13,8949.6
11,8950.5
19,8954.5
11,8997.2
13,8998.1
3,8998.2
20,8998.4
4,8998.5
28,8998.5
29,8998.6
2,8998.7
19,8999.4
10,8999.6
11,8999.8
1,9000.0
14,9000.3
15,9000.4
7,9000.5
30,9000.8
26,9001.2
5,9001.4
9,9001.5
0,9001.7
25,9001.8
13,9001.9
22,9002.0
3,9002.2
27,9002.3
11,9002.3
20,9002.6
29,9002.6
28,9002.7
18,9002.7
12,9002.9
17,9003.0
2,9003.2
4,9003.2
11,9005.2
19,9005.8
13,9005.8
14,9006.6
10,9007.5
28,9008.1
3,9008.3
29,9008.7
1,9008.7
11,9009.1
7,9009.2
20,9009.2
15,9009.6
2,9011.0
5,9011.4
4,9011.5
30,9011.6
0,9012.0
13,9012.0
22,9014.5
11,9014.7
9,9016.0
28,9018.9
17,9021.0
26,9022.1
5,9022.7
29,9024.3
14,9024.6
11,9025.0
3,9026.6
13,9026.9
20,9030.5
11,9382.9
4,9383.0
13,9383.4
3,9383.5
29,9383.6
20,9383.7
7,9383.8
28,9383.8
2,9384.0
10,9384.9
1,9385.4
11,9385.6
23,9385.6
14,9385.8
15,9385.8
4,9386.2
30,9386.2
26,9386.6
6,9386.6
5,9386.8
0,9387.0
25,9387.2
13,9387.2
19,9387.3
29,9387.4
22,9387.5
3,9387.6
27,9387.8
18,9388.1
28,9388.1
20,9388.1
7,9388.1
12,9388.3
17,9388.4
2,9388.6
11,9388.7
4,9390.2
13,9391.3
14,9392.4
11,9392.7
29,9393.0
10,9393.1
28,9393.9
3,9394.1
23,9394.7
1,9394.7
7,9394.8
20,9395.2
15,9396.0
4,9396.4
2,9397.1
5,9397.5
13,9397.7
0,9397.9
11,9398.9
30,9399.2
22,9401.6
29,9405.0
28,9405.8
5,9409.1
11,9410.1
14,9411.0
13,9411.5
4,9411.7
26,9416.1
20,9416.7
3,9417.1
17,9420.9
11,9462.6
4,9462.7
13,9463.1
3,9463.2
29,9463.3
20,9463.4
7,9463.5
28,9463.5
2,9463.7
10,9464.6
1,9465.1
23,9465.1
14,9465.3
11,9465.4
15,9465.5
30,9465.8
4,9465.9
6,9466.1
26,9466.1
5,9466.4
0,9466.7
19,9466.8
22,9466.8
25,9466.9
13,9466.9
29,9467.0
3,9467.2
27,9467.4
18,9467.6
20,9467.6
28,9467.7
7,9467.8
12,9468.0
17,9468.0
2,9468.2
11,9468.5
4,9469.8
13,9470.9
14,9471.6
11,9472.4
29,9472.4
10,9472.7
28,9473.2
3,9473.4
1,9473.7
23,9473.8
20,9474.2
7,9474.3
15,9474.6
4,9475.8
2,9476.0
5,9476.1
0,9476.6
13,9477.0
30,9477.1
22,9478.0
11,9478.5
26,9482.9
29,9482.9
28,9484.2
14,9486.1
5,9487.6
17,9488.0
11,9488.8
13,9489.4
3,9489.5
4,9489.9
6,9490.1
20,9491.2
25,9493.3
27,9494.2
11,9498.3
13,9499.1
11,9542.5
4,9542.7
13,9543.0
3,9543.1
29,9543.3
20,9543.4
28,9543.5
7,9543.5
2,9543.7
10,9544.6
1,9545.1
23,9545.2
14,9545.2
11,9545.3
15,9545.4
30,9545.8
4,9545.9
6,9546.1
26,9546.1
5,9546.3
0,9546.7
25,9546.7
13,9546.8
22,9546.8
19,9546.8
29,9547.0
3,9547.2
27,9547.3
18,9547.5
7,9547.6
20,9547.6
28,9547.7
12,9547.9
17,9548.0
2,9548.2
11,9548.4
4,9549.8
13,9550.7
14,9551.6
29,9552.3
11,9552.3
10,9552.5
28,9553.2
3,9553.3
1,9553.7
23,9553.7
7,9554.1
20,9554.2
15,9554.6
4,9555.8
2,9556.0
5,9556.4
30,9556.6
13,9556.7
0,9557.0
22,9558.0
11,9558.1
29,9562.9
28,9563.9
13,9564.4
11,9564.6
3,9564.7
26,9564.9
25,9566.2
14,9566.2
17,9566.7
27,9566.9
5,9568.2
4,9569.8
6,9569.9
20,9571.6
13,9574.6
11,9574.7
11,9622.5
4,9622.7
13,9623.1
3,9623.2
29,9623.3
20,9623.4
28,9623.5
7,9623.5
2,9623.7
10,9624.6
1,9625.1
23,9625.2
11,9625.3
14,9625.3
15,9625.5
30,9625.8
4,9625.9
6,9626.1
26,9626.2
5,9626.4
0,9626.7
25,9626.8
19,9626.8
22,9626.8
13,9626.9
29,9627.0
3,9627.2
27,9627.4
18,9627.5
20,9627.6
7,9627.6
28,9627.7
12,9627.9
17,9628.0
2,9628.2
11,9628.4
4,9629.8
13,9630.8
14,9631.6
11,9632.3
10,9632.5
29,9632.6
28,9633.2
3,9633.3
23,9633.7
1,9633.7
7,9634.1
20,9634.2
15,9634.6
4,9635.8
2,9636.0
5,9636.4
30,9636.6
13,9637.0
0,9637.0
11,9638.1
22,9638.5
29,9643.5
28,9643.9
17,9645.4
26,9645.6
14,9646.6
5,9648.3
11,9648.4
4,9649.8
13,9651.3
6,9651.5
3,9651.9
20,9652.3
