7,53.3
6,65.9
6,171.1
2,177.2
3,178.3
7,183.4
6,213.2
2,214.3
7,232.9
3,236.1
6,242.0
2,248.2
6,297.2
2,299.1
3,323.8
7,324.5
6,345.7
2,355.4
6,681.0
2,681.9
3,687.0
7,687.2
6,704.8
2,705.1
7,734.8
3,744.0
6,744.7
2,751.7
6,758.5
7,771.1
1,777.2
2,778.0
6,809.4
2,842.3
6,845.8
3,868.0
7,869.0
6,915.3
2,918.2
6,937.9
2,942.7
6,1030.8
2,1043.0
6,1304.8
2,1307.9
3,1313.1
7,1315.8
6,1320.2
2,1328.7
5,1364.4
6,1365.4
3,1370.5
7,1372.3
2,1379.8
6,1389.3
2,1404.9
1,1417.7
6,1461.7
2,1467.4
6,1478.7
7,1478.8
3,1479.6
6,1539.9
2,1541.9
3,1565.4
7,1566.7
6,1572.1
2,1579.4
6,1931.2
2,1933.1
3,1937.9
7,1938.0
6,1954.5
2,1958.3
5,1970.0
7,1984.8
6,1992.8
2,2002.7
3,2004.2
6,2017.0
2,2021.5
1,2037.0
6,2086.6
2,2091.7
3,2109.8
7,2111.4
6,2114.4
6,2170.4
2,2173.0
6,2189.7
7,2214.8
3,2219.3
2,2245.6
6,2306.7
6,2554.5
2,2558.2
3,2559.7
7,2562.9
6,2572.4
2,2586.9
6,2625.2
2,2630.1
3,2630.2
7,2635.2
5,2640.9
6,2647.8
2,2648.8
1,2655.8
6,2711.8
2,2714.1
3,2732.1
7,2732.9
6,2781.1
2,2791.3
6,2804.3
2,2807.5
3,2821.3
7,2830.8
6,2904.0
2,2931.1
6,3168.8
2,3172.5
7,3173.1
3,3173.4
6,3180.6
5,3186.2
2,3186.9
1,3191.2
6,3191.7
3,3196.4
7,3197.8
0,3199.0
4,3207.5
5,3215.6
7,3234.8
3,3238.2
6,3241.1
2,3248.8
6,3357.0
2,3364.1
3,3371.1
7,3371.5
5,3387.7
1,3388.8
6,3395.6
3,3403.8
7,3404.3
2,3405.4
0,3405.4
6,3414.3
4,3426.4
6,3668.6
2,3669.8
7,3673.9
1,3677.9
3,3679.1
5,3680.2
6,3682.4
2,3684.8
0,3686.9
7,3691.4
4,3691.4
6,3708.2
3,3710.3
2,3711.5
1,3717.5
7,3830.1
3,3844.8
6,3846.6
2,3860.1
7,3864.8
6,3869.7
3,3870.7
5,3878.9
2,3883.9
0,3884.7
1,3888.0
4,3903.9
6,4039.3
7,4045.0
3,4047.3
2,4048.6
6,4057.2
6,4346.0
2,4347.3
7,4349.7
3,4354.7
1,4358.2
5,4359.2
0,4363.8
4,4366.9
6,4368.8
7,4369.9
2,4371.2
3,4382.1
1,4416.8
7,4417.0
6,4420.0
2,4435.6
5,4444.6
3,4462.8
6,4587.8
2,4590.3
7,4590.6
3,4595.9
5,4625.1
1,4625.2
6,4626.2
0,4627.9
6,4918.7
2,4920.6
7,4923.7
3,4927.5
1,4930.9
5,4931.6
6,4934.1
2,4937.8
0,4940.3
7,4943.0
4,4944.9
3,4953.2
1,4971.3
5,4995.0
7,4998.0
6,5094.8
2,5120.4
6,5121.9
3,5126.1
7,5128.7
2,5145.0
6,5164.6
6,5292.5
2,5294.9
3,5295.8
7,5296.8
6,5324.7
2,5329.4
1,5340.8
5,5355.2
0,5381.5
6,5581.8
2,5583.2
7,5586.4
3,5589.9
1,5598.9
6,5599.8
5,5600.0
0,5605.2
2,5606.8
4,5606.8
7,5610.7
3,5626.6
6,5629.9
6,5769.5
2,5772.9
7,5776.8
3,5777.6
6,5831.6
2,5834.2
1,5846.2
5,5849.0
0,5852.7
7,5963.3
3,5963.7
6,6088.8
2,6089.0
1,6107.3
5,6108.2
7,6108.9
3,6115.7
6,6116.1
2,6117.3
0,6122.7
4,6125.4
6,6304.5
2,6306.0
3,6310.8
7,6311.4
1,6334.0
5,6337.2
6,6339.4
2,6345.7
0,6352.7
3,6398.8
6,6494.7
2,6506.6
7,6520.3
6,6523.5
3,6527.6
2,6539.6
1,6562.9
0,6564.9
5,6567.3
4,6594.6
6,6782.2
2,6784.0
7,6788.3
3,6794.2
6,6802.7
1,6805.6
5,6805.7
2,6805.7
7,6812.3
0,6813.3
4,6817.1
3,6828.9
6,6840.1
7,6968.4
6,6970.5
2,6972.0
3,6973.3
5,6989.6
6,6990.8
1,6995.1
7,6999.5
3,7001.4
2,7002.7
0,7003.1
4,7022.6
6,7174.1
2,7178.9
3,7186.6
7,7187.4
6,7200.6
5,7213.5
1,7220.3
0,7238.6
6,7407.0
2,7407.5
7,7413.0
3,7419.6
1,7428.8
5,7431.3
2,7432.8
6,7433.2
0,7437.7
4,7439.4
7,7443.7
3,7465.4
2,7471.5
6,7607.3
2,7612.7
7,7614.0
3,7618.6
5,7622.7
1,7630.3
0,7631.7
6,7634.9
2,7637.9
7,7644.6
4,7647.0
6,7816.9
2,7821.4
7,7828.4
3,7831.4
1,7839.9
5,7841.1
6,7841.9
0,7843.8
4,7868.8
2,7882.9
6,8097.8
2,8100.5
7,8102.7
3,8107.3
1,8112.2
5,8112.9
6,8117.2
0,8121.1
2,8124.1
7,8125.3
4,8127.8
1,8145.4
6,8151.7
5,8163.6
3,8165.8
2,8186.7
6,8319.0
7,8321.9
2,8323.4
3,8325.5
1,8337.1
5,8339.2
6,8341.1
0,8342.3
4,8350.8
7,8356.4
2,8356.9
6,8641.2
2,8642.8
7,8647.1
3,8649.8
1,8654.2
5,8657.3
6,8659.5
2,8663.3
0,8663.4
4,8664.8
7,8676.6
6,8681.5
2,8692.1
3,8696.7
1,8702.7
6,8834.4
7,8835.2
2,8837.4
3,8846.4
5,8849.2
1,8850.5
0,8855.2
7,8857.0
6,8861.4
4,8862.6
2,8866.9
6,9043.9
2,9046.0
7,9049.8
3,9053.2
1,9058.0
5,9059.1
0,9072.8
4,9080.7
6,9084.3
6,9296.0
2,9297.4
7,9297.9
3,9300.9
5,9309.0
1,9310.4
6,9316.1
2,9316.8
0,9317.0
4,9323.5
7,9330.6
3,9346.7
6,9460.7
2,9460.8
5,9471.2
7,9474.7
1,9478.0
3,9485.4
0,9486.7
6,9487.6
2,9487.9
4,9497.2
7,9500.4
2,9671.0
6,9671.6
7,9678.8
1,9681.2
3,9684.0
5,9691.2
2,9699.6
0,9701.2
6,9702.3
4,9720.1
6,9949.7
2,9951.0
7,9951.6
3,9956.4
1,9963.6
5,9964.9
0,9969.8
6,9971.2
7,9973.7
4,9974.0
2,9977.2
3,9993.2
