11,88.3
29,88.8
6,89.3
27,89.3
23,89.4
13,89.5
2,89.5
19,89.5
14,89.6
21,89.6
4,89.7
5,89.8
10,89.9
7,89.9
0,90.4
28,90.6
31,90.7
15,90.9
26,90.9
3,91.5
24,91.9
11,92.1
20,92.1
22,92.5
12,92.7
29,92.9
30,93.1
27,94.3
2,94.5
6,94.6
23,94.9
14,95.0
19,95.1
21,95.2
13,95.3
5,95.3
7,95.7
4,95.8
10,96.1
11,96.2
31,97.1
15,97.5
26,97.6
29,97.6
0,98.0
28,98.5
27,100.3
20,100.8
13,101.3
2,101.4
21,101.6
23,101.6
4,101.7
6,101.8
19,101.9
10,102.0
29,102.1
3,102.2
22,102.4
12,102.6
5,102.6
11,102.8
14,103.1
30,103.1
7,103.9
24,106.2
31,108.0
15,108.8
27,108.9
29,109.8
4,109.9
13,110.6
10,111.3
26,112.4
19,113.4
6,114.4
23,114.8
11,115.5
28,116.4
21,118.5
22,121.6
2,124.3
3,126.7
4,138.1
29,138.6
11,168.0
29,168.6
27,169.0
6,169.0
23,169.1
14,169.2
19,169.2
2,169.2
13,169.2
4,169.4
21,169.4
5,169.5
7,169.6
10,169.6
0,170.0
28,170.2
31,170.4
15,170.5
26,170.6
3,171.0
24,171.5
11,171.7
20,171.7
12,172.1
22,172.1
30,172.5
29,172.7
27,173.8
6,173.9
23,174.2
2,174.2
14,174.5
19,174.5
13,174.7
21,174.7
5,174.9
7,175.1
4,175.3
10,175.6
11,175.7
31,176.4
29,176.7
15,176.9
26,177.1
0,177.3
28,177.7
27,178.9
13,180.3
3,180.4
23,180.4
20,180.5
22,180.5
19,180.6
2,180.8
6,180.8
4,180.9
21,181.0
10,181.5
11,181.7
29,181.7
12,181.9
5,182.0
14,182.2
30,182.5
7,183.2
24,185.5
27,188.1
31,188.1
15,189.7
29,190.5
13,191.5
26,191.8
4,192.5
10,194.2
23,194.8
11,194.9
19,194.9
6,197.9
21,198.2
2,205.1
11,248.0
29,248.5
27,248.9
6,249.0
23,249.1
19,249.1
2,249.2
13,249.2
14,249.2
4,249.3
21,249.3
5,249.5
10,249.5
7,249.6
0,250.0
28,250.1
31,250.3
15,250.4
26,250.6
3,251.0
24,251.5
11,251.6
20,251.6
22,252.0
12,252.1
30,252.6
29,252.6
27,253.8
6,253.9
2,254.0
23,254.2
14,254.5
21,254.6
19,254.6
13,254.8
5,254.8
7,255.1
4,255.2
10,255.5
11,255.6
31,256.5
29,256.7
15,256.9
26,257.0
0,257.3
28,257.7
27,259.1
20,260.2
13,260.3
23,260.5
22,260.5
2,260.7
3,260.8
19,260.8
6,260.8
21,261.0
4,261.0
10,261.5
29,261.5
12,261.6
11,261.7
5,262.0
14,262.4
30,262.9
7,263.2
24,264.9
31,267.9
27,268.5
15,269.5
29,269.7
13,271.1
4,272.6
26,273.9
10,274.0
11,274.5
23,274.7
19,275.2
6,277.4
21,278.5
2,296.6
11,633.3
29,633.8
27,634.2
6,634.3
23,634.4
2,634.5
13,634.5
14,634.5
19,634.5
21,634.6
4,634.7
5,634.8
10,634.9
7,634.9
0,635.4
28,635.5
31,635.7
15,635.8
26,635.9
3,636.5
24,636.9
11,637.1
20,637.1
22,637.4
12,637.6
29,637.9
30,638.0
27,639.3
6,639.5
2,639.5
23,639.9
21,640.0
19,640.0
14,640.1
5,640.2
13,640.3
7,640.6
4,640.8
10,641.1
11,641.2
31,641.9
15,642.3
26,642.6
29,642.8
0,643.0
28,643.4
27,645.4
23,646.3
2,646.3
20,646.3
13,646.4
21,646.4
6,646.7
4,646.8
19,646.8
3,647.0
10,647.1
29,647.5
5,647.6
22,647.7
11,647.8
30,648.0
12,648.2
14,648.2
7,648.7
24,650.9
31,653.1
27,654.0
15,654.5
4,655.1
29,655.4
13,656.0
10,656.4
26,657.8
19,658.2
23,659.7
6,659.8
11,660.9
28,662.9
21,663.5
2,667.9
22,668.0
3,674.5
5,681.7
11,713.0
29,713.5
27,714.0
6,714.0
23,714.1
14,714.2
2,714.2
19,714.2
21,714.3
13,714.3
4,714.4
5,714.5
7,714.6
10,714.6
0,715.0
28,715.2
31,715.3
15,715.4
26,715.5
3,716.0
24,716.5
20,716.6
11,716.7
22,717.1
12,717.1
29,717.5
30,717.6
27,718.8
6,718.9
2,719.2
23,719.2
14,719.5
19,719.5
21,719.6
13,719.7
5,719.8
7,720.1
4,720.3
10,720.6
11,720.7
31,721.5
29,721.7
15,721.8
26,722.1
0,722.3
28,722.7
27,723.9
13,725.3
20,725.3
23,725.4
22,725.5
3,725.6
19,725.8
2,725.8
6,725.8
21,725.8
4,726.0
10,726.5
29,726.6
11,726.7
12,726.7
5,726.8
14,727.2
30,727.5
7,728.2
24,730.6
31,732.8
27,732.8
15,734.7
29,735.1
26,736.5
13,736.6
4,737.5
10,739.1
23,739.8
11,739.9
21,741.1
19,741.4
6,742.5
2,749.6
11,793.0
29,793.5
27,793.9
6,794.0
19,794.1
23,794.1
2,794.2
13,794.2
14,794.2
4,794.3
21,794.3
10,794.5
5,794.5
7,794.6
0,795.0
28,795.1
31,795.3
15,795.4
26,795.6
3,796.0
24,796.5
20,796.6
11,796.6
22,797.0
12,797.1
30,797.6
29,797.6
27,798.8
6,798.9
2,799.0
23,799.2
21,799.5
14,799.5
19,799.6
5,799.8
13,799.8
7,800.1
4,800.2
10,800.5
11,800.6
31,801.5
29,801.7
15,801.9
26,802.0
0,802.5
28,802.7
27,804.1
20,805.2
13,805.3
23,805.5
22,805.5
2,805.7
21,805.8
6,805.8
19,805.8
3,805.8
4,806.0
29,806.5
10,806.5
12,806.6
11,806.7
5,807.0
14,807.4
30,807.9
7,808.2
24,809.9
31,812.9
27,813.5
29,814.7
15,814.7
13,816.1
4,817.7
26,818.7
10,819.1
11,819.6
23,819.7
19,820.9
21,822.0
6,822.1
2,839.0
11,873.0
29,873.5
6,873.9
27,873.9
23,874.0
19,874.1
13,874.2
2,874.2
14,874.2
21,874.3
4,874.3
10,874.5
5,874.5
7,874.6
0,875.0
28,875.1
31,875.3
15,875.4
26,875.6
3,876.0
24,876.5
20,876.6
11,876.6
22,877.0
12,877.1
30,877.5
29,877.6
27,878.8
6,879.0
2,879.0
23,879.3
14,879.5
21,879.6
19,879.6
13,879.8
5,879.8
7,880.0
4,880.2
10,880.5
11,880.6
31,881.5
29,881.7
15,881.9
26,882.0
0,882.3
28,882.7
27,884.1
20,885.2
13,885.3
22,885.5
23,885.6
2,885.7
6,885.7
19,885.8
3,885.9
21,886.0
4,886.0
29,886.5
10,886.5
12,886.6
11,886.7
5,887.0
14,887.4
30,887.5
7,888.2
24,889.9
31,893.3
27,893.5
29,894.7
15,894.7
13,896.1
4,897.8
26,899.5
10,899.6
11,899.9
23,900.5
19,901.6
6,902.7
21,903.3
2,928.2
11,1258.3
29,1258.8
6,1259.3
27,1259.3
23,1259.4
19,1259.5
14,1259.5
13,1259.5
2,1259.5
21,1259.6
4,1259.7
5,1259.8
10,1259.9
7,1259.9
0,1260.4
28,1260.6
31,1260.7
26,1260.9
15,1260.9
3,1261.5
24,1261.9
11,1262.1
20,1262.1
22,1262.4
12,1262.6
29,1262.9
30,1263.0
27,1264.3
2,1264.5
6,1264.6
23,1264.9
19,1265.0
21,1265.0
14,1265.1
5,1265.3
13,1265.4
7,1265.6
4,1265.8
10,1266.1
11,1266.2
31,1266.9
15,1267.3
26,1267.6
29,1267.8
0,1268.0
28,1268.4
27,1270.5
23,1271.3
2,1271.3
20,1271.3
13,1271.4
21,1271.5
6,1271.7
4,1271.8
19,1271.8
3,1272.1
10,1272.1
5,1272.5
29,1272.5
22,1272.7
11,1272.8
30,1273.0
12,1273.2
14,1273.4
7,1273.7
24,1276.0
31,1278.0
27,1279.2
15,1279.6
4,1280.0
29,1280.4
13,1280.7
10,1281.3
26,1282.8
19,1283.4
6,1284.7
23,1284.8
11,1285.8
28,1287.8
21,1288.6
22,1292.4
2,1292.9
3,1299.7
5,1315.3
11,1338.0
29,1338.5
6,1339.0
27,1339.0
23,1339.1
19,1339.2
2,1339.2
14,1339.2
21,1339.3
13,1339.3
4,1339.4
5,1339.5
10,1339.6
7,1339.6
0,1340.0
28,1340.2
31,1340.3
15,1340.4
26,1340.5
3,1341.0
24,1341.5
20,1341.6
11,1341.7
12,1342.0
22,1342.1
29,1342.5
30,1342.6
27,1343.8
6,1343.9
23,1344.2
2,1344.2
19,1344.5
14,1344.5
21,1344.6
13,1344.7
5,1344.9
7,1345.1
4,1345.3
10,1345.6
11,1345.7
31,1346.5
29,1346.7
15,1346.8
26,1347.1
0,1347.3
28,1348.0
27,1348.9
13,1350.3
20,1350.3
3,1350.4
22,1350.5
23,1350.5
21,1350.8
6,1350.8
19,1350.8
2,1350.9
4,1351.0
10,1351.5
29,1351.6
12,1351.7
11,1351.7
5,1352.0
14,1352.2
30,1352.5
7,1353.2
24,1355.6
31,1357.9
27,1358.1
15,1359.7
29,1360.1
26,1361.4
13,1361.6
4,1362.4
10,1364.2
23,1364.8
11,1364.9
21,1366.1
19,1366.4
6,1367.5
2,1375.4
11,1418.0
29,1418.5
27,1418.9
6,1419.0
23,1419.1
19,1419.1
2,1419.2
14,1419.2
13,1419.2
21,1419.3
4,1419.3
5,1419.5
10,1419.5
7,1419.6
0,1420.0
28,1420.1
31,1420.3
15,1420.4
26,1420.6
3,1421.0
24,1421.5
20,1421.6
11,1421.6
22,1422.0
12,1422.1
30,1422.6
29,1422.6
27,1423.8
6,1423.9
2,1424.0
23,1424.2
21,1424.5
14,1424.5
19,1424.6
13,1424.8
5,1424.8
7,1425.1
4,1425.2
10,1425.5
11,1425.6
31,1426.5
29,1426.7
15,1426.9
26,1427.0
0,1427.5
28,1427.7
27,1429.1
20,1430.2
13,1430.3
22,1430.5
23,1430.5
2,1430.7
19,1430.8
21,1430.8
6,1430.8
3,1430.8
4,1431.0
29,1431.5
10,1431.5
12,1431.6
11,1431.7
5,1432.0
14,1432.4
30,1432.9
7,1433.2
24,1434.9
31,1437.9
27,1438.6
15,1439.6
29,1439.7
13,1441.1
4,1442.8
26,1443.8
10,1444.4
11,1444.7
23,1444.7
19,1446.0
21,1447.0
6,1447.3
11,1498.0
29,1498.5
27,1498.9
6,1498.9
23,1499.0
19,1499.1
2,1499.2
14,1499.2
13,1499.2
4,1499.3
21,1499.3
10,1499.5
5,1499.5
7,1499.6
0,1500.0
28,1500.1
31,1500.3
15,1500.4
26,1500.6
3,1501.1
24,1501.5
11,1501.6
20,1501.6
22,1502.0
12,1502.1
30,1502.5
29,1502.6
27,1503.8
2,1504.0
6,1504.0
23,1504.3
14,1504.5
19,1504.6
21,1504.6
5,1504.8
13,1504.8
7,1505.0
4,1505.2
10,1505.5
11,1505.6
31,1506.5
29,1506.7
15,1506.9
26,1507.0
0,1507.5
28,1507.7
27,1509.1
20,1510.2
13,1510.3
22,1510.5
23,1510.6
6,1510.7
19,1510.8
3,1510.9
2,1511.0
4,1511.0
21,1511.0
29,1511.5
10,1511.5
11,1511.7
12,1511.9
5,1512.0
14,1512.4
30,1512.6
7,1513.2
24,1514.9
31,1518.4
27,1518.5
15,1519.7
29,1519.8
13,1521.1
4,1522.8
10,1524.5
26,1524.5
11,1524.9
23,1525.8
19,1526.6
6,1527.9
21,1528.4
11,1883.3
29,1883.8
27,1884.3
6,1884.3
23,1884.4
14,1884.5
2,1884.5
13,1884.5
19,1884.5
21,1884.6
4,1884.7
5,1884.8
10,1884.9
7,1884.9
0,1885.4
28,1885.6
31,1885.7
26,1885.9
15,1885.9
3,1886.5
24,1886.9
20,1887.1
11,1887.1
22,1887.4
12,1887.6
29,1887.9
30,1888.1
27,1889.3
2,1889.5
6,1889.7
23,1889.9
19,1890.0
21,1890.0
14,1890.1
5,1890.3
13,1890.4
7,1890.6
4,1890.8
10,1891.1
11,1891.2
31,1891.9
15,1892.3
26,1892.6
29,1892.8
0,1893.0
28,1893.4
27,1895.5
20,1896.3
2,1896.4
23,1896.4
13,1896.4
21,1896.5
4,1896.8
6,1896.8
19,1896.8
3,1897.1
10,1897.2
29,1897.5
22,1897.7
5,1897.7
11,1897.8
30,1898.0
12,1898.2
14,1898.4
7,1898.7
24,1901.5
31,1903.0
27,1904.2
15,1904.9
4,1905.0
29,1905.4
13,1905.7
10,1906.8
26,1907.8
19,1908.4
23,1909.7
6,1910.1
11,1910.8
28,1912.8
21,1913.7
22,1917.4
2,1917.8
3,1925.7
11,1963.0
29,1963.5
6,1964.0
27,1964.0
23,1964.1
2,1964.2
19,1964.2
14,1964.2
13,1964.3
21,1964.3
4,1964.4
5,1964.5
10,1964.6
7,1964.6
0,1965.0
28,1965.2
31,1965.3
15,1965.4
26,1965.5
3,1966.0
24,1966.5
20,1966.6
11,1966.7
12,1967.0
22,1967.1
29,1967.5
30,1967.6
27,1968.8
6,1968.9
2,1969.2
23,1969.2
19,1969.5
14,1969.5
13,1969.7
21,1969.7
5,1969.8
7,1970.1
4,1970.3
10,1970.6
11,1970.7
31,1971.5
29,1971.7
15,1971.8
26,1972.1
0,1972.3
28,1973.0
27,1973.9
13,1975.3
20,1975.3
3,1975.4
22,1975.5
23,1975.5
6,1975.8
19,1975.8
2,1975.9
4,1976.0
21,1976.0
10,1976.5
29,1976.6
12,1976.7
11,1976.7
5,1976.8
14,1977.2
30,1977.5
7,1978.2
24,1980.6
31,1982.9
27,1983.1
15,1984.8
29,1985.1
26,1986.5
13,1986.6
4,1987.5
10,1989.3
23,1989.8
11,1989.9
19,1991.4
21,1992.1
6,1992.5
2,2000.5
11,2043.0
29,2043.5
27,2043.9
6,2044.0
19,2044.1
23,2044.1
13,2044.2
14,2044.2
2,2044.2
4,2044.3
21,2044.3
5,2044.5
10,2044.5
7,2044.6
0,2045.0
28,2045.1
31,2045.3
15,2045.4
26,2045.6
3,2046.0
24,2046.5
20,2046.6
11,2046.6
22,2047.0
12,2047.1
29,2047.6
30,2047.6
27,2048.8
6,2049.0
2,2049.0
23,2049.2
14,2049.5
21,2049.5
19,2049.6
13,2049.8
5,2049.8
7,2050.1
4,2050.2
10,2050.5
11,2050.6
31,2051.5
29,2051.7
15,2051.9
26,2052.0
0,2052.5
28,2052.7
27,2054.1
20,2055.2
13,2055.3
23,2055.5
22,2055.6
19,2055.8
6,2055.8
3,2055.8
21,2055.8
2,2056.0
4,2056.0
29,2056.5
10,2056.5
12,2056.6
11,2056.7
5,2057.0
14,2057.4
30,2057.9
7,2058.2
24,2059.9
31,2063.2
27,2063.6
15,2064.6
29,2064.8
13,2066.1
4,2067.9
10,2069.0
26,2069.0
11,2069.7
23,2069.9
19,2071.1
21,2072.1
6,2072.6
11,2123.0
29,2123.5
27,2123.9
6,2123.9
23,2124.0
19,2124.1
14,2124.2
13,2124.2
2,2124.2
21,2124.3
4,2124.3
5,2124.5
10,2124.5
7,2124.6
0,2125.0
28,2125.1
31,2125.3
15,2125.4
26,2125.6
3,2126.1
24,2126.5
20,2126.6
11,2126.6
22,2127.0
12,2127.1
30,2127.5
29,2127.6
27,2128.8
2,2129.0
6,2129.0
23,2129.3
14,2129.5
21,2129.6
19,2129.6
13,2129.8
5,2129.8
7,2130.0
4,2130.2
10,2130.5
11,2130.6
31,2131.5
29,2131.7
15,2131.9
26,2132.0
0,2132.5
28,2132.7
27,2134.1
20,2135.3
13,2135.3
22,2135.6
23,2135.6
6,2135.7
19,2135.8
3,2135.9
2,2136.0
4,2136.0
21,2136.0
29,2136.5
10,2136.5
11,2136.7
12,2136.9
5,2137.0
14,2137.4
30,2137.6
7,2138.2
24,2139.9
31,2143.4
27,2143.6
15,2144.8
29,2144.8
13,2146.1
4,2147.8
26,2149.5
10,2149.6
11,2149.9
23,2150.6
19,2151.6
6,2152.6
21,2153.4
2,2169.7
11,2508.3
29,2508.8
6,2509.3
27,2509.3
23,2509.4
13,2509.5
19,2509.5
2,2509.5
14,2509.5
21,2509.6
4,2509.7
5,2509.8
7,2509.9
10,2509.9
0,2510.4
28,2510.6
31,2510.7
15,2510.9
26,2510.9
3,2511.5
24,2511.9
20,2512.1
11,2512.1
22,2512.4
12,2512.7
29,2512.9
30,2513.0
27,2514.3
2,2514.5
6,2514.7
23,2514.9
21,2515.0
19,2515.1
14,2515.1
5,2515.3
13,2515.4
7,2515.6
4,2515.8
10,2516.1
11,2516.2
31,2517.0
15,2517.3
26,2517.6
29,2517.8
0,2518.0
28,2518.4
27,2520.5
20,2521.3
13,2521.4
23,2521.4
21,2521.5
2,2521.6
4,2521.8
19,2522.0
6,2522.1
3,2522.1
10,2522.2
29,2522.5
22,2522.7
5,2522.7
11,2522.8
30,2523.0
12,2523.2
14,2523.4
7,2523.7
24,2526.5
31,2528.6
27,2529.2
15,2530.0
4,2530.1
29,2530.4
13,2530.7
10,2531.8
26,2532.9
19,2533.6
23,2534.8
6,2535.6
11,2535.9
28,2537.8
21,2538.8
22,2542.9
2,2546.3
3,2553.4
11,2588.0
29,2588.5
27,2589.0
6,2589.0
23,2589.1
19,2589.2
2,2589.2
14,2589.2
13,2589.3
21,2589.3
4,2589.4
5,2589.5
10,2589.6
7,2589.6
0,2590.0
28,2590.2
31,2590.3
15,2590.4
26,2590.5
3,2591.0
24,2591.5
20,2591.6
11,2591.7
12,2592.0
22,2592.1
29,2592.5
30,2592.6
27,2593.8
6,2593.9
2,2594.2
23,2594.2
14,2594.5
19,2594.5
21,2594.7
13,2594.7
5,2594.8
7,2595.1
4,2595.3
10,2595.6
11,2595.7
31,2596.5
29,2596.7
15,2596.8
26,2597.1
0,2597.3
28,2598.0
27,2599.1
20,2600.3
13,2600.4
3,2600.4
23,2600.5
22,2600.5
19,2600.8
6,2600.8
2,2600.9
21,2601.0
4,2601.0
10,2601.5
29,2601.6
11,2601.7
12,2601.7
5,2601.8
14,2602.2
30,2602.5
7,2603.2
24,2605.6
31,2608.0
27,2608.3
15,2609.8
29,2610.1
26,2611.5
13,2611.7
4,2612.6
10,2614.3
11,2614.9
23,2615.0
19,2616.4
21,2617.1
6,2617.7
2,2625.8
11,2668.0
29,2668.5
27,2668.9
6,2669.0
19,2669.1
23,2669.1
13,2669.2
14,2669.2
2,2669.2
4,2669.3
21,2669.3
10,2669.5
5,2669.5
7,2669.6
0,2670.0
28,2670.1
31,2670.3
15,2670.4
26,2670.6
3,2671.0
24,2671.5
20,2671.6
11,2671.6
22,2672.0
12,2672.1
29,2672.6
30,2672.6
27,2673.8
6,2674.0
2,2674.0
23,2674.2
14,2674.5
21,2674.6
19,2674.6
5,2674.8
13,2674.8
7,2675.1
4,2675.2
10,2675.5
11,2675.6
31,2676.5
29,2676.7
15,2676.9
26,2677.0
0,2677.5
28,2677.7
27,2679.1
20,2680.2
13,2680.3
23,2680.5
22,2680.6
19,2680.8
6,2680.8
3,2680.8
2,2681.0
4,2681.0
21,2681.0
10,2681.5
12,2681.6
11,2681.7
29,2681.7
5,2682.0
14,2682.4
30,2682.9
7,2683.2
24,2684.9
31,2688.3
27,2688.6
15,2689.7
29,2690.2
13,2691.1
4,2692.9
26,2693.9
10,2694.0
23,2694.7
11,2694.8
19,2696.1
6,2697.2
21,2698.2
11,2748.0
29,2748.5
27,2748.9
6,2748.9
23,2749.0
19,2749.1
14,2749.2
13,2749.2
2,2749.2
4,2749.3
21,2749.3
5,2749.5
10,2749.5
7,2749.6
0,2750.0
28,2750.1
31,2750.3
15,2750.5
26,2750.6
3,2751.1
24,2751.5
20,2751.6
11,2751.6
22,2752.0
12,2752.1
30,2752.5
29,2752.6
27,2753.8
6,2754.0
2,2754.0
23,2754.3
14,2754.5
21,2754.6
19,2754.6
5,2754.8
13,2754.8
7,2755.0
4,2755.2
10,2755.5
11,2755.6
31,2756.5
29,2756.7
15,2756.9
26,2757.0
0,2757.5
28,2757.7
27,2759.1
20,2760.3
13,2760.3
23,2760.6
22,2760.6
6,2760.7
19,2760.8
3,2760.9
2,2761.0
4,2761.0
21,2761.0
10,2761.6
11,2761.7
29,2761.7
12,2761.9
5,2762.0
14,2762.4
30,2762.6
7,2763.2
24,2764.9
31,2768.4
27,2768.6
15,2769.8
29,2770.2
13,2771.1
4,2772.8
26,2774.5
10,2774.9
11,2775.0
23,2775.7
19,2776.6
6,2777.9
21,2778.5
11,3133.4
29,3133.9
27,3134.4
6,3134.4
23,3134.5
19,3134.6
2,3134.6
13,3134.6
21,3134.7
14,3134.7
4,3134.8
5,3134.9
7,3135.0
10,3135.0
0,3135.6
28,3135.8
31,3135.9
15,3136.1
26,3136.2
3,3136.8
11,3137.1
24,3137.3
20,3137.6
22,3137.9
29,3138.1
12,3138.2
30,3138.6
27,3139.5
2,3139.6
6,3139.7
23,3140.0
21,3140.1
14,3140.3
19,3140.4
13,3140.5
5,3140.5
7,3140.9
4,3141.0
11,3141.3
10,3141.3
31,3142.2
15,3142.6
29,3142.9
26,3143.0
0,3143.7
28,3144.1
27,3145.7
13,3146.7
21,3146.8
23,3146.9
2,3147.0
4,3147.1
19,3147.3
6,3147.3
10,3147.4
20,3147.8
29,3147.8
11,3148.0
22,3148.1
5,3148.2
3,3148.6
14,3148.9
7,3149.8
30,3150.5
12,3150.6
27,3155.3
31,3155.7
4,3156.7
29,3156.7
13,3157.3
10,3157.9
15,3158.3
24,3160.5
19,3162.5
11,3165.3
11,3213.1
29,3213.7
6,3214.1
27,3214.1
23,3214.2
2,3214.3
19,3214.3
14,3214.4
13,3214.4
4,3214.5
21,3214.5
10,3214.7
5,3214.7
7,3214.8
0,3215.3
28,3215.4
31,3215.6
26,3215.8
15,3215.8
3,3216.3
11,3216.8
24,3216.9
20,3217.2
22,3217.5
12,3217.7
29,3217.8
30,3218.2
27,3218.9
6,3219.1
23,3219.3
2,3219.4
14,3219.6
19,3219.7
21,3219.8
13,3219.9
5,3220.1
7,3220.2
4,3220.4
10,3220.9
11,3220.9
31,3221.8
29,3221.9
15,3222.2
26,3222.5
0,3222.9
28,3223.3
27,3224.3
13,3225.6
23,3225.7
22,3226.0
19,3226.1
6,3226.1
21,3226.3
2,3226.4
4,3226.4
20,3226.8
29,3227.0
10,3227.1
3,3227.3
11,3227.3
5,3227.7
14,3228.0
12,3229.0
7,3229.0
30,3230.3
27,3234.1
31,3235.4
24,3235.7
15,3236.4
29,3236.6
13,3237.5
4,3237.9
10,3241.6
11,3242.1
26,3242.8
19,3242.9
23,3244.5
6,3246.7
11,3293.1
29,3293.6
6,3294.1
27,3294.1
23,3294.2
19,3294.3
2,3294.3
4,3294.4
14,3294.4
13,3294.4
21,3294.5
5,3294.7
10,3294.7
7,3294.8
0,3295.2
28,3295.3
31,3295.6
15,3295.7
26,3295.8
3,3296.3
11,3296.7
24,3296.8
20,3297.1
22,3297.4
12,3297.6
29,3297.7
30,3298.2
27,3299.0
6,3299.1
2,3299.1
23,3299.3
21,3299.7
19,3299.7
14,3299.7
13,3299.9
5,3300.0
4,3300.2
7,3300.2
11,3300.7
10,3300.7
31,3301.8
29,3301.8
15,3302.1
26,3302.5
28,3303.0
0,3303.1
27,3304.3
13,3305.7
23,3305.8
4,3305.9
22,3306.0
6,3306.1
2,3306.1
21,3306.3
19,3306.3
20,3306.4
29,3306.7
10,3306.8
11,3306.9
3,3306.9
5,3307.7
14,3307.9
12,3308.5
7,3309.0
30,3310.4
24,3314.0
27,3314.0
31,3315.0
29,3315.6
15,3316.2
4,3317.0
13,3317.7
10,3320.1
11,3321.6
19,3324.7
23,3325.6
6,3329.7
11,3373.1
29,3373.6
6,3374.0
27,3374.1
23,3374.2
19,3374.3
2,3374.3
13,3374.4
4,3374.4
14,3374.4
21,3374.5
10,3374.7
7,3374.7
5,3374.7
0,3375.2
28,3375.3
31,3375.6
15,3375.7
26,3375.8
3,3376.3
11,3376.7
24,3376.8
20,3377.1
22,3377.4
12,3377.6
29,3377.7
30,3378.1
27,3379.0
2,3379.1
6,3379.1
23,3379.4
19,3379.7
14,3379.7
21,3379.7
5,3379.9
13,3379.9
4,3380.2
7,3380.2
10,3380.7
11,3380.7
31,3381.8
29,3381.8
15,3382.1
26,3382.5
0,3383.1
28,3383.3
27,3384.3
13,3385.7
23,3385.9
4,3385.9
22,3386.0
2,3386.1
21,3386.3
6,3386.3
19,3386.3
20,3386.5
29,3386.7
10,3386.8
11,3387.0
3,3387.3
5,3387.5
14,3387.9
12,3388.5
7,3388.7
30,3389.8
27,3394.0
24,3394.0
31,3395.2
29,3395.6
15,3396.3
4,3397.1
13,3397.8
10,3400.3
11,3401.8
19,3405.4
23,3407.1
11,3758.4
19,3758.5
10,3758.9
29,3758.9
15,3759.0
28,3759.3
6,3759.4
27,3759.4
20,3759.4
23,3759.5
2,3759.6
13,3759.7
14,3759.7
21,3759.8
4,3759.8
5,3760.0
7,3760.1
31,3760.9
26,3761.2
3,3761.8
11,3762.1
19,3762.3
24,3762.3
22,3762.9
10,3763.0
29,3763.1
12,3763.2
15,3763.7
30,3763.7
28,3764.1
27,3764.5
2,3764.6
20,3764.6
6,3764.9
23,3765.0
21,3765.1
14,3765.3
13,3765.5
5,3765.5
7,3765.8
4,3766.0
11,3766.3
31,3767.3
19,3767.4
26,3767.9
29,3767.9
10,3768.1
15,3769.0
27,3770.7
23,3771.7
13,3771.7
21,3771.8
2,3772.0
4,3772.0
20,3772.3
6,3772.5
28,3772.7
29,3772.8
11,3773.0
22,3773.2
5,3773.2
19,3773.4
10,3773.5
14,3773.8
3,3774.0
7,3774.2
12,3774.7
30,3775.5
15,3778.8
31,3779.1
27,3780.3
29,3781.7
4,3782.0
13,3782.2
24,3782.4
10,3783.2
19,3784.8
11,3790.2
23,3794.5
11,3838.1
19,3838.2
10,3838.6
29,3838.7
15,3838.8
28,3839.0
27,3839.1
6,3839.1
20,3839.1
23,3839.2
2,3839.3
14,3839.4
13,3839.4
21,3839.5
4,3839.5
5,3839.7
7,3839.8
31,3840.6
26,3840.8
3,3841.3
11,3841.7
24,3841.9
19,3841.9
22,3842.4
10,3842.6
12,3842.7
29,3842.8
30,3843.1
15,3843.3
28,3843.7
27,3843.9
6,3844.1
20,3844.3
2,3844.3
23,3844.3
14,3844.6
21,3844.8
13,3844.9
5,3845.0
7,3845.2
4,3845.5
11,3845.7
19,3846.5
31,3846.8
29,3846.9
10,3847.0
26,3847.5
15,3848.4
27,3849.3
13,3850.6
23,3850.7
6,3851.0
22,3851.0
2,3851.2
21,3851.3
4,3851.4
20,3851.5
28,3851.8
11,3851.9
29,3852.0
3,3852.3
5,3852.5
10,3852.6
14,3852.6
19,3852.6
12,3853.4
7,3853.6
30,3854.7
15,3857.4
31,3859.0
27,3859.2
24,3860.0
29,3861.6
13,3862.5
10,3863.1
4,3863.1
19,3864.7
6,3865.1
11,3865.7
26,3866.7
23,3869.0
19,3918.1
11,3918.1
10,3918.5
29,3918.6
15,3918.7
28,3918.9
20,3919.0
27,3919.1
6,3919.1
23,3919.2
13,3919.3
2,3919.3
14,3919.4
4,3919.4
21,3919.5
5,3919.7
7,3919.8
31,3920.6
26,3920.8
3,3921.3
11,3921.7
24,3921.8
19,3921.8
22,3922.3
10,3922.4
12,3922.5
29,3922.7
30,3923.1
15,3923.2
28,3923.6
27,3924.0
2,3924.1
6,3924.1
20,3924.2
23,3924.3
21,3924.7
14,3924.7
13,3924.9
5,3924.9
4,3925.2
7,3925.2
11,3925.7
19,3926.4
31,3926.8
29,3926.8
10,3926.9
26,3927.5
15,3928.2
27,3929.3
13,3930.7
23,3930.8
6,3931.0
22,3931.0
2,3931.0
4,3931.1
20,3931.2
21,3931.3
28,3931.6
29,3931.7
11,3931.9
3,3931.9
10,3932.4
19,3932.5
5,3932.5
14,3932.8
12,3933.1
7,3933.7
30,3934.8
15,3936.9
24,3938.8
31,3938.8
27,3939.1
29,3940.6
4,3942.5
13,3942.6
10,3943.0
19,3944.8
6,3946.0
11,3946.6
23,3950.2
11,3998.1
19,3998.1
10,3998.5
29,3998.6
15,3998.7
28,3998.9
6,3999.0
20,3999.0
27,3999.1
23,3999.2
2,3999.3
14,3999.4
4,3999.4
13,3999.4
21,3999.5
7,3999.7
5,3999.7
31,4000.6
26,4000.9
3,4001.3
11,4001.7
19,4001.8
24,4001.8
22,4002.3
10,4002.4
12,4002.5
29,4002.7
30,4003.0
15,4003.2
28,4003.6
6,4004.0
27,4004.0
2,4004.1
20,4004.2
23,4004.4
14,4004.7
21,4004.7
5,4004.9
13,4004.9
7,4005.3
4,4005.4
11,4005.7
19,4006.4
31,4006.8
29,4006.8
10,4006.9
26,4007.5
15,4008.2
27,4009.3
13,4010.7
6,4010.8
23,4010.9
22,4011.0
2,4011.1
4,4011.2
21,4011.3
20,4011.3
28,4011.6
29,4011.7
3,4011.9
11,4012.0
10,4012.4
19,4012.5
5,4012.5
14,4012.8
12,4013.2
7,4013.7
30,4014.3
15,4017.0
31,4018.9
24,4019.0
27,4019.1
29,4020.6
13,4022.7
10,4023.1
4,4023.3
6,4024.9
19,4025.0
11,4026.8
23,4031.8
11,4383.4
19,4383.9
2,4383.9
15,4384.0
28,4384.2
20,4384.3
6,4384.4
24,4384.5
23,4384.5
10,4384.6
14,4384.7
21,4384.8
29,4385.0
5,4385.0
7,4385.1
27,4385.5
31,4385.9
26,4386.2
13,4386.7
3,4386.8
11,4387.1
12,4388.2
2,4388.3
4,4388.3
19,4388.4
15,4388.5
8,4388.5
30,4388.7
28,4389.1
24,4389.5
20,4389.6
6,4389.9
23,4390.0
10,4390.0
21,4390.1
14,4390.3
5,4390.5
29,4390.6
7,4390.8
11,4391.3
27,4391.9
31,4392.3
2,4392.8
26,4392.9
15,4393.6
13,4394.8
19,4395.5
23,4396.7
21,4396.8
24,4397.1
20,4397.3
6,4397.5
28,4397.7
11,4398.0
5,4398.2
10,4398.5
14,4398.8
3,4399.1
7,4399.3
29,4399.5
12,4399.8
2,4400.1
30,4400.5
15,4403.0
31,4404.8
4,4405.0
27,4408.8
11,4415.1
19,4416.1
26,4416.9
23,4422.3
11,4463.1
19,4463.6
2,4463.7
15,4463.8
6,4464.0
28,4464.0
20,4464.1
23,4464.2
24,4464.3
10,4464.3
14,4464.4
21,4464.5
5,4464.7
29,4464.7
7,4464.8
27,4465.2
31,4465.6
26,4465.8
3,4466.3
13,4466.5
11,4466.7
12,4467.6
4,4467.7
2,4467.8
8,4467.9
19,4468.0
30,4468.2
15,4468.3
28,4468.7
24,4469.1
6,4469.1
20,4469.3
23,4469.4
10,4469.6
14,4469.6
21,4469.8
5,4470.0
7,4470.2
29,4470.3
11,4470.7
27,4471.3
31,4471.7
2,4472.0
26,4472.4
15,4473.4
19,4474.7
13,4474.8
6,4476.0
23,4476.2
21,4476.3
20,4476.6
24,4476.6
11,4476.9
28,4476.9
3,4477.3
5,4477.5
14,4477.6
10,4477.6
12,4478.1
7,4478.3
29,4478.9
2,4479.0
30,4480.3
4,4480.8
15,4482.5
31,4484.3
27,4487.5
26,4490.1
19,4490.3
11,4490.7
6,4490.9
8,4491.1
23,4502.3
2,4503.8
11,4543.1
19,4543.6
2,4543.7
15,4543.7
28,4543.9
6,4544.0
20,4544.0
24,4544.2
23,4544.2
10,4544.3
14,4544.4
21,4544.5
29,4544.6
5,4544.7
7,4544.8
27,4545.2
31,4545.5
26,4545.8
3,4546.3
13,4546.4
11,4546.7
12,4547.5
4,4547.6
2,4547.8
8,4547.9
19,4548.0
15,4548.2
30,4548.2
28,4548.6
24,4549.0
6,4549.1
23,4549.3
20,4549.3
10,4549.4
21,4549.7
14,4549.7
5,4549.9
7,4550.2
29,4550.3
11,4550.7
27,4551.4
31,4551.8
2,4552.2
26,4552.4
15,4553.2
13,4554.7
19,4554.8
23,4555.8
6,4556.0
21,4556.3
20,4556.4
24,4556.4
28,4556.7
11,4556.9
3,4556.9
10,4557.4
5,4557.5
12,4557.8
14,4557.8
7,4558.7
29,4558.8
2,4559.4
30,4560.4
4,4561.9
15,4562.0
31,4564.2
27,4568.5
8,4570.1
11,4571.6
19,4571.6
6,4573.0
23,4574.7
11,4623.1
19,4623.6
15,4623.7
2,4623.7
28,4623.9
6,4624.0
20,4624.0
24,4624.2
23,4624.2
10,4624.3
14,4624.4
21,4624.5
29,4624.6
5,4624.7
7,4624.7
27,4625.2
31,4625.5
26,4625.8
3,4626.3
13,4626.4
11,4626.7
12,4627.5
4,4627.7
2,4627.8
8,4627.9
19,4628.0
30,4628.1
15,4628.2
28,4628.6
6,4629.0
24,4629.1
20,4629.3
23,4629.4
10,4629.4
21,4629.7
14,4629.7
5,4629.9
7,4630.2
29,4630.3
11,4630.7
27,4631.4
31,4631.8
2,4632.2
26,4632.5
15,4633.2
13,4634.7
19,4634.8
6,4635.8
23,4635.9
21,4636.3
20,4636.4
24,4636.6
28,4636.7
3,4636.9
11,4637.0
5,4637.5
10,4637.7
14,4637.8
12,4637.8
7,4638.4
29,4638.8
2,4639.4
30,4639.8
15,4642.0
4,4642.8
31,4644.2
27,4648.7
8,4651.4
11,4651.8
19,4652.2
6,4652.5
23,4655.9
19,5008.0
21,5008.6
10,5008.7
2,5008.9
15,5009.0
28,5009.2
20,5009.4
24,5009.5
11,5010.0
5,5010.0
7,5010.1
27,5010.5
31,5010.9
26,5011.2
23,5011.3
19,5011.3
13,5011.8
3,5011.8
29,5012.1
21,5012.5
14,5012.6
10,5012.6
12,5013.2
2,5013.2
4,5013.4
15,5013.5
8,5013.5
9,5013.5
30,5013.7
6,5014.0
28,5014.1
24,5014.5
20,5014.6
19,5015.1
5,5015.5
11,5015.6
7,5015.8
21,5016.2
27,5017.1
10,5017.3
31,5017.3
2,5017.6
26,5017.9
23,5018.2
15,5018.6
13,5019.8
29,5020.1
19,5020.9
21,5021.8
14,5022.1
24,5022.1
20,5022.2
28,5022.7
5,5023.2
3,5024.1
7,5024.7
2,5024.9
30,5025.5
10,5025.6
12,5025.7
11,5026.2
6,5027.4
15,5027.8
31,5030.8
4,5031.6
19,5032.8
21,5033.1
23,5033.5
27,5036.3
26,5039.6
19,5087.7
21,5088.3
10,5088.4
2,5088.7
15,5088.8
28,5089.0
20,5089.1
24,5089.3
5,5089.6
7,5089.7
11,5089.7
27,5090.2
31,5090.6
26,5090.8
23,5091.0
19,5091.0
3,5091.3
13,5091.5
29,5091.8
14,5092.1
21,5092.1
10,5092.2
12,5092.4
2,5092.8
4,5092.8
8,5092.9
6,5092.9
9,5093.0
30,5093.2
15,5093.3
28,5093.7
24,5094.0
20,5094.3
19,5094.7
5,5095.0
7,5095.1
11,5095.3
21,5095.7
27,5096.5
10,5096.7
31,5096.7
2,5097.2
26,5097.3
23,5097.7
15,5098.4
29,5099.6
13,5100.1
19,5100.4
21,5101.0
20,5101.5
24,5101.6
14,5101.9
28,5102.0
5,5102.3
3,5102.3
12,5103.0
7,5103.4
10,5104.3
2,5104.5
11,5105.1
30,5105.3
6,5105.9
15,5107.4
4,5107.6
31,5109.7
21,5111.0
19,5111.4
27,5114.2
26,5114.8
23,5115.0
19,5167.7
21,5168.3
10,5168.4
15,5168.7
2,5168.7
28,5168.9
20,5169.0
24,5169.2
11,5169.6
5,5169.6
7,5169.7
27,5170.2
31,5170.5
26,5170.7
23,5171.0
19,5171.0
3,5171.3
13,5171.5
29,5171.7
21,5172.1
14,5172.1
10,5172.2
12,5172.3
4,5172.7
2,5172.8
9,5172.9
6,5173.0
8,5173.0
15,5173.2
30,5173.2
28,5173.7
24,5174.0
20,5174.2
19,5174.8
5,5174.8
11,5175.1
7,5175.1
21,5175.8
27,5176.4
10,5176.8
31,5176.8
2,5177.2
26,5177.3
23,5177.7
15,5178.2
29,5179.5
13,5179.7
19,5180.4
24,5181.3
21,5181.3
20,5181.3
14,5181.4
3,5181.9
5,5182.1
28,5182.2
12,5182.2
7,5183.4
2,5184.5
10,5184.7
11,5185.1
30,5185.4
6,5186.0
15,5186.9
4,5189.4
31,5189.5
19,5191.1
21,5192.0
27,5193.7
23,5196.0
26,5201.3
19,5247.7
21,5248.3
10,5248.4
15,5248.7
2,5248.7
28,5248.9
20,5249.0
24,5249.2
5,5249.6
11,5249.7
7,5249.7
27,5250.2
31,5250.6
26,5250.8
23,5250.9
19,5251.0
3,5251.3
13,5251.5
29,5251.7
21,5252.1
14,5252.1
10,5252.2
12,5252.3
4,5252.8
2,5252.8
8,5253.0
9,5253.0
6,5253.0
30,5253.1
15,5253.2
28,5253.7
24,5254.1
20,5254.2
19,5254.8
5,5254.9
11,5255.1
7,5255.2
21,5255.8
27,5256.4
31,5256.8
10,5256.8
2,5257.2
26,5257.3
23,5257.6
15,5258.2
29,5259.5
13,5259.7
19,5260.4
20,5261.3
21,5261.3
24,5261.6
14,5261.8
28,5262.2
12,5262.3
3,5262.4
5,5262.4
7,5263.7
2,5264.5
10,5264.7
30,5264.8
11,5265.2
6,5266.1
15,5266.9
4,5269.6
31,5269.7
19,5271.6
21,5272.1
27,5273.8
23,5274.8
19,5633.0
10,5633.6
21,5633.6
2,5633.9
15,5634.0
28,5634.2
20,5634.3
24,5634.5
11,5635.0
5,5635.0
27,5635.5
31,5635.9
26,5636.2
19,5636.3
3,5636.8
13,5636.8
29,5637.1
21,5637.5
10,5637.5
7,5637.5
14,5637.6
30,5637.6
2,5638.2
12,5638.2
9,5638.4
4,5638.4
8,5638.5
15,5638.5
28,5639.1
24,5639.5
20,5639.6
19,5640.1
5,5640.5
11,5640.6
21,5641.4
27,5642.1
10,5642.1
31,5642.3
2,5642.6
26,5642.9
15,5643.6
13,5644.8
29,5645.4
19,5645.9
24,5647.1
21,5647.1
20,5647.3
14,5647.5
28,5647.7
5,5648.2
3,5649.1
2,5649.9
10,5650.4
12,5651.1
11,5651.2
15,5654.1
31,5655.8
7,5656.9
19,5659.2
21,5659.8
27,5660.5
4,5661.9
19,5712.8
21,5713.3
10,5713.4
2,5713.7
15,5713.8
28,5714.0
20,5714.1
24,5714.3
5,5714.6
11,5714.8
27,5715.2
31,5715.6
26,5715.8
19,5716.1
3,5716.4
13,5716.5
7,5716.8
29,5716.8
30,5717.1
21,5717.1
14,5717.2
10,5717.2
12,5717.5
2,5717.8
4,5718.0
8,5718.0
9,5718.0
15,5718.3
28,5718.7
24,5719.0
20,5719.3
19,5719.9
5,5720.0
11,5720.4
21,5720.7
27,5721.3
10,5721.7
31,5721.7
2,5722.2
26,5722.4
15,5723.4
29,5724.6
13,5724.8
19,5725.6
21,5726.0
20,5726.6
24,5726.6
14,5727.0
28,5727.0
5,5727.3
3,5727.5
12,5728.5
10,5729.3
2,5729.5
11,5730.5
7,5731.3
15,5733.2
4,5734.1
31,5734.2
21,5736.4
27,5737.6
19,5737.8
26,5747.2
19,5792.7
21,5793.3
10,5793.4
2,5793.7
15,5793.7
28,5793.9
20,5794.0
24,5794.2
5,5794.6
11,5794.7
27,5795.2
31,5795.5
26,5795.8
19,5796.0
3,5796.4
13,5796.5
29,5796.7
7,5796.8
21,5797.1
30,5797.1
10,5797.2
14,5797.2
12,5797.4
2,5797.8
9,5797.9
4,5797.9
8,5798.0
15,5798.2
28,5798.7
24,5799.0
20,5799.3
19,5799.8
5,5799.9
11,5800.1
21,5800.8
27,5801.4
31,5801.6
10,5801.8
2,5802.2
26,5802.3
15,5803.2
29,5804.4
13,5804.7
19,5805.5
21,5806.3
24,5806.3
20,5806.4
14,5806.8
28,5807.2
3,5807.4
5,5807.4
12,5807.6
2,5809.5
10,5809.7
11,5810.3
7,5811.6
15,5812.5
31,5814.2
21,5817.4
19,5817.6
4,5817.8
27,5818.7
19,5872.7
21,5873.3
10,5873.4
15,5873.7
2,5873.7
28,5873.9
20,5874.0
24,5874.2
5,5874.6
11,5874.7
27,5875.2
31,5875.5
26,5875.8
19,5876.0
3,5876.4
13,5876.5
29,5876.6
7,5876.9
21,5877.1
30,5877.1
10,5877.2
14,5877.3
12,5877.4
2,5877.8
4,5877.9
9,5878.0
8,5878.1
15,5878.2
28,5878.7
24,5879.1
20,5879.3
19,5879.8
5,5879.9
11,5880.1
21,5880.8
27,5881.4
10,5881.8
31,5881.8
2,5882.2
26,5882.5
15,5883.2
29,5884.4
13,5884.7
19,5885.5
21,5886.3
20,5886.4
24,5886.6
14,5887.2
28,5887.2
5,5887.4
3,5887.5
12,5887.7
2,5889.5
10,5889.7
11,5890.4
7,5891.9
15,5892.5
31,5894.8
21,5897.5
19,5897.7
4,5898.3
27,5898.9
19,6258.0
20,6258.3
10,6258.6
21,6258.6
2,6258.9
15,6259.0
28,6259.2
24,6259.5
11,6260.0
13,6260.2
6,6260.4
26,6261.2
19,6261.3
3,6261.8
20,6261.9
29,6262.1
5,6262.2
10,6262.5
30,6262.5
7,6262.5
21,6262.5
18,6262.7
14,6262.9
27,6262.9
12,6263.2
2,6263.3
4,6263.4
9,6263.4
8,6263.5
15,6263.5
28,6264.1
24,6264.5
19,6265.1
31,6265.1
11,6265.6
20,6265.9
21,6266.4
10,6267.1
2,6267.8
26,6267.9
15,6268.6
13,6268.8
29,6270.4
19,6270.9
6,6271.3
5,6271.7
20,6271.9
21,6272.1
24,6272.1
28,6272.7
3,6274.0
10,6275.1
2,6275.4
12,6275.8
11,6276.3
15,6279.1
19,6282.1
21,6282.5
7,6284.0
20,6286.2
4,6287.7
19,6337.7
20,6338.1
21,6338.3
10,6338.4
2,6338.7
15,6338.8
28,6339.0
24,6339.3
11,6339.8
13,6340.0
6,6340.1
26,6340.8
19,6341.0
20,6341.5
3,6341.5
29,6341.7
5,6341.7
7,6341.9
21,6342.1
10,6342.2
30,6342.2
18,6342.4
14,6342.5
12,6342.6
27,6342.6
2,6342.9
9,6342.9
8,6342.9
4,6343.0
15,6343.3
28,6343.7
24,6344.1
31,6344.5
19,6344.7
11,6345.4
20,6345.5
21,6345.7
10,6346.7
2,6347.2
26,6347.4
13,6348.1
15,6348.4
29,6349.6
6,6350.0
5,6350.2
19,6350.4
21,6351.0
20,6351.3
24,6351.7
28,6352.0
3,6353.0
12,6353.5
2,6354.5
10,6354.5
11,6355.8
7,6357.6
15,6358.3
4,6359.2
21,6360.3
19,6361.2
20,6363.6
8,6370.1
26,6372.5
19,6417.7
20,6418.0
21,6418.3
10,6418.4
2,6418.7
15,6418.7
28,6418.9
24,6419.2
11,6419.7
13,6419.9
6,6420.0
26,6420.8
19,6421.0
3,6421.4
20,6421.6
29,6421.6
5,6421.7
7,6421.9
21,6422.1
10,6422.2
30,6422.2
12,6422.4
18,6422.4
14,6422.5
27,6422.5
2,6422.8
4,6422.9
9,6422.9
8,6423.0
15,6423.2
28,6423.7
24,6424.0
31,6424.6
19,6424.8
11,6425.1
20,6425.5
21,6425.8
10,6426.8
2,6427.2
26,6427.3
13,6428.0
15,6428.2
29,6429.4
6,6430.0
19,6430.4
5,6430.7
21,6431.2
20,6431.3
24,6431.4
28,6432.2
3,6432.5
12,6432.7
2,6434.5
10,6434.6
11,6435.3
7,6437.0
15,6437.6
21,6441.3
19,6441.4
4,6442.9
20,6443.6
8,6448.8
19,6497.7
20,6498.0
21,6498.3
10,6498.4
2,6498.7
15,6498.7
28,6498.9
24,6499.2
11,6499.7
13,6499.9
6,6500.1
26,6500.8
19,6501.0
3,6501.4
20,6501.6
29,6501.6
5,6501.8
7,6502.0
21,6502.1
30,6502.2
10,6502.2
12,6502.4
18,6502.4
27,6502.5
14,6502.6
2,6502.8
4,6502.9
9,6502.9
8,6503.0
15,6503.2
28,6503.7
24,6504.1
31,6504.6
19,6504.8
11,6505.1
20,6505.5
21,6505.8
10,6506.8
2,6507.2
26,6507.5
13,6508.1
15,6508.2
29,6509.4
6,6510.1
19,6510.4
5,6511.1
20,6511.3
21,6511.3
24,6511.6
28,6512.2
3,6512.5
12,6513.0
2,6514.5
10,6514.6
11,6515.4
15,6517.6
7,6518.0
21,6521.4
19,6521.5
4,6523.3
20,6523.7
20,6882.9
19,6883.0
28,6883.4
15,6884.0
10,6884.2
21,6884.2
24,6884.5
29,6884.8
2,6885.0
13,6885.3
6,6885.4
4,6885.7
20,6885.8
19,6886.3
3,6886.8
28,6887.1
11,6887.1
30,6887.5
7,6887.5
18,6887.7
23,6887.9
14,6887.9
27,6888.0
12,6888.2
9,6888.4
8,6888.5
15,6888.5
20,6888.9
21,6889.1
10,6889.1
24,6889.5
29,6889.9
19,6890.1
2,6890.2
31,6890.2
28,6891.9
20,6892.7
15,6893.6
13,6893.7
4,6894.3
19,6895.9
21,6896.0
6,6896.5
29,6897.0
24,6897.1
20,6898.2
10,6898.3
2,6899.0
3,6899.2
12,6900.3
28,6900.6
15,6904.1
11,6904.3
7,6905.1
19,6905.7
20,6909.1
21,6914.5
19,6962.7
20,6962.7
28,6963.2
15,6963.8
21,6963.9
10,6964.0
24,6964.3
29,6964.5
2,6964.7
13,6965.0
6,6965.1
4,6965.4
20,6965.6
19,6966.0
3,6966.5
11,6966.7
28,6966.8
7,6966.9
30,6967.0
18,6967.3
14,6967.4
12,6967.4
23,6967.5
27,6967.6
8,6967.9
9,6968.0
15,6968.3
21,6968.7
20,6968.7
10,6968.8
24,6969.1
29,6969.6
19,6969.7
2,6969.7
31,6969.7
28,6971.5
20,6972.5
13,6973.1
15,6973.4
4,6973.8
6,6975.0
21,6975.3
19,6975.4
29,6976.5
24,6976.7
3,6978.0
10,6978.0
20,6978.0
12,6978.0
2,6978.2
28,6979.7
7,6981.3
11,6982.7
15,6983.3
19,6984.8
20,6988.5
21,6992.0
20,7042.6
19,7042.7
28,7043.1
15,7043.7
21,7043.9
10,7044.0
24,7044.2
29,7044.4
2,7044.6
13,7044.9
6,7045.0
4,7045.3
20,7045.5
19,7046.0
3,7046.4
11,7046.7
28,7046.8
7,7046.9
30,7047.0
18,7047.3
12,7047.3
23,7047.4
14,7047.5
27,7047.5
9,7047.9
8,7048.0
15,7048.2
20,7048.6
21,7048.8
10,7048.8
24,7049.0
29,7049.5
31,7049.7
19,7049.8
2,7049.8
28,7051.5
20,7052.3
13,7053.1
15,7053.2
4,7053.6
6,7055.0
21,7055.2
19,7055.4
29,7056.2
24,7056.4
3,7057.5
12,7057.6
20,7057.6
10,7057.6
2,7058.5
28,7059.7
7,7061.4
11,7062.3
15,7062.6
19,7065.0
20,7067.8
21,7072.6
8,7076.2
20,7122.6
19,7122.7
28,7123.1
15,7123.7
21,7123.9
10,7124.0
24,7124.2
29,7124.4
2,7124.6
13,7124.9
6,7125.0
4,7125.3
20,7125.5
19,7126.0
3,7126.4
11,7126.7
28,7126.8
7,7126.9
30,7127.1
18,7127.3
12,7127.4
23,7127.4
27,7127.5
14,7127.5
9,7127.9
8,7128.0
15,7128.2
20,7128.6
10,7128.8
21,7128.8
24,7129.0
29,7129.5
31,7129.7
2,7129.8
19,7129.8
28,7131.5
20,7132.2
13,7133.1
15,7133.2
4,7133.6
6,7135.0
21,7135.3
19,7135.4
29,7136.2
24,7136.4
20,7137.5
3,7137.5
12,7137.6
10,7137.6
2,7138.5
28,7139.7
7,7141.5
11,7142.4
15,7142.6
19,7145.1
20,7147.6
21,7153.6
19,7508.0
20,7508.1
28,7508.4
18,7508.9
10,7509.2
9,7509.2
8,7509.4
24,7509.5
2,7510.0
13,7510.3
6,7510.4
15,7510.7
4,7510.7
21,7510.7
17,7510.9
19,7511.3
20,7511.4
3,7511.8
28,7512.1
11,7512.1
29,7512.4
7,7512.5
30,7512.5
14,7512.9
23,7512.9
27,7513.0
18,7513.6
9,7514.2
10,7514.2
24,7514.5
8,7514.8
19,7515.1
2,7515.2
20,7515.3
28,7516.9
13,7518.7
4,7519.4
21,7520.7
19,7520.9
15,7521.2
20,7521.3
6,7521.5
18,7521.7
24,7522.1
17,7522.4
10,7523.8
8,7524.0
2,7524.1
3,7524.2
9,7524.3
28,7525.6
7,7530.2
20,7531.0
19,7531.6
11,7532.0
19,7587.7
20,7587.9
28,7588.2
18,7588.6
9,7588.9
10,7589.0
8,7589.1
24,7589.3
2,7589.7
13,7589.9
6,7590.0
21,7590.3
4,7590.3
15,7590.4
17,7590.4
20,7591.1
19,7591.1
3,7591.3
7,7591.8
28,7591.8
11,7591.8
30,7592.0
29,7592.1
23,7592.4
27,7592.5
14,7592.5
18,7593.2
10,7593.8
9,7593.8
24,7594.1
8,7594.3
2,7594.7
19,7594.9
20,7594.9
28,7596.5
13,7598.0
4,7598.8
21,7599.6
6,7599.6
15,7600.2
17,7600.4
19,7600.6
20,7600.6
18,7600.9
24,7601.7
3,7602.3
9,7603.0
8,7603.1
10,7603.1
2,7603.3
28,7604.8
7,7605.3
11,7609.5
20,7610.1
19,7610.9
29,7613.8
19,7667.7
20,7667.8
28,7668.1
18,7668.6
9,7668.9
10,7669.0
8,7669.1
24,7669.2
2,7669.7
13,7669.9
6,7670.0
21,7670.3
4,7670.3
17,7670.4
15,7670.4
20,7671.0
19,7671.0
3,7671.3
11,7671.7
28,7671.8
7,7671.8
29,7672.0
30,7672.0
23,7672.3
27,7672.4
14,7672.5
18,7673.0
9,7673.8
10,7673.8
24,7674.1
8,7674.3
20,7674.7
19,7674.8
2,7674.8
28,7676.5
13,7678.0
4,7678.6
6,7679.6
21,7679.6
20,7680.2
19,7680.4
17,7680.4
15,7680.4
18,7680.5
24,7681.6
3,7681.9
10,7682.7
9,7683.0
8,7683.0
2,7683.6
28,7684.8
7,7685.6
11,7687.8
20,7689.7
19,7690.9
29,7692.0
19,7747.7
20,7747.8
28,7748.1
18,7748.6
9,7748.9
10,7749.0
8,7749.1
24,7749.2
2,7749.7
13,7749.9
6,7750.0
4,7750.3
21,7750.4
17,7750.4
15,7750.5
20,7751.0
19,7751.0
3,7751.4
11,7751.7
28,7751.8
7,7751.8
29,7752.0
30,7752.1
23,7752.4
27,7752.4
14,7752.5
18,7753.0
9,7753.8
10,7753.8
24,7754.1
8,7754.3
20,7754.7
2,7754.8
19,7754.8
28,7756.5
13,7758.0
4,7758.6
6,7759.6
21,7759.7
20,7760.4
19,7760.4
15,7760.4
18,7760.5
17,7760.5
24,7761.6
3,7762.4
10,7762.7
8,7763.0
9,7763.0
2,7763.6
28,7764.8
7,7766.3
11,7767.9
20,7770.4
19,7771.0
29,7772.2
19,8132.6
20,8133.1
10,8133.1
18,8133.9
21,8133.9
9,8134.1
8,8134.3
28,8134.8
2,8135.0
13,8135.3
19,8135.4
6,8135.4
4,8135.7
17,8135.8
15,8135.8
12,8136.0
20,8136.4
10,8136.4
24,8137.1
3,8137.3
30,8137.5
7,8137.5
29,8137.5
14,8137.9
23,8137.9
27,8138.0
19,8138.2
21,8138.3
18,8138.4
9,8139.3
8,8139.6
2,8140.2
20,8140.3
10,8140.6
28,8141.3
19,8141.9
13,8143.7
4,8144.4
21,8145.6
6,8146.1
20,8146.3
15,8146.3
18,8146.5
17,8147.1
19,8147.2
24,8147.3
10,8147.4
8,8148.7
2,8148.7
9,8149.3
12,8152.8
7,8153.8
19,8156.6
20,8158.4
21,8170.7
19,8212.4
10,8212.9
20,8212.9
21,8213.6
18,8213.6
9,8213.9
8,8214.1
28,8214.5
2,8214.6
13,8214.9
6,8215.0
19,8215.2
17,8215.4
4,8215.4
15,8215.5
12,8215.6
20,8216.1
10,8216.2
24,8216.7
3,8216.8
7,8216.9
30,8216.9
29,8217.1
23,8217.4
14,8217.4
27,8217.5
21,8217.8
19,8218.0
18,8218.2
9,8218.8
8,8219.3
2,8219.6
20,8219.9
10,8220.4
28,8220.9
19,8221.6
13,8222.7
4,8223.8
21,8224.8
6,8225.0
20,8225.6
15,8225.6
18,8225.9
17,8226.0
19,8226.8
24,8227.0
10,8227.1
2,8227.9
9,8228.0
8,8228.1
12,8229.2
7,8231.1
19,8235.3
20,8237.0
29,8239.9
21,8245.1
10,8251.0
19,8292.4
20,8292.8
10,8292.9
18,8293.6
21,8293.6
9,8293.9
8,8294.0
28,8294.4
2,8294.6
13,8294.9
6,8295.0
19,8295.1
4,8295.3
17,8295.4
15,8295.5
12,8295.6
20,8296.0
10,8296.2
24,8296.7
3,8296.8
30,8296.9
7,8296.9
29,8297.0
23,8297.4
27,8297.4
14,8297.4
21,8297.8
19,8297.8
18,8298.0
9,8298.8
8,8299.3
2,8299.6
20,8299.8
10,8300.4
28,8300.9
19,8301.3
13,8302.7
4,8303.6
6,8304.6
21,8304.8
18,8305.5
15,8305.5
20,8305.5
17,8306.0
19,8306.3
24,8306.8
10,8307.0
2,8307.9
9,8308.0
8,8308.0
12,8309.2
7,8311.2
19,8314.3
20,8316.6
29,8317.3
21,8326.6
10,8329.6
19,8372.4
20,8372.8
10,8372.9
21,8373.6
18,8373.6
9,8373.9
8,8374.0
28,8374.4
2,8374.6
13,8374.9
6,8375.0
19,8375.1
4,8375.3
15,8375.5
17,8375.5
12,8375.6
20,8376.0
10,8376.2
24,8376.7
3,8376.9
7,8376.9
29,8377.0
30,8377.0
14,8377.4
27,8377.4
23,8377.4
19,8377.8
21,8377.8
18,8378.0
9,8378.8
8,8379.3
2,8379.6
20,8379.8
10,8380.3
28,8380.9
19,8381.3
13,8382.8
4,8383.6
21,8384.8
6,8385.0
15,8385.5
20,8385.5
18,8385.5
17,8386.0
19,8386.3
24,8386.8
10,8387.0
2,8387.9
9,8388.0
8,8388.0
12,8389.4
7,8391.4
19,8394.3
20,8396.7
29,8397.4
10,8409.9
21,8418.6
19,8757.6
20,8757.9
10,8758.1
18,8758.3
28,8758.6
21,8758.9
9,8759.1
12,8759.1
8,8759.3
2,8759.8
29,8760.1
13,8760.3
19,8760.4
6,8760.4
4,8760.7
15,8760.8
17,8760.8
20,8760.8
10,8761.4
26,8761.8
18,8761.8
24,8762.1
3,8762.3
30,8762.5
7,8762.5
28,8762.6
23,8762.9
14,8762.9
19,8763.2
21,8763.3
12,8763.6
20,8763.7
9,8764.3
8,8764.6
2,8764.7
29,8765.5
10,8765.6
18,8766.6
19,8766.8
20,8767.7
28,8768.4
13,8768.7
4,8769.4
21,8770.6
12,8770.9
15,8771.3
6,8771.5
19,8772.0
17,8772.2
24,8772.4
10,8772.4
2,8772.6
8,8773.8
20,8773.8
9,8774.3
18,8774.7
26,8775.2
29,8776.2
7,8779.1
19,8780.5
28,8780.8
20,8787.2
21,8793.3
10,8793.6
19,8837.4
20,8837.6
10,8837.9
18,8838.1
28,8838.3
21,8838.6
12,8838.7
9,8838.9
8,8839.1
2,8839.4
29,8839.8
6,8840.0
13,8840.0
19,8840.1
4,8840.3
20,8840.5
15,8840.5
17,8840.5
10,8841.1
26,8841.3
24,8841.6
18,8841.6
3,8841.9
30,8841.9
7,8841.9
28,8842.2
14,8842.3
23,8842.6
19,8842.7
21,8842.8
12,8843.1
20,8843.4
9,8843.8
2,8844.1
8,8844.3
29,8845.1
10,8845.4
18,8846.1
19,8846.2
20,8847.3
28,8847.9
13,8848.1
4,8848.8
21,8849.8
12,8849.8
6,8850.0
15,8850.7
17,8851.1
19,8851.1
2,8851.4
24,8851.5
10,8852.0
26,8852.8
9,8852.9
8,8853.1
20,8853.2
18,8853.7
29,8855.3
7,8856.0
19,8858.5
28,8859.4
20,8864.6
21,8866.1
12,8866.8
10,8868.8
19,8884.0
19,8917.3
20,8917.6
10,8917.8
18,8918.0
28,8918.3
21,8918.6
12,8918.7
9,8918.9
8,8919.1
2,8919.4
29,8919.7
13,8919.9
6,8920.0
19,8920.1
4,8920.3
20,8920.4
17,8920.5
15,8920.5
10,8921.1
26,8921.2
24,8921.6
18,8921.6
3,8921.9
7,8921.9
30,8922.0
28,8922.2
14,8922.3
23,8922.5
19,8922.7
21,8922.8
12,8923.1
20,8923.3
9,8923.8
2,8924.2
8,8924.3
29,8924.9
10,8925.2
18,8926.1
19,8926.2
20,8927.2
28,8927.7
13,8928.1
4,8928.6
6,8929.7
21,8929.8
12,8929.9
15,8930.5
17,8931.1
19,8931.1
24,8931.3
10,8931.6
2,8931.7
9,8932.9
8,8933.0
20,8933.0
26,8933.2
18,8934.0
29,8935.3
7,8936.8
19,8938.5
28,8938.9
20,8944.4
10,8946.0
21,8947.1
12,8948.7
19,8963.1
19,8997.3
20,8997.6
10,8997.8
18,8998.0
28,8998.3
21,8998.6
12,8998.7
9,8998.9
8,8999.1
2,8999.4
29,8999.7
13,8999.9
6,9000.0
19,9000.1
4,9000.3
20,9000.4
15,9000.5
17,9000.5
10,9001.1
26,9001.2
18,9001.6
24,9001.6
3,9001.9
30,9002.0
7,9002.0
28,9002.2
14,9002.3
23,9002.5
19,9002.7
21,9002.8
12,9003.1
20,9003.3
9,9003.8
2,9004.2
8,9004.3
29,9004.9
10,9005.2
18,9006.1
19,9006.2
20,9007.2
28,9007.7
13,9008.1
4,9008.6
21,9009.8
12,9009.9
6,9010.0
15,9010.5
17,9011.1
19,9011.1
24,9011.3
10,9011.6
2,9011.7
9,9012.9
8,9013.0
20,9013.0
26,9013.3
18,9014.0
29,9015.3
7,9017.1
19,9018.6
28,9018.9
20,9024.4
10,9026.2
21,9028.0
12,9029.6
19,9042.8
19,9382.5
20,9382.8
10,9382.9
18,9383.1
9,9383.5
28,9383.6
21,9383.9
2,9383.9
12,9384.1
8,9384.3
29,9385.1
19,9385.1
13,9385.3
6,9385.4
4,9385.7
17,9385.8
15,9385.8
20,9385.8
10,9385.9
18,9386.2
27,9386.2
26,9386.8
24,9387.1
3,9387.3
9,9387.4
30,9387.5
28,9387.6
19,9387.6
25,9387.9
23,9387.9
14,9387.9
2,9387.9
21,9388.3
12,9388.6
20,9388.6
10,9389.3
8,9389.6
18,9389.7
19,9390.4
29,9390.5
9,9391.8
2,9391.9
20,9392.7
27,9393.2
28,9393.3
10,9393.4
13,9393.7
19,9394.0
18,9394.3
4,9394.4
21,9395.6
12,9395.9
15,9396.3
6,9396.5
17,9397.2
24,9397.4
25,9397.6
2,9397.7
20,9398.7
8,9398.8
9,9399.1
19,9399.2
10,9399.9
26,9400.1
29,9401.1
18,9401.2
28,9404.7
19,9407.8
2,9409.4
27,9410.0
20,9412.7
10,9420.3
19,9462.2
20,9462.6
10,9462.7
18,9462.8
9,9463.2
28,9463.3
2,9463.6
21,9463.6
12,9463.7
8,9464.1
29,9464.7
19,9464.7
13,9465.0
6,9465.0
4,9465.4
15,9465.5
17,9465.5
20,9465.5
10,9465.6
27,9465.8
18,9465.9
26,9466.3
24,9466.6
30,9466.9
3,9466.9
9,9467.0
19,9467.1
28,9467.2
14,9467.3
25,9467.4
23,9467.4
2,9467.5
21,9467.8
12,9468.1
20,9468.4
10,9469.0
8,9469.3
18,9469.4
19,9469.9
29,9470.1
2,9471.3
9,9471.4
20,9472.3
28,9472.7
27,9472.7
10,9473.0
13,9473.1
19,9473.4
18,9473.6
4,9473.8
12,9474.9
21,9474.9
6,9475.0
15,9475.7
17,9476.1
25,9476.4
24,9476.5
2,9476.8
26,9477.7
20,9478.1
8,9478.2
9,9478.2
19,9478.3
10,9479.4
29,9480.2
18,9480.3
28,9483.2
19,9486.0
2,9486.4
27,9487.7
20,9490.5
9,9493.9
10,9495.9
12,9496.9
18,9496.9
19,9506.8
19,9542.2
20,9542.6
10,9542.7
18,9542.8
9,9543.2
28,9543.2
2,9543.6
21,9543.6
12,9543.7
8,9544.1
29,9544.7
19,9544.7
13,9544.9
6,9545.0
4,9545.3
20,9545.4
17,9545.5
15,9545.5
10,9545.6
27,9545.8
18,9545.9
26,9546.2
24,9546.6
3,9546.9
30,9546.9
9,9547.0
19,9547.1
28,9547.1
14,9547.3
25,9547.4
23,9547.4
2,9547.5
21,9547.8
12,9548.1
20,9548.3
10,9548.9
8,9549.3
18,9549.3
19,9549.8
29,9549.9
2,9551.3
9,9551.3
20,9552.2
27,9552.4
28,9552.5
10,9553.0
13,9553.1
19,9553.3
18,9553.6
4,9553.6
6,9554.7
21,9554.8
12,9555.0
15,9555.5
17,9556.1
24,9556.3
2,9557.0
25,9557.1
26,9557.7
20,9558.0
8,9558.1
19,9558.2
9,9558.2
10,9559.4
29,9560.2
18,9560.3
28,9563.0
19,9565.9
2,9567.6
27,9568.2
20,9569.7
9,9575.5
10,9575.9
18,9577.8
19,9585.7
19,9622.2
20,9622.6
10,9622.7
18,9622.8
9,9623.2
28,9623.2
2,9623.6
21,9623.6
12,9623.7
8,9624.1
29,9624.7
19,9624.7
13,9624.9
6,9625.0
4,9625.3
20,9625.4
15,9625.5
17,9625.5
10,9625.6
27,9625.8
18,9625.9
26,9626.2
24,9626.6
3,9626.9
30,9627.0
9,9627.0
28,9627.1
19,9627.1
14,9627.3
25,9627.4
23,9627.4
2,9627.5
21,9627.8
12,9628.1
20,9628.3
10,9628.9
8,9629.3
18,9629.3
19,9629.8
29,9629.9
9,9631.3
2,9631.3
20,9632.2
27,9632.5
28,9632.5
10,9633.0
13,9633.1
19,9633.3
4,9633.6
18,9633.6
21,9634.9
12,9635.0
6,9635.0
15,9635.5
17,9636.1
24,9636.3
2,9637.0
25,9637.1
20,9638.0
8,9638.1
19,9638.2
26,9638.2
9,9638.2
10,9639.4
18,9640.3
29,9640.3
28,9643.1
19,9645.9
2,9647.7
20,9649.8
27,9650.5
10,9655.8
9,9656.1
18,9658.0
19,9666.0
