0,26.0
44,26.0
21,26.0
20,26.0
45,26.0
19,26.0
18,26.0
46,26.0
47,26.0
48,26.0
17,26.0
16,26.0
49,26.0
15,26.0
14,26.0
50,26.0
51,26.0
13,26.0
22,26.0
52,26.0
43,26.0
23,26.0
32,26.0
31,26.0
34,26.0
35,26.0
30,26.0
36,26.0
29,26.0
28,26.0
27,26.0
37,26.0
26,26.0
38,26.0
39,26.0
40,26.0
41,26.0
25,26.0
24,26.0
42,26.0
53,26.0
33,26.0
60,26.0
4,26.0
56,26.0
7,26.0
3,26.0
6,26.0
59,26.0
55,26.0
5,26.0
8,26.0
61,26.0
9,26.0
62,26.0
10,26.0
54,26.0
2,26.0
1,26.0
11,26.0
57,26.0
12,26.0
58,26.0
62,80.4
2,85.3
59,90.4
0,111.3
47,115.3
36,117.0
18,117.9
43,119.4
20,119.9
52,121.1
49,121.8
40,122.7
12,123.5
22,124.6
30,125.6
5,126.3
35,126.7
17,128.1
2,129.2
57,129.8
59,129.8
56,130.6
32,132.3
54,132.9
6,132.9
25,134.7
55,135.2
13,135.4
37,136.2
4,142.5
53,142.5
27,144.1
49,144.8
33,144.9
52,145.4
2,146.7
14,147.6
30,147.7
12,147.9
7,149.0
35,149.6
50,150.9
28,151.1
15,151.2
25,152.4
57,153.3
32,153.4
6,154.3
13,154.9
29,158.6
62,161.0
54,161.6
45,162.4
22,162.4
17,164.4
48,164.6
2,169.2
59,169.5
26,170.9
36,172.2
61,172.6
19,174.0
7,174.2
14,176.2
53,178.0
21,182.7
49,184.7
52,187.9
13,187.9
25,189.0
32,189.8
12,191.2
2,192.0
30,192.1
7,194.6
57,194.7
47,195.7
0,196.1
55,197.3
5,199.5
53,201.9
4,202.9
21,203.5
35,203.7
25,204.6
52,206.3
2,207.5
13,207.7
32,209.0
54,209.7
17,210.6
12,213.8
10,213.9
6,214.4
30,214.8
57,216.7
33,218.1
59,218.2
7,218.3
25,219.6
49,220.7
4,222.5
2,228.2
25,246.8
2,250.2
52,263.4
55,270.0
13,270.6
12,273.2
57,273.8
2,274.9
53,274.9
17,275.4
32,275.9
54,276.2
59,278.4
35,279.2
30,279.3
49,279.4
25,279.9
52,280.4
33,285.6
55,289.1
50,289.6
13,290.7
54,290.9
6,290.9
10,290.9
57,291.0
12,291.5
2,291.8
35,293.2
29,293.9
27,294.4
49,295.4
32,297.3
17,297.6
30,298.6
25,298.6
4,299.8
48,300.4
53,301.6
52,302.3
22,302.5
15,306.9
59,315.6
57,319.2
35,505.1
54,529.6
12,549.1
2,574.4
56,575.4
49,595.2
50,648.3
52,651.6
49,652.8
12,653.7
32,654.4
55,657.5
56,657.5
6,658.1
30,658.2
59,660.7
35,660.7
17,662.9
4,663.2
57,663.4
0,664.8
2,664.9
53,665.0
54,665.6
29,665.6
25,665.6
13,665.7
27,667.3
45,668.0
12,671.2
49,671.7
52,671.9
33,672.0
32,673.0
11,673.6
10,674.1
30,674.4
50,674.8
5,674.8
48,675.4
35,676.6
6,677.1
22,677.6
57,678.3
55,678.5
4,679.6
25,680.0
2,680.7
7,681.2
15,682.5
13,683.5
54,684.3
61,685.2
17,685.2
53,685.5
14,685.9
47,686.9
29,687.2
27,689.9
28,690.6
49,690.8
45,691.0
59,691.0
36,691.5
12,692.7
32,693.7
4,696.0
21,696.6
25,697.0
19,698.3
35,699.0
2,700.0
57,702.1
6,702.8
22,704.2
13,710.3
14,720.5
17,720.8
32,725.9
52,726.1
2,732.2
20,733.2
25,735.1
49,738.3
13,738.9
30,738.9
19,739.0
12,740.9
57,741.4
55,743.0
52,744.4
10,745.2
32,745.2
59,747.0
4,747.2
2,749.1
53,749.4
25,751.2
6,754.8
54,754.8
49,763.7
57,766.6
2,767.0
4,768.0
25,768.2
12,811.9
52,813.0
13,816.3
55,817.1
32,818.5
57,818.7
17,819.3
59,821.3
30,822.5
54,822.9
2,823.5
35,826.6
33,826.8
25,827.0
50,828.7
12,828.9
49,829.2
52,832.0
10,833.9
57,835.2
4,836.7
13,837.1
55,839.1
54,840.5
29,840.9
32,841.4
35,841.8
27,842.0
2,842.1
25,842.6
17,843.4
53,844.1
48,845.5
49,849.2
26,849.4
12,849.9
7,850.0
59,850.1
50,852.2
52,854.7
4,856.5
22,857.9
57,860.6
25,866.3
2,871.6
5,889.1
52,896.1
30,899.7
12,900.0
57,900.2
17,900.8
33,900.9
35,901.8
2,902.0
49,903.0
55,903.2
32,904.0
25,904.3
13,904.3
59,905.0
54,908.4
53,911.9
57,914.7
4,915.2
6,915.4
35,915.8
12,916.2
52,916.9
30,919.5
25,920.2
2,920.3
10,921.8
17,923.0
33,924.7
59,927.3
49,928.7
13,930.4
54,931.7
52,1125.8
35,1126.7
55,1172.2
4,1195.1
25,1224.6
3,1268.4
32,1268.8
56,1270.2
48,1274.1
52,1276.6
49,1278.2
53,1278.3
12,1278.7
57,1279.3
6,1281.4
30,1283.2
55,1283.4
59,1285.8
35,1286.4
17,1286.4
5,1287.9
27,1290.1
15,1290.2
24,1290.5
25,1290.6
2,1290.9
54,1290.9
32,1291.0
13,1291.5
50,1293.2
57,1296.0
4,1296.1
12,1296.5
33,1296.8
52,1297.1
49,1297.4
45,1297.6
10,1299.0
0,1299.3
30,1299.8
53,1300.4
6,1301.3
34,1302.5
35,1302.6
22,1304.1
29,1304.2
11,1304.8
7,1305.1
25,1305.2
48,1305.6
55,1306.3
2,1306.7
32,1308.9
56,1309.3
13,1309.5
54,1309.7
14,1310.2
59,1313.1
57,1313.5
26,1313.8
28,1315.2
27,1315.5
17,1316.0
12,1316.1
4,1316.8
36,1319.0
47,1320.2
19,1322.6
49,1324.1
25,1325.7
2,1325.9
35,1326.7
21,1332.3
52,1348.9
20,1353.3
2,1356.6
13,1357.8
30,1357.9
17,1359.3
49,1360.0
25,1360.5
12,1361.6
32,1361.7
7,1361.9
53,1362.7
55,1365.0
57,1365.9
52,1366.6
59,1369.5
2,1373.1
10,1373.4
6,1373.9
25,1376.9
13,1378.9
4,1384.4
32,1384.7
19,1386.4
54,1386.6
52,1388.9
2,1391.0
25,1393.4
53,1394.2
57,1397.4
4,1412.4
52,1441.2
12,1441.3
55,1441.7
25,1443.0
17,1444.6
57,1444.7
30,1445.7
59,1446.4
49,1446.8
2,1447.5
32,1448.8
13,1449.6
54,1450.3
50,1450.8
35,1451.2
33,1453.4
10,1456.9
53,1458.1
12,1458.5
57,1460.3
52,1461.7
25,1462.7
49,1462.8
55,1463.6
4,1464.6
27,1465.0
2,1465.2
29,1466.3
6,1467.6
48,1467.9
17,1468.0
54,1468.4
35,1468.6
22,1471.2
50,1471.5
13,1476.2
2,1484.8
57,1489.6
59,1494.9
35,1508.8
52,1510.9
49,1514.9
12,1520.1
25,1521.7
17,1523.7
32,1523.8
57,1524.7
30,1525.1
33,1526.3
2,1526.8
55,1528.0
4,1528.4
52,1530.1
13,1530.1
53,1531.2
59,1532.4
35,1532.5
54,1534.1
25,1535.5
10,1536.2
12,1536.5
57,1539.4
49,1539.7
2,1544.5
30,1545.2
17,1545.4
32,1546.9
4,1548.1
35,1551.3
25,1552.5
50,1553.5
59,1558.1
52,1560.3
49,1720.1
7,1773.6
12,1792.7
2,1800.9
27,1842.4
54,1857.6
55,1891.0
3,1893.5
6,1895.0
56,1895.2
5,1897.0
48,1899.5
52,1902.1
53,1903.5
49,1903.6
12,1903.9
27,1905.8
32,1905.9
57,1906.8
30,1907.8
13,1908.2
59,1911.1
35,1911.5
17,1911.6
33,1912.1
4,1913.4
15,1914.2
55,1914.4
50,1915.3
25,1915.4
54,1915.8
2,1915.9
6,1920.2
45,1921.5
12,1921.6
52,1922.5
49,1922.6
57,1923.3
7,1924.0
32,1924.2
30,1924.4
10,1924.7
53,1925.5
0,1926.0
13,1926.9
35,1928.0
27,1928.4
29,1929.0
22,1929.1
4,1929.3
25,1929.6
2,1931.9
48,1932.0
11,1932.6
56,1933.7
33,1933.9
54,1934.7
47,1936.0
26,1936.5
14,1937.4
50,1938.0
59,1938.7
57,1942.3
28,1942.5
17,1942.6
12,1943.0
6,1944.3
36,1945.2
5,1945.3
7,1946.7
45,1947.9
25,1948.8
19,1948.8
49,1949.5
2,1950.7
35,1952.0
21,1957.4
20,1961.8
52,1974.4
19,1982.9
2,1982.9
13,1984.2
25,1986.4
12,1987.3
55,1988.1
32,1988.3
57,1991.4
30,1991.4
36,1992.3
52,1993.7
59,1994.3
53,1995.0
49,1997.0
4,1997.3
2,1999.6
19,2000.4
17,2001.3
25,2001.6
13,2005.1
32,2008.8
54,2008.9
55,2010.1
10,2011.0
6,2013.9
52,2016.1
4,2017.7
2,2017.7
25,2018.2
57,2022.8
36,2023.8
19,2041.1
13,2063.7
12,2065.4
52,2067.0
57,2070.0
25,2070.4
17,2070.8
59,2071.1
30,2072.4
54,2072.7
2,2074.0
49,2074.2
32,2074.8
55,2075.2
35,2075.5
53,2082.0
12,2082.7
50,2084.2
13,2084.3
4,2084.8
57,2086.0
33,2088.0
52,2088.1
54,2090.7
49,2091.3
25,2091.8
27,2092.0
29,2092.6
35,2092.6
2,2092.9
48,2097.5
6,2098.7
22,2099.1
17,2100.0
59,2105.8
4,2109.8
2,2112.5
57,2115.9
35,2117.4
52,2143.9
55,2146.5
12,2147.4
25,2147.5
32,2149.0
57,2150.1
30,2150.3
17,2151.6
2,2154.3
13,2154.9
53,2155.3
59,2157.7
54,2158.4
35,2159.1
33,2159.6
10,2159.7
49,2160.6
25,2161.5
4,2162.6
12,2163.3
52,2163.4
57,2164.8
55,2168.6
30,2170.7
32,2172.0
2,2173.3
25,2176.3
17,2176.4
13,2181.5
4,2185.8
45,2186.7
49,2350.0
12,2382.6
54,2445.2
6,2519.9
56,2520.8
5,2522.0
50,2526.3
52,2527.3
49,2529.7
12,2530.4
32,2531.0
57,2532.9
27,2533.2
30,2534.1
55,2534.5
3,2534.8
17,2537.3
35,2537.9
59,2538.0
25,2540.7
2,2541.0
53,2542.0
48,2542.0
54,2542.1
13,2543.7
15,2545.4
24,2545.7
6,2546.1
11,2546.2
4,2547.1
12,2548.1
52,2548.4
49,2548.7
33,2548.8
10,2549.7
32,2549.7
57,2550.0
30,2551.6
0,2553.6
29,2554.1
25,2555.1
22,2555.7
50,2556.2
35,2556.5
2,2557.3
7,2557.5
55,2558.0
27,2558.3
45,2558.6
54,2561.2
56,2562.4
13,2562.5
34,2563.5
53,2563.8
47,2564.0
14,2564.5
4,2568.1
28,2568.5
17,2569.1
6,2569.1
36,2570.3
59,2571.3
32,2571.4
5,2571.7
57,2572.5
25,2573.0
12,2573.8
2,2575.8
19,2584.1
21,2585.2
20,2587.9
49,2597.3
52,2599.0
30,2600.3
2,2607.6
13,2608.0
25,2610.7
12,2611.1
32,2613.1
55,2615.1
57,2616.1
52,2617.6
59,2619.3
17,2619.4
10,2622.2
53,2622.5
30,2622.9
2,2624.1
56,2625.4
25,2626.6
13,2629.0
49,2629.3
6,2630.4
54,2631.9
32,2634.3
4,2634.6
52,2639.4
2,2641.9
25,2642.7
57,2650.0
12,2690.9
55,2691.6
52,2691.6
17,2692.3
25,2693.8
57,2694.7
35,2695.9
59,2696.2
54,2697.7
2,2699.2
32,2699.4
13,2699.8
33,2700.4
49,2702.1
30,2702.6
53,2705.6
12,2707.3
10,2707.8
50,2708.7
57,2710.0
4,2710.1
35,2711.6
52,2712.5
17,2713.1
55,2713.3
25,2713.6
54,2715.8
29,2716.2
2,2717.5
48,2719.1
49,2719.2
27,2719.3
6,2719.3
22,2723.0
13,2724.8
59,2725.7
35,2731.9
50,2733.5
4,2735.1
5,2764.3
52,2764.4
49,2766.2
57,2769.4
12,2771.7
32,2772.6
17,2773.8
33,2775.4
2,2775.5
25,2777.9
55,2778.0
53,2779.2
13,2780.1
30,2780.9
59,2782.4
35,2782.4
52,2782.8
54,2782.9
57,2783.7
4,2785.1
49,2786.8
12,2787.2
25,2791.8
2,2792.2
32,2794.2
10,2794.6
17,2797.0
29,2798.1
45,2798.9
33,2800.0
6,2800.6
35,2801.5
57,2805.9
4,2807.1
25,2809.3
49,2970.3
59,2994.8
2,3006.2
12,3013.6
7,3017.0
30,3017.0
52,3023.4
55,3032.4
54,3061.0
13,3114.0
52,3146.1
53,3146.7
49,3147.1
12,3148.0
32,3148.8
27,3149.4
6,3150.2
3,3150.4
56,3150.6
17,3152.2
55,3152.3
30,3152.8
59,3153.3
5,3153.8
48,3155.3
50,3156.1
11,3156.6
35,3156.6
46,3158.1
7,3160.2
0,3161.7
13,3162.3
47,3162.4
20,3162.5
24,3164.2
26,3164.4
61,3164.9
49,3165.7
54,3165.8
33,3166.1
22,3166.7
52,3167.1
19,3167.3
2,3168.1
15,3168.5
34,3168.6
12,3169.2
36,3170.6
57,3170.7
28,3170.9
44,3171.3
53,3171.8
10,3171.9
40,3172.2
21,3172.4
32,3172.8
14,3172.9
56,3173.0
59,3173.6
42,3173.6
30,3173.6
8,3173.7
31,3174.1
62,3174.2
37,3175.1
6,3175.7
43,3175.8
39,3176.0
4,3176.4
25,3176.6
27,3176.6
3,3177.2
29,3177.3
17,3177.5
18,3177.6
58,3177.6
55,3177.7
45,3179.4
7,3180.3
9,3180.9
35,3181.2
23,3182.4
51,3182.5
5,3182.7
48,3182.7
49,3184.0
13,3184.6
0,3185.2
1,3185.5
47,3185.9
46,3185.9
2,3185.9
33,3186.1
54,3186.2
50,3186.4
20,3186.9
60,3187.1
52,3189.5
24,3189.6
22,3191.3
26,3192.1
59,3192.7
12,3193.4
36,3193.9
30,3194.4
19,3194.4
61,3194.8
41,3195.2
15,3195.5
56,3195.7
62,3196.9
21,3197.7
44,3198.6
57,3199.3
40,3199.9
43,3201.8
42,3203.7
4,3208.1
49,3218.9
20,3221.6
5,3221.8
27,3223.4
17,3224.6
48,3225.3
52,3226.6
32,3228.7
3,3229.8
59,3230.7
12,3234.0
0,3236.0
30,3236.8
56,3237.8
55,3238.3
49,3241.7
7,3241.9
54,3243.7
35,3244.2
33,3250.6
57,3252.5
2,3254.5
5,3255.8
17,3256.0
52,3257.2
59,3263.0
50,3263.1
61,3263.5
62,3263.7
20,3268.2
15,3272.3
22,3274.7
47,3275.6
0,3286.0
43,3295.2
2,3300.1
3,3302.5
56,3303.2
6,3303.4
12,3303.8
32,3303.8
27,3305.0
30,3305.1
52,3307.3
49,3307.5
5,3308.1
55,3308.3
59,3311.3
17,3312.0
48,3316.5
47,3319.2
0,3320.1
35,3320.4
50,3320.8
7,3322.2
13,3322.3
12,3323.6
57,3324.0
22,3324.3
20,3327.8
30,3328.1
2,3328.7
44,3329.3
32,3329.5
6,3329.7
56,3330.5
15,3330.6
49,3331.3
3,3331.7
54,3331.7
42,3332.7
33,3333.1
52,3333.4
21,3333.7
19,3333.9
55,3334.4
46,3336.6
61,3338.1
25,3338.8
53,3339.0
59,3342.2
43,3342.5
62,3343.6
40,3344.2
5,3346.8
17,3347.2
24,3350.4
23,3350.8
36,3351.6
7,3352.7
30,3354.2
12,3354.8
47,3355.0
2,3355.5
0,3355.6
35,3355.9
13,3359.5
39,3360.2
22,3360.4
49,3361.9
57,3363.4
37,3363.7
48,3364.7
20,3365.1
32,3366.3
18,3367.0
54,3367.6
52,3368.8
28,3369.7
4,3372.3
33,3372.7
15,3374.9
50,3376.7
59,3377.4
56,3378.0
3,3378.4
45,3381.3
55,3382.2
27,3382.9
43,3383.2
49,3383.5
17,3383.7
12,3384.5
2,3385.0
8,3385.3
62,3385.5
5,3386.4
1,3386.7
44,3387.0
30,3387.1
52,3387.4
6,3388.6
0,3388.7
7,3389.4
42,3390.8
48,3391.0
32,3393.1
61,3393.2
53,3394.9
35,3395.0
57,3395.1
20,3396.0
19,3396.6
46,3397.1
40,3397.6
59,3398.2
21,3398.5
54,3399.9
23,3400.4
22,3400.5
47,3402.2
13,3403.2
37,3403.6
56,3403.9
12,3405.9
15,3407.2
36,3407.5
49,3407.7
18,3408.1
3,3409.2
39,3409.3
17,3409.3
2,3412.0
60,3413.2
33,3413.3
30,3416.4
5,3417.5
55,3418.6
0,3424.9
43,3435.0
59,3562.6
62,3573.8
20,3582.5
52,3591.2
35,3594.9
57,3602.0
7,3603.0
58,3608.4
4,3609.5
27,3611.9
11,3613.9
44,3614.8
25,3616.9
24,3620.9
16,3621.1
48,3621.1
26,3621.1
50,3622.7
10,3626.0
59,3631.7
2,3632.5
49,3633.5
30,3636.8
22,3637.2
14,3637.7
39,3638.4
12,3638.7
54,3639.5
18,3641.4
52,3641.7
23,3641.9
62,3641.9
58,3644.1
36,3644.3
43,3644.3
47,3644.3
38,3644.5
13,3644.5
55,3644.7
56,3644.8
9,3645.4
32,3646.9
35,3647.0
33,3647.4
7,3647.7
40,3648.3
45,3648.6
20,3649.7
0,3650.5
6,3651.0
17,3653.0
37,3653.5
4,3653.5
34,3653.6
21,3653.9
28,3655.6
2,3657.6
53,3658.3
24,3658.9
46,3659.1
49,3659.2
59,3660.0
10,3660.2
19,3660.9
27,3661.3
48,3661.4
50,3661.5
30,3661.7
57,3661.9
61,3662.2
26,3662.6
42,3662.9
5,3663.1
29,3663.2
11,3663.5
54,3663.5
44,3663.9
12,3664.1
1,3664.2
22,3664.3
25,3664.4
8,3664.4
15,3665.0
3,3666.3
60,3666.7
39,3667.0
41,3667.4
7,3668.2
18,3668.5
62,3668.6
55,3668.7
31,3668.8
36,3668.9
52,3669.0
56,3669.5
33,3669.8
51,3670.1
13,3670.7
47,3671.5
43,3671.7
35,3671.9
23,3672.5
16,3673.9
9,3674.7
32,3674.9
58,3674.9
0,3676.1
45,3677.4
2,3677.6
40,3678.9
20,3679.5
49,3680.0
4,3680.1
6,3680.3
59,3681.0
53,3682.3
17,3682.9
21,3683.1
14,3684.2
30,3684.6
37,3685.4
46,3686.5
10,3687.8
54,3687.9
24,3690.4
5,3691.7
22,3693.5
7,3696.5
33,3701.3
43,3722.3
62,3724.8
23,3729.1
60,3744.3
18,3746.3
52,3767.0
3,3767.4
56,3767.9
12,3770.0
48,3771.2
44,3771.3
39,3773.9
27,3774.0
59,3774.1
50,3774.9
49,3775.1
61,3775.8
35,3776.5
19,3777.1
32,3778.2
17,3778.3
1,3778.8
15,3779.0
6,3779.6
30,3780.5
2,3781.3
0,3782.0
43,3783.3
57,3783.8
20,3784.1
13,3784.3
42,3785.1
5,3785.1
7,3786.2
36,3790.7
53,3790.9
26,3791.4
62,3791.5
52,3791.6
56,3792.1
40,3793.5
12,3794.1
25,3794.8
55,3796.0
59,3797.0
33,3797.5
49,3797.8
54,3798.5
24,3799.0
22,3799.4
3,3799.6
47,3800.4
18,3802.6
37,3803.1
35,3804.5
46,3804.7
14,3804.9
17,3805.5
21,3805.7
44,3806.0
30,3807.3
23,3808.3
48,3808.6
39,3808.7
2,3809.0
27,3810.3
8,3810.8
28,3812.0
61,3813.3
4,3813.3
0,3815.5
41,3816.1
32,3816.5
20,3816.8
7,3816.9
15,3818.0
43,3818.2
45,3818.9
9,3820.1
10,3820.2
60,3820.5
56,3822.4
57,3822.8
6,3824.1
36,3824.3
62,3825.2
19,3825.7
59,3826.3
5,3827.4
13,3827.9
1,3828.9
49,3829.2
58,3829.9
54,3830.3
53,3830.5
52,3831.1
40,3832.3
22,3833.2
50,3833.2
12,3833.3
55,3833.3
42,3833.6
47,3835.3
33,3835.6
2,3836.2
26,3836.7
18,3836.8
30,3839.3
35,3841.4
24,3843.0
17,3843.7
7,3843.8
48,3845.5
49,3848.7
0,3848.7
21,3849.0
32,3850.0
23,3850.1
44,3850.4
20,3850.7
56,3851.2
3,3851.6
6,3852.3
59,3852.8
52,3853.0
43,3854.3
8,3857.6
50,3858.4
27,3858.9
53,3859.0
5,3859.2
12,3859.3
14,3859.7
45,3859.8
46,3860.1
30,3861.1
2,3863.5
47,3865.6
1,3865.9
22,3866.5
55,3871.2
7,3874.1
62,3890.3
59,3922.6
49,3926.4
32,3927.4
52,3927.5
6,3927.9
17,3928.3
3,3928.7
48,3933.3
35,3936.0
43,3936.1
0,3938.6
12,3939.2
56,3939.9
30,3940.3
57,3941.3
61,3942.1
59,3946.4
44,3946.8
15,3948.4
20,3948.8
49,3949.6
19,3949.7
52,3954.2
5,3955.1
32,3955.7
17,3957.3
7,3958.4
33,3959.0
2,3960.5
13,3960.8
47,3964.1
12,3965.7
62,3966.5
50,3968.3
57,3972.1
30,3973.2
35,3976.4
0,3983.5
59,3983.5
37,3984.0
49,3989.1
54,3991.4
22,3993.3
56,3994.0
2,3996.6
40,3996.9
43,3997.3
36,4000.7
6,4004.3
3,4006.3
53,4007.4
27,4008.5
17,4009.1
49,4010.5
24,4010.9
32,4011.0
52,4011.9
30,4012.2
12,4012.5
7,4013.5
59,4013.5
56,4015.1
20,4017.1
11,4018.0
48,4018.2
47,4018.6
44,4018.8
50,4019.1
0,4019.5
35,4019.6
28,4020.5
5,4020.5
13,4021.1
14,4021.7
55,4022.6
2,4024.9
42,4024.9
62,4025.2
15,4025.3
31,4025.7
57,4026.1
33,4026.6
6,4026.9
25,4027.4
19,4027.4
18,4027.5
43,4027.8
8,4029.4
61,4029.4
1,4029.5
22,4029.6
4,4032.0
12,4032.0
46,4032.1
53,4032.5
49,4032.7
30,4033.5
29,4033.8
39,4035.3
52,4035.5
59,4035.8
32,4036.0
3,4036.0
45,4036.0
40,4036.2
17,4036.4
54,4036.9
7,4037.0
27,4037.2
36,4037.5
10,4038.2
9,4038.3
21,4038.5
26,4040.1
56,4040.2
24,4040.4
23,4043.0
37,4043.0
35,4045.0
20,4045.5
2,4047.7
0,4047.9
58,4048.3
47,4048.5
48,4050.3
13,4051.4
55,4051.9
5,4052.3
60,4052.8
57,4053.4
44,4055.1
62,4055.6
43,4058.0
15,4058.2
42,4065.7
30,4191.9
59,4198.0
49,4207.6
18,4218.6
12,4221.1
22,4232.4
61,4233.2
39,4236.1
28,4236.5
6,4237.8
11,4239.4
17,4239.5
1,4241.5
53,4241.6
25,4242.0
33,4247.2
7,4248.1
31,4248.5
41,4253.8
46,4254.2
51,4254.6
4,4255.2
59,4257.6
50,4258.5
14,4258.6
2,4260.1
0,4260.8
36,4260.9
52,4261.4
47,4261.7
54,4262.3
56,4262.7
55,4263.2
58,4263.2
30,4264.3
35,4264.3
10,4264.4
34,4264.8
48,4266.0
24,4267.1
9,4267.3
49,4267.4
32,4268.8
43,4269.0
13,4269.3
62,4270.2
23,4270.3
21,4270.3
19,4270.3
6,4271.2
39,4274.5
18,4274.7
22,4274.9
7,4275.1
12,4275.6
8,4275.6
38,4275.9
27,4276.8
53,4277.0
20,4277.6
45,4278.3
28,4279.0
5,4279.2
40,4280.2
15,4280.2
57,4280.8
44,4280.8
2,4281.0
33,4281.0
25,4281.1
26,4281.4
11,4281.7
59,4281.8
3,4282.7
46,4283.0
42,4284.4
4,4284.5
17,4284.8
60,4284.8
54,4285.0
50,4285.5
1,4285.8
37,4286.1
55,4286.3
56,4286.6
36,4286.8
52,4287.7
47,4287.7
49,4288.9
41,4289.0
0,4289.2
35,4289.4
30,4290.1
61,4290.2
10,4290.6
29,4292.1
31,4292.4
24,4293.6
48,4294.2
7,4294.6
13,4295.3
9,4295.7
16,4296.1
62,4296.6
43,4297.7
58,4297.9
23,4298.6
32,4298.7
21,4299.2
14,4299.8
51,4300.2
2,4300.8
6,4300.9
18,4301.1
22,4302.5
12,4303.0
20,4303.9
59,4304.1
19,4304.5
39,4304.8
33,4308.2
40,4309.3
15,4311.1
5,4312.2
57,4312.3
54,4312.6
46,4313.5
49,4322.2
7,4327.2
62,4349.3
0,4352.3
1,4366.4
61,4385.1
56,4391.4
17,4393.2
3,4395.1
52,4396.4
30,4397.6
44,4398.3
27,4398.5
49,4399.0
59,4399.2
50,4400.7
35,4400.7
32,4403.8
43,4406.5
12,4406.6
0,4407.5
53,4408.2
5,4409.2
20,4411.0
6,4411.3
7,4412.7
13,4413.3
61,4413.8
56,4414.1
42,4417.5
37,4418.3
2,4418.8
17,4419.2
62,4421.2
26,4424.5
49,4424.7
59,4425.0
54,4425.0
40,4425.2
24,4425.5
1,4426.0
36,4426.7
21,4427.8
15,4428.4
47,4428.9
22,4429.0
30,4429.1
19,4429.2
52,4429.4
46,4429.9
33,4430.1
57,4432.5
45,4432.9
18,4433.2
44,4436.1
12,4436.9
48,4438.7
4,4439.4
60,4439.5
0,4440.5
35,4440.7
39,4440.8
27,4441.2
23,4441.9
3,4442.5
7,4443.5
43,4444.1
2,4445.1
32,4446.0
20,4448.7
14,4449.3
56,4449.7
49,4451.4
62,4451.7
13,4452.7
5,4454.2
59,4454.7
25,4456.5
55,4457.5
53,4457.7
61,4457.8
54,4458.0
30,4458.3
36,4458.6
17,4461.1
28,4462.4
58,4463.0
22,4463.7
47,4464.7
40,4466.6
6,4466.6
9,4466.7
37,4466.9
24,4467.7
50,4468.5
26,4470.7
10,4470.9
12,4471.0
15,4471.6
18,4472.2
21,4472.3
49,4472.8
7,4473.6
56,4473.9
52,4474.0
32,4474.8
33,4475.6
2,4475.6
35,4475.9
59,4476.8
42,4478.0
45,4478.0
19,4479.2
27,4479.5
44,4479.8
0,4480.0
43,4480.1
30,4480.2
3,4480.4
20,4480.9
13,4481.9
46,4482.0
53,4482.5
17,4482.7
48,4482.9
8,4483.4
57,4483.4
5,4483.5
23,4483.8
1,4483.9
61,4485.4
54,4486.6
14,4487.7
11,4488.6
39,4488.9
36,4489.2
62,4489.4
60,4489.4
6,4490.7
47,4492.0
55,4493.5
49,4493.6
22,4496.6
7,4497.4
24,4497.5
56,4498.0
2,4501.1
59,4501.4
32,4551.4
12,4553.6
20,4556.3
52,4557.2
49,4558.8
30,4559.0
43,4559.2
35,4560.1
56,4560.7
59,4563.2
17,4565.8
50,4566.2
0,4569.1
3,4571.0
6,4571.2
61,4576.5
13,4576.5
12,4577.3
32,4579.7
44,4579.8
5,4580.1
57,4580.2
7,4580.2
15,4582.2
2,4586.3
49,4588.4
52,4589.2
53,4590.7
33,4590.8
30,4593.8
47,4596.7
56,4597.4
54,4598.1
59,4599.1
17,4604.9
12,4605.0
20,4607.2
62,4607.8
57,4608.7
40,4614.4
7,4618.8
43,4621.8
0,4625.2
2,4625.7
49,4627.3
32,4627.9
13,4629.7
35,4629.8
27,4633.1
56,4636.3
59,4636.5
30,4636.6
12,4637.7
17,4639.9
6,4640.7
52,4641.3
7,4643.7
24,4645.9
50,4646.1
49,4646.1
5,4646.4
3,4646.6
53,4646.6
61,4647.4
18,4647.6
44,4648.1
47,4648.5
20,4649.7
32,4650.3
14,4650.4
22,4650.5
15,4650.9
54,4651.1
2,4653.7
43,4654.0
57,4654.5
19,4654.9
26,4654.9
62,4656.2
33,4656.3
48,4656.6
36,4657.3
13,4658.0
46,4658.4
1,4659.5
0,4660.0
35,4661.0
45,4661.5
28,4662.1
56,4662.1
12,4662.7
30,4662.8
37,4662.8
59,4663.9
40,4664.3
55,4666.1
27,4667.7
7,4668.3
11,4669.4
10,4670.1
49,4670.3
25,4670.4
17,4671.8
52,4672.2
6,4673.4
53,4674.2
39,4676.8
2,4677.6
24,4677.7
54,4678.2
23,4678.6
21,4678.7
58,4680.7
20,4681.1
47,4682.4
22,4685.9
5,4686.9
43,4686.9
42,4687.3
44,4690.0
59,4697.3
0,4699.9
1,4716.3
7,4829.1
56,4836.7
62,4837.8
30,4842.6
12,4854.9
32,4855.7
36,4862.4
33,4862.5
13,4865.0
26,4866.0
9,4867.1
35,4868.1
18,4868.3
3,4870.9
50,4874.0
19,4877.1
48,4879.6
51,4882.5
60,4883.4
61,4884.8
57,4885.3
2,4886.0
56,4886.9
4,4887.0
30,4888.3
0,4888.6
54,4888.6
7,4888.8
49,4890.4
12,4892.3
15,4894.1
62,4894.4
31,4895.1
59,4895.1
34,4895.9
41,4896.7
55,4896.9
20,4897.9
47,4899.1
53,4899.6
24,4900.4
22,4901.2
36,4901.6
29,4901.9
13,4902.0
32,4903.2
44,4903.8
8,4904.8
52,4906.1
10,4906.3
27,4906.8
45,4906.9
5,4907.7
23,4908.2
33,4909.0
26,4909.5
25,4909.6
43,4910.0
46,4910.6
21,4910.8
35,4911.3
17,4912.8
39,4913.0
7,4913.2
2,4913.4
49,4914.4
50,4914.5
9,4914.7
30,4914.9
48,4915.0
42,4915.9
57,4916.5
3,4916.7
18,4917.1
11,4917.4
0,4917.7
54,4917.9
58,4918.5
40,4918.6
6,4918.9
37,4919.2
4,4919.6
56,4919.8
12,4920.0
19,4920.8
59,4921.1
28,4921.1
16,4921.3
14,4921.8
62,4923.2
60,4923.3
55,4923.5
61,4923.7
1,4923.9
53,4924.6
15,4924.8
47,4925.5
51,4925.8
20,4927.0
24,4927.0
36,4928.6
22,4929.1
31,4929.2
13,4930.5
52,4930.6
32,4932.0
10,4932.3
33,4932.5
2,4933.5
23,4933.6
7,4933.9
35,4935.0
44,4936.6
5,4936.8
45,4936.9
41,4937.1
43,4937.5
46,4938.0
49,4938.0
21,4940.0
17,4942.5
0,4942.6
26,4943.5
39,4945.1
59,4947.6
42,4947.8
37,4982.4
62,4985.6
40,4986.8
1,4996.2
56,5016.3
30,5021.1
49,5023.5
59,5024.9
22,5025.4
27,5025.4
19,5027.5
7,5028.4
17,5028.5
3,5032.4
5,5033.1
61,5034.2
32,5034.5
1,5035.0
20,5035.3
43,5035.5
56,5040.1
13,5040.1
57,5040.3
35,5041.1
44,5041.5
0,5041.7
12,5041.7
2,5042.6
53,5043.9
49,5048.2
52,5048.5
62,5049.2
59,5050.2
30,5050.9
54,5050.9
18,5052.3
7,5057.1
40,5058.8
15,5058.9
22,5061.7
21,5061.8
45,5062.9
17,5065.1
58,5065.1
46,5066.9
36,5067.0
39,5067.8
33,5068.8
5,5070.2
24,5070.2
2,5074.8
20,5075.8
47,5077.2
43,5079.9
61,5084.5
56,5084.9
37,5086.7
35,5090.7
59,5090.8
49,5090.9
0,5091.4
30,5092.0
62,5092.7
23,5093.8
7,5094.3
13,5094.6
32,5095.9
4,5097.8
27,5097.9
48,5101.0
6,5102.4
56,5102.4
1,5102.5
17,5104.3
12,5105.0
9,5105.2
2,5105.7
22,5106.7
49,5107.6
53,5107.8
52,5108.4
5,5109.1
44,5109.4
54,5109.7
3,5110.2
59,5110.8
24,5111.0
45,5111.6
61,5111.8
43,5112.4
19,5112.4
20,5113.6
50,5113.7
14,5114.5
30,5115.5
18,5117.2
40,5117.6
15,5117.9
36,5118.1
7,5118.7
57,5119.4
35,5119.4
32,5120.1
42,5120.6
55,5120.7
13,5120.7
39,5121.1
47,5121.1
11,5122.0
46,5123.4
0,5124.2
33,5124.4
62,5124.7
21,5125.9
56,5126.5
26,5128.1
2,5129.4
27,5129.8
58,5130.2
49,5130.3
6,5134.6
12,5134.7
53,5135.7
17,5136.3
37,5136.7
48,5136.8
59,5137.2
54,5137.6
4,5139.9
22,5140.2
52,5140.9
20,5141.3
30,5142.3
23,5142.6
1,5146.4
44,5147.5
5,5149.2
60,5151.6
43,5152.0
2,5163.1
0,5165.2
49,5173.3
32,5178.9
56,5186.3
7,5186.8
59,5187.0
61,5190.0
17,5191.1
30,5193.4
49,5195.2
57,5197.7
13,5201.0
12,5214.9
43,5223.0
57,5232.0
1,5232.3
2,5236.7
35,5239.9
56,5246.0
52,5251.2
32,5254.4
49,5258.7
27,5258.7
53,5260.8
5,5261.8
59,5262.5
30,5262.7
22,5263.0
56,5264.6
17,5265.1
24,5266.0
45,5266.4
12,5267.4
7,5268.0
13,5270.8
9,5270.9
2,5271.9
3,5272.0
35,5272.3
19,5273.2
40,5273.3
61,5273.5
20,5273.6
15,5274.4
1,5275.0
43,5275.2
6,5277.3
14,5277.6
32,5279.6
49,5279.9
57,5280.0
54,5280.0
47,5280.1
50,5281.6
44,5282.7
33,5282.7
36,5282.9
52,5283.3
48,5284.5
62,5285.7
30,5286.3
0,5286.7
28,5288.1
53,5288.3
59,5288.9
56,5289.9
39,5291.3
55,5291.3
46,5291.6
11,5291.7
7,5293.8
18,5294.7
2,5295.4
17,5295.6
22,5296.6
27,5296.9
24,5297.9
12,5298.0
13,5298.3
5,5298.4
4,5300.8
35,5302.4
10,5303.6
20,5304.6
49,5305.4
58,5307.2
54,5308.3
45,5309.2
37,5309.2
15,5309.4
43,5309.7
32,5309.9
6,5310.0
26,5311.4
23,5313.2
59,5313.2
47,5313.6
57,5315.1
31,5315.2
8,5315.5
40,5316.3
52,5316.7
30,5318.1
36,5318.2
21,5320.1
19,5320.8
7,5321.1
2,5321.6
62,5322.8
48,5323.3
1,5323.9
42,5326.2
61,5326.8
0,5327.1
44,5332.4
39,5334.5
17,5337.6
60,5339.7
18,5340.5
43,5348.9
5,5354.0
20,5365.0
59,5370.7
15,5377.5
49,5437.3
9,5475.8
56,5479.1
55,5481.4
35,5485.3
22,5486.2
24,5488.3
53,5495.8
33,5501.3
46,5504.4
50,5505.3
3,5510.9
45,5515.4
7,5522.8
49,5524.5
56,5524.5
30,5526.2
2,5529.0
59,5529.0
0,5532.2
32,5532.8
24,5536.1
54,5537.3
25,5538.7
20,5544.6
55,5549.5
53,5550.7
22,5551.1
13,5552.6
44,5552.7
36,5554.8
7,5555.8
35,5556.3
62,5556.8
29,5557.3
49,5558.0
23,5558.8
46,5559.8
45,5561.2
26,5561.5
52,5562.6
12,5563.6
56,5563.6
4,5564.1
9,5565.5
11,5566.6
10,5567.3
43,5568.1
2,5570.2
58,5570.4
42,5572.1
59,5572.2
33,5573.3
30,5573.5
24,5574.4
38,5575.2
47,5576.1
54,5576.5
27,5576.7
5,5577.8
21,5577.9
37,5578.3
18,5579.8
57,5580.5
39,5580.6
7,5580.8
3,5580.9
50,5581.1
40,5581.3
55,5581.3
25,5581.4
20,5582.1
48,5582.2
60,5582.4
6,5582.6
32,5583.1
0,5583.6
19,5583.7
22,5584.2
61,5584.2
17,5584.5
13,5584.7
53,5584.9
36,5585.2
15,5585.7
51,5585.7
49,5586.0
31,5587.7
1,5587.7
35,5588.8
34,5589.3
62,5590.0
45,5590.2
14,5590.4
23,5591.1
52,5591.1
56,5592.9
12,5593.4
2,5593.9
41,5594.0
59,5594.2
46,5594.4
16,5594.6
10,5595.5
30,5595.6
26,5595.8
28,5595.8
44,5596.2
4,5596.8
33,5597.6
54,5597.7
24,5598.8
9,5598.9
58,5601.3
43,5601.5
7,5601.6
8,5602.4
29,5603.9
47,5604.1
5,5604.4
27,5605.7
42,5606.0
21,5606.8
20,5607.6
39,5607.8
18,5608.0
0,5608.3
37,5609.0
22,5612.8
57,5614.0
3,5614.0
36,5614.1
40,5614.2
49,5614.9
25,5615.4
17,5615.5
62,5618.8
59,5621.0
61,5621.2
35,5641.8
30,5642.1
54,5642.4
56,5644.7
1,5645.8
49,5647.6
5,5649.2
52,5650.4
59,5655.6
13,5655.6
20,5656.2
17,5658.0
15,5661.3
43,5661.4
33,5662.1
2,5666.4
44,5668.4
0,5676.1
49,5720.0
14,5720.9
30,5723.1
32,5725.4
35,5725.7
27,5726.8
7,5729.3
22,5729.5
53,5729.7
6,5731.0
50,5731.8
56,5732.0
59,5732.7
17,5733.7
12,5735.3
19,5735.8
61,5736.0
20,5736.1
5,5737.6
43,5738.5
57,5739.6
13,5739.6
1,5739.7
49,5739.9
2,5742.0
45,5743.1
15,5743.5
44,5743.8
24,5745.2
3,5746.5
52,5746.8
30,5748.7
36,5750.8
33,5751.6
54,5751.9
55,5752.1
9,5752.2
7,5752.3
48,5752.7
62,5753.3
0,5753.8
35,5756.6
46,5756.8
53,5758.3
37,5758.6
23,5758.7
32,5760.0
59,5761.6
47,5763.4
22,5763.9
56,5766.0
4,5766.4
39,5766.6
17,5766.8
49,5767.4
14,5767.8
20,5769.3
40,5769.8
2,5771.6
21,5772.3
18,5773.6
12,5773.9
13,5774.1
30,5776.2
43,5776.6
27,5777.4
6,5777.6
31,5778.7
5,5780.4
57,5780.7
61,5781.4
50,5782.9
54,5783.9
7,5785.3
60,5786.4
26,5787.4
62,5788.1
15,5788.2
42,5788.8
24,5789.4
59,5791.0
55,5791.0
0,5791.3
36,5791.4
45,5791.9
33,5792.3
35,5792.4
19,5793.4
44,5794.9
52,5796.1
58,5796.2
3,5797.0
32,5798.5
49,5798.8
53,5798.9
10,5799.9
2,5800.8
28,5801.6
20,5802.0
47,5802.6
30,5802.7
17,5802.8
1,5802.8
56,5803.3
22,5803.8
46,5804.3
23,5805.6
39,5807.0
12,5808.5
48,5808.7
7,5809.3
13,5809.7
37,5809.8
54,5810.2
59,5810.3
27,5810.3
41,5811.0
43,5811.2
5,5811.3
6,5811.6
40,5812.3
57,5813.3
35,5813.6
50,5813.8
14,5813.9
18,5814.0
15,5814.1
61,5815.9
21,5816.6
36,5817.7
49,5818.0
62,5818.6
24,5819.2
31,5819.9
0,5820.3
45,5821.1
55,5821.8
19,5821.9
33,5822.1
4,5823.0
2,5823.5
34,5824.1
44,5825.4
52,5826.6
17,5828.5
42,5829.4
56,5830.1
20,5830.6
30,5830.7
5,5851.8
49,5880.3
59,5883.4
7,5892.5
1,5893.6
43,5894.5
57,5894.7
17,5894.7
20,5898.7
56,5899.7
30,5899.9
13,5901.4
35,5901.6
5,5903.6
49,5903.7
15,5904.6
2,5905.0
59,5917.9
36,5923.3
22,5925.7
17,5931.7
62,5934.5
7,5936.4
57,5941.8
54,5942.2
61,5944.2
33,5952.1
37,5956.8
2,5964.4
39,5969.4
20,5972.9
49,5976.1
30,5976.1
47,5988.7
2,6021.4
32,6055.6
23,6069.6
53,6093.8
46,6096.6
9,6101.5
26,6107.7
11,6120.1
27,6122.2
49,6127.8
51,6131.4
58,6132.6
2,6141.7
40,6144.8
59,6145.1
10,6152.6
13,6152.7
7,6152.9
3,6153.7
60,6158.4
24,6159.2
62,6159.9
32,6161.1
30,6161.5
55,6170.4
52,6171.1
36,6172.2
49,6173.3
54,6173.5
56,6176.0
45,6176.4
12,6176.7
35,6177.4
23,6177.8
21,6178.8
18,6179.3
33,6180.0
2,6181.6
22,6181.9
20,6183.4
19,6184.5
59,6185.8
39,6189.4
53,6189.8
29,6189.9
28,6190.0
27,6190.3
25,6190.4
37,6190.4
43,6190.4
7,6192.6
26,6192.8
47,6193.1
9,6193.2
46,6193.3
50,6194.6
30,6194.6
0,6195.4
6,6196.0
31,6196.5
17,6197.3
10,6197.3
55,6197.6
24,6198.9
15,6199.1
13,6199.3
4,6199.6
11,6199.9
48,6200.6
36,6200.7
54,6200.8
3,6201.0
1,6201.0
40,6201.2
42,6201.5
62,6201.5
5,6202.2
49,6202.2
61,6202.2
2,6202.8
35,6203.6
57,6203.7
32,6204.2
14,6204.6
44,6204.8
56,6206.3
12,6206.7
59,6207.3
41,6207.7
58,6207.9
52,6208.1
23,6209.7
33,6210.0
45,6210.5
22,6210.6
16,6211.2
7,6211.8
18,6212.6
21,6212.8
20,6213.5
8,6214.5
60,6215.1
30,6215.2
51,6215.2
43,6215.9
53,6216.0
27,6216.8
39,6217.6
0,6217.7
37,6218.6
25,6218.6
46,6218.7
19,6219.0
47,6220.2
26,6220.5
55,6221.2
54,6223.6
10,6223.9
62,6224.3
17,6224.5
4,6225.7
28,6226.4
2,6226.8
6,6227.4
24,6227.4
36,6228.1
15,6229.0
49,6229.3
35,6231.2
5,6232.3
59,6232.7
48,6236.4
13,6239.7
7,6241.2
43,6263.6
21,6266.2
56,6271.4
49,6272.1
1,6273.2
3,6274.4
44,6277.4
23,6277.5
59,6280.7
17,6282.5
5,6282.7
20,6283.4
7,6291.6
15,6293.7
30,6294.1
46,6294.5
2,6299.0
0,6303.3
61,6306.0
22,6311.7
13,6316.1
49,6320.9
43,6324.5
37,6328.2
59,6331.1
56,6345.6
27,6350.1
35,6350.1
24,6350.2
32,6350.4
49,6350.6
17,6355.8
59,6356.8
20,6357.7
30,6358.3
12,6359.0
50,6360.0
2,6360.4
5,6360.4
52,6361.1
7,6361.1
45,6361.3
57,6361.3
40,6362.0
13,6363.2
1,6363.2
44,6363.5
53,6365.8
15,6367.0
54,6367.0
22,6367.4
33,6367.7
21,6368.2
46,6369.7
43,6370.3
37,6370.4
36,6370.7
61,6370.8
56,6370.8
3,6370.8
6,6372.3
49,6373.7
18,6374.7
62,6374.7
0,6375.0
47,6375.8
19,6376.2
9,6378.5
23,6379.3
31,6379.5
24,6379.6
14,6380.0
30,6382.2
17,6382.6
28,6382.6
35,6383.4
7,6384.7
48,6384.8
59,6384.8
55,6386.1
20,6386.2
2,6386.4
4,6386.8
39,6386.8
32,6387.4
27,6389.1
42,6391.1
13,6392.5
12,6392.9
54,6394.0
5,6394.3
52,6394.7
53,6396.6
57,6397.7
45,6398.4
44,6398.4
56,6398.7
33,6399.2
15,6399.8
41,6399.8
49,6400.3
22,6401.0
26,6401.1
36,6402.8
40,6403.1
62,6404.6
58,6404.9
43,6405.3
6,6405.7
0,6406.6
50,6408.3
8,6408.6
30,6409.0
21,6409.0
46,6409.4
10,6409.7
37,6410.8
47,6411.6
1,6411.9
18,6412.8
59,6414.0
7,6414.7
2,6415.4
19,6417.1
20,6418.5
17,6419.2
23,6420.1
35,6420.6
61,6424.5
3,6425.3
24,6426.0
39,6427.6
54,6427.7
49,6428.8
32,6429.3
13,6430.1
5,6432.4
56,6433.7
44,6435.8
59,6437.1
43,6438.1
15,6438.6
45,6440.1
22,6440.6
1,6441.5
46,6443.1
2,6443.1
21,6443.1
7,6444.1
0,6444.7
30,6449.3
33,6450.4
20,6451.8
49,6456.0
17,6456.4
35,6506.9
40,6510.2
27,6511.2
5,6512.4
49,6513.1
13,6513.6
56,6517.4
59,6517.5
17,6517.5
12,6518.9
14,6519.1
57,6519.7
30,6519.8
20,6520.7
53,6522.5
6,6524.6
36,6525.7
37,6526.0
62,6527.2
15,6527.5
7,6527.5
32,6528.4
55,6531.0
54,6533.3
52,6533.9
33,6534.5
24,6535.4
47,6536.1
1,6538.2
49,6538.3
35,6538.5
2,6538.6
61,6539.6
19,6541.2
50,6541.5
3,6542.6
13,6542.7
17,6543.1
22,6545.9
46,6546.4
44,6546.4
30,6547.5
43,6547.8
56,6548.2
21,6548.2
57,6551.5
45,6552.8
59,6552.9
12,6553.7
0,6554.2
20,6555.5
5,6557.9
36,6560.7
39,6560.8
7,6561.5
18,6563.7
62,6563.9
15,6564.1
53,6564.6
54,6564.9
40,6566.9
60,6567.0
2,6568.7
49,6570.0
32,6571.7
23,6572.0
27,6573.1
37,6574.5
33,6576.8
55,6578.0
35,6579.4
6,6579.9
17,6580.0
47,6580.2
52,6580.5
30,6582.9
13,6585.0
59,6585.8
24,6590.1
22,6594.5
61,6595.9
20,6596.4
56,6597.9
7,6599.3
28,6601.7
12,6603.0
36,6603.6
0,6603.8
2,6603.9
49,6606.8
54,6607.1
26,6607.6
46,6607.8
10,6608.4
19,6608.5
58,6609.1
43,6609.7
18,6610.2
21,6610.8
34,6611.1
15,6611.1
62,6611.4
40,6612.2
39,6616.1
44,6616.8
48,6618.9
59,6624.9
53,6626.5
7,6627.6
30,6628.0
47,6628.6
45,6630.9
35,6631.2
2,6631.6
33,6632.3
37,6633.1
23,6636.7
49,6637.4
22,6637.5
5,6638.1
50,6639.2
42,6639.7
9,6640.0
56,6642.2
32,6642.3
3,6642.7
13,6642.9
17,6643.1
1,6643.2
4,6646.9
52,6647.0
8,6647.1
20,6647.9
6,6652.0
55,6652.3
36,6653.2
0,6654.4
25,6655.0
24,6657.1
12,6658.9
7,6659.6
2,6660.7
30,6663.2
54,6664.1
44,6664.4
21,6666.3
49,6667.8
43,6668.2
62,6670.4
46,6670.5
59,6670.6
47,6671.7
33,6673.5
45,6673.5
10,6674.7
57,6679.1
15,6683.1
42,6683.2
23,6684.1
5,6687.4
56,6687.7
35,6692.1
39,6692.5
4,6696.1
22,6696.2
40,6698.9
18,6703.4
54,6705.2
36,6705.3
19,6706.9
9,6707.4
52,6707.4
20,6710.8
0,6711.1
7,6711.7
59,6712.2
13,6712.8
2,6712.9
17,6714.7
33,6715.8
37,6716.9
1,6726.8
55,6730.4
49,6732.0
62,6732.3
61,6737.5
56,6740.5
12,6740.8
15,6741.3
26,6742.6
30,6743.1
5,6744.5
54,6746.3
48,6747.2
53,6748.0
36,6755.4
35,6758.9
59,6760.4
7,6760.5
0,6765.6
39,6767.3
2,6767.5
57,6770.3
13,6771.1
33,6772.9
21,6773.3
43,6774.6
49,6775.0
10,6775.0
22,6776.2
46,6777.7
52,6779.3
32,6779.6
3,6779.6
11,6780.0
20,6785.8
12,6787.6
55,6788.0
54,6789.9
56,6790.3
17,6792.5
62,6793.5
30,6793.9
4,6794.0
59,6795.6
7,6796.6
58,6797.9
47,6798.4
18,6799.1
9,6801.2
23,6801.6
5,6801.7
45,6802.6
35,6802.9
28,6803.2
24,6803.8
31,6803.9
49,6805.6
2,6805.9
37,6806.1
27,6806.4
19,6806.9
36,6807.1
40,6808.5
26,6808.9
50,6810.2
33,6811.4
6,6812.2
39,6812.3
48,6812.5
53,6813.2
15,6813.3
46,6813.8
10,6815.4
13,6815.5
29,6815.9
52,6817.2
44,6817.3
0,6818.0
21,6818.2
55,6819.3
22,6820.0
42,6820.1
41,6820.4
57,6820.7
7,6821.3
25,6821.6
32,6821.7
30,6822.0
54,6822.1
56,6822.2
59,6823.3
38,6824.1
61,6824.9
43,6825.1
20,6826.9
12,6827.2
1,6827.3
51,6827.5
62,6827.8
14,6828.8
8,6829.1
2,6829.3
17,6830.5
47,6831.1
23,6831.2
16,6832.0
49,6832.7
24,6832.8
35,6833.2
58,6833.6
60,6833.6
18,6834.0
3,6834.4
4,6834.7
36,6835.6
45,6838.1
33,6838.2
9,6841.1
40,6841.2
5,6841.6
46,6843.0
37,6844.8
39,6848.0
0,6848.7
19,6849.4
15,6852.4
59,6853.8
44,6854.1
43,6855.3
26,6857.7
21,6858.3
2,6859.0
42,6860.0
22,6860.4
7,6869.3
20,6888.1
30,6893.2
27,6895.2
56,6896.1
57,6897.2
49,6899.5
1,6901.4
50,6901.8
17,6902.4
52,6903.6
59,6903.6
62,6904.4
48,6905.5
35,6905.6
32,6906.2
7,6907.2
54,6909.9
15,6913.0
24,6914.3
12,6914.6
3,6914.9
9,6916.3
22,6917.5
46,6918.3
55,6919.2
20,6919.2
31,6919.4
30,6921.2
61,6922.3
2,6923.4
36,6926.0
49,6926.6
53,6926.9
56,6928.7
23,6929.0
28,6929.5
33,6929.6
14,6930.2
37,6930.4
43,6930.7
27,6931.3
13,6931.5
39,6932.1
41,6932.4
45,6932.8
44,6934.2
19,6934.3
57,6934.7
40,6937.8
17,6941.2
7,6942.6
54,6942.9
62,6943.1
59,6944.4
21,6947.7
6,6948.6
0,6950.8
30,6952.9
47,6954.1
20,6954.2
2,6954.3
5,6955.4
35,6955.8
24,6957.6
18,6957.9
22,6958.0
15,6959.3
8,6960.7
4,6961.0
32,6964.9
49,6966.1
48,6966.3
58,6967.7
12,6968.9
23,6969.1
52,6969.1
50,6969.2
53,6970.2
55,6974.6
43,6974.6
36,6975.4
33,6975.5
17,6975.8
59,6976.0
7,6976.4
56,6977.2
30,6978.3
27,6980.0
46,6980.4
2,6980.9
57,6981.2
1,6981.4
35,6981.8
20,6981.9
44,6982.0
54,6982.4
62,6982.5
3,6982.6
24,6982.8
45,6983.5
22,6984.8
37,6984.9
47,6985.5
15,6985.6
9,6985.7
61,6985.9
39,6985.9
13,6986.2
19,6986.8
49,6986.9
32,6986.9
14,6987.7
31,6988.3
28,6988.9
40,6990.9
41,6993.2
21,6993.3
26,6994.1
4,6998.0
11,6998.5
12,6998.7
18,6999.6
53,7000.5
0,7000.6
48,7000.9
30,7001.4
7,7001.8
59,7001.9
17,7002.1
50,7002.4
52,7002.8
51,7002.8
6,7002.9
55,7003.7
29,7004.3
56,7004.8
36,7005.3
2,7006.9
33,7007.9
5,7008.5
23,7010.3
43,7010.4
20,7012.1
62,7012.6
54,7013.4
42,7015.0
57,7016.0
46,7020.6
44,7021.1
15,7023.7
1,7052.1
59,7052.4
7,7052.4
49,7052.6
27,7058.2
35,7059.2
17,7063.1
57,7068.0
14,7068.4
30,7069.0
47,7069.0
20,7069.2
22,7071.5
56,7077.8
15,7078.0
2,7080.5
43,7083.8
44,7083.8
59,7084.2
7,7090.6
49,7093.4
62,7103.0
17,7104.8
19,7115.3
35,7116.4
33,7120.0
32,7127.1
24,7134.1
3,7134.9
46,7137.3
49,7137.7
17,7138.9
30,7139.0
59,7139.1
45,7140.2
20,7141.1
56,7142.3
57,7142.9
7,7144.4
2,7144.9
27,7145.2
35,7145.4
22,7147.5
15,7148.2
1,7148.2
12,7148.3
54,7148.7
50,7148.7
55,7149.3
36,7150.6
44,7151.0
52,7151.2
61,7151.6
19,7152.6
43,7153.0
37,7153.7
13,7154.0
14,7154.0
39,7155.8
32,7156.0
9,7157.1
47,7157.1
62,7158.9
31,7159.0
53,7159.3
48,7160.9
58,7161.3
40,7162.1
30,7162.6
33,7164.3
49,7164.3
24,7165.3
17,7165.7
28,7166.1
59,7167.3
20,7169.4
41,7169.9
51,7170.3
7,7171.1
2,7171.7
23,7171.8
46,7172.2
56,7172.6
18,7172.7
0,7173.4
57,7174.0
21,7174.7
54,7175.6
34,7175.7
60,7176.7
8,7177.0
15,7177.8
45,7178.0
55,7178.0
35,7178.5
12,7178.9
10,7179.2
11,7179.5
6,7179.8
4,7180.5
3,7180.8
26,7181.5
22,7183.0
27,7184.0
36,7184.2
52,7185.5
32,7186.4
50,7186.9
5,7186.9
13,7187.9
44,7189.3
62,7190.3
43,7191.2
59,7192.4
30,7193.4
49,7195.7
39,7195.9
47,7196.7
19,7196.9
33,7197.2
2,7197.4
37,7197.5
7,7197.9
40,7199.2
1,7199.6
42,7200.8
17,7200.9
14,7200.9
53,7202.4
24,7204.4
20,7206.4
23,7208.4
21,7209.4
0,7215.6
46,7217.6
61,7221.8
15,7229.7
43,7258.7
59,7347.9
35,7368.8
54,7369.0
18,7379.9
9,7382.1
45,7383.5
55,7388.4
56,7392.5
57,7393.8
58,7398.3
48,7402.3
41,7408.3
2,7410.1
10,7410.6
30,7414.7
36,7420.2
54,7421.6
7,7421.8
59,7423.6
20,7424.5
28,7425.4
51,7426.2
25,7427.1
49,7427.2
12,7428.6
55,7428.6
35,7432.0
62,7432.9
33,7439.5
50,7439.6
56,7441.5
2,7443.5
13,7445.0
22,7445.1
47,7446.8
31,7446.9
29,7447.4
10,7448.1
45,7448.5
46,7449.2
24,7450.1
7,7450.6
30,7451.0
52,7451.7
54,7452.6
32,7453.0
0,7453.3
57,7453.3
23,7454.3
18,7454.6
26,7454.8
5,7455.4
27,7455.5
53,7456.2
21,7456.2
19,7456.7
59,7457.3
4,7457.8
15,7458.1
48,7458.9
8,7459.1
39,7459.6
36,7462.0
49,7462.2
9,7462.5
43,7463.4
55,7464.5
12,7465.0
2,7465.6
42,7465.9
20,7465.9
3,7467.1
35,7468.3
25,7468.9
62,7469.7
58,7469.9
17,7470.0
44,7470.5
1,7471.0
6,7471.3
7,7471.5
33,7472.0
37,7472.7
61,7472.8
40,7472.8
60,7473.1
22,7473.1
28,7473.7
56,7474.0
46,7475.0
10,7475.3
51,7475.4
13,7475.6
54,7475.7
47,7475.8
45,7476.4
41,7476.5
11,7476.6
30,7476.8
50,7477.9
14,7478.3
16,7478.4
52,7479.2
24,7479.2
32,7479.3
59,7480.1
0,7483.0
31,7483.3
26,7484.3
57,7484.7
23,7484.9
27,7485.5
53,7486.0
4,7486.6
18,7486.7
21,7486.9
5,7487.6
15,7488.1
2,7488.3
49,7488.9
36,7490.6
39,7490.7
43,7492.4
20,7493.5
19,7493.6
62,7494.5
35,7494.9
7,7496.1
33,7499.3
17,7500.0
48,7508.3
59,7510.0
3,7516.6
1,7516.7
56,7521.8
37,7522.2
49,7524.9
54,7526.7
17,7527.7
46,7527.9
23,7536.3
7,7536.9
59,7537.9
44,7542.4
2,7543.1
43,7546.0
0,7551.7
1,7564.3
14,7571.3
3,7598.3
30,7598.6
32,7599.3
50,7600.9
24,7601.4
22,7601.6
27,7602.2
49,7606.2
17,7606.7
1,7608.6
52,7609.8
59,7610.0
56,7611.6
23,7612.9
43,7613.8
12,7614.1
46,7614.7
47,7615.1
7,7615.4
44,7616.8
28,7617.7
8,7618.3
57,7619.1
2,7620.6
45,7624.2
14,7625.2
55,7626.5
40,7627.0
20,7627.4
30,7628.1
13,7631.7
53,7633.3
5,7633.6
54,7633.8
62,7634.0
0,7635.2
36,7637.2
37,7637.3
49,7638.0
3,7638.7
22,7642.0
24,7642.7
32,7642.9
59,7643.4
21,7643.8
17,7644.6
19,7647.0
7,7647.2
35,7648.8
26,7648.9
42,7651.2
43,7651.2
33,7651.7
31,7652.0
1,7653.1
56,7653.2
2,7653.4
48,7653.6
15,7656.0
57,7657.6
23,7657.6
47,7658.7
4,7659.7
51,7660.0
52,7661.0
46,7662.0
60,7663.5
12,7663.5
55,7664.6
30,7665.0
27,7665.5
44,7665.6
20,7666.4
39,7667.4
49,7667.8
62,7672.0
0,7672.2
50,7673.2
59,7673.5
54,7673.6
45,7673.9
14,7674.7
32,7675.0
7,7675.2
10,7675.2
22,7675.9
36,7677.8
35,7678.3
61,7678.5
18,7678.6
9,7678.7
28,7678.7
41,7678.8
13,7679.1
53,7679.3
17,7679.5
2,7680.8
5,7681.1
3,7682.3
56,7682.6
37,7683.4
24,7683.5
40,7684.2
1,7684.2
30,7684.6
47,7685.1
8,7685.4
57,7685.7
49,7686.2
46,7686.4
43,7686.5
48,7686.5
6,7686.9
52,7686.9
19,7687.0
27,7687.1
11,7687.1
12,7687.5
23,7687.6
21,7687.8
15,7688.2
26,7689.7
58,7689.8
29,7690.1
31,7690.8
55,7691.3
33,7691.7
34,7692.1
20,7692.3
59,7693.6
44,7693.6
4,7694.2
7,7694.8
54,7695.1
51,7698.0
50,7698.1
62,7698.5
0,7700.8
32,7701.5
14,7701.5
45,7701.6
2,7702.0
39,7702.1
22,7702.1
13,7702.4
36,7702.7
17,7703.8
35,7707.4
60,7712.6
5,7719.4
20,7756.4
59,7758.2
49,7758.6
1,7760.1
3,7767.3
57,7767.8
17,7768.5
30,7777.9
59,7792.5
14,7808.1
49,7835.4
37,7883.3
23,7913.3
28,7933.7
47,7939.8
56,7942.7
55,7945.3
24,7946.4
7,7948.3
40,7952.4
42,7956.5
43,7957.5
9,7961.6
32,7961.9
53,7964.9
18,7966.8
41,7969.7
46,7969.8
2,7969.9
15,7970.3
50,7971.2
12,7973.3
10,7974.0
51,7977.3
52,7979.5
56,7980.6
59,7983.0
23,7984.7
54,7984.7
25,7985.0
7,7986.2
62,7986.8
37,7987.4
0,7987.4
33,7988.5
26,7988.7
49,7989.3
22,7989.4
30,7990.1
35,7990.1
61,7990.1
24,7991.1
36,7991.8
55,7992.9
13,7993.0
40,7995.2
47,7995.3
19,7996.3
20,7996.4
44,7997.6
2,7998.0
57,7998.7
4,7999.6
53,8000.4
45,8000.6
1,8000.7
48,8000.8
32,8001.3
27,8001.4
12,8004.8
46,8005.1
21,8005.8
5,8005.9
17,8007.7
28,8007.8
11,8007.9
43,8008.0
50,8008.4
39,8008.7
59,8009.0
56,8009.1
3,8009.1
9,8009.2
10,8009.5
42,8009.5
54,8009.9
7,8010.1
8,8010.1
52,8010.6
18,8011.4
49,8011.7
15,8012.2
30,8012.4
25,8012.8
16,8013.8
58,8014.1
60,8014.2
0,8014.6
62,8014.6
6,8015.2
23,8015.2
14,8015.7
26,8015.9
22,8016.0
33,8016.6
36,8016.6
24,8017.5
55,8018.0
13,8018.1
31,8018.4
35,8019.5
2,8020.2
37,8020.5
41,8020.5
51,8021.1
34,8021.7
47,8023.9
20,8024.5
4,8025.9
61,8026.4
40,8027.2
53,8027.5
44,8029.5
48,8029.7
57,8030.2
59,8030.9
45,8031.2
19,8031.5
46,8032.6
21,8034.2
1,8034.5
54,8035.4
17,8035.6
43,8036.1
5,8036.3
49,8038.3
39,8040.2
18,8040.9
7,8043.2
52,8047.2
33,8048.6
8,8061.9
0,8071.3
59,8076.9
2,8086.4
62,8087.7
23,8122.7
3,8142.8
30,8144.2
27,8145.2
32,8145.6
50,8146.2
22,8146.8
28,8147.2
17,8149.6
15,8150.1
49,8152.0
12,8153.9
1,8154.9
46,8156.3
59,8157.7
23,8157.8
56,8158.5
60,8160.8
9,8161.3
7,8161.5
41,8161.9
37,8162.4
58,8162.5
44,8162.6
57,8162.9
24,8162.9
13,8163.2
20,8164.4
43,8164.8
2,8165.3
35,8165.5
54,8165.6
36,8165.7
62,8166.3
5,8168.6
61,8169.1
21,8169.9
18,8170.7
47,8170.7
30,8171.6
0,8172.2
48,8172.9
42,8175.6
3,8177.2
39,8177.9
27,8178.5
26,8179.0
33,8179.1
53,8179.1
55,8180.5
22,8180.6
17,8181.4
49,8181.7
32,8182.3
10,8182.8
45,8182.9
40,8185.0
59,8185.2
12,8187.3
8,8187.9
56,8188.5
14,8188.6
4,8188.9
23,8190.1
28,8190.4
50,8190.5
7,8190.5
15,8191.1
2,8191.1
54,8191.9
46,8191.9
25,8194.6
62,8196.2
35,8196.3
52,8196.7
20,8196.7
13,8197.2
19,8198.1
1,8198.2
30,8198.6
36,8201.3
44,8202.4
24,8202.7
47,8203.4
43,8204.0
5,8205.4
37,8205.8
0,8206.5
34,8207.1
58,8209.4
60,8209.6
33,8210.1
18,8210.2
49,8211.4
53,8213.0
6,8213.2
59,8213.3
57,8213.7
41,8215.7
9,8216.0
61,8216.3
2,8216.7
45,8216.8
22,8217.8
21,8219.0
32,8219.5
54,8219.9
7,8220.1
48,8220.3
26,8220.9
17,8220.9
42,8221.1
4,8222.1
12,8222.3
39,8222.3
30,8225.3
23,8225.4
55,8226.3
56,8226.4
3,8226.6
35,8227.1
15,8228.0
50,8228.2
24,8228.6
49,8228.7
46,8229.2
28,8229.3
1,8229.6
27,8229.7
47,8229.8
10,8230.5
11,8231.8
44,8232.0
13,8232.9
20,8233.6
8,8233.8
0,8235.9
62,8236.4
43,8236.8
14,8237.0
5,8237.4
36,8238.4
59,8239.7
37,8240.6
2,8241.7
40,8241.8
33,8242.5
52,8243.8
18,8247.2
7,8248.5
17,8251.4
49,8301.6
30,8303.1
32,8304.1
22,8309.2
23,8311.3
41,8312.8
17,8313.1
1,8316.0
3,8319.1
57,8319.2
61,8322.4
7,8324.1
35,8327.0
28,8327.5
49,8328.8
54,8330.3
59,8335.1
50,8337.3
30,8337.5
47,8337.8
24,8338.3
2,8338.9
20,8342.9
62,8345.0
46,8354.3
14,8360.3
13,8369.5
49,8371.5
22,8374.9
12,8377.5
27,8382.6
17,8387.6
48,8388.8
45,8389.2
30,8389.4
7,8390.1
32,8390.4
1,8390.6
24,8392.0
49,8392.2
53,8392.5
3,8392.8
2,8393.1
9,8393.6
23,8394.4
28,8395.4
35,8395.7
50,8395.7
54,8395.9
47,8395.9
43,8396.0
44,8396.0
59,8396.0
46,8398.0
20,8398.1
57,8399.7
55,8400.0
21,8400.0
8,8400.2
56,8401.7
61,8401.9
14,8402.3
41,8402.4
15,8402.7
58,8403.1
22,8403.2
37,8403.4
0,8404.6
13,8405.1
11,8406.5
5,8407.5
18,8407.5
62,8408.5
12,8410.5
26,8411.8
30,8412.2
36,8412.5
33,8413.5
7,8413.6
4,8416.3
39,8416.4
2,8416.6
49,8416.9
27,8417.0
34,8418.9
17,8419.1
32,8419.5
10,8420.1
45,8420.5
35,8420.7
53,8421.5
24,8421.9
60,8422.2
59,8422.3
31,8422.3
6,8422.9
54,8422.9
40,8422.9
48,8423.6
29,8424.7
3,8426.4
47,8427.0
23,8427.5
1,8428.1
20,8428.7
52,8429.1
19,8429.7
44,8430.4
55,8431.1
50,8432.4
43,8432.5
57,8434.2
46,8435.0
56,8435.7
13,8437.0
0,8437.6
30,8439.8
22,8440.3
7,8441.0
2,8441.0
15,8442.4
21,8442.4
58,8443.0
36,8444.1
62,8444.2
33,8444.8
12,8445.0
18,8445.2
61,8446.4
42,8446.7
41,8446.8
59,8451.2
37,8451.4
39,8453.2
17,8455.1
35,8455.9
54,8457.0
49,8462.8
5,8465.6
20,8479.1
0,8486.2
2,8489.9
23,8493.4
8,8600.5
9,8617.8
4,8647.9
28,8648.1
32,8649.6
26,8660.7
40,8662.9
55,8685.6
2,8686.4
51,8695.1
25,8699.7
45,8700.8
36,8718.6
30,8727.8
14,8749.1
24,8750.2
2,8756.6
23,8774.1
7,8774.1
50,8774.5
3,8774.6
1,8775.7
22,8775.8
35,8776.5
47,8777.2
46,8777.4
24,8778.1
49,8778.8
56,8779.2
11,8779.3
28,8779.3
27,8780.0
32,8780.5
54,8780.9
30,8781.1
13,8781.8
62,8782.0
43,8782.1
55,8782.6
21,8782.8
20,8783.5
17,8783.6
59,8783.9
41,8784.2
44,8784.8
45,8784.8
57,8785.1
31,8785.3
8,8786.0
48,8786.4
61,8786.4
14,8786.7
9,8787.0
58,8787.6
2,8787.8
36,8787.8
15,8788.2
5,8789.8
51,8789.9
33,8790.1
18,8790.2
12,8790.3
37,8790.9
10,8793.7
7,8793.8
4,8794.3
0,8794.4
26,8794.6
53,8794.7
29,8795.8
6,8795.9
39,8796.5
35,8798.3
52,8798.7
30,8798.9
49,8799.7
22,8799.9
23,8799.9
19,8800.0
47,8800.3
54,8800.3
56,8801.3
3,8801.3
24,8801.6
46,8802.2
25,8802.3
60,8802.5
40,8803.3
55,8803.4
38,8803.5
50,8804.0
34,8804.1
62,8804.3
59,8804.9
13,8805.4
32,8805.5
27,8806.2
1,8806.6
2,8806.6
42,8806.6
28,8808.3
45,8808.4
16,8808.5
20,8808.6
43,8809.0
11,8809.8
21,8809.8
17,8810.4
36,8811.5
57,8812.0
41,8812.8
44,8813.0
7,8813.0
33,8814.4
15,8814.5
48,8814.6
12,8815.9
58,8817.5
61,8817.5
18,8817.9
8,8818.5
5,8819.0
0,8822.8
35,8823.3
37,8823.9
54,8824.6
59,8828.1
23,8850.7
47,8850.9
49,8851.2
2,8852.1
20,8852.6
7,8853.1
46,8855.5
22,8860.7
1,8860.8
3,8861.0
24,8861.7
28,8873.4
43,8874.5
8,8882.4
59,8883.7
7,8890.2
48,8890.4
49,8892.0
44,8893.3
45,8893.3
21,8904.0
23,8907.6
2,8914.8
50,8929.4
30,8930.8
32,8931.5
35,8931.5
17,8931.8
57,8934.0
47,8936.2
3,8936.3
1,8936.9
7,8937.1
23,8937.5
22,8937.6
49,8939.0
14,8939.7
24,8939.8
13,8940.1
28,8941.7
62,8942.4
46,8943.4
56,8945.2
44,8945.3
59,8945.4
21,8945.6
61,8945.8
43,8945.9
2,8946.5
8,8947.7
9,8948.3
27,8948.8
45,8949.2
54,8949.9
41,8950.8
48,8951.4
5,8951.6
26,8952.7
20,8954.6
15,8955.2
53,8956.0
0,8956.7
30,8956.9
52,8957.3
19,8957.5
39,8958.5
33,8959.4
31,8959.9
10,8960.7
7,8961.5
40,8961.5
51,8962.0
4,8962.4
35,8963.1
55,8964.3
17,8964.4
32,8965.0
37,8966.1
36,8966.4
47,8966.6
11,8966.6
49,8966.8
22,8967.8
50,8967.8
13,8968.0
60,8969.0
58,8969.1
6,8969.4
18,8970.0
59,8970.2
23,8970.7
3,8971.3
57,8971.4
2,8971.9
62,8973.3
12,8973.4
34,8973.5
24,8976.3
54,8977.7
46,8978.1
29,8978.7
1,8979.3
56,8980.2
28,8980.9
43,8981.6
21,8983.0
15,8983.1
30,8983.2
45,8983.3
61,8984.0
44,8984.3
48,8985.0
52,8985.4
20,8986.0
8,8987.0
7,8987.1
33,8987.2
14,8987.4
27,8987.9
0,8988.5
26,8989.2
41,8989.3
53,8989.4
35,8990.7
19,8991.7
9,8991.7
39,8992.0
42,8992.2
25,8992.8
10,8992.8
49,8993.2
5,8993.9
36,8994.3
17,8996.6
55,8996.6
2,8997.7
47,8998.1
59,8998.1
4,9000.8
13,9002.4
40,9004.8
54,9005.4
57,9005.4
62,9005.6
58,9006.5
23,9006.9
22,9007.9
37,9009.6
18,9010.7
3,9011.0
7,9013.4
1,9015.1
46,9015.5
43,9016.1
20,9016.3
15,9018.5
49,9019.1
30,9020.8
21,9021.8
33,9030.0
35,9040.6
59,9058.1
54,9084.0
41,9193.9
7,9209.2
47,9222.7
0,9237.4
44,9237.4
8,9238.6
17,9243.1
14,9244.2
2,9245.1
56,9246.0
12,9249.9
24,9251.3
45,9251.4
32,9252.9
9,9253.4
50,9254.0
27,9257.9
11,9259.7
5,9260.1
16,9261.3
31,9261.9
7,9264.8
48,9267.6
28,9267.8
6,9268.4
60,9268.5
62,9269.0
33,9270.1
30,9271.5
18,9271.7
59,9272.6
35,9273.3
26,9274.0
53,9274.1
43,9274.4
54,9275.0
0,9275.3
2,9276.2
55,9276.4
22,9276.7
23,9278.5
36,9279.2
13,9279.8
10,9280.3
44,9280.4
61,9281.4
56,9282.3
47,9282.4
24,9282.4
52,9283.1
58,9283.3
4,9283.5
21,9284.7
46,9284.7
37,9285.2
49,9285.9
20,9286.1
7,9287.0
12,9288.2
40,9289.4
19,9290.4
32,9291.0
39,9291.2
15,9291.3
17,9291.4
3,9291.7
29,9292.8
45,9293.2
1,9293.3
50,9293.4
42,9293.5
25,9293.9
8,9294.2
27,9294.3
41,9294.8
9,9295.0
59,9295.5
57,9296.1
5,9296.5
2,9296.5
33,9297.1
51,9297.2
48,9297.3
30,9297.3
54,9297.9
62,9298.3
35,9298.4
14,9298.7
6,9298.8
53,9299.9
18,9300.6
16,9301.4
55,9302.4
0,9302.5
11,9302.7
22,9303.1
26,9303.2
60,9303.3
28,9303.8
36,9303.8
43,9305.1
13,9305.2
7,9306.4
23,9306.9
56,9307.0
52,9307.3
24,9307.5
49,9307.8
10,9307.9
4,9308.7
47,9309.3
31,9309.6
34,9310.0
20,9310.9
61,9311.2
46,9312.1
44,9312.5
58,9312.9
12,9313.7
21,9314.7
59,9316.9
2,9319.2
37,9319.7
17,9319.7
40,9320.7
39,9322.4
15,9322.8
33,9324.1
0,9355.2
5,9356.9
62,9386.2
41,9393.8
1,9394.1
57,9395.1
35,9397.2
54,9398.7
36,9400.4
59,9406.9
18,9408.7
17,9410.2
30,9410.8
61,9416.6
14,9416.8
62,9416.9
20,9417.1
13,9419.0
15,9420.5
23,9420.6
33,9423.1
49,9425.5
28,9426.2
8,9428.4
5,9428.6
7,9437.0
35,9437.0
47,9438.3
57,9440.8
54,9442.1
59,9442.1
41,9444.3
36,9445.0
31,9447.0
39,9447.4
58,9448.0
19,9448.2
37,9448.8
56,9450.5
30,9451.0
2,9452.3
62,9465.6
32,9469.7
17,9469.8
20,9470.5
49,9470.5
22,9471.9
18,9472.4
13,9473.7
15,9474.3
35,9475.8
7,9477.6
59,9479.0
47,9479.3
45,9479.8
23,9480.0
33,9480.3
14,9480.8
55,9481.2
36,9481.7
28,9481.7
1,9483.0
9,9483.2
10,9483.5
30,9483.6
61,9484.0
54,9485.1
2,9485.4
41,9486.0
3,9486.1
31,9486.6
8,9486.8
21,9487.1
57,9487.3
12,9488.4
56,9488.9
50,9489.1
43,9489.6
0,9489.8
46,9491.2
26,9492.8
48,9493.3
62,9493.4
5,9494.2
58,9495.2
24,9495.5
34,9496.3
60,9496.8
51,9497.2
49,9497.7
37,9498.4
44,9499.3
39,9499.4
7,9500.6
22,9501.0
20,9501.5
53,9502.1
35,9502.1
32,9504.3
13,9504.4
17,9504.7
4,9504.8
52,9505.8
59,9506.0
19,9506.1
42,9506.7
47,9507.2
30,9507.6
27,9507.7
11,9508.5
15,9508.8
54,9508.9
45,9509.9
33,9510.5
23,9511.1
2,9511.4
55,9511.7
18,9512.6
36,9513.2
6,9514.3
40,9514.8
10,9515.1
1,9519.4
28,9519.6
56,9520.1
14,9520.1
12,9522.1
3,9522.2
49,9522.5
43,9523.5
0,9524.4
21,9524.9
62,9525.5
7,9526.8
8,9530.0
24,9531.0
59,9532.8
20,9534.4
2,9543.3
44,9544.6
47,9552.6
23,9552.6
33,9554.6
46,9554.8
22,9555.2
15,9555.9
1,9560.8
35,9562.9
57,9564.9
32,9565.4
5,9570.8
30,9572.5
14,9572.9
54,9573.8
62,9574.4
59,9579.1
43,9581.8
17,9585.3
49,9587.6
7,9590.9
2,9593.4
0,9595.1
47,9599.8
28,9631.5
33,9633.7
31,9634.7
41,9636.8
13,9639.4
61,9639.5
3,9640.9
21,9642.0
1,9643.0
23,9643.0
47,9643.1
14,9644.5
58,9645.2
30,9645.4
59,9645.7
35,9645.9
22,9646.3
62,9648.2
54,9650.2
9,9650.5
57,9650.7
17,9650.9
2,9651.5
15,9652.0
37,9652.8
7,9653.8
36,9654.4
32,9655.2
49,9655.6
43,9656.2
8,9656.9
20,9660.6
51,9661.3
5,9661.8
45,9662.1
56,9662.5
28,9665.7
50,9665.7
26,9666.6
0,9666.7
33,9667.3
53,9667.3
52,9667.9
13,9670.1
55,9671.9
30,9672.9
39,9673.1
47,9674.7
46,9675.8
31,9676.5
4,9676.8
24,9677.0
44,9677.4
12,9678.1
2,9678.7
35,9678.9
23,9679.0
10,9679.8
59,9680.7
62,9681.3
21,9681.3
22,9683.6
61,9683.7
7,9684.2
54,9685.1
11,9685.2
34,9685.6
18,9686.5
48,9687.6
14,9689.9
1,9690.2
49,9692.1
32,9692.7
3,9693.5
36,9695.1
15,9696.2
43,9698.5
37,9699.3
20,9699.7
57,9700.1
56,9700.4
58,9700.5
45,9700.8
6,9701.0
13,9702.5
17,9702.7
42,9703.0
27,9704.4
30,9705.0
25,9705.4
53,9706.0
52,9706.0
40,9706.3
33,9706.5
19,9707.6
47,9708.1
0,9708.3
41,9708.6
9,9708.8
55,9709.7
2,9709.9
59,9710.0
5,9710.0
62,9713.7
7,9714.8
35,9716.0
39,9716.3
54,9716.8
12,9718.8
24,9719.0
28,9719.1
8,9719.2
23,9722.7
49,9722.8
22,9723.6
4,9724.2
46,9725.2
44,9726.6
15,9730.5
20,9730.9
21,9731.4
18,9734.7
17,9736.5
60,9738.3
43,9738.8
59,9743.1
2,9745.4
1,9748.4
13,9759.2
37,9766.9
61,9767.7
7,9822.9
47,9871.0
30,9881.1
36,9887.6
26,9894.2
10,9909.0
32,9910.1
2,9922.8
50,9928.6
58,9935.4
40,9935.9
51,9938.6
48,9941.2
45,9945.7
49,9946.9
52,9962.4
23,9963.8
54,9964.2
62,9966.3
24,9966.7
55,9968.3
33,9968.5
2,9971.1
30,9971.9
7,9973.8
32,9974.4
12,9977.1
56,9979.2
57,9987.8
16,9988.0
47,9988.7
22,9989.8
46,9990.9
0,9991.5
36,9991.9
49,9992.5
35,9995.0
20,9995.2
43,9996.2
50,9998.6
21,9998.9
3,9999.9
