13,87.6
12,88.2
14,88.5
20,88.8
4,88.8
22,88.9
24,89.0
15,89.1
21,89.2
5,89.2
10,89.2
1,89.3
23,89.4
7,89.5
28,89.6
11,89.6
29,90.1
13,90.3
25,91.1
0,91.5
30,91.5
12,91.8
26,92.3
19,92.3
14,92.4
13,92.7
20,92.8
2,92.8
4,93.0
22,93.2
24,93.4
15,93.7
1,93.9
21,93.9
5,94.0
23,94.0
10,94.0
11,94.5
7,95.2
13,95.6
12,95.8
28,96.2
29,96.5
14,97.0
20,97.5
22,97.9
4,98.0
24,99.2
25,99.3
13,99.4
1,100.1
0,100.3
30,100.4
10,100.4
12,100.7
15,100.9
23,101.1
21,101.6
5,101.7
11,102.0
14,103.4
28,103.6
20,103.9
13,105.0
22,105.5
29,105.7
4,106.0
7,107.8
12,109.3
19,109.5
24,112.1
1,114.1
23,114.9
10,115.1
13,115.2
14,115.9
15,116.5
20,117.7
5,118.7
4,122.2
30,122.5
21,125.8
12,133.8
13,167.0
12,168.0
14,168.2
20,168.5
4,168.5
24,168.6
22,168.6
15,168.7
10,168.8
21,168.9
1,168.9
5,168.9
23,169.1
7,169.1
11,169.1
28,169.3
13,169.6
29,169.8
25,170.7
30,171.0
0,171.1
12,171.4
13,171.9
14,171.9
19,171.9
26,172.0
20,172.4
2,172.4
4,172.6
22,172.8
24,172.9
15,173.2
23,173.5
21,173.5
5,173.5
1,173.6
10,173.6
11,174.1
7,174.7
13,174.7
12,175.1
28,175.3
29,175.7
14,176.1
20,176.6
4,177.2
22,177.3
13,178.3
24,178.5
25,178.7
0,179.2
30,179.5
1,179.6
10,179.7
12,179.8
15,180.1
23,180.3
5,180.8
21,180.9
11,181.1
28,181.3
20,181.4
4,181.9
14,182.2
13,183.4
29,184.8
22,184.9
7,185.9
12,187.7
19,188.3
20,188.5
4,189.1
24,189.8
28,190.9
13,192.0
1,193.8
10,194.8
14,196.1
23,201.5
15,207.2
20,207.9
4,212.8
13,216.0
13,247.2
12,247.9
14,248.2
4,248.5
20,248.5
24,248.6
22,248.6
15,248.7
5,248.8
10,248.8
21,248.9
1,248.9
23,249.1
7,249.2
11,249.2
28,249.3
29,249.7
13,249.9
25,250.7
30,251.0
0,251.1
12,251.3
19,251.8
26,251.9
14,251.9
13,252.2
20,252.4
2,252.4
4,252.5
22,252.8
24,252.9
15,253.2
21,253.4
1,253.4
5,253.5
10,253.5
23,253.6
11,254.0
7,254.7
13,255.0
12,255.2
28,255.2
29,255.8
14,256.2
20,256.8
4,257.1
22,257.3
24,258.5
13,258.6
25,258.7
1,259.5
0,259.6
10,259.7
30,259.7
12,259.9
15,260.0
23,260.3
21,260.7
11,261.0
5,261.1
28,261.4
20,261.7
4,261.9
14,262.3
13,264.0
22,264.6
29,265.0
7,265.9
19,267.8
12,268.1
20,268.7
4,269.0
24,270.3
28,270.6
13,273.1
1,273.7
10,275.8
14,276.4
15,280.1
23,280.8
4,286.1
20,288.5
13,300.2
13,632.5
12,633.2
14,633.5
20,633.8
4,633.8
24,633.9
22,633.9
15,634.0
10,634.1
1,634.2
5,634.2
21,634.2
23,634.4
7,634.5
11,634.5
28,634.6
29,635.0
13,635.2
25,636.1
0,636.4
30,636.4
12,636.7
26,637.3
14,637.3
19,637.3
13,637.6
20,637.8
2,637.8
4,637.9
22,638.0
24,638.3
15,638.6
1,638.8
10,638.9
5,638.9
21,638.9
23,639.0
11,639.4
7,640.1
13,640.5
12,640.9
28,641.2
29,641.6
14,641.8
20,642.6
4,642.8
22,643.0
24,644.0
13,644.3
25,644.4
1,644.9
0,645.1
10,645.3
30,645.4
12,645.6
15,645.7
23,645.9
21,646.5
5,646.6
11,646.8
28,647.5
20,647.8
4,648.0
14,648.2
13,649.9
29,650.5
22,650.5
7,652.1
19,653.9
12,653.9
20,654.7
4,655.1
28,656.3
24,656.5
1,658.5
23,659.6
13,659.9
10,660.1
14,660.7
15,661.7
5,665.5
30,668.0
4,669.2
20,670.7
12,675.1
13,682.6
13,712.2
12,713.0
14,713.2
20,713.5
24,713.6
4,713.6
22,713.6
15,713.7
10,713.8
21,713.9
5,713.9
1,713.9
7,714.1
23,714.1
11,714.2
28,714.4
13,714.8
29,714.8
25,715.7
30,716.0
0,716.1
12,716.4
14,716.9
19,716.9
26,717.0
13,717.1
2,717.4
20,717.4
4,717.6
22,717.8
24,717.9
15,718.2
21,718.5
5,718.5
23,718.5
1,718.6
10,718.6
11,719.1
7,719.7
13,719.9
12,720.1
28,720.3
29,720.8
14,721.1
20,721.6
4,722.2
22,722.3
25,723.4
13,723.5
24,723.5
0,724.5
30,724.5
1,724.6
10,724.7
12,724.8
15,725.1
23,725.3
21,725.8
5,726.1
11,726.2
28,726.2
20,726.3
4,726.8
14,727.2
13,728.9
29,729.8
22,729.9
7,730.8
19,732.2
12,732.7
20,733.4
4,734.2
24,734.7
28,735.7
13,738.0
1,738.8
10,739.9
14,741.0
23,746.8
15,749.3
20,751.9
4,758.2
13,763.9
13,792.2
12,792.9
14,793.2
4,793.5
20,793.5
22,793.6
24,793.6
15,793.7
10,793.8
5,793.8
21,793.9
1,793.9
7,794.1
23,794.1
11,794.2
28,794.3
29,794.7
13,794.9
25,795.7
30,796.0
0,796.1
12,796.3
19,796.8
26,796.9
14,796.9
13,797.2
2,797.4
20,797.4
4,797.5
22,797.8
24,797.9
15,798.2
21,798.4
1,798.4
10,798.5
5,798.5
23,798.6
11,799.0
7,799.7
13,800.0
28,800.2
12,800.2
29,800.8
14,801.2
20,801.8
4,802.1
22,802.3
24,803.5
13,803.6
25,803.7
1,804.5
0,804.6
30,804.7
10,804.7
12,804.9
15,805.0
23,805.3
21,805.7
11,806.0
5,806.1
28,806.4
20,806.7
4,806.9
14,807.3
13,809.0
22,809.6
29,810.0
7,810.8
19,812.6
12,813.1
20,813.7
4,814.0
24,815.3
28,815.6
13,818.1
1,818.8
10,820.9
14,821.3
15,825.7
23,826.4
4,832.8
20,833.5
13,844.6
13,872.2
12,872.9
14,873.2
20,873.5
4,873.5
22,873.6
24,873.6
15,873.7
10,873.8
5,873.8
21,873.9
1,873.9
23,874.1
7,874.2
11,874.2
28,874.3
29,874.7
13,874.9
25,875.7
30,876.0
0,876.1
12,876.4
19,876.8
26,876.9
14,876.9
13,877.2
20,877.4
2,877.4
4,877.5
22,877.8
24,877.9
15,878.2
21,878.4
1,878.4
10,878.5
5,878.5
23,878.6
11,879.0
7,879.7
13,880.0
28,880.2
12,880.2
29,880.8
14,881.2
20,881.8
4,882.1
22,882.3
24,883.5
13,883.6
25,883.7
1,884.4
0,884.6
30,884.7
10,884.7
12,884.9
15,885.0
23,885.3
21,885.6
5,886.0
11,886.0
28,886.4
20,886.7
4,886.9
14,887.3
13,889.0
22,889.6
29,889.7
7,890.9
19,891.9
12,893.1
20,893.9
4,894.0
24,895.3
28,895.8
13,898.1
1,898.6
10,900.8
14,901.4
23,907.6
15,911.5
4,912.2
20,914.7
13,925.1
13,1257.5
12,1258.2
14,1258.5
20,1258.8
4,1258.8
22,1258.9
24,1258.9
15,1259.0
10,1259.1
5,1259.2
21,1259.2
1,1259.2
23,1259.4
11,1259.5
7,1259.5
28,1259.6
29,1260.0
13,1260.2
25,1261.1
0,1261.4
30,1261.4
12,1261.7
14,1262.3
19,1262.3
26,1262.3
13,1262.6
2,1262.8
20,1262.8
4,1262.9
22,1263.0
24,1263.3
15,1263.6
1,1263.8
21,1263.9
10,1263.9
5,1264.0
23,1264.0
11,1264.5
7,1265.1
13,1265.5
12,1265.9
28,1266.2
29,1266.6
14,1267.0
20,1267.6
4,1267.9
22,1268.0
24,1269.1
13,1269.3
25,1269.4
1,1270.1
0,1270.1
10,1270.3
30,1270.4
12,1270.6
15,1270.7
23,1270.9
21,1271.5
5,1271.8
11,1271.8
28,1272.5
20,1272.8
4,1273.0
14,1273.3
13,1274.9
29,1275.5
22,1275.5
7,1277.1
12,1278.9
19,1278.9
20,1279.7
4,1280.1
28,1281.3
24,1281.5
1,1284.0
23,1284.8
13,1284.9
10,1285.1
14,1286.2
15,1286.6
5,1290.6
30,1292.8
4,1294.2
20,1295.6
12,1300.6
21,1307.6
13,1308.0
13,1337.3
12,1338.0
14,1338.2
20,1338.5
24,1338.6
4,1338.6
15,1338.7
22,1338.7
10,1338.8
21,1338.9
5,1338.9
1,1338.9
23,1339.1
7,1339.1
11,1339.2
28,1339.4
13,1339.8
29,1339.8
25,1340.7
30,1341.0
0,1341.1
12,1341.4
19,1341.8
14,1341.9
26,1342.0
13,1342.1
2,1342.4
20,1342.4
4,1342.6
22,1342.8
24,1342.9
15,1343.2
21,1343.5
23,1343.5
5,1343.5
1,1343.6
10,1343.6
11,1344.1
7,1344.7
13,1344.9
12,1345.1
28,1345.3
29,1345.8
14,1346.1
20,1346.6
4,1347.2
22,1347.3
13,1348.5
24,1348.5
25,1348.6
0,1349.5
30,1349.5
1,1349.6
10,1349.7
12,1349.8
15,1350.1
23,1350.3
5,1351.1
21,1351.1
11,1351.2
28,1351.3
20,1351.4
4,1351.8
14,1352.2
13,1353.9
29,1354.8
22,1354.9
7,1355.9
19,1357.2
12,1357.7
20,1358.3
4,1359.2
24,1359.7
28,1360.6
13,1363.0
1,1363.9
10,1364.9
14,1366.1
23,1371.9
15,1374.3
20,1376.9
4,1381.6
13,1389.0
13,1417.2
12,1417.9
14,1418.2
20,1418.5
4,1418.5
24,1418.6
22,1418.6
15,1418.7
10,1418.8
5,1418.8
21,1418.9
1,1418.9
7,1419.1
23,1419.1
11,1419.2
28,1419.3
29,1419.7
13,1419.9
25,1420.7
30,1421.0
0,1421.1
12,1421.3
19,1421.8
26,1421.9
14,1421.9
13,1422.2
2,1422.4
20,1422.4
4,1422.5
22,1422.8
24,1422.9
15,1423.2
21,1423.4
1,1423.4
5,1423.5
10,1423.5
23,1423.6
11,1424.0
7,1424.7
13,1425.2
28,1425.2
12,1425.2
29,1425.8
14,1426.2
20,1426.8
4,1427.1
22,1427.3
24,1428.5
25,1428.7
13,1428.9
1,1429.5
0,1429.6
30,1429.7
10,1429.8
12,1429.9
15,1430.0
23,1430.3
21,1430.7
11,1431.0
5,1431.1
28,1431.4
20,1431.7
4,1431.9
14,1432.3
13,1434.4
22,1434.8
29,1435.0
7,1435.8
19,1437.6
12,1438.1
20,1438.7
4,1439.0
24,1440.3
28,1440.6
1,1443.8
13,1444.1
10,1445.9
14,1446.3
15,1451.1
23,1451.5
20,1458.4
4,1460.6
13,1474.6
13,1497.2
12,1497.9
14,1498.2
20,1498.5
4,1498.5
24,1498.6
22,1498.6
15,1498.7
5,1498.8
10,1498.8
21,1498.9
1,1498.9
23,1499.1
7,1499.2
11,1499.2
28,1499.3
29,1499.7
13,1499.9
25,1500.7
0,1501.1
30,1501.1
12,1501.4
19,1501.8
14,1501.9
26,1501.9
13,1502.2
20,1502.4
2,1502.4
4,1502.5
22,1502.8
24,1502.9
15,1503.2
21,1503.4
1,1503.4
10,1503.5
5,1503.5
23,1503.6
11,1504.0
7,1504.7
13,1505.2
28,1505.2
12,1505.2
29,1505.8
14,1506.2
20,1506.8
4,1507.1
22,1507.3
24,1508.5
25,1508.7
13,1508.9
1,1509.4
0,1509.6
30,1509.8
10,1509.8
12,1509.9
15,1510.0
23,1510.3
21,1510.6
11,1511.0
5,1511.1
28,1511.4
20,1511.7
4,1511.9
14,1512.3
13,1514.4
29,1514.7
22,1514.8
7,1515.9
19,1516.9
12,1518.1
20,1518.9
4,1519.0
24,1520.3
28,1520.8
1,1523.8
13,1524.2
10,1526.0
14,1526.2
15,1532.2
23,1532.7
4,1536.2
5,1539.7
20,1539.9
13,1555.3
13,1882.5
12,1883.2
14,1883.5
20,1883.8
4,1883.8
22,1883.9
24,1883.9
15,1884.0
10,1884.1
1,1884.2
21,1884.2
5,1884.2
23,1884.4
7,1884.5
11,1884.5
28,1884.6
29,1885.0
13,1885.2
25,1886.1
0,1886.4
30,1886.5
12,1886.7
26,1887.3
19,1887.3
14,1887.3
13,1887.6
20,1887.8
2,1887.8
22,1888.0
4,1888.0
24,1888.3
15,1888.6
1,1888.8
10,1888.9
21,1888.9
5,1889.0
23,1889.0
11,1889.5
7,1890.1
13,1890.5
12,1890.9
28,1891.2
29,1891.6
14,1892.0
20,1892.6
22,1893.0
4,1893.1
24,1894.1
13,1894.3
25,1894.4
0,1895.1
1,1895.2
10,1895.3
30,1895.4
12,1895.6
15,1895.7
23,1895.9
21,1896.5
5,1896.8
11,1896.8
28,1897.5
20,1897.8
4,1898.2
14,1898.4
13,1899.9
22,1900.5
29,1900.5
7,1902.1
12,1903.9
19,1904.0
20,1904.7
4,1905.3
28,1906.3
24,1906.5
1,1909.2
13,1910.0
23,1910.0
10,1910.2
14,1911.2
15,1911.7
5,1916.3
30,1917.8
4,1919.5
20,1921.2
12,1925.6
21,1930.4
13,1933.0
13,1962.3
12,1963.0
14,1963.2
20,1963.5
4,1963.6
24,1963.6
22,1963.7
15,1963.7
10,1963.8
21,1963.9
1,1963.9
5,1963.9
23,1964.1
7,1964.1
11,1964.2
28,1964.4
29,1964.8
13,1964.8
25,1965.7
30,1966.0
0,1966.1
12,1966.4
19,1966.9
14,1966.9
26,1967.0
13,1967.1
2,1967.4
20,1967.4
4,1967.6
22,1967.8
24,1967.9
15,1968.2
5,1968.5
23,1968.5
21,1968.5
1,1968.6
10,1968.6
11,1969.1
7,1969.7
13,1969.9
12,1970.1
28,1970.3
29,1970.8
14,1971.1
20,1971.6
4,1972.2
22,1972.3
24,1973.5
13,1973.5
25,1973.7
0,1974.5
30,1974.5
1,1974.6
10,1974.7
12,1975.0
15,1975.1
23,1975.3
21,1976.1
5,1976.1
11,1976.2
28,1976.3
20,1976.4
4,1976.9
14,1977.2
13,1978.9
29,1979.8
22,1979.9
7,1980.8
19,1982.2
12,1983.1
20,1983.3
4,1984.2
24,1984.8
28,1985.7
13,1988.0
1,1988.9
10,1989.9
14,1991.1
23,1996.9
15,1999.4
20,2001.9
4,2006.6
13,2014.6
13,2042.2
12,2042.9
14,2043.2
4,2043.5
20,2043.5
24,2043.6
22,2043.6
15,2043.7
10,2043.8
5,2043.8
1,2043.9
21,2043.9
7,2044.1
23,2044.1
11,2044.2
28,2044.3
29,2044.7
13,2044.9
25,2045.7
30,2046.0
0,2046.1
12,2046.3
19,2046.8
26,2046.9
14,2046.9
13,2047.2
20,2047.4
2,2047.4
4,2047.5
22,2047.8
24,2047.9
15,2048.2
1,2048.4
21,2048.4
5,2048.5
10,2048.5
23,2048.6
11,2049.0
7,2049.7
12,2050.2
13,2050.2
28,2050.3
29,2050.8
14,2051.2
20,2051.8
4,2052.1
22,2052.3
24,2053.5
25,2053.7
13,2053.9
1,2054.5
0,2054.6
30,2054.7
10,2054.8
12,2054.9
15,2055.0
23,2055.3
21,2055.7
11,2056.0
5,2056.1
28,2056.5
20,2056.7
4,2056.9
14,2057.3
13,2059.4
22,2059.8
29,2060.0
7,2060.8
19,2062.6
12,2063.1
20,2063.9
4,2064.0
24,2065.3
28,2066.1
1,2068.8
13,2069.2
10,2070.9
14,2071.4
23,2076.5
15,2076.6
20,2084.5
4,2084.8
13,2099.6
13,2122.2
12,2122.9
14,2123.2
4,2123.5
20,2123.5
22,2123.6
24,2123.6
15,2123.7
5,2123.8
10,2123.8
1,2123.9
21,2123.9
23,2124.1
11,2124.2
7,2124.2
28,2124.3
29,2124.7
13,2124.9
25,2125.7
30,2126.1
0,2126.1
12,2126.4
19,2126.8
26,2126.9
14,2126.9
13,2127.2
2,2127.4
20,2127.4
4,2127.5
22,2127.8
24,2127.9
15,2128.2
1,2128.4
21,2128.4
5,2128.5
10,2128.5
23,2128.6
11,2129.0
7,2129.7
12,2130.2
13,2130.2
28,2130.3
29,2130.8
14,2131.2
20,2131.8
4,2132.1
22,2132.3
24,2133.5
25,2133.7
13,2133.9
1,2134.4
0,2134.6
30,2134.8
10,2134.8
12,2134.9
15,2135.0
23,2135.3
21,2135.6
11,2136.0
5,2136.1
28,2136.5
20,2136.7
4,2136.9
14,2137.4
13,2139.4
29,2139.7
22,2139.8
7,2140.9
19,2141.9
12,2143.1
20,2143.9
4,2144.0
24,2145.4
28,2146.1
1,2148.8
13,2149.2
10,2151.0
14,2151.5
23,2155.7
15,2158.8
4,2160.8
5,2164.1
20,2164.8
13,2180.3
13,2507.5
12,2508.2
14,2508.5
4,2508.8
20,2508.8
22,2508.9
24,2508.9
15,2509.0
10,2509.1
21,2509.2
5,2509.2
1,2509.2
23,2509.4
7,2509.5
11,2509.5
28,2509.6
29,2510.0
13,2510.2
25,2511.1
0,2511.4
30,2511.5
12,2511.7
26,2512.3
19,2512.3
14,2512.3
13,2512.6
2,2512.8
20,2512.8
22,2513.0
4,2513.0
24,2513.3
15,2513.6
1,2513.8
21,2513.9
10,2513.9
23,2514.0
5,2514.0
11,2514.5
7,2515.1
13,2515.5
12,2515.9
28,2516.2
29,2516.6
14,2517.0
20,2517.6
22,2518.0
4,2518.1
24,2519.1
13,2519.3
25,2519.4
0,2520.1
1,2520.2
30,2520.4
12,2520.6
10,2520.6
15,2520.7
23,2520.9
21,2521.5
11,2521.8
5,2521.9
28,2522.5
20,2522.8
4,2523.2
14,2523.4
13,2524.9
29,2525.5
22,2525.5
7,2527.1
12,2528.9
19,2529.0
20,2529.7
4,2530.3
28,2531.3
24,2531.5
1,2534.3
13,2535.0
23,2535.0
10,2535.8
14,2536.2
15,2536.8
5,2541.4
30,2543.0
4,2544.8
20,2546.2
12,2550.7
13,2558.0
13,2587.3
12,2588.0
14,2588.2
20,2588.5
24,2588.6
4,2588.6
22,2588.7
15,2588.7
10,2588.8
5,2588.9
21,2588.9
1,2588.9
23,2589.1
7,2589.1
11,2589.2
28,2589.4
29,2589.8
13,2589.8
25,2590.7
30,2591.0
0,2591.1
12,2591.4
14,2591.9
19,2591.9
26,2592.0
13,2592.1
2,2592.4
20,2592.4
4,2592.6
22,2592.8
24,2592.9
15,2593.2
5,2593.5
21,2593.5
23,2593.5
1,2593.6
10,2593.6
11,2594.1
7,2594.7
13,2594.9
12,2595.1
28,2595.3
29,2595.8
14,2596.1
20,2596.6
4,2597.2
22,2597.3
24,2598.5
13,2598.5
25,2598.7
30,2599.5
0,2599.5
1,2599.6
10,2599.7
12,2600.0
15,2600.1
23,2600.3
5,2601.1
11,2601.2
21,2601.2
28,2601.3
20,2601.4
4,2601.9
14,2602.2
13,2603.9
22,2604.9
29,2604.9
7,2606.3
19,2607.2
12,2608.1
20,2608.3
4,2609.2
24,2609.8
28,2610.7
13,2613.0
1,2613.8
10,2614.9
14,2616.1
23,2621.9
15,2624.1
20,2626.9
4,2631.5
13,2639.6
13,2667.2
12,2667.9
14,2668.2
20,2668.5
4,2668.5
22,2668.6
24,2668.6
15,2668.7
10,2668.8
5,2668.8
1,2668.9
21,2668.9
23,2669.1
7,2669.2
11,2669.2
28,2669.3
29,2669.7
13,2669.9
25,2670.7
30,2671.0
0,2671.1
12,2671.3
19,2671.8
14,2671.9
26,2671.9
13,2672.2
20,2672.4
2,2672.4
4,2672.5
22,2672.8
24,2672.9
15,2673.2
21,2673.4
1,2673.4
10,2673.5
5,2673.5
23,2673.6
11,2674.0
7,2674.7
13,2675.2
12,2675.2
28,2675.3
29,2675.8
14,2676.2
20,2676.8
4,2677.1
22,2677.3
24,2678.5
25,2678.7
13,2678.9
1,2679.5
0,2679.6
30,2679.7
10,2679.8
12,2679.9
15,2680.0
23,2680.3
21,2680.7
11,2681.0
5,2681.1
28,2681.5
20,2681.7
4,2681.9
14,2682.4
13,2684.5
22,2684.8
29,2685.1
7,2685.9
19,2687.6
12,2688.1
20,2688.9
4,2689.0
24,2690.3
28,2691.1
1,2693.8
13,2694.2
10,2695.9
14,2696.4
15,2701.4
23,2701.6
20,2709.5
4,2709.8
13,2724.6
13,2747.2
12,2747.9
14,2748.2
4,2748.5
20,2748.5
24,2748.6
22,2748.6
15,2748.7
10,2748.8
5,2748.8
21,2748.9
1,2748.9
23,2749.1
11,2749.2
7,2749.2
28,2749.3
29,2749.7
13,2749.9
25,2750.7
0,2751.1
30,2751.1
12,2751.4
19,2751.8
26,2751.9
14,2751.9
13,2752.2
2,2752.4
20,2752.4
4,2752.5
22,2752.8
24,2752.9
15,2753.2
21,2753.4
1,2753.4
5,2753.5
10,2753.5
23,2753.7
11,2754.0
7,2754.7
12,2755.2
13,2755.2
28,2755.3
29,2755.8
14,2756.2
20,2756.8
4,2757.1
22,2757.3
24,2758.5
25,2758.7
13,2758.9
1,2759.4
0,2759.6
10,2759.8
30,2759.8
12,2759.9
15,2760.1
23,2760.5
21,2760.6
5,2761.1
11,2761.3
28,2761.5
20,2761.7
4,2761.9
14,2762.4
13,2764.5
29,2764.8
22,2764.9
7,2765.9
19,2766.9
12,2768.1
20,2768.9
4,2769.2
24,2770.4
28,2771.1
1,2773.8
13,2774.2
10,2775.9
14,2776.4
23,2782.3
15,2782.6
4,2788.0
20,2789.9
5,2790.2
13,2805.3
13,3132.6
12,3133.3
14,3133.6
20,3133.8
4,3133.9
22,3134.0
24,3134.0
15,3134.1
10,3134.2
5,3134.3
1,3134.3
21,3134.3
23,3134.5
7,3134.6
11,3134.6
28,3134.7
29,3135.2
13,3135.2
25,3136.3
12,3136.8
0,3136.8
30,3136.8
14,3137.4
13,3137.6
19,3137.7
26,3137.8
20,3137.9
4,3138.0
22,3138.1
2,3138.3
24,3138.4
15,3138.7
1,3138.9
10,3139.0
21,3139.0
5,3139.1
23,3139.1
11,3139.6
13,3140.5
7,3140.5
12,3141.0
28,3141.4
29,3141.8
14,3142.1
20,3142.6
4,3143.1
22,3143.1
13,3144.3
24,3144.5
1,3145.2
25,3145.5
12,3145.8
10,3145.9
15,3146.2
0,3146.3
23,3146.3
30,3146.7
11,3147.3
21,3147.3
5,3147.7
28,3147.8
20,3148.0
4,3148.3
14,3148.7
13,3150.0
22,3151.0
29,3151.5
12,3154.8
20,3155.3
4,3156.0
7,3156.2
28,3157.8
13,3161.6
24,3161.9
14,3166.4
1,3167.8
13,3212.3
12,3213.1
14,3213.3
20,3213.6
24,3213.7
4,3213.7
22,3213.8
15,3213.9
5,3214.0
10,3214.0
1,3214.1
21,3214.1
23,3214.2
7,3214.3
11,3214.4
28,3214.5
29,3215.0
13,3215.0
25,3216.0
30,3216.3
0,3216.5
12,3216.5
14,3217.0
13,3217.2
19,3217.3
26,3217.5
20,3217.6
4,3217.7
2,3217.9
22,3217.9
24,3218.2
15,3218.3
23,3218.6
5,3218.6
10,3218.7
1,3218.7
21,3218.7
11,3219.4
13,3220.0
7,3220.1
12,3220.3
28,3220.4
29,3221.1
14,3221.2
20,3221.9
4,3222.3
22,3222.5
13,3223.7
24,3223.9
25,3224.7
1,3224.9
10,3225.1
12,3225.2
0,3225.4
15,3225.4
30,3225.6
23,3225.7
28,3226.5
5,3226.5
21,3226.6
20,3226.7
11,3226.8
4,3227.1
14,3227.6
13,3229.1
22,3230.3
29,3231.1
7,3234.0
12,3234.0
20,3234.2
4,3234.8
28,3236.9
24,3237.7
13,3239.1
14,3245.3
1,3247.2
10,3251.7
13,3292.3
12,3293.0
14,3293.3
20,3293.6
4,3293.6
24,3293.7
22,3293.7
15,3293.8
10,3294.0
1,3294.0
5,3294.0
21,3294.0
23,3294.2
7,3294.3
11,3294.4
28,3294.4
29,3294.9
13,3295.0
25,3296.0
30,3296.3
0,3296.4
12,3296.4
14,3297.0
19,3297.2
13,3297.4
26,3297.4
20,3297.6
4,3297.6
2,3297.8
22,3297.9
24,3298.0
15,3298.3
1,3298.5
21,3298.5
10,3298.6
5,3298.6
23,3298.7
11,3299.2
7,3300.1
13,3300.1
12,3300.2
28,3300.5
29,3301.0
14,3301.3
20,3301.9
4,3302.2
22,3302.5
13,3303.8
24,3303.8
25,3304.7
1,3304.8
12,3305.0
10,3305.1
15,3305.4
23,3305.6
30,3305.8
0,3306.0
21,3306.1
5,3306.5
28,3306.7
20,3306.9
11,3306.9
4,3307.1
14,3307.9
13,3309.2
22,3310.3
29,3310.8
12,3313.5
7,3313.8
20,3314.2
4,3314.8
28,3316.9
24,3317.7
13,3319.2
1,3326.6
14,3327.4
13,3372.3
12,3373.0
14,3373.3
20,3373.6
4,3373.6
22,3373.7
24,3373.7
15,3373.9
21,3374.0
10,3374.0
5,3374.0
1,3374.0
23,3374.2
7,3374.3
11,3374.4
28,3374.4
29,3374.9
13,3375.0
25,3376.0
30,3376.4
0,3376.4
12,3376.5
14,3377.0
19,3377.2
13,3377.4
26,3377.4
20,3377.6
4,3377.6
22,3377.9
2,3377.9
24,3378.0
15,3378.3
21,3378.5
1,3378.5
5,3378.6
10,3378.6
23,3378.8
11,3379.2
13,3380.1
7,3380.1
12,3380.3
28,3380.5
29,3381.0
14,3381.3
20,3381.9
4,3382.2
22,3382.5
24,3383.8
13,3383.8
25,3384.4
1,3384.7
12,3385.1
10,3385.1
15,3385.4
23,3385.8
30,3385.9
21,3386.0
0,3386.0
5,3386.4
28,3386.7
20,3386.9
11,3386.9
4,3387.1
14,3387.9
13,3389.2
22,3390.3
29,3390.8
7,3393.9
12,3393.9
20,3394.2
4,3394.8
28,3396.9
24,3397.7
13,3399.2
1,3407.8
14,3408.2
13,3757.9
12,3758.3
20,3758.8
4,3758.9
24,3759.0
26,3759.1
1,3759.3
10,3759.3
21,3759.4
5,3759.4
11,3759.6
28,3759.7
22,3759.9
14,3760.1
29,3760.2
13,3761.0
25,3761.4
30,3761.8
12,3761.8
0,3761.8
7,3762.2
19,3762.7
20,3762.8
15,3762.8
4,3763.0
2,3763.4
24,3763.4
26,3763.8
1,3763.9
13,3764.0
10,3764.0
21,3764.0
5,3764.1
23,3764.3
11,3764.7
12,3766.0
22,3766.1
28,3766.5
29,3766.9
14,3767.2
20,3767.6
13,3768.1
4,3768.1
24,3769.5
1,3770.2
25,3770.5
10,3770.7
12,3770.8
0,3771.6
30,3771.7
21,3772.3
26,3772.3
11,3772.5
5,3772.7
28,3772.9
20,3773.0
4,3773.3
22,3774.2
13,3774.5
29,3776.9
12,3778.8
14,3779.0
20,3780.3
4,3781.0
24,3782.3
28,3783.0
19,3785.1
1,3786.0
13,3792.3
10,3799.2
13,3837.7
12,3838.1
20,3838.6
4,3838.7
24,3838.7
26,3838.8
5,3839.0
10,3839.0
21,3839.0
1,3839.1
11,3839.4
28,3839.5
22,3839.6
14,3839.7
29,3840.0
13,3840.8
25,3841.1
30,3841.2
0,3841.3
12,3841.5
7,3841.7
19,3842.1
15,3842.1
20,3842.6
4,3842.7
2,3842.9
24,3843.0
23,3843.4
26,3843.4
21,3843.5
5,3843.6
1,3843.7
10,3843.7
13,3843.8
11,3844.4
12,3845.2
22,3845.3
28,3845.4
29,3846.1
14,3846.2
20,3846.9
4,3847.3
13,3847.8
24,3848.8
25,3849.7
1,3849.9
10,3850.0
12,3850.0
0,3850.1
30,3850.5
21,3851.1
5,3851.2
26,3851.4
28,3851.4
20,3851.7
11,3851.8
4,3852.0
22,3853.3
13,3854.2
29,3856.1
14,3857.6
12,3857.7
20,3858.8
4,3859.6
19,3860.0
24,3860.0
28,3861.7
1,3866.4
10,3868.0
13,3869.5
13,3917.7
12,3918.0
4,3918.1
20,3918.5
24,3918.7
26,3918.7
5,3918.9
10,3918.9
21,3919.0
1,3919.0
28,3919.4
11,3919.4
22,3919.6
14,3919.7
29,3919.9
13,3920.7
25,3921.0
30,3921.3
0,3921.3
12,3921.4
7,3921.8
19,3922.0
4,3922.1
15,3922.2
20,3922.4
2,3922.8
24,3923.0
26,3923.4
5,3923.5
23,3923.5
1,3923.5
21,3923.5
10,3923.6
13,3923.7
11,3924.2
12,3925.2
22,3925.2
28,3925.5
29,3926.0
14,3926.2
4,3926.7
20,3926.7
13,3927.7
24,3928.7
1,3929.7
25,3929.7
10,3930.0
12,3930.0
0,3930.2
30,3930.4
5,3931.0
21,3931.0
26,3931.5
4,3931.6
28,3931.7
20,3931.7
11,3931.9
22,3933.0
13,3933.8
29,3935.8
14,3937.3
12,3937.7
4,3938.6
20,3938.7
24,3940.6
19,3940.7
28,3941.8
13,3947.8
1,3948.1
10,3951.4
4,3960.8
13,3997.7
12,3998.0
20,3998.5
4,3998.6
26,3998.7
24,3998.7
10,3998.9
5,3998.9
21,3999.0
1,3999.0
11,3999.4
28,3999.4
22,3999.6
14,3999.8
29,3999.9
13,4000.8
25,4001.0
0,4001.3
30,4001.3
12,4001.5
7,4001.8
19,4002.1
15,4002.2
20,4002.4
4,4002.6
2,4002.9
24,4003.0
26,4003.4
21,4003.5
1,4003.5
5,4003.5
23,4003.6
10,4003.6
13,4003.8
11,4004.2
22,4005.2
12,4005.3
28,4005.5
29,4006.0
14,4006.2
20,4006.7
4,4007.2
13,4007.8
24,4008.7
25,4009.4
1,4009.7
10,4010.0
12,4010.1
0,4010.3
30,4010.5
5,4010.9
21,4011.0
26,4011.5
28,4011.7
20,4011.7
11,4011.9
4,4012.0
22,4013.0
13,4014.0
29,4015.7
14,4017.4
12,4017.9
20,4018.7
4,4019.4
24,4020.8
19,4021.3
28,4021.9
1,4027.9
13,4028.7
10,4032.3
13,4382.6
21,4383.2
12,4383.3
20,4383.8
4,4383.9
28,4383.9
14,4383.9
26,4384.1
5,4384.3
22,4384.9
23,4385.0
24,4385.1
29,4385.2
13,4385.2
18,4385.6
6,4385.9
25,4386.4
21,4386.5
1,4386.6
30,4386.8
12,4386.8
7,4387.2
10,4387.5
11,4387.6
13,4387.7
19,4387.7
15,4387.8
20,4387.8
4,4388.0
28,4388.4
2,4388.4
14,4388.5
26,4388.8
5,4389.1
21,4390.5
13,4390.8
12,4391.0
22,4391.1
23,4391.5
29,4391.9
20,4392.6
24,4393.0
4,4393.1
28,4393.3
14,4394.0
13,4394.9
18,4395.3
25,4395.5
12,4395.8
21,4396.7
30,4396.7
6,4396.7
5,4397.6
26,4397.7
20,4397.8
1,4398.3
4,4398.3
28,4398.9
22,4399.2
13,4401.3
29,4402.2
12,4404.0
14,4405.0
20,4405.0
4,4406.0
28,4409.1
21,4410.2
13,4417.3
13,4462.3
21,4462.9
12,4463.1
14,4463.6
20,4463.6
28,4463.7
26,4463.7
4,4463.7
5,4464.0
22,4464.6
23,4464.7
24,4464.8
13,4464.9
29,4465.0
18,4465.1
6,4465.4
25,4466.1
21,4466.1
1,4466.2
30,4466.3
12,4466.5
7,4466.7
10,4467.1
19,4467.2
15,4467.2
13,4467.3
11,4467.4
20,4467.6
4,4467.7
2,4467.8
14,4468.1
28,4468.2
26,4468.4
5,4468.8
21,4470.0
12,4470.2
22,4470.3
13,4470.3
23,4470.9
29,4471.1
20,4471.9
24,4471.9
4,4472.3
28,4472.9
14,4473.5
18,4473.9
13,4474.3
25,4474.7
12,4475.0
6,4475.2
30,4475.5
21,4476.0
26,4476.3
5,4476.7
20,4476.7
4,4477.1
1,4477.8
22,4478.3
28,4478.4
13,4480.4
29,4481.3
12,4483.0
20,4484.0
14,4484.7
4,4484.8
21,4489.0
28,4489.7
19,4491.3
13,4493.4
23,4493.8
13,4542.3
21,4542.9
12,4543.0
28,4543.6
4,4543.6
20,4543.6
14,4543.6
26,4543.7
5,4544.0
22,4544.6
23,4544.7
24,4544.8
29,4544.9
13,4545.0
18,4545.1
6,4545.5
25,4546.0
1,4546.1
21,4546.2
30,4546.3
12,4546.4
7,4546.7
19,4547.1
10,4547.1
15,4547.2
11,4547.3
13,4547.4
20,4547.6
4,4547.6
2,4547.7
28,4548.0
14,4548.0
26,4548.2
5,4548.6
21,4550.1
12,4550.2
22,4550.3
13,4550.4
23,4550.9
29,4551.1
20,4551.9
24,4552.1
4,4552.2
28,4552.6
14,4553.5
18,4553.8
13,4554.4
25,4554.7
12,4555.0
6,4555.0
30,4555.5
21,4556.0
26,4556.2
5,4556.5
20,4556.9
4,4557.1
1,4557.5
28,4558.1
22,4558.2
13,4560.5
29,4561.5
12,4563.0
20,4564.2
14,4564.5
4,4564.8
28,4568.5
21,4569.4
19,4570.8
13,4573.5
23,4573.9
13,4622.3
21,4622.9
12,4623.0
20,4623.6
4,4623.6
14,4623.6
28,4623.6
26,4623.7
5,4624.0
22,4624.6
23,4624.7
24,4624.8
13,4624.8
29,4624.9
18,4625.1
6,4625.5
25,4626.0
1,4626.2
21,4626.2
30,4626.4
12,4626.5
7,4626.7
19,4627.1
10,4627.2
13,4627.2
15,4627.3
11,4627.3
4,4627.6
20,4627.6
2,4627.8
14,4628.0
28,4628.2
26,4628.2
5,4628.7
13,4630.1
21,4630.1
22,4630.2
12,4630.3
23,4630.9
29,4631.1
20,4631.9
4,4632.2
24,4632.2
28,4632.9
14,4633.5
18,4633.8
13,4634.0
25,4634.4
12,4635.1
6,4635.1
30,4635.9
21,4636.0
26,4636.2
5,4636.5
20,4636.9
4,4637.1
1,4637.3
22,4638.0
28,4638.4
13,4639.8
29,4641.1
12,4643.2
20,4644.2
14,4644.5
4,4644.8
21,4649.4
28,4649.8
13,4651.4
23,4656.8
13,5007.7
12,5007.8
21,5008.2
20,5008.3
14,5008.9
28,5008.9
4,5008.9
26,5009.1
23,5010.0
24,5010.2
29,5010.2
18,5010.5
13,5010.7
12,5010.7
6,5010.9
20,5011.4
21,5011.5
1,5011.7
30,5011.8
7,5012.2
19,5012.7
15,5012.8
5,5013.0
4,5013.0
2,5013.4
14,5013.5
28,5013.5
12,5013.6
13,5013.7
26,5013.8
22,5014.2
20,5015.4
21,5015.5
23,5016.3
29,5016.9
12,5017.0
13,5017.8
24,5018.0
4,5018.1
28,5018.3
14,5019.0
20,5019.9
18,5020.0
6,5021.4
12,5021.4
21,5021.7
30,5021.7
26,5022.7
4,5023.3
28,5023.9
1,5024.0
13,5024.2
20,5024.6
22,5026.6
29,5027.3
12,5028.3
14,5030.0
4,5031.0
20,5032.7
28,5034.1
21,5036.6
13,5040.3
12,5059.2
13,5087.5
12,5087.6
21,5088.0
20,5088.1
14,5088.6
28,5088.7
4,5088.7
26,5088.8
23,5089.7
24,5089.8
29,5090.0
18,5090.1
6,5090.4
12,5090.4
13,5090.4
20,5091.2
21,5091.2
1,5091.3
30,5091.3
7,5091.7
19,5092.1
15,5092.1
5,5092.6
4,5092.7
2,5092.8
14,5093.1
12,5093.1
28,5093.2
13,5093.4
26,5093.4
22,5093.6
20,5094.9
21,5095.1
23,5095.9
29,5096.1
12,5096.3
24,5097.2
4,5097.3
13,5097.5
28,5097.9
14,5098.5
20,5099.2
18,5099.3
6,5100.2
30,5100.6
12,5100.7
21,5101.1
26,5101.4
4,5102.0
1,5102.9
28,5103.4
13,5103.8
20,5104.1
29,5106.3
22,5107.0
12,5107.5
4,5109.6
14,5109.7
20,5112.8
19,5114.2
28,5114.7
21,5115.1
13,5119.3
23,5119.5
12,5127.5
4,5130.2
13,5167.5
12,5167.5
21,5167.9
20,5168.1
4,5168.6
14,5168.6
28,5168.6
26,5168.7
23,5169.7
24,5169.8
29,5169.9
18,5170.2
12,5170.4
6,5170.5
13,5170.5
20,5171.1
21,5171.2
1,5171.2
30,5171.4
7,5171.7
19,5172.1
15,5172.2
5,5172.5
4,5172.6
2,5172.7
14,5173.0
28,5173.0
12,5173.3
26,5173.4
22,5173.5
13,5173.5
20,5174.8
21,5175.1
23,5175.9
29,5176.1
12,5176.5
24,5177.2
4,5177.2
13,5177.6
28,5177.6
14,5178.5
20,5179.1
18,5179.2
6,5180.1
12,5180.9
30,5180.9
21,5181.1
26,5181.4
4,5182.1
1,5182.6
28,5183.1
20,5183.8
13,5183.9
29,5186.5
22,5186.7
12,5187.8
14,5189.5
4,5189.5
20,5192.2
28,5193.5
19,5193.6
21,5195.3
23,5199.4
13,5200.1
12,5208.8
4,5213.2
13,5247.5
12,5247.5
21,5247.9
20,5248.1
4,5248.6
28,5248.6
14,5248.6
26,5248.7
23,5249.7
24,5249.8
29,5249.9
18,5250.2
12,5250.4
13,5250.5
6,5250.5
20,5251.1
21,5251.2
1,5251.2
30,5251.4
7,5251.7
19,5252.1
15,5252.2
5,5252.6
4,5252.6
2,5252.8
14,5253.0
28,5253.2
12,5253.3
26,5253.4
13,5253.5
22,5253.6
20,5254.8
21,5255.1
29,5256.1
23,5256.1
12,5256.5
4,5257.2
24,5257.2
13,5257.5
28,5257.9
14,5258.5
20,5259.1
18,5259.2
6,5260.5
30,5260.9
12,5260.9
21,5261.1
26,5261.4
4,5262.0
1,5262.4
28,5263.4
20,5263.8
13,5263.9
29,5266.1
22,5266.7
12,5267.8
4,5269.3
14,5269.5
20,5272.2
19,5274.8
28,5274.8
21,5275.3
13,5280.1
12,5287.7
4,5290.4
13,5632.7
12,5632.8
21,5633.2
20,5633.8
28,5633.9
4,5633.9
14,5633.9
23,5635.0
29,5635.2
26,5635.4
18,5635.5
13,5635.7
12,5635.7
6,5635.9
21,5636.5
0,5636.6
1,5636.7
30,5636.8
7,5637.2
27,5637.5
19,5637.7
20,5637.8
15,5637.8
4,5638.0
5,5638.1
2,5638.4
14,5638.5
28,5638.5
12,5638.6
13,5638.7
16,5638.7
22,5639.3
21,5640.5
23,5641.3
29,5641.9
12,5642.0
20,5642.5
13,5642.8
4,5643.1
28,5643.3
14,5644.0
26,5644.2
18,5645.0
6,5646.4
12,5646.4
21,5646.7
30,5646.7
20,5647.7
0,5647.9
4,5648.3
28,5648.9
1,5649.0
13,5649.2
22,5651.6
29,5652.3
12,5653.4
14,5655.0
20,5655.1
4,5655.4
28,5659.1
27,5659.4
23,5662.8
21,5665.1
13,5665.6
4,5676.7
12,5679.1
13,5712.5
12,5712.6
21,5713.0
14,5713.6
20,5713.6
4,5713.6
28,5713.7
23,5714.7
29,5715.0
26,5715.1
18,5715.1
13,5715.4
12,5715.4
6,5715.5
0,5716.1
21,5716.2
1,5716.3
30,5716.4
7,5716.7
27,5717.0
15,5717.1
19,5717.2
20,5717.5
5,5717.6
4,5717.6
2,5717.8
14,5718.1
12,5718.1
28,5718.2
16,5718.2
13,5718.4
22,5718.6
21,5720.1
23,5720.9
29,5721.1
12,5721.3
20,5721.8
4,5722.2
13,5722.5
28,5722.9
26,5723.3
14,5723.5
18,5723.9
6,5725.2
12,5725.6
0,5725.9
30,5726.0
21,5726.4
20,5726.7
4,5726.9
1,5727.8
28,5728.4
13,5728.8
29,5731.2
22,5732.0
12,5732.5
27,5733.7
4,5733.9
20,5734.1
14,5734.7
23,5738.4
28,5739.7
21,5742.9
13,5745.1
19,5747.5
4,5749.5
12,5750.1
13,5792.5
12,5792.5
21,5792.9
4,5793.5
20,5793.6
14,5793.6
28,5793.6
23,5794.7
29,5794.9
18,5795.1
26,5795.1
12,5795.4
6,5795.5
13,5795.5
0,5796.0
21,5796.2
1,5796.2
30,5796.4
7,5796.7
27,5796.9
19,5797.1
15,5797.2
5,5797.5
4,5797.5
20,5797.6
2,5797.7
28,5798.0
14,5798.0
16,5798.1
12,5798.3
13,5798.5
22,5798.6
21,5800.1
23,5800.8
29,5801.0
12,5801.5
20,5801.9
4,5802.1
13,5802.6
28,5802.6
26,5803.4
14,5803.5
18,5803.8
6,5805.1
0,5805.9
30,5805.9
12,5805.9
21,5806.3
4,5806.9
20,5806.9
1,5807.6
28,5808.1
13,5808.9
29,5810.9
22,5811.7
12,5812.8
4,5813.8
27,5814.1
20,5814.3
14,5814.5
23,5818.1
28,5818.5
21,5821.7
19,5824.8
13,5825.1
4,5829.9
12,5831.1
12,5872.5
13,5872.5
21,5872.9
4,5873.6
28,5873.6
20,5873.6
14,5873.6
23,5874.7
29,5874.9
26,5875.1
18,5875.1
12,5875.4
13,5875.5
6,5875.6
0,5876.0
1,5876.2
21,5876.2
30,5876.4
7,5876.7
27,5876.9
19,5877.1
15,5877.2
20,5877.6
5,5877.6
4,5877.6
2,5877.8
14,5878.0
16,5878.2
28,5878.2
12,5878.3
13,5878.5
22,5878.6
21,5880.1
23,5880.8
29,5881.0
12,5881.5
20,5881.9
4,5882.2
13,5882.5
28,5882.9
26,5883.4
14,5883.5
18,5883.8
6,5885.6
30,5885.9
12,5885.9
21,5886.1
0,5886.2
20,5886.9
4,5887.0
1,5887.4
28,5888.4
13,5888.9
29,5890.9
22,5891.7
12,5892.8
4,5894.0
20,5894.3
27,5894.4
14,5894.5
23,5898.5
28,5899.8
21,5900.7
13,5905.1
12,5911.1
4,5911.1
13,6258.0
12,6258.3
21,6258.6
20,6258.8
28,6258.9
14,6258.9
4,6259.9
23,6260.0
26,6260.4
16,6260.5
18,6260.5
6,6260.9
11,6261.0
2,6261.2
25,6261.2
13,6261.3
0,6261.6
12,6261.7
30,6261.8
5,6262.1
7,6262.2
21,6262.4
27,6262.4
19,6262.7
15,6262.8
20,6262.8
28,6263.5
14,6263.5
29,6264.3
22,6264.3
13,6265.1
12,6265.8
23,6266.3
16,6267.0
4,6267.2
20,6267.5
21,6268.0
28,6268.3
14,6269.0
26,6269.2
18,6270.0
11,6270.5
12,6270.6
13,6270.8
25,6270.8
2,6271.3
6,6271.4
30,6271.7
20,6272.7
0,6272.8
4,6273.4
28,6273.9
22,6275.9
29,6276.4
14,6277.5
12,6279.1
20,6280.0
21,6280.6
4,6281.9
19,6282.5
13,6283.6
28,6283.9
27,6288.8
13,6337.8
12,6338.1
21,6338.4
20,6338.6
14,6338.6
28,6338.7
4,6339.6
23,6339.7
16,6340.1
18,6340.1
26,6340.1
6,6340.5
11,6340.6
2,6340.8
25,6340.8
13,6341.1
0,6341.1
30,6341.4
12,6341.5
5,6341.6
7,6341.6
15,6342.0
27,6342.1
19,6342.1
21,6342.2
20,6342.5
14,6343.0
28,6343.2
22,6343.5
29,6343.6
13,6344.9
12,6345.3
23,6345.9
4,6346.0
16,6346.4
20,6346.8
21,6347.8
28,6347.9
26,6348.3
14,6348.5
18,6349.0
11,6349.3
25,6349.9
12,6350.2
2,6350.4
13,6350.6
6,6350.7
30,6351.1
0,6351.3
20,6351.7
4,6351.8
28,6353.4
22,6355.8
29,6356.5
14,6357.6
20,6358.9
12,6358.9
27,6359.6
19,6359.9
21,6360.2
4,6360.3
13,6363.0
28,6364.3
23,6368.9
13,6417.8
12,6418.0
21,6418.4
20,6418.5
14,6418.6
28,6418.6
4,6419.6
23,6419.7
18,6420.1
16,6420.1
26,6420.1
6,6420.6
11,6420.6
2,6420.8
25,6420.8
0,6421.1
13,6421.1
30,6421.4
12,6421.4
7,6421.6
5,6421.6
19,6422.0
27,6422.0
15,6422.1
21,6422.2
20,6422.6
14,6423.0
28,6423.2
22,6423.4
29,6423.5
13,6424.9
12,6425.2
23,6425.9
4,6426.0
16,6426.4
20,6426.8
21,6427.7
28,6427.9
14,6428.2
26,6428.3
18,6428.8
11,6429.3
25,6429.9
12,6430.0
2,6430.4
13,6430.6
6,6430.6
30,6431.3
0,6431.4
20,6431.8
4,6432.0
28,6433.4
22,6435.7
29,6436.3
14,6437.3
12,6438.4
20,6439.1
21,6439.5
19,6440.0
27,6440.3
4,6440.7
13,6442.9
28,6444.4
23,6447.9
13,6497.8
12,6498.0
21,6498.4
20,6498.5
14,6498.6
28,6498.6
4,6499.6
23,6499.7
26,6500.1
18,6500.1
16,6500.1
6,6500.6
11,6500.6
25,6500.8
2,6500.8
0,6501.1
13,6501.1
12,6501.4
30,6501.4
7,6501.6
5,6501.6
27,6502.0
19,6502.0
15,6502.1
21,6502.2
20,6502.4
14,6503.0
28,6503.0
22,6503.4
29,6503.6
13,6504.9
12,6505.2
23,6505.9
4,6506.1
16,6506.4
20,6506.6
28,6507.6
21,6507.7
14,6508.2
26,6508.4
18,6508.8
11,6509.3
25,6509.9
12,6510.0
2,6510.4
6,6510.6
13,6510.6
30,6511.3
0,6511.4
20,6511.7
4,6512.0
28,6513.1
22,6515.7
29,6516.4
14,6517.4
12,6518.4
20,6518.7
21,6519.5
19,6520.2
27,6520.7
4,6520.8
13,6522.9
28,6523.2
23,6528.5
13,6883.0
26,6883.5
21,6883.6
18,6883.7
16,6883.8
20,6883.8
25,6883.8
28,6883.9
14,6883.9
0,6883.9
12,6884.0
4,6884.9
23,6885.0
10,6885.8
11,6885.9
6,6885.9
2,6886.1
13,6886.3
30,6886.8
5,6887.0
7,6887.2
26,6887.3
27,6887.4
21,6887.5
20,6887.8
15,6887.8
16,6887.8
25,6888.0
18,6888.2
0,6888.4
14,6888.5
28,6888.5
12,6888.6
22,6889.3
29,6889.4
13,6890.1
23,6891.3
4,6892.2
20,6892.5
26,6892.9
21,6893.1
28,6893.3
16,6893.6
12,6893.9
14,6894.0
25,6894.4
0,6895.3
18,6895.6
11,6895.6
13,6895.8
6,6896.4
2,6896.5
30,6896.7
20,6897.7
4,6898.4
28,6898.9
10,6899.2
22,6900.9
29,6901.4
14,6902.6
12,6903.3
20,6905.0
26,6905.2
21,6905.6
4,6907.9
16,6908.1
13,6908.7
28,6908.9
25,6918.7
13,6962.8
26,6963.2
21,6963.4
25,6963.5
16,6963.5
18,6963.5
0,6963.6
20,6963.6
14,6963.6
28,6963.7
12,6963.8
4,6964.7
23,6964.7
10,6965.5
6,6965.5
11,6965.6
2,6965.8
13,6966.1
30,6966.4
5,6966.6
7,6966.7
26,6966.9
15,6966.9
27,6967.1
21,6967.2
25,6967.5
16,6967.5
20,6967.5
0,6967.8
18,6967.8
14,6968.0
28,6968.2
12,6968.3
22,6968.4
29,6968.6
13,6969.9
23,6971.1
4,6971.1
20,6971.8
26,6972.2
21,6972.7
28,6972.9
16,6973.0
25,6973.4
12,6973.5
14,6973.5
0,6974.3
11,6974.7
18,6974.8
2,6975.4
13,6975.6
6,6975.7
30,6976.0
20,6976.7
4,6977.0
10,6977.3
28,6978.4
22,6980.8
29,6982.0
26,6982.7
14,6982.7
12,6983.8
20,6983.9
21,6985.0
16,6985.3
4,6986.1
27,6987.4
13,6988.1
25,6989.3
28,6989.3
15,6992.3
0,6993.3
18,7007.5
13,7042.8
26,7043.2
18,7043.4
21,7043.4
25,7043.5
16,7043.5
20,7043.5
0,7043.6
28,7043.6
14,7043.6
12,7043.8
4,7044.6
23,7044.7
10,7045.5
11,7045.6
6,7045.6
2,7045.8
13,7046.1
30,7046.4
5,7046.6
7,7046.7
26,7046.9
15,7047.0
27,7047.0
21,7047.2
16,7047.4
25,7047.5
20,7047.6
18,7047.7
0,7047.8
14,7048.0
28,7048.2
12,7048.3
22,7048.4
29,7048.6
13,7049.9
4,7051.1
23,7051.1
20,7051.8
26,7052.2
21,7052.7
16,7052.9
28,7052.9
14,7053.2
25,7053.4
12,7053.5
0,7054.1
11,7054.4
18,7054.7
2,7055.4
13,7055.6
6,7055.6
30,7055.9
20,7056.8
4,7057.1
10,7057.4
28,7058.4
22,7060.3
29,7061.4
14,7062.4
26,7062.7
12,7063.4
20,7064.1
21,7064.4
16,7064.8
4,7066.0
13,7067.9
25,7068.5
28,7069.4
27,7069.6
0,7073.9
18,7081.9
13,7122.8
26,7123.2
21,7123.4
18,7123.4
25,7123.5
16,7123.5
20,7123.5
28,7123.6
0,7123.6
14,7123.6
12,7123.8
4,7124.6
23,7124.7
10,7125.4
11,7125.6
6,7125.6
2,7125.8
13,7126.1
30,7126.4
5,7126.6
7,7126.7
26,7126.9
15,7127.0
27,7127.0
21,7127.2
20,7127.4
16,7127.5
25,7127.5
0,7127.8
18,7127.8
14,7128.0
28,7128.2
22,7128.4
12,7128.4
29,7128.6
13,7129.9
4,7131.1
23,7131.1
20,7131.6
26,7132.2
21,7132.7
28,7132.9
16,7133.1
14,7133.2
12,7133.5
25,7133.7
11,7134.4
0,7134.4
18,7134.8
2,7135.4
6,7135.6
13,7135.6
30,7135.9
20,7136.7
4,7137.1
10,7137.5
28,7138.4
22,7140.7
29,7141.4
14,7142.5
26,7143.1
12,7143.4
20,7143.7
21,7144.4
4,7146.0
16,7146.1
13,7147.9
27,7149.2
28,7149.4
25,7150.9
0,7164.0
26,7508.5
18,7508.7
16,7508.8
20,7508.8
25,7508.8
0,7508.9
28,7508.9
6,7509.0
12,7509.0
13,7509.0
30,7509.2
14,7509.8
23,7510.0
4,7510.0
21,7510.3
10,7510.8
11,7510.9
2,7511.1
5,7512.0
26,7512.3
27,7512.4
16,7512.8
20,7512.8
25,7512.9
18,7513.2
0,7513.4
28,7513.5
30,7513.7
12,7513.8
6,7513.8
13,7514.0
22,7514.2
29,7514.4
23,7516.3
14,7517.0
4,7517.2
20,7517.5
26,7517.9
28,7518.3
16,7518.6
12,7519.1
25,7519.2
21,7519.3
30,7520.3
0,7520.3
11,7520.6
18,7520.6
2,7521.5
13,7522.0
6,7522.2
20,7522.7
4,7523.4
28,7523.9
10,7524.2
22,7526.3
29,7526.7
14,7527.2
12,7529.2
26,7529.5
20,7529.7
16,7529.9
27,7531.2
25,7532.0
4,7532.9
28,7533.1
30,7534.3
23,7539.8
26,7588.2
25,7588.5
16,7588.5
18,7588.5
0,7588.6
20,7588.6
28,7588.7
6,7588.8
13,7588.8
12,7588.8
30,7588.9
14,7589.5
23,7589.7
4,7589.7
21,7589.9
10,7590.5
11,7590.7
2,7590.8
5,7591.6
26,7591.9
27,7592.1
16,7592.5
20,7592.5
25,7592.5
18,7592.8
0,7592.8
28,7593.1
30,7593.2
6,7593.4
12,7593.4
13,7593.5
22,7593.5
29,7593.7
14,7596.0
4,7596.1
23,7596.1
20,7596.7
26,7597.2
28,7597.9
16,7598.0
25,7598.3
21,7598.6
12,7598.6
0,7599.3
30,7599.5
11,7599.8
18,7599.8
2,7600.4
13,7601.1
6,7601.5
20,7601.5
4,7602.0
10,7602.3
28,7603.4
22,7606.2
14,7606.5
26,7607.6
29,7607.9
20,7608.3
27,7608.4
16,7608.4
12,7608.8
25,7609.8
4,7611.1
30,7612.9
28,7613.0
0,7615.8
23,7617.5
26,7668.2
18,7668.4
25,7668.4
20,7668.5
16,7668.5
28,7668.6
0,7668.6
13,7668.8
6,7668.8
30,7668.8
12,7668.8
14,7669.5
4,7669.6
23,7669.7
21,7669.9
10,7670.4
11,7670.7
2,7670.8
5,7671.6
26,7671.9
27,7672.0
16,7672.4
20,7672.4
25,7672.5
18,7672.7
0,7672.8
28,7673.0
30,7673.1
12,7673.4
6,7673.4
13,7673.5
22,7673.5
29,7673.7
23,7675.9
14,7676.0
4,7676.1
20,7676.6
26,7677.2
28,7677.6
16,7677.9
25,7678.3
21,7678.5
12,7678.5
0,7679.1
30,7679.3
18,7679.7
11,7679.8
2,7680.4
13,7681.0
6,7681.4
20,7681.7
4,7682.1
10,7682.3
28,7683.1
22,7686.0
14,7686.4
29,7687.1
26,7687.5
12,7688.4
16,7688.4
20,7688.5
27,7688.7
25,7690.0
4,7691.0
28,7692.2
30,7692.5
23,7694.4
0,7696.1
26,7748.2
16,7748.4
25,7748.4
18,7748.4
20,7748.5
0,7748.6
28,7748.6
12,7748.8
30,7748.8
13,7748.8
6,7748.8
14,7749.5
4,7749.6
23,7749.7
21,7749.9
10,7750.4
11,7750.7
2,7750.8
5,7751.6
26,7751.9
27,7752.0
20,7752.4
25,7752.5
16,7752.5
0,7752.8
18,7752.8
28,7753.0
30,7753.1
12,7753.4
6,7753.4
22,7753.5
13,7753.5
29,7753.7
23,7755.9
14,7756.0
4,7756.1
20,7756.6
26,7757.2
28,7757.6
16,7758.1
25,7758.4
21,7758.5
12,7758.5
30,7759.3
0,7759.4
11,7759.8
18,7759.8
2,7760.4
13,7761.0
6,7761.4
20,7761.7
4,7762.1
10,7762.3
28,7763.1
22,7766.0
14,7766.4
29,7767.7
26,7767.7
12,7768.4
20,7768.6
16,7769.0
27,7769.1
25,7770.3
4,7771.0
28,7772.2
30,7772.7
23,7774.7
0,7779.6
26,8132.9
18,8133.0
2,8133.6
10,8133.6
25,8133.8
16,8133.8
0,8133.9
13,8134.0
6,8134.0
12,8134.0
30,8134.2
28,8134.3
20,8134.3
14,8134.9
23,8135.0
21,8135.3
9,8135.4
26,8136.0
11,8136.0
18,8136.2
5,8137.0
2,8137.4
27,8137.4
10,8137.6
16,8137.8
25,8137.9
19,8138.0
0,8138.3
30,8138.7
12,8138.8
6,8138.8
13,8139.0
4,8139.0
22,8139.3
29,8139.4
26,8139.9
20,8140.0
28,8140.3
18,8140.3
23,8141.3
14,8142.0
2,8143.2
16,8143.6
12,8144.1
10,8144.1
25,8144.2
21,8144.3
30,8145.3
0,8145.3
20,8145.6
11,8145.7
9,8145.8
26,8145.9
28,8146.4
18,8146.7
13,8147.0
6,8147.2
4,8150.7
22,8151.4
29,8151.7
14,8152.8
12,8154.2
16,8156.2
2,8156.6
20,8156.8
25,8158.0
27,8158.8
26,8159.2
30,8159.5
28,8160.3
10,8164.4
18,8166.4
23,8168.0
26,8212.7
18,8212.8
10,8213.3
2,8213.4
25,8213.5
16,8213.5
0,8213.6
12,8213.8
6,8213.8
13,8213.8
30,8213.9
28,8214.1
20,8214.1
14,8214.6
23,8214.7
21,8214.9
9,8215.0
11,8215.7
26,8215.9
18,8216.0
5,8216.6
27,8217.1
2,8217.2
10,8217.2
16,8217.5
19,8217.5
25,8217.5
0,8217.9
30,8218.2
12,8218.4
6,8218.4
13,8218.5
4,8218.6
22,8218.8
29,8218.9
20,8219.3
28,8219.6
26,8219.7
18,8220.0
14,8221.0
23,8221.1
2,8222.9
16,8223.0
10,8223.2
25,8223.4
12,8223.6
21,8223.7
0,8224.3
30,8224.5
9,8224.5
11,8224.8
20,8225.1
26,8225.7
28,8225.9
13,8226.1
18,8226.2
6,8226.5
4,8231.9
14,8232.3
22,8233.1
12,8233.8
29,8233.8
27,8234.0
16,8234.4
2,8234.9
25,8235.7
20,8237.2
30,8237.8
10,8238.0
26,8238.2
18,8240.9
28,8241.7
0,8242.3
23,8243.5
26,8292.6
18,8292.7
10,8293.2
2,8293.3
16,8293.5
25,8293.5
0,8293.6
6,8293.8
30,8293.8
13,8293.8
12,8293.8
28,8294.1
20,8294.1
14,8294.6
23,8294.7
21,8294.9
9,8294.9
11,8295.7
26,8295.8
18,8295.9
5,8296.6
27,8297.0
10,8297.1
2,8297.1
19,8297.4
16,8297.4
25,8297.5
0,8297.8
30,8298.1
6,8298.4
12,8298.4
13,8298.5
4,8298.6
22,8298.7
29,8298.8
20,8299.3
28,8299.6
26,8299.6
18,8299.8
23,8300.9
14,8301.0
2,8302.5
16,8302.9
10,8303.0
25,8303.4
12,8303.5
21,8303.5
0,8304.2
30,8304.3
9,8304.3
11,8304.8
20,8305.2
26,8305.3
18,8306.0
13,8306.0
28,8306.1
6,8306.4
4,8311.6
14,8312.1
22,8312.9
12,8313.4
29,8313.5
2,8313.7
16,8313.9
27,8314.4
25,8315.8
26,8317.1
10,8317.1
30,8317.3
20,8317.4
23,8319.7
18,8320.4
0,8322.5
28,8322.9
26,8372.6
18,8372.7
10,8373.2
2,8373.3
25,8373.5
16,8373.5
0,8373.6
30,8373.8
6,8373.8
13,8373.8
12,8373.8
20,8374.1
28,8374.1
14,8374.6
23,8374.7
21,8374.9
9,8374.9
11,8375.7
26,8375.8
18,8375.9
5,8376.6
27,8377.0
2,8377.1
10,8377.1
19,8377.4
25,8377.5
16,8377.5
0,8377.8
30,8378.1
6,8378.4
12,8378.4
13,8378.5
4,8378.6
22,8378.7
29,8378.8
20,8379.3
26,8379.6
28,8379.7
18,8379.9
23,8380.9
14,8381.0
2,8382.5
10,8383.0
16,8383.1
21,8383.5
12,8383.5
25,8383.6
30,8384.3
9,8384.3
0,8384.4
11,8384.8
20,8385.2
26,8385.5
18,8386.0
13,8386.0
28,8386.1
6,8386.4
4,8391.7
14,8392.1
22,8392.9
12,8393.4
29,8393.5
2,8393.7
16,8394.6
27,8394.6
25,8396.6
30,8397.5
20,8397.5
10,8397.9
26,8398.2
23,8399.9
18,8400.5
28,8403.3
0,8408.6
26,8757.9
18,8758.0
6,8758.3
23,8758.5
30,8758.5
10,8758.6
2,8758.6
16,8758.8
25,8758.8
0,8758.9
13,8759.1
9,8760.3
21,8760.3
12,8760.3
11,8761.0
26,8761.0
18,8761.2
20,8761.9
5,8762.0
6,8762.0
23,8762.3
30,8762.3
27,8762.4
14,8762.4
2,8762.4
10,8762.6
4,8762.8
16,8762.8
28,8762.9
25,8762.9
19,8763.0
0,8763.4
13,8764.0
26,8764.9
18,8765.3
30,8766.7
6,8766.7
23,8767.0
2,8768.2
16,8768.6
12,8768.6
10,8769.1
25,8769.2
21,8769.3
0,8770.3
11,8770.7
9,8770.8
26,8770.9
18,8771.7
13,8772.0
30,8774.0
6,8775.0
23,8775.4
2,8780.9
16,8781.3
25,8783.0
26,8783.5
18,8787.3
10,8788.7
27,8789.9
26,8837.7
18,8837.8
6,8838.1
30,8838.3
23,8838.3
10,8838.3
2,8838.4
25,8838.5
16,8838.5
0,8838.6
13,8838.8
21,8840.0
9,8840.0
12,8840.1
11,8840.7
26,8840.9
18,8841.0
20,8841.6
5,8841.6
6,8841.6
30,8841.9
14,8842.1
23,8842.1
27,8842.1
2,8842.2
10,8842.2
4,8842.4
16,8842.5
25,8842.5
28,8842.5
19,8842.6
0,8842.9
13,8843.5
26,8844.7
18,8845.0
6,8846.2
30,8846.2
23,8846.8
12,8847.9
2,8847.9
16,8848.0
10,8848.2
25,8848.4
21,8848.7
0,8849.3
9,8849.5
11,8849.8
26,8850.7
18,8851.2
13,8851.2
30,8853.2
6,8854.1
23,8855.4
16,8859.4
2,8859.7
27,8859.8
25,8860.7
10,8862.4
26,8863.0
18,8864.3
0,8867.5
30,8871.0
26,8917.6
18,8917.7
6,8918.1
30,8918.2
10,8918.2
2,8918.3
23,8918.3
16,8918.5
25,8918.5
0,8918.6
13,8918.8
9,8919.9
21,8920.0
12,8920.1
11,8920.7
26,8920.8
18,8920.9
20,8921.6
5,8921.6
6,8921.6
30,8921.8
27,8922.0
14,8922.1
23,8922.1
10,8922.1
2,8922.1
16,8922.4
4,8922.4
25,8922.5
19,8922.5
28,8922.6
0,8922.8
13,8923.5
26,8924.6
18,8924.8
30,8926.0
6,8926.2
23,8926.8
2,8927.5
12,8927.9
16,8927.9
10,8928.0
25,8928.4
21,8928.6
0,8929.2
9,8929.3
11,8929.8
26,8930.3
18,8930.8
13,8931.1
30,8932.7
6,8934.1
23,8935.1
2,8938.6
16,8938.9
25,8940.8
10,8941.5
26,8942.0
27,8942.1
18,8943.2
0,8947.6
30,8949.4
26,8997.6
18,8997.7
6,8998.1
10,8998.2
30,8998.2
2,8998.3
23,8998.3
16,8998.5
25,8998.5
0,8998.6
13,8998.8
9,8999.9
21,9000.0
12,9000.1
11,9000.7
26,9000.8
18,9000.9
20,9001.6
6,9001.6
5,9001.6
30,9001.8
27,9002.0
14,9002.1
2,9002.1
23,9002.1
10,9002.1
4,9002.4
25,9002.5
16,9002.5
19,9002.5
28,9002.6
0,9002.8
13,9003.5
26,9004.6
18,9004.9
30,9006.0
6,9006.1
23,9006.8
2,9007.5
12,9007.9
10,9008.0
16,9008.1
25,9008.6
21,9008.6
9,9009.3
0,9009.5
11,9009.8
26,9010.3
18,9011.0
13,9011.1
30,9012.7
6,9014.1
23,9015.1
2,9018.6
16,9019.6
25,9022.0
26,9022.1
10,9022.3
27,9022.4
18,9024.4
30,9030.2
0,9034.0
26,9382.9
18,9383.0
2,9383.2
6,9383.3
10,9383.6
25,9383.8
16,9383.8
0,9383.9
23,9384.0
21,9384.2
30,9384.4
5,9384.5
9,9385.3
13,9385.4
12,9385.4
26,9386.0
11,9386.0
18,9386.2
2,9386.5
6,9386.9
20,9387.0
15,9387.3
14,9387.4
27,9387.4
10,9387.6
4,9387.7
29,9387.8
16,9387.8
25,9387.9
28,9388.0
19,9388.0
0,9388.4
23,9388.5
21,9389.0
30,9389.4
26,9389.9
5,9390.0
18,9390.3
2,9390.7
6,9391.6
16,9393.6
12,9393.6
10,9394.1
25,9394.2
0,9395.3
11,9395.7
9,9395.8
26,9395.9
13,9396.0
23,9396.1
18,9396.7
2,9397.2
21,9397.4
30,9399.0
6,9399.9
5,9401.2
16,9406.3
15,9407.3
25,9408.0
26,9408.6
2,9411.7
10,9413.8
18,9416.2
27,9418.4
26,9462.7
18,9462.8
2,9463.0
6,9463.1
10,9463.3
16,9463.5
25,9463.5
0,9463.6
23,9463.7
21,9463.9
30,9464.1
5,9464.2
9,9465.0
12,9465.1
13,9465.1
11,9465.7
26,9465.9
18,9466.0
2,9466.4
6,9466.6
20,9466.7
15,9466.8
27,9467.1
14,9467.1
10,9467.2
29,9467.4
4,9467.4
25,9467.5
16,9467.5
19,9467.6
28,9467.6
0,9467.8
23,9468.3
21,9468.6
30,9468.9
5,9469.3
26,9469.7
18,9470.0
2,9470.4
6,9471.2
12,9472.9
16,9473.0
10,9473.2
25,9473.4
0,9474.3
9,9474.4
11,9474.8
13,9475.3
26,9475.7
23,9475.7
18,9476.2
2,9476.6
21,9476.6
30,9477.9
6,9479.1
5,9479.5
15,9482.9
16,9484.4
27,9484.9
25,9485.7
10,9487.4
26,9488.0
2,9490.4
18,9490.9
0,9491.5
26,9542.6
18,9542.7
2,9542.9
6,9543.1
10,9543.2
25,9543.5
16,9543.5
0,9543.6
23,9543.7
21,9543.9
30,9544.0
5,9544.2
9,9544.9
12,9545.1
13,9545.2
11,9545.7
26,9545.8
18,9545.9
2,9546.3
6,9546.6
20,9546.7
15,9546.7
27,9547.0
10,9547.1
14,9547.1
4,9547.3
29,9547.3
16,9547.4
25,9547.5
19,9547.5
28,9547.7
0,9547.8
23,9548.1
21,9548.6
30,9549.0
5,9549.3
26,9549.6
18,9549.8
2,9550.3
6,9551.2
12,9552.9
16,9552.9
10,9553.0
25,9553.4
0,9554.1
9,9554.2
11,9554.8
13,9555.1
26,9555.3
23,9555.5
18,9556.0
2,9556.4
21,9556.6
30,9557.9
6,9559.1
5,9559.6
16,9563.9
15,9564.1
25,9565.8
10,9566.5
26,9567.0
27,9567.2
2,9570.3
18,9570.4
0,9571.7
26,9622.6
18,9622.7
2,9622.9
6,9623.1
10,9623.2
16,9623.5
25,9623.5
0,9623.6
23,9623.7
21,9623.8
30,9624.0
5,9624.2
9,9624.9
12,9625.1
13,9625.2
11,9625.7
26,9625.8
18,9625.9
2,9626.3
6,9626.6
15,9626.7
20,9626.7
27,9627.0
10,9627.1
14,9627.1
29,9627.3
4,9627.3
25,9627.5
19,9627.5
16,9627.5
28,9627.7
0,9627.8
23,9628.1
21,9628.6
30,9629.0
5,9629.3
26,9629.6
18,9629.9
2,9630.3
6,9631.1
12,9632.9
10,9633.0
16,9633.1
25,9633.6
9,9634.2
0,9634.4
11,9634.8
13,9635.2
26,9635.3
23,9635.5
18,9636.0
2,9636.4
21,9636.6
30,9637.9
6,9639.1
5,9639.6
15,9644.5
16,9644.6
25,9647.0
26,9647.1
10,9647.3
27,9647.5
2,9650.4
18,9650.5
0,9656.1
