0,26.0
35,26.0
34,26.0
33,26.0
32,26.0
31,26.0
30,26.0
29,26.0
28,26.0
27,26.0
26,26.0
36,26.0
25,26.0
23,26.0
22,26.0
21,26.0
20,26.0
19,26.0
18,26.0
17,26.0
16,26.0
15,26.0
14,26.0
24,26.0
13,26.0
37,26.0
39,26.0
62,26.0
61,26.0
60,26.0
59,26.0
58,26.0
57,26.0
56,26.0
55,26.0
54,26.0
53,26.0
38,26.0
52,26.0
50,26.0
49,26.0
48,26.0
47,26.0
46,26.0
45,26.0
44,26.0
43,26.0
42,26.0
40,26.0
51,26.0
12,26.0
41,26.0
3,26.0
2,26.0
1,26.0
4,26.0
10,26.0
8,26.0
7,26.0
11,26.0
5,26.0
6,26.0
9,26.0
26,106.9
29,107.0
44,107.7
50,109.6
8,113.2
7,113.5
48,113.6
18,114.0
24,117.6
4,118.0
52,118.7
2,118.9
40,119.1
53,119.5
28,119.5
54,119.5
57,119.7
56,121.9
21,122.6
31,122.7
6,124.0
61,124.3
25,125.8
9,125.9
41,126.4
11,129.4
15,132.2
3,133.3
50,133.3
47,134.6
10,134.6
8,135.6
31,135.7
26,137.4
49,138.3
48,139.1
29,140.4
7,141.3
53,142.4
25,145.1
19,146.5
33,147.8
14,148.4
6,149.2
55,149.3
59,151.4
23,151.5
31,152.1
4,152.9
50,153.3
57,153.9
60,154.0
11,154.9
15,155.7
35,155.7
16,157.6
42,158.3
54,159.3
8,159.8
10,160.5
49,162.3
48,162.4
41,163.7
2,164.1
26,164.9
43,165.9
52,166.0
9,166.0
31,174.7
1,186.8
50,189.8
31,190.4
44,191.2
18,193.8
60,194.0
8,195.6
25,196.8
7,197.2
40,197.3
20,197.8
26,199.2
62,199.2
4,199.5
11,200.0
31,200.7
49,202.6
15,202.7
6,203.0
29,203.8
53,204.4
47,204.6
14,205.9
50,206.3
43,207.0
57,207.3
61,209.6
10,209.6
59,209.9
1,210.5
31,211.3
8,212.2
48,217.4
26,218.7
25,218.9
7,219.2
4,224.3
31,227.2
41,233.2
43,233.7
1,236.4
59,251.4
50,257.7
31,270.1
11,273.2
50,274.0
49,274.7
6,275.1
15,275.2
26,275.3
7,276.1
10,277.1
8,277.3
14,278.0
31,279.3
25,281.4
53,281.9
29,282.5
47,283.9
4,283.9
48,284.3
18,285.4
59,287.6
31,288.6
10,291.7
50,293.1
49,294.0
26,294.4
8,296.5
6,296.9
25,297.3
7,299.6
31,299.7
15,301.6
9,302.4
48,303.3
53,306.4
59,311.5
46,313.1
25,315.6
41,318.6
31,324.7
10,543.2
29,564.4
14,582.0
11,625.5
4,641.2
45,643.9
55,644.5
29,648.9
26,650.0
48,650.1
50,650.3
8,651.7
7,653.7
53,653.9
6,654.3
11,655.6
31,658.1
10,661.1
25,661.5
9,662.0
52,666.5
51,666.5
15,667.3
49,667.5
50,668.2
31,668.4
8,668.4
56,668.9
47,669.2
48,670.4
2,670.7
4,670.7
26,671.9
33,672.4
6,672.4
53,673.0
29,673.7
7,674.3
14,674.6
11,674.7
25,675.1
10,676.7
59,677.2
31,679.1
57,679.6
55,680.4
54,681.0
49,684.3
50,684.6
8,685.4
21,685.6
15,686.1
48,686.8
9,688.5
31,689.4
41,689.8
44,689.8
24,689.8
46,690.7
26,690.9
51,691.6
25,694.0
23,694.8
6,694.9
10,696.0
4,696.1
16,696.3
45,696.5
42,698.4
60,699.5
43,701.1
1,704.4
31,709.4
57,709.6
15,715.9
29,724.0
16,724.5
50,724.8
60,730.3
31,734.9
57,735.0
49,737.0
41,737.7
6,738.1
7,739.5
50,741.1
18,741.3
14,742.0
8,742.0
26,743.7
40,744.0
16,744.4
11,744.5
53,744.6
48,744.9
31,745.8
15,748.7
47,751.1
25,753.3
59,753.5
4,753.7
57,758.1
31,758.6
26,766.1
16,791.2
29,803.0
50,804.1
45,806.8
48,806.9
4,811.4
26,811.6
31,812.4
2,814.0
7,814.6
8,814.7
6,815.9
49,819.3
50,819.8
10,820.1
31,821.2
25,822.3
53,823.2
15,823.7
14,823.8
11,823.9
48,828.4
47,829.1
8,829.8
31,830.2
29,830.7
26,830.8
6,832.9
4,832.9
7,833.3
59,833.7
10,834.1
25,834.4
49,835.5
50,839.7
51,840.5
55,840.6
31,841.0
9,843.1
53,847.4
25,852.8
31,856.8
10,859.6
29,883.2
26,886.0
31,892.4
50,895.8
8,899.1
31,903.4
6,903.7
7,904.4
14,905.6
59,905.7
15,905.8
4,908.5
41,909.7
26,910.7
25,910.9
49,911.0
47,914.5
50,914.5
31,916.1
53,916.4
11,917.4
8,918.5
10,929.2
57,929.6
59,929.7
16,931.6
26,934.6
4,935.5
57,952.8
16,954.0
23,954.3
2,991.0
31,1075.9
48,1104.5
7,1122.0
6,1153.3
14,1201.7
15,1230.4
45,1269.4
29,1274.7
48,1274.8
26,1275.6
50,1275.6
8,1276.1
7,1278.9
6,1279.8
53,1279.9
2,1281.2
11,1282.8
9,1283.9
31,1284.0
4,1284.2
57,1287.5
25,1288.1
10,1289.8
35,1291.8
47,1292.5
15,1292.6
49,1293.1
8,1293.4
50,1293.5
52,1293.7
31,1294.4
55,1295.1
48,1296.2
26,1297.8
53,1298.7
7,1299.0
6,1299.1
33,1299.6
14,1299.8
56,1300.5
51,1300.8
59,1301.7
29,1302.0
11,1302.2
25,1303.7
31,1306.4
10,1306.8
23,1307.4
4,1308.0
16,1308.5
57,1309.7
50,1310.2
8,1310.2
49,1311.1
54,1311.6
41,1311.7
2,1312.3
15,1312.9
48,1314.6
9,1314.7
24,1315.3
31,1317.4
26,1318.7
7,1320.3
47,1321.8
60,1324.7
42,1326.2
10,1328.9
23,1333.4
31,1336.8
16,1345.8
57,1347.1
15,1348.4
29,1348.4
45,1350.1
41,1350.3
44,1352.8
50,1357.3
31,1360.3
7,1363.4
6,1364.1
8,1366.3
40,1366.3
14,1367.9
25,1368.3
26,1369.4
11,1370.5
31,1371.3
18,1372.7
50,1373.7
4,1374.4
53,1374.8
49,1375.0
47,1376.4
15,1379.4
59,1379.6
31,1384.3
8,1385.7
7,1386.6
26,1391.2
25,1392.2
50,1430.7
2,1434.7
31,1437.6
11,1440.8
26,1441.7
6,1443.6
29,1444.2
8,1444.4
49,1445.1
10,1445.3
47,1445.6
7,1445.9
31,1446.4
50,1446.9
4,1446.9
14,1447.9
48,1448.3
41,1448.3
25,1450.7
53,1453.9
31,1455.2
15,1456.0
55,1456.4
51,1456.5
59,1458.3
10,1459.5
26,1460.4
8,1460.4
6,1462.4
44,1463.0
25,1463.7
49,1463.8
31,1466.2
11,1467.5
48,1467.7
7,1468.2
4,1469.6
50,1470.2
29,1470.4
47,1472.1
10,1481.1
31,1481.5
26,1510.7
50,1520.7
31,1521.2
25,1528.7
8,1529.5
6,1530.0
7,1530.7
41,1531.3
59,1531.3
31,1533.5
14,1533.8
18,1534.2
26,1535.9
40,1537.0
49,1537.3
47,1538.3
4,1539.1
53,1540.1
50,1540.1
11,1543.5
15,1544.0
31,1547.0
25,1550.8
8,1552.8
57,1559.2
23,1559.5
16,1561.4
16,1611.4
26,1699.4
31,1710.8
29,1728.9
48,1742.6
7,1749.0
57,1761.3
6,1765.5
55,1782.7
9,1789.2
4,1793.9
10,1809.0
51,1812.4
2,1831.6
45,1894.6
29,1899.2
48,1899.7
26,1900.3
8,1900.5
50,1900.8
9,1903.5
7,1903.5
53,1904.2
6,1905.2
2,1905.5
11,1906.5
4,1908.1
31,1908.9
57,1912.5
25,1913.0
10,1914.5
47,1916.3
59,1916.8
55,1916.8
52,1917.3
35,1917.3
8,1918.0
49,1918.2
15,1918.3
50,1918.8
31,1919.6
44,1919.6
48,1921.1
26,1922.9
24,1923.6
53,1923.7
51,1923.7
33,1923.8
7,1923.9
6,1924.8
14,1925.2
11,1926.0
29,1926.4
56,1927.0
43,1927.4
25,1928.5
41,1930.3
31,1931.4
10,1931.5
23,1931.7
4,1932.1
9,1933.6
54,1933.8
8,1934.4
16,1934.6
57,1935.4
50,1935.5
49,1936.4
2,1936.9
48,1939.4
15,1940.8
59,1942.1
55,1943.3
26,1945.2
31,1948.6
25,1951.9
60,1952.7
42,1953.0
1,1955.0
40,1962.7
41,1968.2
29,1971.6
57,1972.3
7,1976.3
50,1982.4
16,1984.9
31,1985.2
18,1990.7
6,1991.4
14,1991.9
8,1993.5
11,1994.0
31,1995.0
47,1995.9
7,1996.5
15,1996.5
26,1998.3
4,1998.9
50,1998.9
10,1999.0
49,1999.9
25,2003.9
31,2005.6
59,2012.0
31,2024.8
29,2054.4
26,2055.1
50,2055.5
45,2057.1
31,2065.3
8,2066.4
7,2067.3
11,2068.5
6,2069.4
4,2070.2
49,2070.6
41,2070.9
47,2071.3
50,2071.9
10,2072.3
14,2073.7
31,2074.2
25,2076.3
26,2077.7
48,2077.8
40,2078.1
53,2078.2
15,2079.2
51,2080.8
8,2082.4
59,2082.5
31,2083.3
44,2083.8
10,2087.0
7,2087.1
6,2088.9
18,2089.1
49,2089.9
29,2091.6
4,2091.7
55,2092.4
25,2092.9
31,2093.9
50,2094.6
9,2096.3
47,2098.6
26,2100.6
31,2114.1
50,2144.1
31,2145.1
29,2145.8
8,2148.1
11,2148.9
26,2149.6
25,2151.0
6,2151.9
7,2151.9
41,2152.6
14,2153.9
31,2155.5
48,2156.6
10,2156.7
47,2158.7
53,2158.7
49,2160.0
15,2160.5
50,2161.0
59,2161.1
4,2161.4
57,2164.2
8,2164.6
31,2166.4
55,2166.8
40,2168.0
51,2168.1
26,2168.8
25,2173.0
16,2177.3
10,2178.3
57,2186.2
18,2188.5
31,2190.8
50,2370.1
7,2386.3
6,2435.7
11,2440.8
2,2518.7
4,2519.5
45,2519.5
29,2524.7
48,2525.3
50,2526.6
8,2526.7
26,2527.1
9,2529.1
7,2530.1
53,2530.3
6,2530.8
11,2532.2
31,2533.9
25,2539.2
10,2539.9
57,2539.9
14,2541.8
59,2541.9
47,2541.9
55,2542.0
15,2542.8
35,2543.5
49,2543.6
52,2543.7
8,2544.0
50,2544.6
31,2544.6
44,2544.9
48,2547.0
4,2547.8
51,2548.6
26,2549.2
53,2549.4
7,2550.5
6,2551.3
11,2552.0
29,2552.1
2,2554.0
33,2555.3
25,2555.5
31,2556.0
10,2556.2
41,2557.1
9,2559.9
16,2559.9
56,2560.3
8,2561.0
24,2561.6
50,2561.6
49,2562.1
57,2562.8
54,2563.7
14,2564.7
15,2566.4
48,2566.7
59,2568.2
55,2569.8
26,2571.6
4,2577.0
42,2578.2
60,2579.5
40,2595.2
50,2606.5
31,2606.7
26,2607.5
29,2609.4
57,2610.7
48,2611.7
7,2612.6
15,2613.5
18,2613.9
8,2614.1
47,2614.1
6,2615.3
41,2615.7
31,2617.7
25,2618.6
11,2618.6
16,2621.2
50,2622.1
49,2623.6
14,2626.8
31,2628.2
26,2629.1
8,2630.1
4,2630.6
44,2630.9
7,2631.9
10,2634.8
59,2636.9
15,2638.1
31,2642.7
26,2675.1
50,2678.9
31,2687.4
6,2689.2
45,2691.2
29,2691.3
47,2693.9
25,2693.9
50,2694.9
11,2695.2
49,2695.4
8,2695.8
7,2696.1
31,2696.9
10,2697.4
41,2701.0
26,2701.0
53,2702.7
40,2703.3
48,2703.7
15,2705.4
4,2705.8
31,2706.2
59,2706.2
51,2706.3
14,2708.0
55,2708.0
6,2708.4
18,2708.9
25,2709.9
10,2711.9
49,2714.6
50,2714.6
31,2716.6
8,2717.2
47,2717.6
7,2718.0
26,2722.1
29,2724.6
59,2732.9
31,2738.5
50,2768.2
31,2770.3
29,2770.5
6,2772.7
11,2773.9
26,2775.2
8,2775.5
7,2776.2
48,2778.2
41,2779.5
10,2779.8
31,2780.5
4,2780.9
25,2781.1
47,2783.0
53,2783.1
49,2784.6
50,2784.7
15,2785.5
14,2788.4
59,2789.7
55,2791.6
31,2792.2
51,2792.2
8,2793.5
26,2794.2
57,2795.2
18,2795.9
40,2797.8
6,2798.4
25,2799.2
10,2800.4
16,2802.0
4,2806.3
31,2813.1
59,2817.5
57,2837.1
50,2982.1
48,2997.6
7,3024.2
53,3026.9
47,3054.3
9,3139.2
11,3141.9
29,3144.2
48,3144.3
26,3145.5
50,3145.6
8,3146.4
53,3148.5
35,3149.1
7,3149.1
23,3149.6
6,3149.6
2,3149.6
45,3150.3
4,3151.0
57,3152.4
44,3153.6
55,3154.4
10,3155.1
43,3155.3
52,3156.0
41,3156.1
15,3156.5
27,3156.9
47,3157.0
25,3157.3
24,3157.8
9,3158.8
40,3159.8
33,3160.2
56,3160.6
18,3160.9
48,3162.0
31,3162.1
49,3162.2
32,3162.3
29,3162.6
54,3162.8
11,3162.8
13,3163.8
51,3164.3
8,3164.3
28,3164.7
1,3164.8
14,3164.9
26,3165.0
7,3165.1
21,3165.4
50,3165.6
30,3166.0
46,3167.0
3,3168.2
42,3168.8
53,3169.1
34,3169.6
16,3170.7
38,3171.1
62,3171.5
6,3171.5
22,3171.6
36,3172.4
2,3172.8
19,3173.0
61,3173.6
35,3174.0
4,3174.1
57,3174.3
55,3174.6
45,3175.3
37,3175.9
44,3176.1
60,3176.1
23,3177.0
10,3177.3
20,3177.5
41,3177.5
15,3177.6
58,3177.9
17,3178.1
0,3178.4
59,3178.4
12,3179.0
43,3179.3
47,3179.6
18,3180.4
52,3180.7
40,3181.0
5,3181.9
8,3182.0
25,3182.5
48,3182.6
29,3182.9
56,3183.9
54,3184.0
27,3184.8
7,3185.3
26,3185.4
39,3186.0
14,3186.6
11,3187.5
31,3187.6
24,3188.7
50,3189.0
33,3189.4
49,3190.3
1,3191.7
16,3195.6
19,3196.7
61,3199.7
62,3200.1
60,3202.3
57,3204.6
41,3205.3
55,3219.8
44,3220.2
18,3220.8
9,3221.1
29,3221.8
45,3222.3
4,3222.6
6,3223.1
53,3223.7
50,3226.1
26,3226.3
48,3227.0
43,3227.6
7,3227.9
8,3230.2
23,3230.8
40,3231.8
10,3233.3
2,3234.1
11,3235.6
20,3237.3
57,3237.7
41,3240.1
31,3246.9
44,3249.2
50,3255.0
55,3258.3
18,3266.7
54,3298.9
29,3299.3
48,3299.6
26,3300.2
9,3300.4
7,3301.1
8,3301.4
53,3302.0
6,3302.6
45,3302.6
4,3303.9
50,3306.7
15,3307.3
35,3309.9
11,3311.7
47,3312.6
55,3314.2
32,3314.2
2,3314.9
44,3315.1
57,3315.4
41,3317.6
18,3318.4
29,3318.4
40,3318.5
48,3318.5
31,3319.6
10,3319.7
8,3321.0
7,3321.4
26,3321.6
14,3324.0
33,3324.0
9,3324.6
50,3325.0
53,3326.2
6,3328.3
56,3328.6
51,3329.3
54,3330.4
52,3333.5
25,3334.7
11,3334.7
23,3334.9
34,3335.2
45,3335.5
4,3336.6
37,3337.5
15,3338.4
61,3338.6
49,3339.4
20,3341.3
36,3342.2
19,3342.6
31,3342.7
55,3342.8
47,3343.3
62,3343.4
8,3344.0
35,3345.3
48,3346.7
57,3347.0
12,3348.0
29,3348.3
41,3348.4
43,3348.6
44,3349.3
40,3350.0
18,3351.1
7,3351.9
26,3352.7
16,3356.0
60,3357.3
14,3357.7
59,3365.9
54,3366.6
17,3367.0
61,3373.3
39,3376.3
1,3376.5
50,3378.6
19,3380.7
55,3381.2
2,3383.5
29,3384.5
21,3385.4
26,3386.1
44,3386.2
53,3386.9
45,3387.2
48,3387.9
18,3388.6
41,3389.9
57,3391.1
8,3391.3
7,3391.7
40,3391.9
11,3392.4
31,3392.7
9,3392.9
6,3394.0
20,3395.0
4,3395.9
15,3397.1
50,3397.7
23,3398.4
43,3400.2
62,3403.7
31,3411.0
61,3412.1
54,3412.2
55,3413.1
8,3417.4
33,3418.3
44,3419.4
45,3420.1
60,3420.3
50,3420.7
19,3421.5
36,3421.7
41,3424.2
18,3425.2
42,3426.0
35,3427.5
26,3427.7
7,3427.8
59,3429.4
16,3430.2
56,3432.0
11,3435.0
40,3435.3
14,3440.4
29,3448.6
15,3449.4
57,3452.8
44,3457.2
61,3458.4
31,3458.6
55,3459.3
54,3459.8
19,3463.0
18,3463.2
20,3463.4
37,3465.8
41,3466.2
8,3466.9
34,3467.0
60,3468.6
58,3471.2
48,3472.8
36,3473.0
26,3491.7
7,3493.7
39,3493.8
17,3497.1
62,3497.7
33,3500.0
44,3503.5
14,3503.7
32,3503.9
29,3505.8
53,3510.4
3,3515.3
22,3517.0
10,3518.0
8,3521.4
15,3523.6
54,3523.9
61,3524.6
2,3524.7
56,3524.8
27,3525.9
34,3526.4
28,3526.7
41,3528.2
40,3528.3
19,3528.3
50,3530.1
52,3530.2
13,3531.0
38,3531.1
55,3531.3
25,3531.7
18,3532.1
26,3532.4
57,3533.6
24,3534.3
47,3535.2
7,3535.3
30,3536.1
44,3538.4
12,3539.3
60,3541.2
43,3541.3
58,3542.8
46,3543.2
14,3543.6
48,3544.3
1,3545.3
53,3546.0
29,3546.5
16,3547.5
4,3547.6
35,3547.7
20,3547.8
33,3547.8
8,3547.9
49,3549.2
31,3549.3
11,3550.0
42,3550.3
21,3550.5
37,3551.7
32,3552.7
22,3552.8
10,3553.0
36,3553.5
54,3553.5
61,3553.5
3,3553.7
0,3553.7
62,3553.9
6,3553.9
23,3553.9
15,3554.0
5,3554.2
17,3555.4
56,3555.5
19,3556.6
45,3556.8
34,3557.2
50,3557.3
40,3558.5
28,3558.8
18,3559.9
39,3560.0
55,3560.1
52,3560.6
7,3560.8
41,3561.0
9,3561.2
26,3561.2
25,3562.2
57,3562.8
51,3564.2
27,3564.4
2,3564.8
44,3565.8
59,3566.5
47,3567.2
60,3567.5
53,3567.9
14,3568.1
48,3568.2
24,3568.8
8,3569.6
43,3571.8
12,3572.5
29,3572.7
30,3572.9
4,3573.2
58,3574.8
16,3577.0
49,3577.4
13,3577.6
1,3577.7
11,3578.7
20,3579.5
21,3581.3
15,3582.8
61,3582.8
50,3588.5
55,3593.3
18,3599.9
6,3615.6
41,3656.4
57,3667.1
19,3677.9
26,3686.7
5,3688.4
28,3689.2
40,3689.4
3,3690.2
7,3696.3
37,3699.0
22,3701.2
56,3702.2
25,3704.4
54,3706.4
10,3707.3
31,3709.4
17,3709.9
0,3710.5
62,3710.9
45,3711.1
34,3711.2
33,3716.6
44,3717.4
18,3717.8
42,3718.2
35,3719.5
32,3719.7
23,3721.3
8,3723.5
29,3724.0
52,3725.4
26,3726.5
43,3727.1
46,3727.7
4,3728.9
7,3729.1
41,3729.2
19,3729.4
36,3729.8
50,3730.4
15,3731.1
57,3731.5
61,3731.5
14,3732.7
55,3733.6
21,3733.6
53,3733.8
40,3734.0
28,3734.3
48,3734.5
3,3735.9
58,3736.8
27,3737.4
60,3738.2
12,3738.9
20,3739.0
11,3739.4
10,3739.6
24,3739.9
1,3740.2
54,3740.3
47,3740.3
56,3740.4
5,3740.8
16,3744.0
38,3744.2
49,3744.3
51,3744.6
30,3744.7
25,3745.2
44,3745.9
8,3747.8
22,3748.5
26,3748.8
45,3749.3
37,3749.3
31,3749.9
17,3749.9
18,3750.0
34,3750.7
9,3750.7
6,3750.7
39,3750.7
29,3750.7
35,3751.4
7,3752.0
52,3752.9
62,3753.4
13,3753.6
59,3754.5
2,3754.8
0,3755.4
33,3755.7
15,3756.0
14,3756.0
43,3756.2
41,3757.0
23,3757.1
53,3757.1
50,3757.2
57,3757.3
42,3757.3
4,3758.3
32,3759.1
61,3759.3
55,3759.5
19,3759.6
48,3760.2
40,3760.6
36,3761.4
11,3763.0
21,3763.5
3,3764.0
28,3764.7
8,3766.8
26,3767.2
54,3767.6
10,3767.6
29,3768.1
46,3768.3
44,3768.3
7,3769.4
45,3769.4
60,3769.6
12,3769.6
27,3770.1
47,3770.2
56,3770.2
25,3770.5
24,3771.5
18,3771.8
1,3772.4
20,3772.8
6,3773.1
50,3773.8
2,3774.6
16,3774.9
9,3775.7
48,3778.5
41,3780.7
35,3781.5
58,3784.4
53,3784.5
31,3787.0
55,3790.1
29,3791.6
61,3813.4
50,3845.7
26,3846.1
7,3846.4
45,3847.0
8,3849.2
6,3849.8
19,3849.8
40,3850.2
44,3850.6
29,3852.4
4,3852.5
11,3853.0
48,3854.3
57,3859.1
23,3860.7
18,3862.6
41,3865.5
62,3865.5
50,3867.2
31,3870.0
7,3871.6
26,3872.4
8,3875.1
45,3875.5
29,3882.5
55,3887.0
44,3891.7
40,3895.0
19,3908.1
39,3916.8
50,3922.8
48,3923.9
2,3926.6
11,3927.2
6,3927.2
9,3927.7
53,3928.0
29,3929.0
10,3929.6
26,3930.5
7,3931.7
8,3932.6
45,3934.4
52,3936.1
47,3936.3
41,3936.8
25,3937.1
18,3937.2
15,3937.3
4,3937.9
44,3938.0
31,3938.8
50,3939.5
33,3941.3
57,3941.8
48,3942.1
51,3943.1
40,3943.4
23,3943.4
61,3944.7
35,3944.8
49,3945.1
55,3946.2
56,3946.9
11,3947.0
34,3947.9
14,3948.7
24,3948.9
43,3949.1
8,3949.4
29,3949.9
2,3950.8
32,3951.4
7,3951.9
6,3952.3
30,3952.6
26,3952.6
62,3952.9
53,3953.9
31,3954.4
38,3956.0
9,3956.1
50,3956.3
25,3957.9
42,3957.9
54,3958.9
28,3959.0
17,3959.3
15,3959.7
19,3960.2
10,3960.3
16,3961.5
47,3961.9
37,3962.4
22,3962.6
21,3963.9
60,3965.6
18,3965.9
44,3966.4
41,3966.4
45,3966.8
48,3966.9
57,3970.0
36,3970.1
20,3970.8
40,3971.1
59,3971.2
4,3972.3
8,3972.6
61,3973.7
55,3973.8
1,3974.0
12,3975.7
11,3976.0
14,3980.5
39,3981.5
43,3983.5
0,3984.0
26,3985.4
23,3988.6
50,3990.3
19,3991.3
29,3991.5
18,3998.5
62,3999.4
41,4005.3
7,4006.3
60,4006.9
44,4007.2
29,4011.2
48,4012.0
50,4012.1
45,4014.8
26,4015.2
31,4015.4
8,4017.1
11,4018.6
6,4018.8
40,4020.0
25,4025.0
54,4026.9
61,4027.8
35,4028.2
55,4028.9
9,4030.2
15,4030.6
57,4031.5
31,4031.6
50,4033.1
7,4034.4
8,4037.1
18,4038.9
32,4039.9
29,4040.6
44,4046.4
31,4058.3
41,4067.3
56,4164.8
52,4199.2
14,4199.5
33,4201.6
26,4207.4
23,4208.1
48,4208.9
51,4214.6
53,4216.7
49,4217.7
25,4219.7
11,4221.9
27,4222.3
3,4223.7
24,4224.0
10,4224.5
34,4226.7
2,4228.8
4,4229.5
8,4231.7
5,4232.0
22,4232.7
44,4233.7
58,4233.8
18,4234.0
60,4234.9
16,4236.6
56,4236.7
15,4236.9
61,4237.2
40,4238.3
26,4239.0
7,4239.5
29,4240.6
50,4241.0
13,4241.4
57,4241.5
54,4241.9
41,4242.0
14,4242.8
52,4243.3
55,4244.8
47,4245.4
31,4245.7
46,4245.7
43,4247.8
48,4248.1
53,4248.1
12,4248.3
49,4249.9
28,4250.1
25,4250.6
59,4251.3
36,4252.4
19,4252.5
35,4252.5
42,4252.7
8,4253.0
11,4253.0
21,4253.2
1,4253.3
30,4253.6
27,4254.0
17,4254.3
33,4254.6
9,4254.6
23,4256.0
45,4256.4
6,4256.6
51,4257.3
34,4257.4
20,4257.7
62,4258.0
10,4258.0
3,4258.2
44,4258.8
0,4259.1
32,4259.3
4,4259.9
22,4260.8
37,4261.3
7,4261.3
26,4261.4
24,4261.6
18,4262.0
2,4262.5
60,4262.8
15,4263.1
39,4263.2
40,4263.7
29,4264.1
61,4264.2
50,4264.4
58,4264.6
56,4264.8
16,4265.0
14,4265.2
5,4265.4
57,4266.9
54,4267.6
52,4267.6
48,4268.3
41,4268.5
55,4269.0
53,4270.5
31,4271.5
47,4271.8
25,4273.2
49,4274.9
43,4275.1
8,4275.3
19,4276.4
12,4277.5
59,4278.7
28,4278.7
36,4284.0
1,4284.3
18,4313.9
61,4322.1
44,4324.3
39,4334.9
40,4337.3
16,4340.1
21,4385.4
60,4387.1
26,4389.3
50,4389.7
7,4389.7
29,4390.2
4,4391.3
45,4391.8
11,4392.0
9,4392.5
23,4393.9
6,4394.3
35,4394.9
48,4395.6
10,4395.7
8,4397.7
62,4397.8
14,4399.3
32,4400.0
44,4400.2
51,4400.8
40,4400.9
41,4401.0
20,4401.1
57,4402.8
55,4403.4
18,4403.5
15,4403.7
42,4403.9
53,4404.5
33,4404.6
30,4405.0
2,4406.8
26,4407.0
3,4407.2
50,4407.2
7,4407.2
56,4407.6
29,4407.7
25,4407.7
27,4408.0
61,4408.1
43,4409.2
47,4409.5
34,4409.7
31,4409.8
52,4409.9
13,4409.9
54,4412.3
11,4412.4
37,4413.0
17,4413.0
4,4414.5
24,4414.6
48,4414.8
45,4415.1
46,4415.1
38,4415.2
8,4415.7
9,4416.1
28,4417.3
16,4419.6
10,4419.8
35,4419.9
36,4420.0
19,4420.5
6,4420.9
14,4421.8
60,4422.2
22,4422.3
23,4422.7
44,4423.1
41,4423.8
40,4424.1
21,4424.3
15,4425.8
49,4425.8
12,4426.1
1,4426.4
7,4426.6
55,4426.6
57,4427.1
18,4427.5
53,4427.9
59,4428.0
51,4428.7
62,4428.7
26,4429.0
50,4429.5
0,4430.3
39,4430.7
29,4430.9
58,4431.3
5,4432.7
42,4434.2
61,4434.2
32,4434.5
20,4435.6
25,4435.9
56,4437.7
43,4439.0
31,4439.4
3,4440.0
54,4445.5
19,4450.7
48,4470.1
35,4472.0
18,4473.3
8,4474.9
41,4475.2
44,4475.4
4,4476.0
40,4476.1
9,4476.7
45,4477.0
11,4477.0
50,4477.7
7,4479.3
26,4479.5
29,4479.8
23,4480.4
55,4485.3
57,4485.4
31,4491.1
48,4491.4
8,4497.4
61,4500.9
50,4503.3
35,4507.6
18,4510.7
41,4510.8
40,4512.3
44,4514.4
7,4520.6
31,4523.2
29,4533.5
26,4549.5
11,4552.1
53,4553.6
48,4554.6
2,4554.6
50,4555.6
6,4555.8
29,4555.9
10,4555.9
8,4556.7
7,4557.2
41,4559.6
15,4561.3
4,4561.8
9,4562.1
40,4562.2
44,4562.2
25,4562.6
47,4562.8
57,4563.2
52,4563.7
55,4563.8
45,4564.2
35,4564.7
31,4565.1
14,4566.8
18,4567.4
62,4568.4
51,4568.7
23,4569.2
26,4569.5
33,4569.6
56,4570.2
61,4570.8
11,4572.4
8,4572.5
34,4572.8
50,4573.0
16,4573.8
48,4574.9
28,4576.3
30,4576.5
32,4576.9
20,4577.1
7,4577.3
60,4578.9
29,4579.2
53,4579.6
36,4580.0
31,4580.5
25,4580.8
43,4582.7
15,4583.4
54,4583.9
19,4584.3
27,4585.3
10,4586.0
2,4586.8
17,4588.3
40,4588.4
37,4589.1
41,4589.4
44,4590.4
55,4591.3
47,4591.3
42,4592.1
57,4592.9
8,4593.2
18,4594.3
35,4594.3
14,4596.4
26,4598.9
1,4599.4
61,4602.6
50,4605.8
23,4607.4
21,4609.8
16,4611.0
62,4616.3
19,4617.1
60,4619.7
59,4620.3
39,4622.2
40,4627.2
48,4630.2
7,4631.4
41,4632.9
33,4633.8
45,4635.8
11,4635.8
50,4637.2
29,4638.1
20,4638.5
18,4638.6
26,4639.9
31,4640.0
9,4640.7
8,4641.2
15,4641.4
61,4643.1
57,4645.2
44,4645.3
55,4645.6
35,4647.4
62,4652.6
48,4652.8
25,4653.8
31,4656.6
40,4657.3
7,4657.9
50,4658.2
8,4663.5
41,4664.8
31,4707.3
56,4817.6
50,4846.1
32,4846.9
26,4848.6
14,4851.0
52,4851.7
23,4853.6
15,4859.2
29,4861.5
53,4868.0
49,4870.3
6,4872.2
24,4872.5
12,4873.1
22,4873.2
8,4874.2
13,4875.1
11,4875.2
4,4877.2
34,4877.9
26,4878.3
44,4880.2
10,4880.7
56,4883.1
55,4883.2
61,4883.8
58,4884.2
14,4885.3
3,4886.7
7,4887.0
40,4888.7
57,4889.3
25,4890.9
50,4891.1
15,4891.7
52,4892.9
31,4893.0
41,4893.8
18,4894.4
47,4895.0
28,4895.1
62,4896.0
54,4896.7
29,4897.2
43,4897.2
53,4897.5
60,4897.5
30,4899.3
19,4899.8
32,4899.8
8,4899.8
20,4899.8
36,4899.9
48,4900.1
51,4900.1
35,4900.3
16,4901.7
5,4901.9
1,4903.2
17,4904.2
33,4904.2
26,4904.6
0,4905.1
9,4905.8
59,4905.8
27,4906.3
49,4906.3
22,4906.3
6,4906.4
45,4907.1
55,4907.2
4,4907.4
2,4908.2
11,4908.4
12,4908.5
34,4908.6
7,4909.0
42,4909.1
44,4909.1
14,4909.2
21,4909.9
10,4910.2
37,4910.7
46,4911.2
39,4912.2
56,4913.4
23,4914.1
61,4914.2
58,4914.7
57,4914.9
24,4914.9
50,4915.3
25,4916.0
15,4916.2
40,4916.3
31,4917.8
18,4917.9
3,4918.2
52,4918.2
29,4919.1
53,4919.3
8,4919.7
41,4919.8
47,4919.9
54,4920.3
13,4920.3
28,4920.3
48,4920.7
60,4922.4
43,4922.9
19,4923.6
26,4926.2
16,4926.4
62,4927.8
36,4928.8
5,4929.3
20,4931.3
1,4931.6
35,4933.2
55,4933.3
7,4934.0
14,4935.8
17,4937.5
59,4949.8
18,4960.3
44,4967.9
50,4977.8
21,4978.3
61,4980.4
40,4985.1
29,4985.8
37,4988.1
23,5012.8
45,5013.2
9,5019.3
4,5020.3
57,5020.9
11,5021.2
6,5021.4
50,5022.2
26,5022.6
42,5023.2
10,5025.1
41,5025.4
44,5025.5
48,5026.0
39,5026.3
29,5027.0
40,5027.4
7,5027.7
18,5030.1
62,5033.4
22,5033.4
35,5033.6
8,5034.0
43,5034.6
45,5037.9
61,5038.5
25,5041.0
23,5042.0
50,5044.1
0,5045.3
26,5046.9
36,5047.6
9,5049.3
57,5049.5
31,5049.6
55,5049.9
11,5051.7
37,5054.2
14,5054.8
19,5054.8
7,5054.8
20,5055.1
2,5056.2
48,5056.6
41,5057.1
44,5057.6
54,5058.5
29,5059.1
52,5059.4
34,5059.5
6,5060.8
15,5061.7
24,5062.6
53,5062.8
40,5062.9
4,5062.9
1,5063.9
60,5064.6
28,5064.7
18,5066.8
47,5066.9
16,5068.9
10,5069.0
8,5071.6
62,5073.8
43,5074.8
26,5075.8
25,5077.5
27,5077.8
7,5078.8
56,5079.1
39,5080.7
61,5080.7
55,5081.9
33,5082.4
35,5083.0
42,5083.0
21,5083.6
22,5084.3
19,5086.1
50,5086.2
12,5086.9
14,5087.1
44,5087.5
57,5088.0
48,5088.2
41,5088.2
31,5090.8
23,5091.4
11,5091.8
59,5092.2
54,5092.5
17,5092.8
29,5092.9
36,5093.7
58,5094.4
40,5094.4
3,5094.5
9,5095.1
20,5095.3
15,5098.9
26,5099.0
7,5099.5
6,5099.5
18,5099.7
45,5100.1
8,5100.3
53,5100.7
4,5101.9
50,5103.0
10,5103.9
52,5104.4
5,5104.5
35,5105.3
48,5105.5
32,5105.9
62,5106.1
34,5106.9
43,5107.9
61,5108.3
60,5108.3
44,5108.8
41,5109.2
57,5109.2
25,5109.9
1,5110.3
55,5110.4
47,5110.9
37,5111.1
28,5111.2
2,5112.6
56,5113.0
11,5113.3
14,5115.7
39,5116.1
16,5118.6
29,5118.9
23,5121.7
40,5122.3
54,5125.7
18,5136.9
50,5174.8
48,5175.8
26,5176.4
7,5176.6
35,5178.2
45,5178.7
9,5179.3
8,5180.4
6,5181.7
29,5188.5
44,5190.6
41,5190.9
11,5193.2
40,5194.4
23,5195.9
31,5196.0
50,5196.1
57,5196.7
4,5198.3
62,5198.9
48,5199.6
18,5201.5
7,5202.1
26,5204.9
35,5208.6
8,5209.2
25,5209.7
61,5211.1
20,5211.8
10,5219.5
43,5224.2
29,5227.3
53,5229.6
55,5231.7
45,5233.2
19,5236.0
36,5237.1
44,5238.2
54,5239.1
31,5239.9
50,5239.9
7,5240.0
41,5242.6
39,5243.0
40,5251.4
15,5251.5
9,5254.3
48,5258.0
26,5258.1
50,5260.0
7,5261.8
11,5262.2
57,5262.2
29,5262.2
35,5263.0
8,5263.7
4,5266.0
45,5266.1
10,5266.2
53,5266.3
44,5266.6
6,5266.7
47,5266.8
62,5267.1
41,5267.1
25,5268.5
18,5269.0
23,5269.6
61,5270.5
14,5270.7
52,5271.1
55,5272.5
42,5273.8
31,5274.3
43,5274.8
33,5275.7
40,5278.3
2,5279.5
28,5279.9
56,5280.2
51,5280.5
50,5280.6
48,5280.6
9,5280.9
36,5281.0
26,5281.4
54,5281.8
7,5281.9
20,5282.3
37,5285.1
8,5286.6
15,5287.0
29,5287.2
11,5287.7
39,5287.9
34,5288.1
35,5288.2
49,5288.4
57,5288.7
46,5288.7
24,5290.2
19,5293.2
1,5294.0
16,5294.1
32,5294.2
41,5296.1
13,5296.8
44,5296.9
60,5298.4
22,5299.9
53,5299.9
18,5299.9
10,5299.9
58,5301.1
61,5301.5
14,5302.9
0,5305.0
62,5306.4
45,5306.7
40,5306.9
23,5307.1
4,5307.1
59,5308.3
55,5308.3
43,5310.1
26,5310.5
17,5313.4
25,5316.9
7,5318.2
50,5319.5
12,5320.9
21,5322.4
54,5324.9
20,5328.4
29,5329.5
42,5330.2
19,5331.4
44,5334.8
18,5335.0
61,5356.1
41,5356.8
35,5370.4
57,5380.6
60,5381.5
36,5444.7
56,5461.7
52,5478.0
8,5488.4
48,5498.5
47,5513.3
30,5514.4
15,5523.6
6,5525.0
31,5533.9
3,5536.3
7,5546.8
54,5546.9
14,5549.5
44,5549.9
16,5554.4
38,5558.1
27,5558.6
35,5558.8
8,5568.4
55,5570.2
47,5572.3
57,5573.2
29,5576.3
48,5577.2
19,5577.2
52,5577.2
18,5580.0
56,5581.1
40,5581.1
5,5581.2
26,5583.0
7,5583.3
9,5583.5
60,5583.9
53,5584.2
61,5584.7
1,5585.7
51,5586.0
25,5586.2
14,5586.4
3,5588.6
17,5588.8
37,5589.9
12,5590.8
6,5592.8
28,5593.0
54,5593.6
22,5594.1
33,5595.2
44,5595.5
50,5595.7
10,5597.6
49,5598.0
41,5598.1
34,5598.5
8,5599.2
35,5599.3
62,5599.8
42,5600.6
16,5601.2
31,5601.7
57,5601.7
29,5602.0
43,5602.0
15,5602.6
47,5602.8
21,5602.9
55,5603.1
24,5603.5
27,5603.9
4,5604.0
11,5604.5
30,5605.4
48,5605.9
26,5606.7
58,5606.9
53,5607.0
7,5607.3
18,5607.3
19,5607.4
2,5607.5
52,5607.5
20,5607.8
23,5608.0
36,5608.2
59,5608.8
39,5608.9
40,5609.4
13,5610.4
45,5611.1
46,5611.1
56,5611.2
5,5612.9
14,5613.0
61,5613.4
25,5613.4
60,5613.7
9,5615.0
32,5615.1
1,5616.8
0,5617.7
28,5618.2
51,5619.0
50,5619.2
3,5619.2
54,5619.9
8,5620.1
17,5620.1
44,5620.7
22,5621.7
12,5622.1
41,5622.5
49,5622.6
6,5622.8
38,5623.3
10,5623.4
37,5624.1
16,5625.1
34,5626.4
15,5626.8
55,5626.9
43,5627.0
57,5627.1
29,5627.3
35,5628.2
42,5628.9
62,5629.3
18,5629.8
26,5630.7
4,5631.6
7,5633.2
21,5633.2
24,5633.5
19,5636.1
53,5636.8
27,5637.1
48,5637.1
40,5637.5
11,5640.2
23,5641.3
45,5644.5
50,5645.2
61,5646.0
52,5646.8
20,5647.3
44,5647.4
9,5651.1
41,5651.9
35,5653.4
1,5654.0
29,5654.2
26,5655.0
7,5657.0
18,5659.8
57,5660.5
43,5662.0
62,5665.1
42,5669.7
40,5672.0
50,5721.3
48,5723.0
23,5728.1
11,5728.7
4,5729.4
7,5737.5
44,5738.0
26,5738.5
35,5739.0
9,5741.7
41,5743.1
29,5743.3
40,5746.4
50,5748.7
57,5751.6
48,5757.5
62,5758.7
18,5768.8
45,5772.8
8,5802.3
10,5805.4
50,5806.3
7,5807.2
48,5807.9
26,5808.3
35,5810.4
44,5810.5
41,5811.9
9,5811.9
11,5812.3
23,5812.6
29,5813.4
25,5814.1
4,5814.1
6,5814.2
40,5814.5
31,5815.1
57,5816.8
62,5817.2
43,5818.1
45,5818.5
18,5819.2
54,5819.9
42,5820.3
53,5821.3
36,5822.1
39,5822.8
14,5823.0
47,5823.9
55,5824.7
61,5826.1
8,5827.7
7,5827.9
56,5828.1
1,5828.8
50,5830.3
0,5830.3
24,5830.3
2,5830.9
48,5831.4
3,5832.1
5,5833.4
28,5833.7
26,5834.9
52,5835.1
10,5835.7
33,5837.1
59,5837.3
60,5837.7
44,5838.3
11,5839.2
15,5839.4
35,5839.5
37,5840.2
41,5841.3
51,5842.4
29,5842.6
19,5843.1
9,5843.3
25,5843.3
30,5844.0
40,5844.0
22,5844.5
46,5844.6
20,5845.8
34,5845.9
58,5846.0
57,5846.6
54,5847.3
53,5847.7
31,5847.9
27,5847.9
4,5848.0
23,5849.3
18,5849.6
16,5850.1
7,5850.4
43,5850.7
14,5850.8
8,5851.6
55,5852.9
32,5852.9
47,5853.7
13,5853.9
49,5853.9
42,5855.7
62,5855.7
21,5856.0
6,5856.1
61,5857.5
45,5858.2
48,5858.4
56,5858.8
1,5859.4
26,5859.9
12,5860.5
36,5863.0
17,5863.4
44,5863.7
39,5864.4
50,5864.8
15,5866.0
3,5866.6
40,5868.9
60,5869.2
41,5870.6
5,5870.9
19,5871.1
57,5876.8
20,5879.3
29,5879.5
37,5879.9
18,5880.1
35,5880.7
7,5882.7
14,5885.4
4,5885.5
10,5885.8
53,5886.3
11,5886.9
50,5887.0
23,5888.6
48,5889.4
26,5889.5
9,5891.3
61,5891.5
8,5892.1
44,5892.4
62,5892.9
41,5894.9
54,5895.5
40,5895.8
43,5898.1
42,5908.8
35,5909.6
1,5923.1
7,6073.0
57,6088.6
29,6094.9
50,6096.7
52,6096.7
48,6098.2
31,6105.4
55,6106.3
34,6106.6
25,6107.4
28,6111.5
45,6114.5
36,6119.5
24,6121.8
2,6123.0
26,6123.8
22,6123.9
10,6125.2
16,6126.3
6,6127.2
39,6129.3
59,6133.0
7,6133.0
44,6134.1
29,6134.2
33,6134.2
8,6134.3
0,6134.9
18,6135.5
4,6135.5
14,6138.3
52,6139.0
47,6140.3
19,6140.3
57,6140.6
25,6144.0
15,6146.0
48,6146.3
55,6146.7
49,6147.8
54,6148.1
62,6148.6
53,6149.2
9,6149.3
40,6149.4
41,6150.2
34,6150.3
5,6150.5
50,6151.3
23,6151.7
56,6152.0
11,6152.2
28,6152.3
1,6152.8
26,6152.9
43,6153.0
61,6153.9
31,6154.1
58,6154.5
37,6155.0
3,6155.0
27,6155.1
35,6155.5
10,6155.9
7,6156.2
12,6156.2
60,6156.4
51,6157.4
24,6158.3
17,6158.9
16,6159.0
21,6159.7
36,6160.4
2,6160.4
45,6160.5
22,6160.6
8,6160.8
46,6161.1
30,6161.8
14,6162.0
32,6163.0
20,6163.6
29,6163.7
18,6164.9
44,6164.9
6,6166.1
47,6166.3
57,6166.4
52,6166.4
4,6167.2
25,6167.2
48,6167.2
15,6167.2
33,6168.7
42,6169.2
55,6169.4
19,6169.4
13,6169.9
53,6170.3
49,6170.4
54,6171.6
40,6172.1
59,6172.6
39,6173.0
26,6173.6
0,6173.6
41,6174.0
34,6176.1
9,6176.5
11,6176.7
56,6177.1
5,6177.1
50,6177.3
7,6177.4
43,6177.8
23,6178.2
61,6179.3
28,6180.4
1,6180.5
62,6180.7
60,6182.6
3,6182.8
10,6183.7
58,6184.6
16,6185.0
37,6185.9
14,6186.3
12,6186.5
29,6195.6
44,6195.9
18,6196.2
40,6243.0
35,6267.3
48,6268.4
4,6268.8
8,6268.8
57,6269.9
45,6270.5
7,6271.6
20,6272.0
19,6273.5
41,6275.9
26,6276.7
44,6276.9
50,6278.8
62,6279.0
40,6279.4
18,6280.6
24,6280.9
23,6281.2
11,6282.7
25,6284.4
61,6285.4
10,6285.9
47,6286.1
36,6286.5
31,6287.3
43,6287.3
42,6288.8
55,6289.6
22,6290.2
35,6293.3
21,6293.5
9,6294.5
8,6294.6
29,6294.9
14,6294.9
52,6295.5
48,6295.6
7,6296.1
15,6296.3
27,6296.4
60,6296.9
16,6300.0
6,6300.0
37,6301.4
57,6301.8
26,6302.0
54,6302.1
45,6302.3
4,6303.0
1,6303.4
53,6304.5
3,6304.6
44,6306.5
19,6307.2
41,6307.3
51,6307.5
5,6307.9
50,6308.0
39,6308.7
18,6309.6
40,6309.8
0,6311.8
59,6312.6
2,6313.1
17,6313.7
62,6314.6
28,6314.8
25,6315.0
61,6316.0
11,6316.8
47,6317.5
24,6318.0
55,6318.7
56,6319.4
8,6319.8
46,6320.2
7,6320.2
20,6320.4
23,6320.4
34,6323.1
33,6323.5
42,6323.8
43,6324.0
35,6324.1
22,6324.2
36,6324.3
48,6324.5
29,6324.9
14,6325.4
49,6325.6
10,6326.4
15,6327.0
31,6328.8
58,6328.9
12,6329.1
26,6329.7
52,6330.3
21,6330.4
32,6330.9
60,6331.1
9,6331.5
16,6332.1
57,6332.2
27,6332.4
54,6333.5
44,6337.1
18,6337.3
1,6337.5
19,6337.6
41,6338.0
45,6338.9
40,6340.7
4,6341.0
50,6344.3
61,6345.5
7,6347.1
62,6348.1
11,6349.8
6,6351.9
35,6353.7
26,6355.6
48,6357.8
44,6366.9
50,6375.4
23,6384.4
43,6386.7
42,6389.2
18,6406.3
41,6426.6
57,6430.0
8,6430.5
4,6430.9
45,6431.3
7,6434.6
10,6435.1
35,6436.2
44,6436.2
26,6437.3
23,6439.8
62,6440.0
50,6440.8
11,6441.8
40,6442.2
48,6443.0
18,6443.9
43,6447.5
42,6447.6
54,6448.1
61,6448.4
60,6452.5
37,6456.4
41,6460.4
1,6461.9
8,6462.4
7,6463.4
55,6467.4
19,6468.4
44,6470.6
26,6473.3
31,6473.6
45,6474.1
35,6476.4
0,6476.6
57,6476.9
4,6484.6
56,6488.9
9,6490.3
48,6490.6
24,6491.5
23,6494.0
16,6496.9
39,6500.0
8,6502.4
7,6504.9
25,6507.4
62,6508.2
43,6508.9
40,6510.6
41,6511.2
29,6511.9
44,6512.2
26,6512.3
50,6512.4
35,6513.0
47,6513.2
11,6513.5
18,6514.4
48,6515.0
10,6516.0
57,6516.8
4,6517.0
14,6517.5
61,6518.1
54,6518.7
23,6518.8
9,6520.0
19,6520.9
36,6521.6
60,6521.7
45,6521.9
6,6522.3
55,6522.4
42,6523.0
8,6525.6
7,6525.6
24,6525.7
1,6526.4
52,6526.4
31,6527.6
22,6527.7
32,6527.7
20,6527.8
53,6528.0
3,6529.1
59,6529.6
37,6531.8
56,6532.7
26,6533.7
46,6535.5
50,6536.2
51,6536.3
62,6537.2
16,6537.3
25,6537.4
5,6538.5
40,6539.1
21,6539.5
39,6539.5
44,6539.7
43,6540.0
41,6540.0
35,6540.3
29,6540.7
47,6541.0
48,6541.4
15,6541.6
11,6543.1
18,6543.3
57,6544.0
28,6544.1
34,6544.3
27,6546.4
0,6546.7
10,6548.3
14,6548.6
54,6549.0
33,6549.0
7,6549.3
55,6549.7
49,6550.2
4,6550.5
8,6550.8
19,6551.1
61,6551.3
12,6553.8
58,6554.0
23,6554.2
60,6557.7
26,6560.8
17,6562.5
40,6569.7
41,6574.5
20,6577.4
62,6578.0
18,6579.0
37,6580.6
35,6725.1
56,6738.8
52,6745.0
32,6747.9
50,6764.2
9,6767.6
57,6772.3
1,6772.8
24,6772.8
36,6777.7
48,6778.8
16,6779.8
53,6780.3
30,6782.7
6,6784.0
13,6784.8
31,6788.9
47,6789.6
15,6791.0
22,6792.2
59,6793.1
8,6795.4
38,6796.9
26,6797.3
45,6798.9
49,6799.8
18,6801.0
3,6801.8
55,6802.1
44,6802.6
19,6803.2
40,6805.3
5,6805.8
52,6805.9
42,6806.0
41,6806.5
25,6806.9
9,6807.3
2,6808.9
14,6809.1
54,6809.3
7,6809.4
50,6809.5
57,6809.9
35,6811.0
56,6811.8
61,6812.9
51,6813.3
48,6813.3
23,6813.8
34,6814.4
62,6814.9
53,6814.9
28,6815.5
29,6815.7
37,6815.8
60,6816.0
58,6816.6
11,6817.4
16,6818.3
8,6818.5
32,6818.6
27,6818.6
43,6819.1
47,6819.2
10,6819.4
17,6820.2
12,6820.8
4,6820.8
26,6820.9
15,6820.9
6,6820.9
24,6821.2
33,6822.2
31,6822.5
22,6823.5
21,6823.9
1,6824.0
20,6824.7
55,6824.7
46,6825.1
36,6825.4
0,6826.1
18,6826.4
30,6826.4
44,6827.1
7,6828.0
49,6828.1
40,6829.2
14,6830.0
45,6830.1
3,6830.6
52,6830.7
41,6830.8
19,6830.8
25,6831.4
39,6832.0
54,6832.6
57,6833.9
13,6833.9
59,6834.1
50,6834.3
9,6835.3
5,6835.3
56,6836.2
42,6836.6
53,6836.7
61,6837.3
2,6837.4
29,6837.5
48,6837.6
35,6838.1
34,6840.1
11,6840.7
23,6840.7
28,6841.5
60,6841.6
8,6842.7
16,6843.4
26,6844.1
43,6844.9
62,6845.2
15,6846.0
10,6846.6
58,6846.9
27,6847.9
37,6849.1
4,6850.2
18,6850.9
55,6851.7
7,6856.1
12,6858.5
44,6888.3
41,6891.8
50,6892.5
40,6894.3
1,6895.3
20,6895.6
19,6896.0
6,6904.3
29,6904.6
62,6906.1
35,6906.5
24,6908.2
21,6909.0
18,6909.0
57,6909.3
61,6909.4
23,6909.5
26,6911.2
45,6912.9
44,6916.0
7,6919.6
41,6921.3
5,6921.4
22,6922.1
42,6922.6
0,6923.9
43,6929.7
40,6930.2
16,6932.8
50,6935.8
37,6936.6
60,6938.8
19,6938.9
3,6939.3
4,6943.0
59,6943.5
39,6945.4
1,6949.3
18,6950.7
62,6953.0
44,6958.7
61,6961.6
26,6967.7
21,6968.3
24,6969.1
48,6971.3
55,6971.5
11,6972.2
7,6972.8
10,6975.0
41,6976.7
45,6978.2
57,6978.6
23,6979.6
35,6980.0
62,6981.5
44,6981.7
40,6982.2
50,6982.5
29,6982.7
18,6983.9
22,6984.4
6,6985.5
43,6985.7
8,6986.8
1,6987.1
36,6987.6
42,6988.0
5,6989.4
19,6989.5
4,6989.6
26,6991.5
61,6992.6
47,6992.6
54,6992.7
60,6994.4
25,6996.4
7,6996.5
48,6997.4
52,6998.5
20,6998.5
16,6998.7
31,7000.2
11,7000.5
59,7001.4
37,7001.5
14,7001.6
24,7002.1
3,7003.8
46,7004.1
39,7005.4
56,7005.6
0,7005.8
28,7006.5
55,7007.4
9,7008.1
41,7008.5
21,7009.1
44,7010.1
57,7010.2
10,7010.5
50,7012.5
35,7012.9
15,7013.1
40,7013.5
53,7014.5
51,7015.3
62,7015.6
29,7016.1
18,7017.7
8,7018.2
45,7018.2
22,7019.0
43,7020.6
26,7020.9
23,7021.7
1,7022.6
19,7024.7
34,7025.4
4,7026.3
7,7026.9
61,7027.0
49,7027.3
60,7027.7
54,7028.3
27,7028.3
6,7029.8
12,7030.0
25,7030.7
47,7031.2
58,7033.4
52,7033.5
48,7033.6
32,7034.2
14,7035.3
11,7036.4
17,7038.6
36,7039.9
57,7041.4
31,7042.0
41,7042.7
16,7047.7
35,7048.1
55,7048.5
44,7048.6
40,7048.6
56,7050.7
15,7050.9
20,7051.4
18,7053.4
10,7053.6
50,7054.2
62,7054.8
7,7057.3
54,7060.5
48,7061.5
29,7062.1
11,7062.2
26,7062.4
37,7063.5
61,7063.9
41,7067.4
1,7068.6
57,7069.4
23,7071.9
4,7072.7
44,7076.6
35,7076.6
39,7077.1
42,7088.9
21,7093.0
43,7103.0
7,7104.1
24,7121.1
40,7135.0
6,7135.1
44,7140.6
48,7141.5
41,7141.9
35,7142.5
11,7144.5
26,7144.7
7,7146.0
62,7146.1
23,7146.2
50,7147.0
8,7147.3
19,7149.1
10,7149.5
57,7149.6
18,7149.7
45,7152.9
24,7153.4
5,7153.6
61,7153.8
1,7154.4
29,7154.8
42,7156.8
4,7157.3
22,7160.5
43,7161.0
28,7165.2
60,7167.3
40,7171.5
52,7171.9
7,7173.2
26,7173.8
54,7174.7
44,7175.7
55,7175.9
48,7176.2
21,7177.0
37,7177.1
35,7179.5
47,7180.2
8,7181.1
16,7181.2
41,7182.0
2,7183.7
53,7184.9
11,7185.3
50,7185.6
31,7185.9
6,7186.1
56,7186.7
36,7187.9
23,7190.9
14,7191.5
39,7192.0
51,7193.8
18,7195.8
9,7195.8
29,7198.6
57,7199.1
62,7199.2
61,7199.4
19,7200.8
34,7201.0
7,7202.3
25,7202.3
1,7204.1
15,7206.5
10,7207.5
26,7207.6
52,7208.7
54,7209.4
8,7209.5
22,7209.6
44,7209.7
49,7209.8
48,7210.1
24,7210.3
40,7212.0
4,7212.1
59,7212.4
55,7213.0
5,7213.4
28,7213.7
46,7214.2
47,7214.4
43,7214.9
37,7217.6
42,7218.4
41,7218.5
20,7218.9
53,7219.3
27,7219.7
50,7220.3
16,7220.4
35,7220.6
11,7220.8
60,7221.3
12,7224.9
14,7225.5
31,7226.0
3,7226.7
58,7227.0
7,7228.2
18,7228.6
33,7230.4
17,7232.2
57,7233.7
0,7233.9
21,7234.9
45,7235.3
56,7236.7
19,7236.8
15,7236.9
61,7237.4
62,7237.7
26,7238.5
44,7240.6
1,7241.9
10,7243.1
54,7243.3
40,7243.6
36,7245.0
34,7245.3
23,7245.7
55,7247.1
22,7247.5
41,7251.3
39,7252.6
60,7254.3
5,7255.4
43,7255.8
52,7257.8
32,7258.2
16,7259.3
29,7265.2
18,7265.6
20,7267.0
7,7267.8
49,7300.4
4,7301.6
61,7315.4
26,7319.5
28,7322.0
19,7324.2
48,7334.8
35,7336.2
8,7353.7
24,7355.6
7,7362.2
37,7363.0
9,7367.9
14,7369.7
51,7379.9
53,7383.1
6,7383.3
25,7391.4
42,7394.6
26,7399.0
55,7399.6
59,7400.1
50,7402.1
8,7404.3
18,7405.9
29,7406.7
57,7407.9
2,7409.3
27,7410.8
41,7411.7
61,7412.8
44,7417.2
19,7417.2
49,7417.6
4,7417.8
54,7419.6
11,7419.9
38,7420.7
15,7421.8
48,7422.7
7,7424.8
52,7425.0
47,7425.1
5,7426.3
53,7426.9
28,7427.3
31,7427.8
14,7428.2
25,7429.2
26,7429.9
40,7430.7
35,7431.0
24,7432.9
16,7433.3
10,7434.4
22,7435.3
8,7435.7
34,7435.7
12,7436.8
55,7437.4
3,7437.5
62,7438.3
43,7438.4
56,7438.5
13,7439.2
17,7440.7
51,7441.0
58,7441.0
29,7441.5
50,7441.5
36,7441.8
9,7442.3
1,7442.3
30,7442.4
60,7442.5
57,7443.2
42,7444.0
6,7444.0
21,7444.3
27,7444.4
18,7445.0
37,7445.1
45,7445.2
44,7445.9
49,7447.2
33,7447.9
4,7448.3
61,7448.3
2,7448.5
41,7448.6
19,7449.4
7,7449.6
0,7449.7
15,7449.9
54,7450.0
39,7450.9
20,7451.0
11,7451.7
48,7452.1
53,7453.0
47,7453.7
23,7453.8
14,7454.3
52,7454.7
26,7455.0
46,7455.7
8,7455.9
40,7456.0
25,7456.7
28,7456.8
5,7458.1
32,7459.3
59,7459.3
10,7460.0
16,7460.6
35,7461.7
34,7462.5
31,7463.0
22,7464.1
55,7464.5
56,7465.6
12,7466.4
3,7467.2
43,7467.6
24,7468.6
57,7468.8
60,7470.0
62,7470.0
50,7470.1
17,7471.3
18,7471.5
1,7471.6
36,7472.6
58,7473.9
44,7474.3
41,7477.2
61,7477.5
7,7477.6
19,7477.9
29,7481.2
55,7523.2
44,7527.7
48,7528.1
35,7528.5
11,7529.4
26,7529.9
42,7531.1
23,7533.8
62,7536.1
40,7537.9
10,7539.4
21,7539.9
1,7543.5
45,7545.5
50,7548.4
41,7549.3
24,7553.3
61,7554.1
7,7555.4
54,7559.3
44,7565.1
18,7566.0
43,7568.6
20,7571.2
15,7576.2
26,7586.7
37,7588.8
29,7589.1
48,7590.8
55,7595.8
19,7597.0
11,7601.4
6,7601.7
4,7602.7
35,7603.1
44,7603.8
7,7605.4
62,7605.5
41,7607.4
23,7607.7
5,7608.8
10,7608.8
26,7610.5
24,7610.8
1,7612.3
48,7613.0
61,7613.2
50,7613.2
40,7614.2
22,7614.4
42,7617.1
45,7618.6
29,7619.7
8,7620.7
53,7620.8
13,7621.5
36,7622.5
21,7622.9
54,7624.6
60,7625.1
43,7625.2
57,7625.4
16,7625.7
31,7626.3
56,7627.0
39,7627.2
51,7628.0
52,7629.2
18,7629.5
11,7631.6
59,7631.7
20,7632.1
7,7632.3
55,7632.6
37,7633.7
44,7634.6
0,7634.7
15,7635.9
9,7636.5
4,7636.8
35,7637.0
34,7637.7
2,7637.9
14,7638.1
19,7638.8
28,7639.2
26,7639.7
47,7640.1
41,7641.4
62,7642.1
48,7642.5
6,7645.0
61,7645.3
8,7645.7
10,7647.5
40,7647.8
23,7648.3
25,7648.9
22,7649.7
29,7649.8
24,7650.1
49,7650.1
50,7650.5
32,7651.6
1,7653.6
12,7656.0
7,7656.1
53,7656.2
5,7656.4
18,7657.7
46,7658.0
3,7659.2
57,7659.2
54,7659.4
17,7659.7
58,7660.3
60,7660.5
31,7661.2
36,7661.2
55,7661.3
52,7661.9
43,7661.9
16,7663.4
11,7664.4
45,7665.6
42,7666.1
30,7666.4
56,7666.8
21,7667.1
15,7668.2
44,7668.3
14,7670.8
19,7671.7
35,7671.8
26,7672.7
41,7674.0
48,7674.7
4,7676.1
20,7677.5
62,7677.8
37,7678.5
39,7680.3
40,7682.2
50,7683.4
61,7684.2
23,7686.2
18,7686.9
10,7688.6
1,7689.2
7,7689.3
60,7690.7
44,7693.1
29,7693.3
57,7694.7
35,7698.9
54,7702.1
48,7755.2
11,7756.1
62,7759.3
26,7760.9
24,7762.2
6,7763.3
41,7763.9
35,7766.1
44,7767.7
42,7769.6
13,7769.9
55,7771.2
22,7771.6
7,7771.7
34,7772.3
8,7772.7
50,7774.3
10,7775.0
23,7775.9
29,7780.2
43,7780.7
1,7781.4
48,7781.5
4,7782.6
47,7785.1
2,7786.3
11,7788.5
61,7789.5
45,7790.6
36,7791.3
13,7792.3
26,7792.7
52,7793.3
5,7794.9
34,7795.8
62,7796.6
16,7797.0
53,7797.8
40,7797.8
7,7798.8
28,7801.7
19,7803.1
44,7803.7
25,7806.2
35,7807.3
0,7807.5
24,7808.0
54,7809.0
31,7810.3
8,7810.3
55,7812.2
21,7812.4
48,7813.2
18,7813.4
41,7814.2
50,7814.2
22,7815.7
15,7815.8
60,7819.2
47,7821.1
29,7822.1
37,7822.1
1,7822.3
4,7822.3
56,7822.4
57,7824.3
46,7824.4
10,7824.8
61,7827.2
7,7828.1
43,7828.5
26,7829.6
51,7832.0
49,7832.4
14,7833.8
52,7836.8
11,7838.6
9,7839.1
44,7839.9
23,7840.1
19,7840.7
53,7841.2
8,7841.6
34,7843.7
20,7844.2
32,7844.2
35,7845.3
62,7846.2
40,7846.7
50,7847.5
58,7848.5
48,7849.0
31,7850.0
28,7850.1
54,7850.5
42,7850.8
6,7850.9
25,7851.8
12,7852.8
41,7853.9
55,7855.1
59,7855.5
18,7856.7
5,7856.7
45,7856.8
29,7857.4
15,7857.7
16,7858.0
60,7858.3
57,7858.6
26,7859.3
36,7859.4
2,7860.3
17,7861.6
4,7862.7
61,7864.2
22,7865.0
39,7865.1
3,7866.2
7,7867.5
43,7869.2
1,7869.6
21,7870.9
44,7871.4
56,7872.6
14,7873.3
19,7873.6
24,7874.4
13,7874.5
0,7876.9
20,7882.3
40,7883.6
8,7884.9
23,7885.4
37,7885.5
62,7887.8
41,7890.4
18,7891.9
60,7896.4
50,7897.3
16,7901.4
61,7902.2
10,7903.6
54,7905.1
35,7905.2
55,7905.6
29,7910.8
48,7915.0
26,7915.2
7,7931.4
53,7963.5
52,7978.1
27,7998.7
49,8005.1
47,8014.9
11,8016.8
34,8019.2
31,8022.7
15,8027.8
30,8028.2
25,8031.9
42,8032.1
19,8038.7
45,8041.6
7,8047.6
52,8051.2
14,8054.1
48,8054.5
26,8057.5
44,8058.8
50,8060.3
43,8060.6
33,8063.6
53,8064.3
18,8065.2
5,8065.3
4,8065.6
54,8067.3
12,8068.4
57,8070.9
11,8072.7
55,8075.3
51,8075.8
8,8076.3
29,8077.2
47,8078.0
61,8078.2
35,8081.2
10,8082.1
28,8082.3
3,8082.7
60,8083.3
15,8083.5
7,8083.6
16,8084.0
27,8084.4
22,8085.1
31,8085.2
49,8085.8
1,8085.9
24,8086.2
34,8086.3
40,8086.4
48,8086.5
17,8086.9
25,8087.2
56,8087.8
26,8089.1
41,8089.4
45,8091.2
53,8091.8
50,8092.2
52,8092.3
14,8092.8
23,8094.1
19,8094.2
58,8095.3
38,8097.3
4,8097.8
21,8098.4
44,8098.8
8,8099.1
43,8099.3
6,8099.7
13,8099.7
36,8100.2
30,8100.3
62,8100.8
54,8100.8
42,8101.4
18,8101.6
29,8101.8
2,8102.0
46,8102.6
9,8103.0
57,8103.8
33,8103.8
11,8103.8
55,8103.8
37,8105.1
7,8105.4
5,8105.8
47,8105.9
59,8106.2
51,8106.4
12,8106.4
20,8106.7
15,8108.6
61,8108.9
10,8109.4
0,8109.5
35,8109.7
48,8110.1
27,8111.1
32,8111.5
16,8111.6
28,8111.9
60,8112.0
49,8112.4
39,8113.4
25,8114.1
40,8114.4
3,8114.7
26,8114.9
22,8115.1
31,8116.5
1,8117.5
14,8117.6
56,8117.6
53,8117.7
34,8118.0
41,8118.2
24,8118.8
45,8119.2
17,8120.0
50,8121.0
19,8121.2
44,8125.6
18,8125.7
8,8126.1
23,8127.1
43,8128.3
4,8129.0
58,8129.6
57,8132.6
21,8134.6
55,8137.5
62,8137.9
7,8138.1
11,8139.9
6,8147.2
10,8148.5
61,8148.7
35,8149.1
48,8152.8
29,8156.7
50,8157.2
26,8157.9
41,8161.9
44,8165.7
1,8166.7
23,8172.9
40,8174.3
62,8175.1
20,8178.3
42,8180.1
16,8181.3
11,8223.5
24,8233.4
45,8234.2
41,8234.4
62,8234.4
35,8236.1
44,8237.6
23,8238.7
61,8241.5
19,8243.6
1,8244.8
48,8246.4
7,8246.7
40,8248.3
60,8248.8
37,8248.8
5,8249.2
18,8251.1
2,8256.6
50,8256.6
26,8256.9
42,8257.6
43,8259.1
16,8265.5
41,8275.3
54,8278.0
44,8279.9
57,8280.7
36,8283.4
22,8283.7
21,8284.6
11,8290.8
29,8290.8
8,8291.8
19,8294.8
23,8296.5
7,8301.2
6,8306.6
35,8308.4
48,8308.7
62,8309.2
26,8309.7
11,8311.2
41,8311.9
44,8313.7
1,8314.0
59,8314.0
24,8314.2
55,8314.2
61,8315.1
50,8315.5
40,8317.2
18,8317.6
37,8320.4
42,8320.5
29,8320.5
43,8321.8
45,8322.2
15,8322.5
20,8322.7
10,8322.7
60,8323.0
8,8323.0
2,8323.3
5,8323.3
31,8323.3
28,8323.7
22,8324.4
36,8324.4
57,8325.7
23,8326.2
14,8326.4
39,8326.5
12,8326.6
52,8326.9
47,8328.0
21,8328.6
7,8328.6
46,8329.1
16,8331.0
19,8332.6
3,8334.1
26,8334.8
53,8334.9
13,8335.2
48,8335.4
54,8336.7
56,8337.5
0,8337.8
34,8338.4
35,8339.3
6,8339.7
11,8341.4
44,8341.8
41,8341.8
62,8343.6
55,8343.7
25,8344.2
4,8344.3
50,8344.7
51,8346.2
61,8346.3
32,8346.5
18,8346.6
17,8346.7
24,8347.2
1,8347.3
33,8347.4
8,8347.4
58,8349.7
29,8349.8
40,8349.9
15,8350.3
60,8352.3
10,8353.3
14,8354.1
49,8354.2
7,8354.2
43,8354.9
52,8356.5
28,8357.3
59,8357.4
57,8357.5
37,8358.7
47,8359.5
31,8360.1
22,8360.5
30,8360.8
42,8361.6
20,8362.3
27,8362.8
36,8363.3
26,8365.3
45,8365.5
21,8365.7
19,8366.2
16,8366.6
54,8367.6
48,8368.1
53,8368.5
9,8368.9
23,8369.5
12,8369.8
41,8374.2
39,8374.5
44,8375.2
18,8378.7
50,8380.4
35,8380.5
62,8380.8
11,8384.2
55,8385.6
61,8386.7
7,8390.0
29,8390.2
1,8390.3
5,8390.9
26,8399.8
48,8400.9
50,8424.2
35,8428.9
41,8434.8
40,8561.4
24,8569.1
8,8574.7
10,8584.1
57,8585.5
56,8593.0
14,8593.8
53,8597.3
60,8600.5
23,8601.3
34,8602.1
6,8605.2
17,8607.0
13,8608.7
15,8609.1
25,8611.4
4,8611.5
3,8613.6
8,8616.6
7,8620.9
44,8622.7
35,8624.9
26,8627.5
19,8627.9
41,8628.5
14,8628.8
40,8630.2
57,8631.8
47,8632.1
28,8633.2
52,8633.9
61,8634.2
48,8634.3
29,8634.7
30,8635.6
2,8636.0
22,8636.1
55,8636.5
53,8636.5
27,8636.7
58,8636.9
50,8637.5
18,8638.0
54,8638.2
11,8638.4
49,8638.9
16,8639.0
60,8639.2
33,8639.8
21,8640.1
51,8640.1
36,8641.8
34,8644.0
7,8645.6
8,8645.6
10,8645.7
31,8648.0
26,8648.3
43,8648.6
32,8648.8
56,8648.9
15,8649.5
25,8650.1
62,8650.9
14,8651.5
5,8652.0
42,8652.2
1,8652.8
44,8652.8
24,8653.1
4,8653.6
12,8654.1
35,8654.3
46,8654.5
3,8655.5
29,8656.2
41,8656.4
45,8656.4
9,8656.5
37,8656.6
6,8656.7
47,8656.9
40,8657.1
17,8657.1
20,8657.3
23,8657.4
0,8657.8
57,8657.8
19,8658.0
53,8658.0
48,8658.3
52,8658.9
59,8659.1
39,8659.6
28,8660.3
55,8660.7
61,8661.3
11,8662.2
13,8662.3
18,8662.6
50,8663.3
49,8663.7
54,8663.7
27,8663.8
2,8664.5
22,8664.9
16,8666.3
7,8667.5
8,8668.2
58,8668.9
60,8669.0
30,8669.7
26,8673.1
10,8673.7
21,8673.8
36,8675.2
34,8675.5
43,8675.6
14,8675.7
25,8676.2
44,8676.8
15,8676.9
5,8682.5
1,8684.6
29,8687.9
18,8712.7
61,8715.7
37,8730.9
20,8741.5
0,8747.5
55,8755.7
41,8764.4
19,8765.2
48,8766.9
62,8767.1
35,8767.2
7,8770.1
53,8772.7
24,8772.8
45,8774.6
40,8775.7
31,8776.8
42,8779.2
23,8782.2
11,8782.8
44,8783.6
3,8783.8
61,8785.2
10,8785.3
6,8786.1
57,8786.2
39,8787.3
47,8788.4
41,8789.0
5,8789.1
1,8789.5
21,8792.1
48,8792.2
16,8793.4
26,8793.5
35,8794.2
8,8794.3
4,8794.6
13,8795.4
18,8795.8
37,8796.0
43,8796.3
60,8796.7
55,8797.6
0,8798.3
50,8798.8
7,8799.5
62,8799.8
19,8800.2
22,8800.9
51,8802.8
36,8803.2
20,8804.2
56,8804.6
32,8805.2
29,8805.6
27,8806.4
12,8807.2
53,8808.1
15,8809.2
40,8809.9
34,8810.0
28,8810.3
24,8810.7
2,8811.5
52,8811.6
59,8811.8
14,8812.7
46,8812.9
54,8813.9
25,8814.6
33,8814.6
31,8814.8
44,8815.8
61,8816.5
45,8816.6
8,8818.4
26,8818.4
11,8818.5
47,8818.8
10,8819.8
42,8820.7
41,8820.7
48,8820.8
57,8822.1
23,8822.4
6,8822.6
58,8823.4
5,8823.5
3,8823.6
49,8823.8
7,8823.9
43,8824.9
18,8825.1
4,8825.2
16,8825.5
30,8825.6
17,8826.0
35,8826.9
1,8827.2
21,8827.8
9,8827.9
55,8827.9
50,8828.3
39,8830.8
60,8832.0
19,8832.4
37,8833.8
29,8834.7
53,8835.3
22,8835.3
15,8835.5
62,8837.0
40,8839.1
20,8842.9
44,8844.2
0,8844.4
54,8844.5
14,8844.8
45,8845.6
13,8846.0
41,8846.3
36,8846.7
34,8847.2
48,8847.7
24,8847.7
11,8847.9
31,8848.5
26,8849.5
59,8849.8
57,8851.1
61,8851.5
35,8854.0
7,8854.8
18,8859.3
50,8877.1
29,8926.4
48,8926.8
62,8929.7
53,8934.8
6,8934.9
1,8935.9
39,8936.9
35,8939.2
41,8939.4
21,8942.7
10,8942.8
5,8943.2
7,8945.5
19,8947.7
11,8948.8
2,8948.9
44,8949.4
42,8952.6
50,8954.5
48,8955.5
31,8955.7
61,8957.5
24,8957.5
16,8959.6
8,8961.0
26,8962.2
43,8964.3
13,8966.2
60,8967.8
40,8968.7
29,8970.9
62,8971.1
52,8973.6
22,8975.1
55,8976.0
57,8976.7
53,8976.7
41,8977.4
45,8977.9
1,8978.2
7,8978.7
28,8979.7
47,8985.0
37,8985.7
25,8986.4
4,8986.6
39,8986.7
15,8988.3
44,8990.2
34,8992.4
18,8993.1
48,8993.4
35,8993.7
8,8995.3
19,8995.6
36,8995.7
54,8999.0
26,9000.4
10,9001.6
21,9003.0
61,9003.2
0,9003.5
7,9004.0
24,9004.0
6,9004.5
14,9005.5
11,9007.6
29,9007.9
32,9007.9
31,9008.8
50,9010.3
62,9012.1
52,9012.3
5,9012.7
53,9012.8
41,9012.9
48,9013.2
35,9014.2
51,9014.2
27,9014.2
23,9014.4
56,9015.2
46,9015.7
1,9015.7
22,9015.8
55,9016.9
30,9018.3
16,9018.6
44,9018.7
13,9018.9
43,9019.0
40,9019.0
60,9019.3
2,9020.5
39,9020.6
8,9020.6
47,9021.2
45,9022.6
42,9022.7
57,9023.0
20,9023.6
26,9023.6
18,9024.4
3,9024.5
59,9026.0
34,9026.0
19,9026.4
7,9026.5
15,9027.4
28,9027.5
25,9028.0
36,9028.2
17,9028.6
37,9028.7
33,9029.3
12,9029.6
10,9029.7
4,9029.8
61,9030.6
54,9031.2
29,9032.0
24,9033.6
14,9033.9
50,9034.4
58,9034.6
48,9034.7
6,9035.1
11,9035.5
21,9038.6
41,9039.8
31,9040.0
62,9042.1
35,9042.3
0,9044.3
44,9045.1
22,9045.9
1,9046.5
40,9046.9
55,9047.0
16,9047.9
23,9049.9
43,9050.1
60,9050.5
18,9054.9
39,9057.0
57,9058.0
19,9062.1
61,9202.8
7,9232.3
26,9239.7
5,9243.9
34,9245.2
15,9245.9
56,9251.5
8,9255.8
52,9256.7
13,9261.5
53,9262.4
2,9264.2
47,9264.8
45,9265.3
51,9265.7
49,9274.2
32,9275.8
9,9276.0
27,9277.5
7,9278.8
20,9280.4
26,9281.2
42,9281.6
14,9283.2
44,9285.3
61,9285.3
8,9286.2
35,9286.7
48,9286.8
40,9287.9
54,9288.8
4,9289.6
16,9290.9
18,9291.2
41,9291.7
34,9292.5
15,9293.1
28,9293.5
30,9294.0
1,9294.6
50,9295.2
29,9295.5
10,9295.9
57,9297.5
25,9297.6
3,9298.4
53,9298.7
55,9298.9
46,9299.5
52,9299.5
38,9299.6
22,9299.7
11,9300.1
2,9300.4
19,9301.3
43,9303.7
7,9303.9
17,9304.4
36,9304.6
24,9304.7
31,9305.1
47,9305.6
60,9306.0
27,9306.4
56,9307.3
51,9307.3
26,9307.3
14,9308.2
12,9308.6
37,9309.0
62,9309.3
13,9309.4
8,9310.2
48,9310.3
44,9311.2
49,9311.5
6,9312.2
5,9312.5
58,9312.8
33,9312.9
21,9313.1
9,9313.2
35,9313.5
40,9314.0
45,9314.5
42,9315.2
18,9315.6
4,9315.8
0,9315.9
54,9316.6
23,9316.9
15,9317.2
29,9317.3
61,9317.7
16,9318.9
41,9319.7
39,9319.9
28,9319.9
34,9320.6
50,9321.1
1,9321.1
57,9321.7
20,9321.7
10,9321.9
53,9322.4
59,9322.8
32,9323.1
25,9323.3
55,9323.3
11,9325.0
30,9326.0
52,9326.0
7,9326.3
19,9327.1
3,9328.0
22,9330.6
26,9331.2
43,9331.4
60,9332.2
14,9333.8
17,9334.1
36,9335.6
44,9339.8
40,9340.5
62,9341.5
18,9344.9
12,9364.6
55,9376.9
61,9378.4
41,9384.7
16,9392.8
35,9394.2
48,9395.1
24,9400.2
5,9400.3
31,9400.9
21,9401.6
45,9402.5
37,9405.8
62,9408.2
61,9409.4
41,9410.1
18,9412.7
1,9415.2
39,9415.6
13,9416.0
36,9417.1
53,9419.8
57,9420.0
40,9423.1
11,9426.3
54,9427.2
44,9427.7
19,9428.0
29,9428.6
15,9428.9
35,9429.1
14,9430.7
48,9432.0
43,9433.0
55,9433.2
50,9435.3
60,9435.5
17,9435.8
16,9437.2
6,9438.3
23,9441.0
22,9445.2
31,9445.8
34,9445.9
59,9446.1
61,9446.3
7,9446.5
27,9447.3
41,9451.3
32,9451.9
26,9452.6
42,9453.8
57,9456.2
53,9457.3
21,9458.4
18,9458.4
0,9459.4
5,9460.8
29,9461.0
8,9461.2
1,9461.8
62,9462.3
44,9462.6
10,9462.9
24,9464.2
45,9465.9
25,9466.8
4,9467.4
2,9467.9
47,9468.0
19,9468.5
40,9468.7
28,9468.9
37,9469.3
20,9469.3
55,9469.9
15,9470.2
36,9470.4
14,9471.1
48,9471.3
11,9473.1
51,9474.0
43,9475.2
56,9475.5
7,9476.5
41,9476.5
35,9477.6
52,9478.0
54,9478.0
61,9479.0
31,9479.5
53,9479.7
58,9479.9
46,9480.5
50,9481.2
49,9481.8
12,9482.1
60,9482.2
22,9482.3
39,9482.7
18,9482.9
13,9483.0
16,9483.7
57,9483.7
30,9483.8
26,9483.9
62,9485.6
1,9486.2
17,9486.2
32,9487.0
34,9487.3
3,9487.3
29,9487.5
21,9487.8
8,9487.8
33,9488.0
42,9488.0
23,9488.4
5,9489.5
24,9489.7
6,9489.7
44,9490.5
59,9491.2
0,9492.2
10,9492.4
27,9492.8
48,9493.8
14,9495.1
36,9495.2
40,9495.4
45,9495.4
15,9495.6
2,9496.7
55,9497.9
4,9497.9
19,9498.1
37,9499.2
11,9499.7
25,9499.9
7,9500.5
47,9500.7
41,9501.5
53,9503.0
61,9503.6
9,9503.9
20,9504.8
28,9504.9
43,9505.7
35,9505.7
50,9506.1
54,9506.1
31,9508.7
52,9508.9
18,9510.2
16,9512.4
62,9556.0
48,9558.8
1,9565.7
5,9566.0
41,9567.5
39,9569.5
61,9571.2
35,9572.4
13,9579.5
18,9580.7
36,9581.5
50,9583.9
16,9584.5
37,9587.0
21,9589.4
61,9605.8
40,9622.6
57,9630.7
53,9632.3
41,9639.7
22,9642.3
48,9642.5
62,9642.6
35,9643.0
42,9643.4
44,9645.2
61,9645.7
29,9646.8
36,9647.3
18,9648.7
13,9649.0
24,9649.7
60,9650.9
31,9651.1
39,9651.9
1,9654.0
16,9654.1
37,9654.4
50,9656.3
2,9656.7
7,9657.3
5,9657.8
19,9658.1
54,9659.3
46,9660.7
57,9660.9
45,9662.4
30,9662.6
26,9663.1
8,9664.6
40,9664.9
53,9665.0
11,9666.4
14,9667.4
15,9667.7
36,9667.8
21,9669.9
41,9671.0
61,9671.2
34,9671.4
17,9671.5
0,9672.8
13,9672.9
43,9673.4
55,9674.7
16,9675.9
48,9676.1
29,9676.7
22,9677.9
37,9679.5
44,9679.5
3,9680.6
62,9681.5
32,9681.5
10,9681.6
18,9682.7
31,9683.3
6,9683.9
7,9684.1
35,9684.1
12,9684.3
56,9684.8
52,9685.3
28,9686.1
54,9686.5
58,9687.2
4,9687.7
25,9689.6
47,9689.6
42,9690.2
24,9690.2
1,9690.2
26,9691.8
23,9692.6
27,9692.6
60,9693.1
51,9693.8
49,9693.9
19,9694.0
8,9694.9
50,9695.0
53,9695.9
57,9697.8
45,9699.5
61,9701.0
20,9701.2
15,9701.4
14,9701.4
11,9701.9
40,9702.2
36,9703.3
41,9703.7
55,9704.9
2,9705.5
7,9706.2
39,9706.6
5,9706.9
16,9707.0
29,9707.1
46,9708.0
44,9708.1
48,9708.3
34,9708.5
21,9708.8
43,9709.1
30,9710.7
33,9711.4
9,9711.9
22,9712.3
59,9712.9
18,9712.9
54,9712.9
10,9717.3
52,9717.5
35,9717.5
37,9717.9
25,9718.3
31,9718.5
17,9719.0
0,9719.2
26,9719.5
62,9720.3
4,9720.6
24,9729.0
1,9730.6
42,9731.0
50,9762.3
7,9766.7
41,9772.6
40,9776.7
19,9778.2
57,9821.6
28,9861.2
60,9861.9
44,9866.7
3,9875.6
14,9877.9
8,9886.4
56,9886.7
55,9888.9
23,9891.6
27,9892.7
12,9895.1
53,9897.8
29,9904.6
13,9905.7
15,9906.6
7,9908.0
47,9909.1
49,9909.2
18,9910.0
58,9910.8
14,9912.7
32,9913.3
57,9914.1
51,9914.5
61,9915.0
6,9915.1
44,9915.8
45,9916.9
11,9918.3
16,9918.7
54,9920.2
40,9923.7
41,9923.9
10,9924.3
35,9925.1
26,9926.1
28,9926.8
8,9927.0
53,9927.2
50,9928.7
4,9929.5
52,9930.2
22,9930.7
19,9930.9
36,9931.2
34,9931.7
60,9931.7
25,9932.4
17,9932.5
29,9932.9
31,9933.0
48,9933.5
7,9934.8
15,9935.1
62,9935.2
55,9935.7
5,9935.8
33,9936.1
20,9937.0
27,9937.1
2,9937.6
21,9937.8
37,9939.2
56,9939.6
49,9939.7
47,9939.7
3,9939.9
43,9939.9
18,9940.5
1,9941.0
14,9941.5
42,9942.2
30,9943.1
57,9943.9
59,9943.9
12,9944.5
39,9944.8
9,9945.2
46,9945.6
24,9945.7
44,9946.0
23,9946.2
11,9946.7
51,9947.3
26,9947.6
61,9947.8
0,9947.8
54,9948.2
58,9948.3
16,9948.6
6,9950.0
8,9950.2
13,9950.7
35,9950.9
53,9951.0
40,9951.3
41,9952.0
10,9952.1
50,9952.4
28,9952.9
45,9953.2
52,9954.3
48,9955.6
7,9955.9
25,9956.0
32,9956.5
4,9956.8
15,9957.1
19,9957.8
29,9958.1
60,9958.6
34,9960.5
55,9960.6
31,9961.1
22,9961.2
17,9961.6
36,9962.0
18,9963.2
5,9966.4
43,9966.7
14,9967.0
62,9969.1
57,9969.6
3,9970.2
1,9970.3
21,9970.8
20,9971.8
44,9974.2
