26,88.5
20,88.6
13,88.6
5,88.6
29,88.6
2,88.7
10,88.8
22,89.0
3,89.0
12,89.4
30,89.4
17,89.4
11,89.6
4,89.9
23,89.9
19,90.2
18,90.3
27,90.4
14,90.9
6,91.1
15,91.2
25,91.3
21,91.6
26,91.7
29,92.1
28,92.3
5,92.6
13,92.7
20,92.7
2,92.7
10,92.9
9,93.2
22,93.4
3,93.8
30,94.2
12,94.6
17,94.6
11,94.7
26,95.6
4,95.9
23,96.2
29,97.2
5,97.3
27,98.0
18,98.4
2,98.6
20,98.7
10,98.9
22,99.0
13,99.2
19,99.8
12,100.3
30,100.3
26,100.4
14,100.4
25,101.0
6,101.1
17,101.4
29,101.5
11,101.7
3,102.0
15,102.6
9,103.4
23,103.4
5,104.7
22,105.4
26,105.5
4,106.1
27,106.2
12,106.9
29,107.7
20,108.0
10,109.2
28,109.2
30,109.8
13,109.9
25,110.1
17,110.9
2,111.3
26,114.0
18,114.1
22,116.7
21,116.9
23,118.4
9,118.7
11,119.5
5,120.3
29,121.8
12,122.7
14,129.7
26,137.1
26,168.1
13,168.2
29,168.3
20,168.3
5,168.3
2,168.4
10,168.4
22,168.7
3,168.7
30,169.0
12,169.1
17,169.1
11,169.2
4,169.5
23,169.5
18,169.9
19,169.9
27,170.0
14,170.4
6,170.6
15,170.7
25,170.8
21,171.2
26,171.2
29,171.7
28,171.8
5,172.2
20,172.2
2,172.3
13,172.3
10,172.4
9,172.4
22,172.9
3,173.3
30,173.9
17,174.1
12,174.2
11,174.4
26,174.9
4,175.4
23,175.7
29,176.4
5,176.7
27,177.0
18,177.5
20,177.9
2,178.0
10,178.1
22,178.2
13,178.5
25,178.6
19,178.7
14,178.8
26,178.9
12,179.6
30,179.6
6,179.7
17,179.9
29,180.8
3,180.8
15,181.3
11,181.3
9,181.9
23,182.6
5,184.1
22,184.6
26,184.7
4,185.1
12,186.6
27,186.9
29,187.2
28,187.8
2,189.3
10,189.4
20,189.5
17,190.9
25,191.1
30,191.4
13,192.3
26,194.8
21,195.8
22,198.4
23,199.1
5,201.8
29,201.9
12,204.6
11,208.7
26,248.1
5,248.2
13,248.2
29,248.2
20,248.3
2,248.3
10,248.4
3,248.6
22,248.7
30,249.0
12,249.0
17,249.0
11,249.2
4,249.5
23,249.5
18,249.8
19,249.9
27,250.0
14,250.4
6,250.6
15,250.8
25,250.8
26,251.2
21,251.2
29,251.7
28,251.8
20,252.2
5,252.2
13,252.3
2,252.3
10,252.4
9,252.5
22,252.9
3,253.3
30,253.8
17,254.2
12,254.2
11,254.3
26,255.1
4,255.5
23,255.7
29,256.4
5,256.7
27,256.9
18,257.3
22,257.7
2,257.8
20,257.9
10,258.1
13,258.5
19,258.7
25,258.8
12,258.9
26,259.0
14,259.1
30,259.4
17,259.9
6,260.0
3,260.8
29,260.8
11,261.0
15,261.5
9,262.2
23,262.9
5,264.1
22,264.5
26,264.9
4,265.1
12,266.2
27,266.8
29,267.8
2,268.7
20,269.1
28,269.2
10,269.4
30,270.9
17,270.9
25,271.0
13,271.7
21,273.0
26,274.5
5,278.8
22,279.0
11,281.8
29,287.7
12,289.0
26,633.4
13,633.5
29,633.5
20,633.6
5,633.6
2,633.6
10,633.7
3,633.9
22,634.0
30,634.4
17,634.4
12,634.4
11,634.5
23,634.8
4,634.9
18,635.2
19,635.2
27,635.3
14,635.8
6,636.0
15,636.1
25,636.2
21,636.5
26,636.6
29,637.0
28,637.3
5,637.6
20,637.6
2,637.6
13,637.7
10,637.8
9,638.2
22,638.3
3,638.7
30,639.2
17,639.6
12,639.6
11,639.7
26,640.5
4,640.8
23,641.2
29,641.9
5,642.3
27,642.9
18,643.3
2,643.4
20,643.5
10,643.7
22,643.8
13,644.1
19,644.7
30,645.1
26,645.4
14,645.4
12,645.4
25,646.1
6,646.1
29,646.2
17,646.4
3,646.5
11,646.7
15,647.6
23,648.4
9,648.5
5,649.7
22,650.3
26,650.5
4,650.9
27,651.1
12,652.2
29,652.3
20,653.2
10,654.5
28,654.8
30,654.9
2,655.5
13,655.5
25,655.7
17,655.8
26,659.3
18,660.2
22,662.0
23,663.6
21,664.4
11,665.1
29,665.1
9,665.6
5,667.7
12,668.8
26,695.7
26,713.1
13,713.2
20,713.3
29,713.3
5,713.3
2,713.3
10,713.4
22,713.7
3,713.7
12,714.0
30,714.0
17,714.1
11,714.2
23,714.5
4,714.5
18,714.9
19,714.9
27,715.0
14,715.4
6,715.6
15,715.7
25,715.8
21,716.2
26,716.3
29,716.7
28,716.9
20,717.2
5,717.2
13,717.3
2,717.4
10,717.4
9,717.5
22,717.9
3,718.3
30,718.9
17,719.1
12,719.2
11,719.5
26,720.2
4,720.4
23,720.7
29,721.4
5,721.7
27,722.0
18,722.5
20,722.9
2,723.0
10,723.1
22,723.2
13,723.5
25,723.6
19,723.7
14,723.9
26,724.3
30,724.5
6,724.7
12,724.7
17,724.9
3,725.8
29,725.8
11,726.2
15,726.4
9,727.1
23,727.6
5,729.1
22,729.6
4,730.0
26,730.2
12,731.5
27,732.0
29,732.2
28,732.9
2,734.3
20,734.6
10,734.8
17,735.9
30,736.4
25,736.5
13,737.4
26,740.8
21,741.6
22,743.4
23,744.1
29,746.9
5,747.7
12,749.9
11,750.2
26,793.1
29,793.2
5,793.2
13,793.2
20,793.3
2,793.3
10,793.4
3,793.6
22,793.7
30,794.0
17,794.0
12,794.1
11,794.2
4,794.5
23,794.5
18,794.8
19,794.9
27,795.0
14,795.4
6,795.6
25,795.8
15,795.8
26,796.2
21,796.2
29,796.7
28,796.8
5,797.2
20,797.2
2,797.3
13,797.3
10,797.4
9,797.5
22,797.9
3,798.3
30,798.8
12,799.2
17,799.2
11,799.5
26,800.1
4,800.5
23,800.7
29,801.4
5,801.7
27,801.9
18,802.3
22,802.7
2,802.8
20,802.9
10,803.1
13,803.5
19,803.7
25,803.8
12,803.9
26,804.0
14,804.1
30,804.4
17,804.9
6,805.1
29,805.8
3,805.8
11,806.2
15,806.5
9,807.2
23,807.9
5,809.1
22,809.6
26,809.8
4,810.1
12,811.2
27,811.8
29,812.8
2,813.8
20,814.0
28,814.1
10,814.3
30,815.8
25,815.9
17,816.1
13,816.9
26,819.6
21,820.2
5,823.7
22,823.9
11,829.9
29,832.7
12,834.3
26,873.1
29,873.2
5,873.2
13,873.2
20,873.3
2,873.3
10,873.4
3,873.6
22,873.7
17,874.0
30,874.0
12,874.1
11,874.2
4,874.5
23,874.6
18,874.8
19,874.9
27,874.9
14,875.4
6,875.6
15,875.7
25,875.7
21,876.2
26,876.3
29,876.6
28,876.9
20,877.2
5,877.2
13,877.3
2,877.3
9,877.4
10,877.4
22,877.9
3,878.3
30,878.8
17,879.0
12,879.2
11,879.3
26,880.1
4,880.5
23,880.7
29,881.2
5,881.7
27,882.0
18,882.3
2,882.8
22,882.8
20,882.9
10,883.1
13,883.5
19,883.7
25,883.7
12,883.9
26,884.0
14,884.1
30,884.4
17,884.7
6,885.1
29,885.5
3,885.8
11,886.0
15,886.4
9,887.1
23,887.8
5,889.1
22,889.5
26,889.8
4,890.1
12,891.1
27,891.9
29,892.3
2,893.8
20,894.0
28,894.5
10,894.6
17,895.1
30,895.6
25,895.7
13,896.6
26,900.1
21,900.3
22,905.0
5,906.4
11,906.5
29,909.5
12,912.4
26,1258.4
29,1258.5
13,1258.5
5,1258.6
2,1258.6
20,1258.6
10,1258.7
3,1258.9
22,1259.0
17,1259.4
30,1259.4
12,1259.4
11,1259.5
23,1259.8
4,1259.9
18,1260.2
19,1260.2
27,1260.3
14,1260.8
6,1261.0
15,1261.1
25,1261.2
21,1261.5
26,1261.6
29,1262.0
28,1262.3
5,1262.6
20,1262.6
2,1262.6
13,1262.7
10,1262.8
9,1263.2
22,1263.3
3,1263.7
30,1264.2
17,1264.6
12,1264.6
11,1264.7
26,1265.5
4,1265.8
23,1266.2
29,1266.9
5,1267.3
27,1267.9
18,1268.3
2,1268.4
20,1268.5
10,1268.7
22,1268.8
13,1269.2
19,1269.7
30,1270.3
12,1270.4
26,1270.4
14,1270.4
6,1271.1
25,1271.1
29,1271.2
17,1271.4
3,1271.5
11,1271.7
15,1272.6
23,1273.4
9,1273.5
5,1274.7
22,1275.3
26,1275.7
4,1275.9
27,1276.1
12,1277.2
29,1277.3
20,1278.2
10,1279.5
28,1279.8
30,1280.3
2,1280.5
13,1280.5
25,1280.7
17,1280.8
26,1284.7
18,1285.3
22,1287.4
23,1288.6
21,1289.5
11,1289.9
29,1290.1
9,1290.5
5,1292.6
12,1294.1
26,1338.1
13,1338.2
29,1338.3
20,1338.3
5,1338.3
10,1338.4
2,1338.4
3,1338.7
22,1338.7
30,1339.0
12,1339.1
17,1339.1
11,1339.2
23,1339.5
4,1339.5
19,1339.9
18,1339.9
27,1340.0
14,1340.4
6,1340.6
15,1340.7
25,1340.8
21,1341.2
26,1341.2
29,1341.7
28,1341.9
5,1342.2
20,1342.2
2,1342.3
13,1342.3
9,1342.5
10,1342.5
22,1342.9
3,1343.3
30,1343.9
17,1344.1
12,1344.2
11,1344.5
26,1345.1
4,1345.4
23,1345.7
29,1346.4
5,1346.7
27,1347.0
18,1347.5
20,1347.9
2,1348.0
22,1348.2
10,1348.3
13,1348.5
25,1348.6
19,1348.7
14,1348.8
26,1349.0
30,1349.5
6,1349.7
12,1349.7
17,1349.9
29,1350.8
3,1350.8
11,1351.2
15,1351.4
9,1352.1
23,1352.6
5,1354.1
22,1354.6
26,1354.9
4,1355.1
12,1356.7
27,1357.0
29,1357.2
28,1357.9
2,1359.4
20,1359.5
10,1360.1
17,1360.9
25,1361.0
30,1361.5
13,1362.3
26,1365.2
21,1366.7
22,1367.9
23,1369.2
29,1371.9
5,1372.5
11,1375.1
12,1375.5
26,1418.1
13,1418.2
29,1418.2
5,1418.2
20,1418.3
2,1418.3
10,1418.4
3,1418.6
22,1418.7
17,1419.0
30,1419.0
12,1419.1
11,1419.2
4,1419.5
23,1419.5
18,1419.8
19,1419.9
27,1420.0
14,1420.4
6,1420.6
25,1420.8
15,1420.8
26,1421.2
21,1421.2
29,1421.7
28,1421.8
5,1422.2
20,1422.2
2,1422.3
13,1422.3
10,1422.4
9,1422.5
22,1422.9
3,1423.3
30,1423.8
17,1424.2
12,1424.2
11,1424.5
26,1425.1
4,1425.5
23,1425.7
29,1426.4
5,1426.7
27,1426.9
18,1427.3
22,1427.7
2,1427.8
20,1427.9
10,1428.1
13,1428.5
19,1428.7
25,1428.8
12,1428.9
26,1429.0
14,1429.1
30,1429.4
17,1429.9
6,1430.1
3,1430.8
29,1430.8
11,1431.2
15,1431.5
9,1432.2
23,1432.9
5,1434.1
22,1434.6
26,1434.9
4,1435.1
12,1436.2
27,1436.8
29,1437.8
2,1438.8
28,1439.1
20,1439.2
10,1439.3
25,1441.0
30,1441.0
17,1441.1
13,1442.2
26,1444.8
21,1445.9
22,1448.9
5,1449.2
11,1455.1
29,1457.8
12,1458.6
26,1498.1
13,1498.2
5,1498.2
29,1498.2
2,1498.3
20,1498.3
10,1498.4
3,1498.6
22,1498.7
17,1499.0
30,1499.0
12,1499.1
11,1499.2
4,1499.5
23,1499.6
18,1499.8
19,1499.9
27,1499.9
14,1500.4
6,1500.6
15,1500.7
25,1500.7
21,1501.2
26,1501.3
29,1501.6
28,1501.9
5,1502.2
20,1502.2
2,1502.3
13,1502.3
10,1502.4
9,1502.5
22,1502.9
3,1503.3
30,1503.8
17,1504.0
12,1504.2
11,1504.5
26,1505.1
4,1505.5
23,1505.7
29,1506.2
5,1506.7
27,1507.0
18,1507.6
22,1507.8
2,1507.8
20,1507.9
10,1508.1
13,1508.5
25,1508.8
12,1508.9
19,1509.0
26,1509.0
30,1509.4
14,1509.4
6,1509.7
17,1509.8
29,1510.5
3,1510.8
11,1511.2
15,1511.4
9,1512.1
23,1512.8
5,1514.1
22,1514.5
26,1514.8
4,1515.1
12,1516.2
27,1516.9
29,1517.3
2,1518.8
20,1519.1
28,1519.7
10,1519.9
17,1520.8
30,1521.0
25,1521.3
13,1521.8
26,1525.1
21,1526.3
22,1529.6
5,1532.8
11,1533.5
29,1534.5
12,1537.6
26,1883.4
29,1883.5
13,1883.5
5,1883.6
2,1883.6
20,1883.6
10,1883.7
3,1883.9
22,1884.0
12,1884.4
30,1884.4
17,1884.4
11,1884.5
23,1884.8
4,1884.9
19,1885.2
18,1885.2
27,1885.3
14,1885.8
6,1886.0
15,1886.2
25,1886.2
26,1886.6
21,1886.6
29,1887.0
28,1887.3
5,1887.6
2,1887.6
20,1887.6
13,1887.7
10,1887.8
9,1888.2
22,1888.3
3,1888.7
30,1889.2
17,1889.6
12,1889.6
11,1889.7
26,1890.5
4,1890.8
23,1891.2
29,1891.9
5,1892.3
27,1892.9
18,1893.3
2,1893.4
20,1893.5
10,1893.7
22,1893.9
13,1894.2
19,1894.7
30,1895.3
14,1895.4
26,1895.4
12,1895.5
25,1896.1
6,1896.1
29,1896.3
17,1896.4
3,1896.5
11,1896.7
15,1897.6
23,1898.5
9,1898.5
5,1899.8
22,1900.3
26,1900.7
4,1900.9
27,1901.1
12,1902.1
29,1902.2
20,1903.2
10,1904.5
28,1904.8
30,1905.3
13,1905.5
2,1905.5
25,1905.6
17,1905.8
26,1909.7
18,1910.5
22,1912.4
23,1913.4
11,1915.0
29,1915.1
21,1915.4
9,1916.1
5,1917.3
12,1919.0
26,1963.0
13,1963.2
5,1963.3
20,1963.3
29,1963.3
2,1963.4
10,1963.4
3,1963.7
22,1963.7
30,1964.0
17,1964.1
12,1964.1
11,1964.2
23,1964.5
4,1964.5
18,1964.9
19,1964.9
27,1965.0
14,1965.4
6,1965.6
15,1965.7
25,1965.8
21,1966.2
26,1966.2
29,1966.7
28,1966.9
20,1967.2
5,1967.2
13,1967.3
2,1967.4
10,1967.5
9,1967.5
22,1967.9
3,1968.3
30,1968.9
17,1969.1
12,1969.2
11,1969.5
26,1970.0
4,1970.5
23,1970.7
29,1971.4
5,1971.7
27,1972.0
18,1972.5
20,1972.9
2,1973.0
22,1973.2
10,1973.3
13,1973.5
25,1973.6
19,1973.7
14,1973.8
26,1973.9
30,1974.5
6,1974.7
12,1974.7
17,1974.9
29,1975.8
3,1975.8
11,1976.2
15,1976.4
9,1977.1
23,1977.6
5,1979.1
22,1979.6
26,1979.8
4,1980.1
12,1981.7
29,1982.2
27,1982.3
28,1982.9
2,1984.4
20,1984.5
10,1985.1
17,1985.9
25,1986.0
30,1986.5
13,1987.4
26,1989.9
21,1992.6
22,1993.2
23,1994.2
29,1996.9
5,1998.5
12,2000.4
11,2003.4
26,2043.1
29,2043.2
5,2043.2
13,2043.2
20,2043.3
2,2043.3
10,2043.4
3,2043.6
22,2043.7
17,2044.0
30,2044.0
12,2044.1
11,2044.2
4,2044.5
23,2044.5
18,2044.8
19,2044.9
27,2045.0
14,2045.4
6,2045.6
15,2045.8
25,2045.8
26,2046.2
21,2046.2
29,2046.7
28,2046.8
5,2047.2
20,2047.2
2,2047.3
13,2047.3
10,2047.4
9,2047.6
22,2047.9
3,2048.3
30,2048.8
17,2049.2
12,2049.2
11,2049.5
26,2050.1
4,2050.5
23,2050.7
29,2051.4
5,2051.7
27,2051.9
18,2052.3
22,2052.7
2,2052.8
20,2052.9
10,2053.1
13,2053.5
19,2053.7
25,2053.8
12,2053.9
26,2054.0
14,2054.1
30,2054.4
17,2054.9
6,2055.1
3,2055.8
29,2055.8
11,2056.2
15,2056.5
9,2057.2
23,2057.9
5,2059.1
22,2059.6
26,2059.9
4,2060.1
12,2061.2
27,2061.9
29,2062.8
2,2063.8
10,2064.3
28,2064.4
20,2064.5
30,2065.9
25,2066.0
17,2066.1
13,2067.0
26,2069.8
21,2070.8
22,2073.9
5,2074.2
11,2080.2
29,2082.8
12,2083.6
26,2123.1
29,2123.2
13,2123.2
5,2123.2
2,2123.3
20,2123.3
10,2123.4
3,2123.6
22,2123.7
30,2124.0
17,2124.0
12,2124.1
11,2124.2
4,2124.5
23,2124.6
18,2124.8
19,2124.9
27,2124.9
14,2125.4
6,2125.6
25,2125.7
15,2125.7
21,2126.2
26,2126.3
29,2126.6
28,2126.9
20,2127.2
5,2127.2
2,2127.3
13,2127.3
10,2127.4
9,2127.5
22,2128.0
3,2128.3
30,2128.8
17,2129.0
12,2129.2
11,2129.5
26,2130.1
4,2130.5
23,2130.7
29,2131.2
5,2131.7
27,2132.0
18,2132.6
22,2132.8
2,2132.8
20,2132.9
10,2133.1
13,2133.5
25,2133.8
12,2133.9
19,2134.0
26,2134.1
14,2134.4
30,2134.4
17,2134.8
6,2135.0
29,2135.5
3,2135.8
11,2136.2
15,2136.4
9,2137.2
23,2137.8
5,2139.1
22,2139.5
26,2139.9
4,2140.1
12,2141.1
27,2141.9
29,2142.3
20,2144.0
2,2144.2
28,2144.6
10,2144.7
30,2145.7
17,2145.8
25,2146.0
13,2146.7
26,2149.9
21,2150.7
22,2155.7
5,2156.1
11,2157.5
29,2159.5
12,2163.6
26,2508.4
13,2508.5
29,2508.5
5,2508.6
2,2508.6
20,2508.6
10,2508.7
3,2508.9
22,2509.0
30,2509.4
17,2509.4
12,2509.4
11,2509.5
23,2509.8
4,2509.9
18,2510.2
19,2510.2
27,2510.3
14,2510.8
15,2511.1
6,2511.1
25,2511.2
26,2511.6
21,2511.6
29,2512.0
28,2512.3
2,2512.6
20,2512.6
5,2512.6
13,2512.7
10,2512.8
9,2513.2
22,2513.3
3,2513.7
30,2514.2
17,2514.6
12,2514.6
11,2514.7
26,2515.6
4,2515.8
23,2516.2
29,2516.9
5,2517.3
27,2517.9
18,2518.3
2,2518.4
20,2518.5
10,2518.7
22,2518.9
13,2519.2
19,2519.8
30,2520.3
14,2520.4
12,2520.5
26,2520.6
25,2521.1
6,2521.1
29,2521.3
17,2521.4
3,2521.5
11,2521.7
15,2522.6
23,2523.5
9,2523.6
5,2524.8
22,2525.4
26,2525.8
4,2525.9
27,2526.1
12,2527.1
29,2527.2
20,2528.3
10,2529.5
28,2529.9
30,2530.3
13,2530.5
2,2530.5
25,2530.6
17,2530.8
26,2534.8
18,2535.3
22,2537.4
23,2538.4
11,2540.0
29,2540.1
21,2540.6
9,2540.9
5,2542.4
12,2543.8
26,2588.1
20,2588.3
13,2588.3
29,2588.3
5,2588.3
2,2588.4
10,2588.4
3,2588.7
22,2588.7
30,2589.0
17,2589.1
12,2589.1
11,2589.2
4,2589.5
23,2589.5
18,2589.9
19,2589.9
27,2590.0
14,2590.4
6,2590.6
15,2590.7
25,2590.8
21,2591.2
26,2591.2
29,2591.7
28,2591.9
5,2592.2
20,2592.2
13,2592.3
2,2592.4
10,2592.5
9,2592.5
22,2593.0
3,2593.3
30,2593.9
17,2594.1
12,2594.2
11,2594.5
26,2595.1
4,2595.5
23,2595.7
29,2596.4
5,2596.9
27,2597.0
18,2597.5
20,2597.9
2,2598.0
22,2598.2
10,2598.3
13,2598.5
25,2598.6
19,2598.7
14,2598.9
26,2599.0
30,2599.5
12,2599.7
6,2599.7
17,2599.9
3,2600.8
29,2600.8
11,2601.2
15,2601.4
9,2602.0
23,2602.6
5,2604.5
22,2604.6
26,2605.0
4,2605.1
12,2606.8
29,2607.2
27,2607.3
28,2607.8
2,2609.4
20,2609.5
10,2610.1
17,2610.9
25,2611.1
30,2611.5
13,2612.5
26,2615.4
21,2617.8
22,2618.3
23,2619.3
29,2622.4
12,2625.3
5,2625.8
11,2628.6
26,2668.1
13,2668.2
2,2668.3
5,2668.3
20,2668.3
29,2668.3
10,2668.4
3,2668.6
22,2668.7
30,2669.0
12,2669.1
17,2669.1
11,2669.2
4,2669.5
23,2669.5
18,2669.8
19,2669.9
27,2670.0
14,2670.4
6,2670.6
25,2670.8
15,2670.8
21,2671.2
26,2671.3
29,2671.7
28,2671.8
20,2672.2
5,2672.2
2,2672.3
13,2672.3
10,2672.4
9,2672.5
22,2673.0
3,2673.3
30,2673.9
12,2674.2
17,2674.2
11,2674.5
26,2675.1
4,2675.5
23,2675.7
29,2676.4
27,2676.9
5,2676.9
18,2677.3
22,2677.7
2,2677.8
20,2677.9
10,2678.1
13,2678.5
19,2678.7
25,2678.8
12,2678.9
26,2679.1
14,2679.4
30,2679.8
17,2679.9
6,2680.1
3,2680.8
29,2680.8
11,2681.2
15,2681.5
9,2682.2
23,2682.9
5,2684.5
22,2684.6
26,2684.9
4,2685.1
12,2686.2
27,2686.9
29,2687.9
2,2688.8
28,2689.3
10,2689.3
20,2689.5
25,2690.9
17,2691.1
30,2691.7
13,2692.3
26,2694.8
21,2696.1
22,2699.1
5,2699.9
11,2705.3
29,2707.9
12,2708.2
26,2748.1
5,2748.2
29,2748.2
13,2748.2
2,2748.3
20,2748.3
10,2748.4
3,2748.6
22,2748.7
17,2749.0
30,2749.0
12,2749.1
11,2749.2
4,2749.5
23,2749.6
18,2749.8
27,2749.9
19,2749.9
14,2750.4
6,2750.6
25,2750.7
15,2750.7
21,2751.2
26,2751.3
29,2751.6
28,2751.9
5,2752.2
20,2752.2
2,2752.3
13,2752.3
10,2752.4
9,2752.5
22,2753.0
3,2753.3
30,2753.8
17,2754.0
12,2754.2
11,2754.5
26,2755.1
4,2755.5
23,2755.7
29,2756.2
5,2756.9
27,2757.0
18,2757.6
22,2757.8
2,2757.8
20,2757.9
10,2758.1
13,2758.5
25,2758.8
12,2759.0
19,2759.0
26,2759.1
30,2759.4
14,2759.4
6,2759.7
17,2759.8
29,2760.5
3,2760.8
11,2761.2
15,2761.4
9,2762.2
23,2762.8
5,2764.5
22,2764.5
26,2764.9
4,2765.1
12,2766.2
27,2766.9
29,2767.3
20,2769.0
2,2769.2
28,2769.5
10,2769.7
30,2770.7
17,2770.8
25,2770.9
13,2771.7
26,2774.9
21,2775.4
22,2779.7
5,2780.2
11,2782.6
29,2784.6
12,2790.3
26,3133.5
5,3133.6
29,3133.6
13,3133.6
20,3133.6
2,3133.7
10,3133.8
3,3134.1
22,3134.1
17,3134.5
30,3134.5
12,3134.5
11,3134.7
23,3135.0
4,3135.0
19,3135.4
18,3135.5
27,3135.5
14,3136.1
6,3136.3
15,3136.4
25,3136.5
26,3136.7
21,3136.9
29,3137.1
5,3137.7
28,3137.7
2,3137.8
20,3137.8
10,3137.9
13,3137.9
22,3138.5
3,3138.8
9,3138.9
30,3139.3
12,3139.7
17,3139.8
11,3139.9
26,3140.6
4,3140.9
23,3141.6
29,3142.3
5,3142.5
27,3143.4
2,3143.6
20,3143.8
10,3144.0
22,3144.1
18,3144.1
13,3144.5
26,3145.5
12,3145.6
30,3145.6
19,3146.0
25,3146.4
29,3146.6
14,3146.6
17,3146.7
11,3147.1
3,3147.3
6,3147.5
23,3148.9
9,3149.4
15,3150.2
5,3150.6
22,3151.0
26,3151.1
27,3152.3
4,3152.4
12,3152.8
29,3152.9
20,3154.7
10,3156.7
17,3157.2
30,3157.5
25,3157.6
13,3158.8
2,3159.0
26,3162.4
29,3171.0
22,3172.7
26,3213.2
5,3213.3
29,3213.4
13,3213.4
20,3213.4
2,3213.5
10,3213.6
22,3213.8
3,3213.8
30,3214.1
17,3214.2
12,3214.2
11,3214.4
4,3214.7
23,3214.7
18,3215.0
19,3215.1
27,3215.2
14,3215.7
6,3215.9
25,3216.1
15,3216.1
26,3216.3
21,3216.6
29,3216.9
20,3217.3
28,3217.3
5,3217.3
13,3217.5
2,3217.5
10,3217.6
9,3218.0
22,3218.1
3,3218.6
30,3219.0
12,3219.4
17,3219.5
11,3219.6
26,3220.1
4,3220.6
23,3221.2
29,3221.6
5,3221.8
27,3222.2
18,3223.1
20,3223.2
2,3223.3
22,3223.4
10,3223.6
13,3223.8
25,3223.9
26,3224.1
19,3224.6
30,3224.8
12,3224.9
14,3225.0
17,3225.5
29,3225.9
6,3226.1
11,3226.5
3,3226.8
9,3228.1
23,3228.3
15,3228.5
5,3229.6
26,3229.8
22,3230.1
4,3230.9
12,3231.8
29,3232.5
27,3232.6
20,3234.0
30,3235.0
10,3235.6
25,3235.6
13,3236.4
2,3237.4
17,3237.6
26,3241.2
28,3242.8
22,3248.8
29,3258.6
26,3293.2
13,3293.3
5,3293.3
29,3293.4
20,3293.4
2,3293.4
10,3293.5
22,3293.8
3,3293.8
30,3294.1
17,3294.2
12,3294.2
11,3294.4
4,3294.7
23,3294.7
18,3294.9
19,3295.1
27,3295.2
14,3295.7
6,3295.9
15,3296.1
25,3296.1
26,3296.3
21,3296.6
29,3296.7
5,3297.2
28,3297.2
20,3297.4
2,3297.5
13,3297.5
10,3297.5
9,3298.0
22,3298.1
3,3298.4
30,3298.9
12,3299.4
17,3299.4
11,3299.6
26,3300.1
4,3300.6
23,3301.0
29,3301.3
5,3301.7
27,3302.3
18,3302.9
22,3302.9
20,3303.1
2,3303.2
10,3303.4
13,3303.7
12,3304.0
25,3304.0
26,3304.1
30,3304.6
19,3304.6
17,3305.2
14,3305.3
29,3305.7
6,3306.0
11,3306.5
3,3306.5
9,3307.9
15,3308.4
23,3308.5
5,3309.2
26,3309.8
22,3309.9
4,3310.9
12,3311.3
27,3312.7
29,3312.9
20,3314.0
30,3315.0
10,3315.1
25,3315.6
13,3316.6
17,3316.7
2,3317.3
26,3320.7
22,3330.7
26,3373.2
29,3373.3
13,3373.3
5,3373.3
2,3373.4
20,3373.4
10,3373.5
3,3373.8
22,3373.8
30,3374.1
17,3374.1
12,3374.2
11,3374.4
23,3374.7
4,3374.7
18,3375.0
27,3375.1
19,3375.1
14,3375.7
6,3375.9
25,3376.0
15,3376.1
26,3376.4
21,3376.6
29,3376.7
5,3377.2
28,3377.2
20,3377.4
13,3377.5
10,3377.5
2,3377.5
9,3377.9
22,3378.1
3,3378.4
30,3378.9
17,3379.2
12,3379.4
11,3379.6
26,3380.2
4,3380.6
23,3381.2
29,3381.3
5,3381.7
27,3382.2
22,3382.9
18,3382.9
20,3383.1
2,3383.2
10,3383.4
13,3383.7
25,3384.0
12,3384.1
26,3384.3
30,3384.6
19,3384.6
17,3385.0
14,3385.3
29,3385.6
6,3386.1
3,3386.5
11,3386.5
9,3387.8
15,3388.5
23,3388.8
5,3389.2
22,3389.8
26,3390.1
4,3390.9
12,3391.3
27,3392.3
29,3392.9
20,3394.1
30,3395.1
10,3395.2
25,3395.8
17,3396.0
13,3396.7
2,3397.2
26,3401.7
22,3411.3
26,3758.5
13,3758.7
5,3758.7
2,3758.7
29,3759.1
3,3759.1
6,3759.4
12,3759.5
30,3759.5
17,3759.5
11,3759.7
20,3759.7
23,3760.0
10,3760.3
19,3760.4
18,3760.5
27,3760.5
22,3760.6
14,3761.1
15,3761.5
25,3761.5
26,3761.7
21,3761.9
5,3762.7
28,3762.7
2,3762.7
13,3762.9
4,3763.3
3,3763.8
29,3763.8
9,3763.9
30,3764.3
6,3764.6
12,3764.7
17,3764.8
11,3764.9
20,3765.5
26,3765.7
23,3766.5
22,3767.5
10,3767.5
5,3767.5
27,3768.4
2,3768.6
18,3769.1
13,3769.5
29,3770.2
30,3770.5
12,3770.6
26,3770.7
19,3770.9
14,3771.3
25,3771.4
17,3771.7
3,3772.0
11,3772.1
23,3773.8
9,3774.4
6,3774.8
15,3775.2
5,3775.2
22,3775.2
4,3775.7
29,3776.1
26,3776.3
27,3777.2
12,3778.0
20,3778.9
17,3782.2
25,3783.0
2,3784.1
30,3784.8
13,3785.5
26,3788.4
29,3790.8
26,3838.2
5,3838.3
13,3838.4
2,3838.5
3,3838.8
29,3838.9
6,3839.0
30,3839.1
12,3839.2
17,3839.2
11,3839.3
20,3839.4
23,3839.7
18,3840.0
10,3840.0
19,3840.1
22,3840.2
27,3840.2
14,3840.7
15,3841.0
25,3841.1
26,3841.3
21,3841.6
5,3842.2
28,3842.3
13,3842.5
2,3842.5
4,3842.6
9,3843.3
29,3843.5
3,3843.6
30,3844.0
6,3844.0
12,3844.4
17,3844.5
11,3844.6
20,3845.1
26,3845.1
23,3846.2
5,3846.7
22,3846.9
10,3847.1
27,3847.2
18,3848.1
2,3848.3
13,3848.8
29,3848.9
25,3848.9
26,3849.1
19,3849.5
30,3849.8
12,3849.9
14,3850.0
17,3850.5
11,3851.5
3,3851.8
6,3853.1
4,3853.3
23,3853.3
15,3853.3
9,3853.5
5,3853.9
22,3854.3
29,3854.8
26,3855.0
12,3857.0
27,3857.3
20,3858.0
28,3861.5
30,3861.6
25,3862.0
2,3862.4
13,3862.6
17,3862.6
26,3865.6
29,3869.2
5,3876.1
26,3918.1
5,3918.3
2,3918.4
13,3918.4
29,3918.8
3,3918.8
6,3919.0
30,3919.1
17,3919.2
12,3919.2
11,3919.3
20,3919.4
23,3919.7
18,3919.9
10,3920.0
19,3920.1
22,3920.2
27,3920.2
14,3920.7
15,3921.0
25,3921.1
26,3921.2
21,3921.6
5,3922.2
28,3922.2
2,3922.5
13,3922.5
4,3922.6
9,3923.2
3,3923.4
29,3923.5
30,3923.9
6,3924.0
17,3924.4
12,3924.4
11,3924.6
26,3925.0
20,3925.1
23,3926.0
5,3926.7
22,3926.8
10,3927.1
27,3927.3
18,3927.9
2,3928.2
29,3928.2
13,3928.8
12,3929.0
25,3929.0
26,3929.0
19,3929.5
30,3929.6
17,3930.2
14,3930.3
11,3931.5
3,3931.5
15,3932.8
4,3933.3
6,3933.3
23,3933.4
9,3933.5
5,3933.9
29,3934.3
26,3934.7
22,3935.1
12,3936.5
27,3937.5
20,3937.9
30,3941.6
17,3941.7
25,3941.9
2,3942.3
13,3942.7
28,3943.8
26,3944.6
29,3951.4
5,3958.0
26,3998.1
5,3998.3
13,3998.4
2,3998.4
29,3998.8
3,3998.8
6,3999.0
30,3999.1
17,3999.1
12,3999.2
11,3999.3
20,3999.4
23,3999.7
18,4000.0
10,4000.0
19,4000.1
27,4000.1
22,4000.2
14,4000.7
25,4001.0
15,4001.0
26,4001.2
21,4001.6
5,4002.2
28,4002.2
13,4002.5
2,4002.5
4,4002.6
9,4003.2
29,4003.3
3,4003.4
30,4003.9
6,4004.0
17,4004.2
12,4004.4
11,4004.6
26,4005.0
20,4005.1
23,4006.0
5,4006.7
22,4006.8
10,4007.1
27,4007.2
18,4007.9
29,4008.1
2,4008.2
13,4008.8
26,4009.0
25,4009.1
12,4009.1
19,4009.5
30,4009.7
17,4010.0
14,4010.3
3,4011.5
11,4011.5
15,4012.8
6,4013.3
23,4013.4
9,4013.4
4,4013.4
5,4013.9
29,4014.1
26,4014.8
22,4015.0
12,4016.4
27,4017.0
20,4017.9
17,4021.1
30,4021.7
2,4022.2
25,4022.6
13,4022.9
26,4025.0
29,4029.3
5,4038.7
29,4383.4
26,4383.4
5,4383.7
2,4383.7
13,4383.7
20,4384.0
3,4384.1
21,4384.2
6,4384.3
17,4384.5
30,4384.5
12,4384.5
11,4384.7
23,4385.0
10,4385.3
19,4385.4
18,4385.5
27,4385.5
22,4385.6
14,4386.1
15,4386.5
25,4386.5
29,4386.6
26,4386.6
28,4387.7
5,4387.7
2,4387.7
13,4387.9
20,4388.2
4,4388.3
3,4388.8
9,4389.0
30,4389.3
6,4389.4
21,4389.4
12,4389.7
17,4389.8
11,4389.9
26,4390.5
29,4391.1
23,4391.5
10,4392.5
5,4392.5
22,4392.7
2,4393.6
27,4393.6
18,4394.1
13,4394.5
20,4394.7
30,4395.6
12,4395.6
26,4395.6
29,4395.7
19,4395.9
25,4396.5
14,4396.5
17,4396.7
3,4397.0
11,4397.1
23,4398.8
9,4399.4
6,4399.5
21,4399.5
5,4400.2
15,4400.3
22,4400.5
29,4401.2
4,4401.2
26,4401.4
12,4403.0
27,4403.3
25,4406.5
17,4407.8
2,4409.1
30,4410.1
29,4412.5
26,4413.5
20,4413.8
29,4463.1
26,4463.2
5,4463.3
13,4463.4
2,4463.5
20,4463.7
3,4463.8
21,4463.9
6,4464.0
30,4464.1
12,4464.2
17,4464.3
11,4464.4
23,4464.7
18,4465.0
10,4465.0
19,4465.1
22,4465.2
27,4465.2
14,4465.7
25,4466.1
15,4466.2
26,4466.3
29,4466.3
5,4467.2
28,4467.3
2,4467.5
13,4467.5
4,4467.7
20,4467.8
9,4468.2
3,4468.6
21,4468.8
30,4469.0
6,4469.0
12,4469.4
17,4469.5
11,4469.6
26,4470.1
29,4470.5
23,4471.2
5,4471.7
10,4472.1
22,4472.1
27,4472.4
18,4473.1
2,4473.3
13,4473.8
25,4473.9
26,4474.1
20,4474.4
19,4474.5
29,4474.7
30,4474.8
12,4474.9
14,4475.0
17,4475.5
11,4476.5
3,4476.8
21,4478.0
6,4478.2
9,4478.3
23,4478.3
4,4478.7
5,4478.9
15,4479.4
22,4479.7
26,4480.0
29,4480.2
12,4481.9
27,4482.9
25,4484.7
30,4486.4
2,4487.4
28,4488.0
17,4488.5
20,4491.1
29,4491.4
26,4491.6
13,4492.3
5,4498.1
29,4543.1
26,4543.2
5,4543.3
13,4543.4
2,4543.4
20,4543.7
3,4543.8
21,4543.9
6,4544.0
30,4544.1
17,4544.2
12,4544.2
11,4544.3
23,4544.7
10,4544.9
18,4545.0
19,4545.1
27,4545.2
22,4545.2
14,4545.6
25,4546.0
15,4546.1
26,4546.3
29,4546.3
5,4547.2
28,4547.2
2,4547.5
13,4547.5
4,4547.7
20,4547.9
9,4548.1
3,4548.4
21,4548.8
30,4548.9
6,4549.0
12,4549.4
17,4549.4
11,4549.6
26,4550.1
29,4550.5
23,4551.0
5,4551.7
22,4551.9
10,4552.1
27,4552.3
18,4552.9
2,4553.2
13,4553.8
12,4554.0
25,4554.0
26,4554.1
29,4554.3
20,4554.3
19,4554.5
30,4554.7
17,4555.2
14,4555.3
11,4556.5
3,4556.5
21,4558.0
9,4558.2
6,4558.3
23,4558.4
4,4558.8
5,4558.9
15,4559.3
26,4559.9
29,4560.3
22,4560.4
12,4561.4
27,4562.8
25,4564.8
30,4566.4
2,4567.3
17,4567.5
20,4570.5
28,4570.6
26,4571.5
13,4572.3
29,4573.3
5,4578.6
26,4623.1
29,4623.1
5,4623.3
13,4623.4
2,4623.4
20,4623.7
3,4623.8
21,4623.9
6,4624.0
30,4624.1
17,4624.1
12,4624.2
11,4624.3
23,4624.7
10,4624.9
18,4625.0
19,4625.1
27,4625.1
22,4625.2
14,4625.6
25,4625.9
15,4626.1
26,4626.2
29,4626.3
28,4627.2
5,4627.2
13,4627.5
2,4627.5
4,4627.7
20,4627.9
9,4628.0
3,4628.4
21,4628.8
30,4628.9
6,4629.0
17,4629.4
12,4629.4
11,4629.6
26,4630.0
29,4630.5
23,4631.0
5,4631.7
22,4631.9
10,4632.1
27,4632.4
18,4633.0
2,4633.2
13,4633.8
26,4634.0
25,4634.0
12,4634.1
29,4634.3
20,4634.3
19,4634.6
30,4634.7
17,4635.2
14,4635.3
3,4636.5
11,4636.5
21,4638.0
9,4638.2
6,4638.3
23,4638.4
5,4638.9
4,4639.2
15,4639.4
26,4639.8
29,4640.1
22,4640.3
12,4641.4
27,4642.8
25,4645.0
30,4646.6
2,4647.2
17,4647.6
20,4650.8
26,4650.9
13,4652.5
29,4652.6
28,4652.9
5,4659.5
5,5008.2
26,5008.4
29,5008.4
13,5008.7
12,5008.9
20,5008.9
21,5009.2
6,5009.3
3,5009.4
30,5009.5
11,5009.7
23,5010.0
19,5010.4
22,5010.6
17,5010.6
2,5010.7
14,5011.1
5,5011.5
15,5011.5
25,5011.5
26,5011.6
29,5011.7
28,5012.7
13,5012.9
20,5013.2
12,5013.2
4,5013.4
10,5013.7
9,5013.9
21,5014.2
30,5014.3
3,5014.6
6,5014.6
11,5014.9
5,5015.1
27,5015.5
26,5015.5
29,5016.1
23,5016.5
22,5017.7
12,5018.0
2,5018.5
5,5019.4
13,5019.5
17,5019.7
20,5020.0
30,5020.6
26,5020.6
29,5020.7
3,5020.8
19,5020.9
14,5021.5
25,5021.5
12,5022.0
11,5022.1
21,5023.7
23,5023.8
9,5024.5
6,5024.5
5,5024.8
15,5025.4
22,5025.5
29,5026.1
4,5026.2
26,5026.5
27,5026.6
17,5027.0
12,5028.0
3,5030.8
25,5033.2
5,5033.6
30,5035.2
29,5037.4
26,5039.8
12,5042.1
20,5053.6
5,5087.9
29,5088.1
26,5088.2
13,5088.4
12,5088.6
20,5088.7
21,5088.9
6,5089.0
3,5089.1
30,5089.2
11,5089.4
23,5089.7
19,5090.1
22,5090.3
17,5090.3
2,5090.4
14,5090.7
5,5091.1
25,5091.1
15,5091.2
29,5091.3
26,5091.3
28,5092.3
13,5092.5
4,5092.7
12,5092.8
20,5092.9
10,5093.1
9,5093.3
21,5093.8
30,5094.0
6,5094.0
3,5094.2
11,5094.6
5,5094.7
27,5094.8
26,5095.1
29,5095.5
23,5096.2
12,5096.9
22,5097.1
17,5097.5
2,5098.2
5,5098.5
13,5098.8
25,5098.9
26,5099.2
20,5099.4
19,5099.5
29,5099.7
3,5099.7
30,5099.8
14,5100.0
12,5101.0
11,5101.6
21,5103.0
6,5103.1
23,5103.3
9,5103.5
5,5103.8
4,5104.2
15,5104.4
22,5104.7
17,5105.1
29,5105.2
26,5105.5
12,5107.0
27,5108.1
3,5110.8
25,5110.8
30,5111.6
5,5112.4
29,5116.4
13,5117.4
20,5118.0
26,5119.5
28,5120.5
12,5120.6
5,5167.9
29,5168.1
26,5168.2
13,5168.4
12,5168.6
20,5168.7
21,5168.9
6,5169.0
30,5169.1
3,5169.1
11,5169.4
23,5169.7
19,5170.1
22,5170.2
17,5170.3
2,5170.4
14,5170.6
15,5171.1
25,5171.1
5,5171.1
29,5171.3
26,5171.3
28,5172.2
13,5172.5
4,5172.7
12,5172.8
20,5172.9
9,5173.2
10,5173.2
21,5173.8
6,5174.0
30,5174.0
3,5174.2
11,5174.6
5,5174.7
27,5174.8
26,5175.1
29,5175.5
23,5176.0
12,5176.8
22,5176.9
17,5177.7
2,5178.1
5,5178.4
13,5178.8
25,5179.0
26,5179.1
29,5179.3
20,5179.3
19,5179.5
3,5179.6
30,5180.0
14,5180.3
12,5181.0
11,5181.6
21,5183.0
6,5183.2
23,5183.4
9,5183.5
5,5183.6
4,5183.8
15,5184.4
26,5185.1
29,5185.3
17,5185.4
22,5185.4
12,5187.5
27,5187.8
3,5190.6
25,5191.0
5,5192.1
30,5192.9
20,5197.0
26,5197.0
13,5197.4
29,5198.3
12,5205.3
5,5247.9
29,5248.1
26,5248.2
13,5248.4
12,5248.6
20,5248.7
21,5248.9
6,5249.0
30,5249.1
3,5249.1
11,5249.4
23,5249.7
19,5250.1
22,5250.2
17,5250.3
2,5250.4
14,5250.7
25,5251.0
5,5251.1
15,5251.1
26,5251.2
29,5251.3
28,5252.2
13,5252.5
4,5252.7
12,5252.8
20,5252.9
9,5253.1
10,5253.2
21,5253.8
30,5254.0
6,5254.0
3,5254.2
11,5254.6
5,5254.7
27,5254.8
26,5255.0
29,5255.5
23,5256.0
12,5256.8
22,5256.9
17,5257.6
2,5258.1
5,5258.4
13,5258.8
26,5259.0
25,5259.0
29,5259.3
20,5259.3
19,5259.5
3,5259.6
30,5260.0
14,5260.3
12,5261.0
11,5261.6
21,5263.0
6,5263.3
9,5263.4
23,5263.4
5,5263.6
4,5263.8
15,5264.4
26,5264.9
29,5265.1
17,5265.1
22,5265.3
12,5267.5
27,5267.6
3,5270.7
25,5271.2
5,5272.2
30,5273.1
26,5276.4
20,5277.4
13,5277.5
29,5277.6
12,5285.2
29,5633.4
26,5633.4
5,5633.6
13,5633.7
20,5633.9
21,5634.2
6,5634.3
3,5634.4
12,5635.0
23,5635.0
19,5635.4
17,5635.6
27,5635.7
2,5635.7
14,5636.1
25,5636.5
15,5636.5
26,5636.6
29,5636.7
30,5637.1
5,5637.4
28,5637.7
13,5637.9
20,5638.2
11,5638.6
10,5638.7
9,5639.0
21,5639.2
6,5639.6
3,5639.6
26,5640.5
29,5641.1
22,5641.4
23,5641.5
5,5642.1
12,5642.2
27,5643.0
2,5643.6
17,5643.9
13,5644.5
20,5645.0
3,5645.1
26,5645.6
29,5645.7
19,5645.9
25,5646.5
14,5646.5
12,5647.5
5,5647.7
23,5648.8
21,5648.9
9,5649.6
6,5650.1
15,5650.4
27,5650.7
17,5651.1
29,5651.1
26,5651.4
22,5654.4
30,5655.0
3,5656.4
12,5656.8
5,5657.7
25,5659.1
29,5662.4
26,5664.8
29,5713.1
26,5713.2
5,5713.3
13,5713.4
20,5713.7
21,5713.9
6,5714.0
3,5714.1
12,5714.7
23,5714.7
19,5715.1
17,5715.3
27,5715.4
2,5715.4
14,5715.7
15,5716.2
25,5716.2
26,5716.3
29,5716.3
30,5716.8
5,5717.0
28,5717.4
13,5717.5
20,5717.9
11,5718.2
10,5718.2
9,5718.4
21,5718.8
6,5719.0
3,5719.2
26,5720.2
29,5720.5
22,5720.8
23,5721.3
12,5721.6
5,5721.6
27,5722.0
17,5722.5
2,5723.5
13,5723.8
25,5724.0
26,5724.3
20,5724.4
19,5724.6
3,5724.7
29,5724.7
14,5725.4
12,5726.7
5,5727.1
21,5728.0
6,5728.2
23,5728.3
9,5728.8
15,5729.4
17,5730.0
29,5730.2
26,5730.5
27,5730.8
30,5733.4
22,5734.1
3,5735.7
12,5736.1
5,5736.4
25,5737.3
29,5741.4
13,5742.4
26,5744.8
20,5747.7
29,5793.1
26,5793.2
5,5793.2
13,5793.4
20,5793.7
21,5793.9
6,5794.0
3,5794.1
12,5794.7
23,5794.7
19,5795.1
27,5795.3
17,5795.3
2,5795.4
14,5795.7
15,5796.1
25,5796.2
26,5796.3
29,5796.3
30,5796.7
5,5796.8
28,5797.3
13,5797.5
20,5797.9
10,5798.2
9,5798.3
11,5798.3
21,5798.8
6,5799.0
3,5799.2
26,5800.1
29,5800.5
22,5800.7
23,5801.2
5,5801.4
12,5801.5
27,5802.1
17,5802.6
2,5803.4
13,5803.8
25,5804.1
26,5804.1
29,5804.3
20,5804.3
3,5804.6
19,5804.6
14,5805.4
5,5806.8
12,5807.0
21,5808.0
6,5808.3
9,5808.7
23,5808.8
15,5809.4
26,5810.0
17,5810.3
29,5810.3
27,5810.9
30,5813.9
3,5815.6
5,5816.0
25,5817.3
12,5818.3
13,5822.4
26,5823.0
29,5823.3
20,5826.9
29,5873.1
5,5873.2
26,5873.2
13,5873.4
20,5873.7
21,5873.9
6,5874.0
3,5874.1
12,5874.7
23,5874.7
19,5875.1
27,5875.3
17,5875.3
2,5875.4
14,5875.7
25,5876.1
15,5876.1
29,5876.3
26,5876.4
30,5876.8
5,5876.8
28,5877.3
13,5877.5
20,5877.9
10,5878.2
11,5878.3
9,5878.3
21,5878.8
6,5879.0
3,5879.2
26,5880.3
29,5880.5
22,5880.8
23,5881.2
5,5881.4
12,5881.5
27,5882.0
17,5882.6
2,5883.1
13,5883.8
25,5884.1
29,5884.3
26,5884.3
20,5884.3
3,5884.6
19,5884.6
14,5885.4
5,5886.8
12,5886.9
21,5888.0
6,5888.3
9,5888.6
23,5888.8
15,5889.4
17,5890.1
29,5890.1
26,5890.6
27,5890.7
30,5894.1
3,5895.7
5,5896.1
25,5897.5
12,5898.3
13,5902.5
29,5902.6
26,5904.8
20,5907.4
26,6258.4
29,6258.4
17,6258.8
20,6258.9
21,6259.2
6,6259.3
3,6259.4
5,6259.5
12,6260.0
13,6260.2
19,6260.4
27,6260.7
2,6260.7
0,6261.0
14,6261.1
25,6261.5
26,6261.6
29,6261.7
8,6262.1
30,6262.2
28,6262.7
17,6262.9
20,6263.2
23,6263.6
11,6263.7
10,6263.7
9,6264.0
21,6264.2
3,6264.6
6,6264.6
26,6265.5
5,6265.8
29,6266.1
22,6266.6
12,6267.2
27,6268.0
17,6268.2
2,6268.6
13,6269.1
20,6270.0
3,6270.1
26,6270.6
29,6270.7
19,6270.9
25,6271.5
14,6271.5
0,6272.4
5,6272.5
12,6272.6
17,6273.4
21,6273.9
23,6274.2
9,6275.0
6,6275.1
27,6275.9
29,6276.1
26,6276.5
22,6279.8
12,6282.3
3,6282.4
17,6283.6
25,6286.9
29,6287.4
26,6290.5
29,6338.1
26,6338.2
17,6338.5
20,6338.7
21,6338.9
3,6339.1
6,6339.1
5,6339.2
12,6339.7
13,6339.9
19,6340.2
2,6340.4
27,6340.4
0,6340.6
14,6340.8
25,6341.2
29,6341.3
26,6341.3
8,6341.6
30,6341.9
28,6342.4
17,6342.5
20,6343.0
23,6343.2
10,6343.2
11,6343.3
9,6343.5
21,6344.0
6,6344.2
3,6344.2
26,6345.2
5,6345.3
29,6345.5
22,6345.6
12,6346.8
27,6347.0
17,6347.2
13,6348.4
2,6348.5
25,6349.1
26,6349.3
20,6349.6
29,6349.7
3,6349.7
19,6350.1
14,6350.4
0,6351.1
5,6351.8
12,6352.0
17,6352.6
23,6353.3
21,6353.6
6,6354.0
9,6354.3
29,6355.2
26,6355.5
27,6356.1
22,6358.7
30,6360.7
3,6361.3
12,6362.0
17,6363.5
25,6365.2
29,6366.4
8,6366.8
26,6370.8
29,6418.1
26,6418.2
17,6418.5
20,6418.7
21,6418.9
6,6419.0
3,6419.1
5,6419.2
12,6419.7
13,6419.9
19,6420.2
27,6420.3
2,6420.4
0,6420.5
14,6420.7
25,6421.2
29,6421.3
26,6421.3
8,6421.6
30,6421.8
28,6422.3
17,6422.3
20,6422.9
23,6423.1
10,6423.2
11,6423.3
9,6423.5
21,6423.8
3,6424.2
6,6424.2
26,6425.1
5,6425.3
29,6425.5
22,6425.5
12,6426.5
17,6427.1
27,6427.1
13,6428.4
2,6428.4
26,6429.1
25,6429.2
29,6429.3
20,6429.4
3,6429.7
19,6430.1
14,6430.4
0,6431.1
5,6431.7
12,6432.0
17,6432.3
23,6432.6
21,6433.1
6,6434.1
9,6434.1
26,6435.1
29,6435.3
27,6436.2
3,6441.1
30,6441.5
17,6442.8
12,6444.1
8,6444.5
22,6444.6
25,6444.8
29,6448.3
26,6448.8
5,6454.4
29,6498.1
26,6498.2
17,6498.5
20,6498.7
21,6498.9
6,6499.0
3,6499.1
5,6499.2
12,6499.7
13,6499.9
19,6500.2
27,6500.3
2,6500.4
0,6500.6
14,6500.7
25,6501.1
29,6501.3
26,6501.4
8,6501.6
30,6501.8
28,6502.3
17,6502.3
20,6502.9
10,6503.2
23,6503.2
11,6503.3
9,6503.4
21,6503.8
3,6504.2
6,6504.2
26,6505.3
5,6505.3
29,6505.5
22,6505.5
12,6506.5
27,6507.0
17,6507.1
2,6508.1
13,6508.4
25,6509.2
29,6509.3
26,6509.3
20,6509.4
3,6509.7
19,6510.1
14,6510.8
0,6511.1
5,6511.7
12,6512.0
17,6512.4
23,6512.6
21,6513.1
9,6514.0
6,6514.1
29,6515.1
26,6515.6
27,6515.9
3,6521.1
30,6521.7
17,6522.9
12,6524.0
22,6524.2
25,6525.0
8,6525.7
29,6527.6
26,6530.7
5,6535.3
26,6883.4
21,6883.4
29,6883.7
17,6883.8
20,6883.9
6,6884.3
3,6884.4
5,6884.5
13,6885.2
19,6885.5
2,6885.7
27,6885.7
0,6885.9
14,6886.1
26,6886.6
25,6886.6
21,6887.0
8,6887.0
30,6887.2
29,6887.7
28,6887.7
17,6887.9
12,6888.1
20,6888.2
11,6888.7
10,6888.7
9,6889.0
4,6889.4
6,6889.6
3,6889.6
26,6890.5
5,6890.8
21,6891.2
27,6893.0
17,6893.2
2,6893.6
29,6894.0
13,6894.1
20,6895.0
3,6895.1
26,6895.6
19,6896.0
25,6896.5
14,6896.7
12,6897.4
0,6897.5
5,6897.5
21,6898.0
17,6898.6
9,6900.0
6,6900.1
27,6900.9
26,6901.5
29,6902.0
3,6906.0
25,6909.2
17,6909.2
30,6910.0
26,6914.4
5,6920.9
21,6963.1
26,6963.2
17,6963.5
29,6963.5
20,6963.7
6,6964.0
5,6964.1
3,6964.1
13,6964.9
19,6965.1
2,6965.4
27,6965.4
0,6965.6
14,6965.7
25,6966.1
26,6966.3
8,6966.6
21,6966.7
30,6966.8
28,6967.3
17,6967.3
29,6967.5
12,6967.6
20,6968.0
10,6968.1
11,6968.1
9,6968.4
4,6968.9
6,6969.0
3,6969.2
26,6970.2
5,6970.3
21,6970.8
17,6972.0
27,6972.0
29,6972.8
2,6973.2
13,6973.3
25,6974.0
26,6974.2
19,6974.6
20,6974.6
3,6974.7
14,6975.3
0,6976.1
5,6976.7
12,6976.8
17,6977.2
21,6977.5
6,6978.2
9,6979.0
26,6980.5
29,6981.0
27,6981.1
30,6984.4
3,6985.2
25,6986.4
17,6987.3
8,6990.1
28,6990.8
5,6994.1
26,6994.1
21,7043.1
26,7043.2
17,7043.5
29,7043.5
20,7043.7
6,7044.0
3,7044.1
5,7044.1
13,7044.8
19,7045.1
27,7045.3
2,7045.4
0,7045.5
14,7045.7
25,7046.1
26,7046.3
8,7046.6
21,7046.6
30,7046.8
28,7047.2
17,7047.3
29,7047.5
12,7047.6
20,7047.9
11,7048.2
10,7048.2
9,7048.3
4,7048.8
6,7049.0
3,7049.2
5,7050.1
26,7050.1
21,7050.7
27,7052.1
17,7052.1
29,7052.8
2,7053.1
13,7053.3
26,7054.1
25,7054.1
20,7054.4
3,7054.6
19,7054.6
14,7055.3
0,7056.1
5,7056.3
12,7056.8
21,7057.2
17,7057.3
6,7058.4
9,7058.9
26,7060.0
29,7060.9
27,7061.2
30,7064.9
3,7065.2
25,7066.6
17,7067.8
5,7070.6
26,7072.4
8,7075.0
21,7086.9
21,7123.1
26,7123.2
29,7123.4
17,7123.5
20,7123.7
6,7124.0
5,7124.1
3,7124.1
13,7124.8
19,7125.1
27,7125.3
2,7125.4
0,7125.6
14,7125.7
25,7126.0
26,7126.4
21,7126.6
8,7126.6
30,7126.8
28,7127.2
29,7127.3
17,7127.3
12,7127.7
20,7127.9
10,7128.2
11,7128.2
9,7128.3
4,7128.8
6,7129.0
3,7129.2
26,7130.3
5,7130.3
21,7130.7
27,7132.0
17,7132.1
29,7132.7
2,7133.1
13,7133.3
25,7134.1
26,7134.3
20,7134.4
19,7134.6
3,7134.6
14,7135.4
0,7136.1
5,7136.7
12,7136.8
21,7137.2
17,7137.3
6,7138.4
9,7138.7
26,7140.3
27,7140.9
29,7141.0
30,7145.1
3,7145.2
25,7146.9
17,7147.8
26,7153.5
5,7153.7
21,7169.6
26,7508.2
17,7508.8
20,7508.9
21,7509.1
6,7509.3
3,7509.4
0,7509.4
8,7509.6
25,7509.7
29,7509.8
10,7510.1
9,7510.4
2,7510.7
27,7510.7
26,7510.9
14,7511.1
24,7511.4
1,7511.6
5,7511.6
30,7512.2
17,7512.7
28,7512.7
20,7513.2
12,7513.2
21,7513.7
11,7513.7
26,7514.0
4,7514.4
6,7514.6
3,7514.6
0,7514.9
8,7515.8
29,7516.3
10,7516.3
25,7516.5
26,7517.5
17,7518.0
27,7518.0
9,7518.3
2,7518.6
24,7519.1
1,7519.6
5,7519.7
20,7520.0
3,7520.1
21,7520.3
26,7521.0
0,7521.2
14,7521.5
25,7521.5
12,7522.5
10,7522.7
8,7523.0
17,7523.3
29,7524.1
6,7525.1
9,7525.3
26,7525.6
27,7526.0
25,7529.1
3,7532.1
17,7532.8
26,7532.9
24,7533.9
0,7537.8
10,7538.3
5,7538.5
26,7587.9
17,7588.5
20,7588.7
21,7588.9
0,7589.0
6,7589.0
3,7589.1
8,7589.2
25,7589.4
29,7589.5
10,7589.7
9,7590.1
27,7590.4
2,7590.4
26,7590.5
14,7590.8
24,7590.9
5,7591.1
1,7591.1
30,7591.8
28,7592.3
17,7592.3
12,7592.7
20,7592.9
11,7593.1
21,7593.4
26,7593.5
4,7593.9
6,7594.0
0,7594.2
3,7594.2
8,7595.1
10,7595.6
29,7595.7
25,7595.8
26,7596.7
17,7597.0
9,7597.1
27,7597.1
2,7598.2
24,7598.4
1,7599.0
5,7599.1
20,7599.4
3,7599.7
21,7599.8
0,7600.0
26,7600.1
14,7600.4
25,7600.8
8,7601.8
10,7601.8
12,7601.9
17,7602.2
6,7603.2
29,7603.9
9,7604.3
26,7604.9
27,7606.4
30,7608.5
25,7609.1
3,7611.1
24,7611.7
17,7611.7
26,7612.6
0,7613.6
5,7615.9
10,7616.2
26,7667.9
17,7668.5
20,7668.7
21,7668.9
0,7669.0
6,7669.0
3,7669.1
8,7669.2
25,7669.4
29,7669.5
10,7669.7
9,7670.0
2,7670.4
27,7670.4
26,7670.6
14,7670.7
24,7670.9
5,7671.1
1,7671.1
30,7671.7
28,7672.2
17,7672.3
12,7672.7
20,7672.9
11,7673.1
21,7673.3
26,7673.5
4,7673.7
6,7674.0
3,7674.2
0,7674.2
8,7675.1
10,7675.6
29,7675.7
25,7675.9
26,7676.8
17,7677.1
27,7677.1
9,7677.3
2,7678.1
24,7678.6
1,7679.1
5,7679.2
20,7679.3
3,7679.6
21,7679.7
0,7679.9
26,7680.1
14,7680.4
25,7680.9
8,7681.6
10,7681.7
12,7681.8
17,7682.3
6,7683.4
29,7683.7
9,7684.6
26,7684.9
27,7686.3
25,7689.3
30,7690.0
3,7690.9
24,7691.8
17,7692.2
26,7692.7
0,7693.4
10,7695.5
5,7697.0
26,7727.3
26,7747.9
17,7748.5
20,7748.7
21,7748.9
0,7749.0
6,7749.0
3,7749.1
8,7749.2
25,7749.3
29,7749.5
10,7749.7
9,7750.0
27,7750.3
2,7750.4
26,7750.6
14,7750.7
24,7750.9
1,7751.1
5,7751.1
30,7751.7
28,7752.3
17,7752.3
12,7752.7
20,7752.9
11,7753.1
21,7753.3
26,7753.5
4,7753.7
6,7754.0
3,7754.2
0,7754.2
8,7755.1
10,7755.6
25,7755.8
29,7755.8
26,7756.8
27,7757.0
17,7757.1
9,7757.2
2,7758.1
24,7758.6
1,7759.2
5,7759.2
20,7759.3
3,7759.6
21,7759.7
0,7759.9
26,7760.1
25,7760.7
14,7760.8
8,7761.6
10,7761.7
12,7761.8
17,7762.3
6,7763.4
29,7764.0
9,7764.4
26,7765.0
27,7766.0
25,7769.2
30,7770.2
3,7770.9
24,7771.9
17,7772.3
26,7772.7
0,7773.4
10,7775.8
5,7777.7
26,7806.9
26,8133.0
2,8133.7
17,8133.8
20,8133.9
10,8134.0
21,8134.1
9,8134.2
0,8134.4
3,8134.4
8,8134.5
25,8134.7
29,8134.8
19,8135.3
26,8135.4
27,8135.7
24,8136.3
1,8136.5
5,8136.6
6,8137.4
2,8137.6
17,8137.7
10,8137.8
26,8138.0
12,8138.2
20,8138.2
21,8138.7
11,8138.7
9,8138.8
4,8139.4
3,8139.6
0,8139.9
8,8140.8
26,8141.2
29,8141.3
25,8141.6
10,8142.5
19,8142.6
2,8142.8
17,8143.0
27,8143.0
9,8144.1
24,8144.1
26,8144.5
1,8144.6
5,8144.7
20,8145.0
3,8145.1
21,8145.3
0,8146.2
25,8146.6
12,8147.6
8,8147.9
10,8148.2
26,8148.2
17,8148.3
29,8149.1
9,8150.3
27,8151.0
2,8153.3
26,8153.5
25,8154.9
3,8156.4
17,8157.8
24,8158.5
10,8159.4
0,8161.9
26,8163.0
9,8163.9
20,8167.0
5,8171.7
26,8212.7
2,8213.4
17,8213.5
10,8213.6
20,8213.7
9,8213.8
21,8213.9
0,8214.0
3,8214.1
8,8214.2
25,8214.4
29,8214.5
19,8214.9
26,8215.1
27,8215.4
24,8215.9
1,8216.2
5,8216.2
6,8216.8
17,8217.3
2,8217.3
10,8217.3
26,8217.6
12,8217.7
20,8217.8
11,8218.2
9,8218.2
21,8218.4
4,8219.0
0,8219.2
3,8219.2
8,8220.3
26,8220.7
25,8220.8
29,8220.9
10,8221.9
17,8222.0
19,8222.0
27,8222.0
2,8222.6
9,8222.7
24,8223.5
26,8223.6
1,8224.1
5,8224.1
20,8224.3
3,8224.7
21,8224.8
0,8225.0
25,8225.8
12,8226.8
8,8227.2
17,8227.2
26,8227.4
10,8227.4
9,8228.8
29,8229.4
27,8231.1
26,8232.9
2,8233.2
25,8235.2
3,8235.4
17,8237.2
10,8237.4
24,8237.5
0,8238.6
9,8241.3
20,8242.4
26,8242.4
5,8242.9
21,8245.7
26,8292.7
2,8293.4
17,8293.5
10,8293.6
20,8293.7
9,8293.8
21,8293.8
0,8294.0
3,8294.1
8,8294.2
25,8294.4
29,8294.5
19,8294.9
26,8295.0
27,8295.3
24,8295.9
1,8296.1
5,8296.2
6,8296.8
10,8297.3
2,8297.3
17,8297.3
26,8297.5
12,8297.7
20,8297.9
9,8298.2
11,8298.2
21,8298.3
4,8298.8
3,8299.2
0,8299.2
8,8300.1
26,8300.6
29,8300.7
25,8300.9
10,8301.9
19,8302.0
17,8302.1
27,8302.1
2,8302.4
9,8302.8
26,8303.4
24,8303.7
1,8304.2
5,8304.2
20,8304.3
3,8304.6
21,8304.7
0,8304.9
25,8305.9
8,8306.7
12,8306.8
26,8307.0
17,8307.3
10,8307.3
29,8308.8
9,8308.8
27,8311.2
26,8312.2
2,8312.6
25,8315.3
3,8315.3
10,8317.0
17,8317.3
24,8317.4
0,8318.2
26,8320.8
9,8321.6
20,8322.1
5,8323.9
21,8326.2
26,8359.9
26,8372.7
2,8373.4
17,8373.5
10,8373.6
20,8373.7
9,8373.8
21,8373.8
0,8374.0
3,8374.1
8,8374.2
25,8374.4
29,8374.5
19,8374.9
26,8375.1
27,8375.3
24,8375.9
1,8376.1
5,8376.2
6,8376.9
2,8377.3
10,8377.3
17,8377.3
26,8377.6
12,8377.7
20,8377.9
9,8378.2
11,8378.2
21,8378.3
4,8378.8
3,8379.2
0,8379.2
8,8380.1
26,8380.7
29,8380.8
25,8381.0
10,8381.9
27,8382.0
19,8382.0
17,8382.1
2,8382.4
9,8382.9
26,8383.5
24,8383.7
5,8384.2
1,8384.2
20,8384.3
3,8384.6
21,8384.7
0,8384.9
25,8386.1
8,8386.7
12,8386.8
26,8387.2
17,8387.3
10,8387.3
29,8389.0
9,8389.0
27,8391.0
26,8392.5
2,8392.6
3,8395.3
25,8395.8
10,8397.1
17,8397.3
24,8397.5
0,8398.3
26,8401.4
9,8402.0
20,8402.6
5,8404.7
21,8406.7
26,8758.0
2,8758.7
20,8758.9
10,8759.0
5,8759.1
21,8759.1
0,8759.3
17,8759.4
3,8759.4
8,8759.6
9,8760.0
19,8760.3
7,8760.7
26,8760.9
29,8761.2
24,8761.3
1,8761.5
23,8762.3
6,8762.4
2,8762.6
10,8762.8
25,8763.1
12,8763.2
20,8763.2
11,8763.7
21,8763.7
27,8763.8
5,8764.0
26,8764.0
4,8764.4
3,8764.6
17,8764.9
0,8764.9
8,8765.8
9,8766.2
10,8767.5
26,8767.5
19,8767.6
2,8767.8
7,8768.7
24,8769.1
5,8769.3
1,8769.6
20,8770.0
3,8770.1
21,8770.3
0,8771.2
17,8771.8
26,8771.9
25,8772.3
12,8772.5
8,8772.9
10,8773.2
9,8773.9
29,8775.0
2,8778.3
5,8778.4
26,8779.3
27,8780.8
3,8781.5
10,8785.4
24,8785.4
0,8786.9
20,8789.1
26,8802.0
26,8837.8
2,8838.4
20,8838.7
10,8838.7
5,8838.8
21,8838.9
0,8839.0
17,8839.1
3,8839.1
8,8839.2
9,8839.6
19,8839.9
7,8840.3
26,8840.5
24,8840.9
29,8840.9
1,8841.2
23,8841.8
6,8841.9
2,8842.3
25,8842.4
10,8842.4
12,8842.7
20,8842.8
11,8843.2
27,8843.3
21,8843.4
26,8843.5
5,8843.6
4,8844.0
0,8844.2
3,8844.2
17,8844.4
8,8845.1
9,8845.7
26,8846.9
19,8847.0
10,8847.1
2,8847.6
7,8848.0
24,8848.4
5,8848.8
1,8849.1
20,8849.3
3,8849.7
21,8849.8
0,8850.0
17,8851.1
26,8851.2
25,8851.3
8,8851.8
12,8851.9
10,8852.7
9,8853.4
29,8853.4
5,8857.6
26,8858.0
2,8858.2
3,8860.4
27,8860.5
24,8862.8
0,8863.6
10,8864.4
20,8866.2
21,8871.3
26,8875.3
26,8917.7
2,8918.4
10,8918.6
20,8918.7
21,8918.8
5,8918.8
0,8919.0
17,8919.1
3,8919.1
8,8919.2
9,8919.6
19,8919.9
7,8920.3
26,8920.5
29,8920.9
24,8920.9
1,8921.1
23,8921.8
6,8921.9
10,8922.3
2,8922.3
25,8922.4
12,8922.7
20,8922.9
11,8923.2
21,8923.3
27,8923.3
26,8923.5
5,8923.6
4,8923.8
3,8924.2
0,8924.2
17,8924.4
8,8925.1
9,8925.8
10,8926.9
19,8927.0
26,8927.0
2,8927.4
7,8928.0
24,8928.7
5,8928.8
1,8929.2
20,8929.3
3,8929.6
21,8929.7
0,8929.9
17,8931.0
26,8931.3
25,8931.5
8,8931.7
12,8932.0
10,8932.5
9,8933.2
29,8933.3
5,8937.6
2,8937.6
26,8938.1
3,8940.3
27,8941.3
0,8943.2
24,8943.4
10,8943.4
20,8946.8
21,8951.6
26,8955.3
26,8997.7
2,8998.4
10,8998.6
20,8998.7
5,8998.8
21,8998.8
0,8999.0
17,8999.1
3,8999.1
8,8999.2
9,8999.6
19,8999.9
7,9000.3
26,9000.5
24,9000.9
29,9000.9
1,9001.1
23,9001.8
6,9002.0
10,9002.3
2,9002.3
25,9002.5
12,9002.7
20,9002.9
11,9003.2
21,9003.3
27,9003.3
26,9003.5
5,9003.6
4,9003.8
3,9004.2
0,9004.2
17,9004.4
8,9005.1
9,9005.8
10,9006.9
19,9007.0
26,9007.0
2,9007.4
7,9008.0
24,9008.7
5,9008.8
1,9009.2
20,9009.3
3,9009.6
21,9009.7
0,9009.9
17,9011.0
26,9011.3
25,9011.5
8,9011.7
12,9012.0
10,9012.5
9,9013.3
29,9013.4
5,9017.6
2,9017.6
26,9018.1
3,9020.3
27,9021.6
0,9023.3
10,9023.5
24,9023.6
20,9027.5
21,9032.0
26,9035.5
26,9383.5
17,9383.7
21,9384.1
5,9384.1
0,9384.3
1,9384.5
8,9384.6
10,9384.7
9,9385.0
19,9385.3
20,9385.4
7,9385.6
2,9385.7
24,9386.3
29,9386.3
26,9387.0
3,9387.1
23,9387.2
6,9387.4
17,9387.6
25,9388.1
12,9388.2
21,9388.7
27,9388.9
5,9389.0
4,9389.4
10,9389.8
0,9389.9
1,9390.6
8,9390.8
9,9391.2
26,9391.5
19,9392.6
17,9392.8
7,9393.5
20,9393.6
2,9394.1
24,9394.1
5,9394.3
10,9394.9
21,9395.3
3,9395.5
0,9396.2
26,9396.4
1,9397.2
25,9397.5
12,9397.6
8,9397.9
9,9398.9
29,9399.7
17,9400.5
10,9403.4
5,9403.7
26,9405.1
27,9406.1
24,9408.2
0,9411.4
26,9463.2
17,9463.4
5,9463.8
21,9463.9
0,9464.0
1,9464.2
8,9464.2
10,9464.3
9,9464.7
19,9464.9
20,9465.1
7,9465.3
2,9465.4
29,9465.8
24,9466.0
26,9466.6
3,9466.7
23,9466.8
6,9466.9
17,9467.2
25,9467.5
12,9467.6
27,9468.3
21,9468.4
5,9468.6
4,9469.0
10,9469.2
0,9469.2
8,9470.1
1,9470.1
9,9470.8
26,9470.9
19,9472.0
17,9472.2
20,9472.8
7,9473.0
2,9473.4
24,9473.5
5,9473.8
10,9474.2
21,9474.8
3,9474.9
0,9475.0
26,9475.6
25,9476.5
12,9476.8
8,9476.8
1,9476.8
29,9477.6
9,9478.4
17,9479.5
10,9482.3
5,9482.7
26,9483.7
27,9487.4
24,9487.5
0,9488.5
21,9509.1
26,9543.2
17,9543.4
5,9543.8
21,9543.9
0,9544.0
8,9544.2
1,9544.2
10,9544.3
9,9544.7
19,9544.9
20,9545.1
2,9545.3
7,9545.3
29,9545.8
24,9545.9
26,9546.6
3,9546.7
23,9546.8
6,9546.9
17,9547.2
25,9547.5
12,9547.6
27,9548.3
21,9548.3
5,9548.6
4,9548.8
0,9549.2
10,9549.2
8,9550.1
1,9550.2
9,9550.8
26,9551.0
19,9552.0
17,9552.2
20,9552.8
7,9553.0
2,9553.4
24,9553.7
5,9553.8
10,9554.2
21,9554.7
0,9554.9
3,9554.9
26,9555.7
12,9556.6
1,9556.7
8,9556.7
25,9556.7
29,9557.5
9,9558.3
17,9559.7
10,9562.4
5,9562.7
26,9563.8
27,9566.5
24,9567.3
0,9568.2
26,9623.2
17,9623.4
5,9623.8
21,9623.9
0,9624.0
8,9624.2
1,9624.2
10,9624.3
9,9624.7
19,9624.9
20,9625.1
7,9625.3
2,9625.4
29,9625.8
24,9625.9
26,9626.6
3,9626.7
23,9626.8
6,9626.9
17,9627.2
25,9627.5
12,9627.6
27,9628.3
21,9628.3
5,9628.6
4,9628.8
0,9629.2
10,9629.2
8,9630.1
1,9630.2
9,9630.8
26,9631.0
19,9632.0
17,9632.2
20,9632.8
7,9633.0
2,9633.4
24,9633.7
5,9633.8
10,9634.3
21,9634.7
3,9634.9
0,9634.9
26,9635.7
8,9636.7
25,9636.7
1,9636.7
12,9636.8
29,9637.5
9,9638.3
17,9639.4
10,9642.5
5,9642.7
26,9643.9
27,9646.7
24,9647.4
0,9648.3
