0,26.0
23,26.0
22,26.0
21,26.0
20,26.0
46,26.0
47,26.0
19,26.0
45,26.0
48,26.0
17,26.0
49,26.0
50,26.0
51,26.0
16,26.0
52,26.0
53,26.0
18,26.0
24,26.0
25,26.0
26,26.0
35,26.0
33,26.0
36,26.0
32,26.0
37,26.0
38,26.0
31,26.0
39,26.0
30,26.0
29,26.0
40,26.0
41,26.0
42,26.0
28,26.0
43,26.0
27,26.0
44,26.0
15,26.0
54,26.0
34,26.0
60,26.0
6,26.0
57,26.0
9,26.0
8,26.0
56,26.0
59,26.0
12,26.0
5,26.0
11,26.0
61,26.0
13,26.0
58,26.0
14,26.0
3,26.0
2,26.0
1,26.0
62,26.0
55,26.0
7,26.0
4,26.0
10,26.0
61,84.1
38,112.8
40,113.1
19,115.5
17,116.2
18,116.2
12,116.6
51,118.2
62,118.3
39,118.8
13,120.6
15,122.7
57,122.8
30,124.2
58,124.4
53,124.6
16,125.2
55,126.6
33,128.7
52,130.1
60,130.7
11,130.7
31,132.6
56,134.1
7,135.7
50,136.8
28,137.1
14,137.3
27,138.4
58,142.4
16,143.5
15,143.9
55,144.0
53,145.5
6,145.7
23,145.8
37,147.0
45,147.2
30,147.2
34,148.9
61,149.4
36,149.6
0,150.4
57,151.6
12,151.7
52,152.3
32,153.2
33,153.5
18,154.4
2,154.5
5,155.9
56,156.4
19,157.6
60,157.8
31,158.4
9,158.7
35,159.7
28,160.1
26,161.9
16,162.4
14,163.5
50,164.0
7,164.4
51,167.5
27,167.8
11,167.8
39,168.0
55,169.2
58,170.7
48,174.3
30,177.5
15,178.2
57,185.1
43,187.2
34,188.6
53,189.4
58,190.7
55,193.0
44,194.1
28,194.5
50,194.9
15,195.5
6,196.1
42,196.5
7,196.5
56,199.9
14,200.5
60,201.4
52,202.0
31,203.1
58,203.4
16,204.0
53,204.2
57,204.7
11,206.3
34,206.8
55,207.7
45,208.2
15,211.4
50,213.0
0,213.2
28,216.2
7,217.9
58,222.8
60,223.6
56,228.5
45,233.2
53,233.4
55,267.9
19,270.9
50,271.9
14,272.8
16,273.7
52,274.7
53,276.0
58,276.8
31,277.3
28,279.0
7,280.5
60,280.8
55,281.7
15,284.3
56,284.4
0,285.1
33,285.4
16,286.8
50,289.6
23,291.5
45,292.5
11,292.9
58,293.0
52,294.1
6,295.3
55,297.2
34,298.0
16,299.1
53,299.7
31,299.8
60,301.5
28,301.6
14,301.7
33,303.1
7,303.5
30,306.6
23,311.2
50,312.1
38,513.2
55,525.8
58,531.8
16,533.7
15,552.3
6,590.0
12,613.6
61,622.3
36,627.8
18,646.1
10,647.6
38,649.5
30,653.2
58,653.5
15,654.5
33,655.6
11,655.8
7,655.9
12,656.2
55,656.9
16,657.0
53,658.2
51,659.2
19,661.1
31,661.3
14,661.5
6,663.1
52,663.7
13,664.7
60,665.3
28,665.3
56,665.5
50,665.9
0,666.5
57,667.4
58,667.5
32,668.8
55,670.5
16,670.9
45,671.0
36,671.0
15,671.8
61,673.3
33,674.0
53,674.0
7,674.2
34,674.6
30,675.5
23,677.4
31,678.7
11,678.7
14,679.1
5,679.5
52,679.8
9,680.3
27,681.0
56,682.3
58,682.4
28,682.9
50,683.4
55,683.9
6,684.0
18,684.1
16,685.1
38,685.8
60,686.2
12,687.5
37,687.7
33,689.5
39,689.6
10,692.2
48,692.3
57,693.1
30,695.7
0,696.8
2,697.3
23,698.9
6,706.3
34,706.5
31,707.0
27,711.1
12,724.3
30,726.8
57,727.0
19,728.0
55,733.9
28,735.8
58,736.4
53,736.4
7,737.2
15,737.6
38,739.5
50,741.2
16,741.3
60,743.2
56,743.9
14,744.3
31,745.7
52,746.8
45,747.5
55,747.6
11,750.3
53,752.0
58,752.3
28,754.6
7,756.4
15,758.6
50,759.1
0,759.2
6,760.7
60,763.2
16,766.2
45,773.3
55,813.7
19,814.7
58,816.0
14,816.7
56,816.8
50,817.2
52,817.6
38,817.6
7,818.0
53,820.0
15,820.4
16,820.5
60,821.4
31,821.8
28,823.5
33,823.7
34,825.8
55,826.4
11,828.1
58,828.9
36,830.8
30,831.2
16,832.1
18,832.7
52,833.4
50,834.9
14,835.2
56,835.5
45,836.4
7,836.5
23,837.6
33,838.3
15,838.6
5,838.6
32,838.7
53,838.8
60,838.9
0,838.9
6,839.2
55,839.7
31,840.6
58,843.4
28,845.1
16,848.5
23,857.2
6,862.2
55,894.2
50,896.2
53,896.4
56,897.9
14,898.1
58,901.2
7,901.8
28,901.9
60,903.4
52,904.6
16,904.7
15,905.6
19,906.1
55,907.5
11,908.0
34,909.2
31,909.3
45,910.1
0,911.9
53,912.7
50,913.6
58,915.3
33,919.5
14,920.6
16,921.1
36,921.9
7,922.4
55,923.4
60,923.8
52,924.3
28,927.5
12,928.0
45,934.9
50,940.2
57,940.9
0,944.2
12,963.9
30,1121.0
58,1121.0
16,1123.8
53,1135.9
38,1149.7
51,1153.3
15,1161.4
6,1190.5
34,1225.7
26,1236.9
31,1272.4
38,1274.5
30,1275.8
51,1277.9
11,1278.6
58,1279.4
15,1280.5
33,1281.0
7,1281.2
55,1283.0
16,1283.2
56,1283.3
12,1283.6
53,1283.8
19,1284.8
14,1287.9
52,1288.6
18,1289.8
57,1290.5
60,1290.8
28,1291.1
50,1291.4
6,1292.1
58,1293.3
31,1294.9
45,1296.0
13,1296.7
55,1297.1
10,1297.5
16,1297.5
15,1298.0
30,1298.2
36,1299.5
53,1299.9
7,1300.1
56,1300.3
34,1300.4
33,1300.7
11,1301.7
5,1302.4
52,1304.0
0,1304.5
27,1305.7
14,1306.1
37,1307.5
32,1308.1
23,1308.2
28,1309.1
12,1309.2
50,1309.2
35,1309.8
38,1311.3
55,1311.4
58,1312.1
60,1312.3
16,1313.1
6,1315.6
30,1316.4
61,1317.0
26,1317.8
57,1317.9
39,1319.9
31,1322.1
48,1322.9
2,1324.1
19,1325.2
33,1327.5
27,1334.7
12,1352.5
51,1356.1
16,1358.1
55,1358.3
50,1359.0
30,1359.9
28,1360.4
53,1361.2
7,1361.9
56,1362.0
15,1362.8
38,1363.6
58,1363.9
19,1367.4
60,1367.7
31,1368.4
14,1368.8
45,1370.9
52,1371.5
55,1372.2
11,1373.8
50,1375.9
16,1376.0
53,1376.5
34,1378.0
28,1378.9
58,1379.3
56,1380.6
0,1380.9
7,1381.1
57,1381.6
15,1385.0
18,1385.1
60,1385.9
45,1392.9
50,1395.3
0,1409.8
55,1438.8
14,1441.9
7,1442.8
52,1443.7
58,1444.8
53,1445.1
31,1446.1
15,1446.4
11,1446.8
16,1447.4
38,1447.6
60,1447.7
50,1448.3
28,1448.7
56,1449.8
33,1450.2
55,1451.3
19,1452.4
36,1455.7
6,1455.8
58,1457.5
30,1458.2
52,1459.6
16,1460.2
23,1460.8
14,1461.2
7,1461.7
34,1462.3
53,1463.5
15,1465.3
31,1465.4
33,1466.0
60,1466.2
50,1466.7
55,1467.0
28,1471.8
6,1475.8
16,1476.3
45,1478.5
23,1481.5
0,1484.0
30,1510.9
51,1512.8
12,1514.7
55,1519.0
50,1519.8
7,1521.5
58,1522.5
56,1523.1
14,1523.4
53,1525.1
28,1525.6
11,1526.1
52,1528.0
60,1529.0
16,1529.1
15,1529.2
31,1529.3
55,1533.1
33,1535.0
58,1535.3
45,1535.5
50,1536.8
19,1537.1
0,1540.0
7,1540.8
34,1543.8
56,1544.1
36,1544.4
53,1545.4
14,1545.8
16,1546.9
28,1548.2
60,1548.3
52,1551.7
58,1553.5
55,1554.0
11,1554.3
12,1554.6
30,1556.5
50,1556.8
45,1561.7
27,1565.7
0,1666.4
38,1809.6
33,1881.3
7,1889.6
15,1894.2
9,1894.3
12,1895.0
6,1896.9
31,1898.3
48,1898.7
38,1900.3
30,1901.3
51,1904.0
11,1905.1
58,1906.1
33,1908.8
16,1908.9
55,1909.8
53,1910.4
19,1911.6
36,1914.0
52,1914.1
14,1914.3
60,1915.5
7,1915.5
18,1915.7
28,1915.8
15,1916.0
56,1916.7
5,1916.8
50,1916.9
57,1918.2
58,1920.2
45,1921.0
31,1921.1
10,1921.2
13,1923.1
16,1923.5
32,1923.6
30,1924.1
27,1924.2
55,1924.6
12,1926.1
53,1926.6
34,1927.0
33,1927.4
11,1927.6
6,1928.0
52,1929.6
0,1929.7
61,1930.8
14,1932.9
23,1933.0
48,1933.3
7,1933.6
56,1933.8
28,1934.2
36,1934.7
50,1934.7
15,1936.1
60,1936.8
16,1939.0
38,1939.1
55,1941.8
58,1943.1
30,1943.6
26,1947.8
2,1949.1
31,1949.6
19,1951.9
12,1954.2
27,1956.7
16,1974.7
51,1980.2
57,1981.6
28,1984.0
30,1984.9
53,1986.5
55,1987.8
38,1988.1
58,1989.6
7,1989.8
50,1991.1
60,1991.1
15,1992.1
19,1992.5
56,1993.3
31,1993.7
14,1994.0
45,1994.7
16,1995.6
52,1996.7
11,1998.2
34,1999.3
53,2001.8
28,2002.4
55,2002.6
0,2005.1
58,2005.7
7,2008.5
50,2008.5
60,2009.0
45,2016.0
0,2049.0
12,2061.0
50,2066.9
15,2067.1
56,2067.3
14,2067.4
55,2068.0
16,2068.7
53,2070.3
58,2070.4
52,2070.7
7,2071.8
31,2072.3
11,2072.5
38,2072.7
28,2073.5
60,2073.5
33,2074.7
19,2078.9
6,2080.3
16,2080.6
55,2080.9
30,2081.8
58,2083.3
50,2084.7
15,2084.8
23,2085.8
56,2086.5
52,2087.0
14,2087.1
34,2088.2
53,2089.0
32,2089.6
45,2090.2
33,2090.8
7,2091.7
36,2091.8
60,2092.1
0,2093.3
16,2096.2
55,2097.5
11,2098.3
6,2099.5
31,2099.8
28,2102.4
23,2105.6
50,2107.8
57,2141.6
58,2147.0
14,2148.4
55,2148.4
53,2151.5
52,2153.4
16,2153.6
50,2154.0
60,2154.1
7,2154.5
28,2154.7
15,2155.8
56,2156.0
31,2159.3
58,2159.7
11,2160.0
33,2161.6
55,2163.0
45,2164.3
0,2167.5
16,2168.4
19,2168.5
34,2169.2
53,2172.1
52,2172.5
50,2173.1
60,2173.9
7,2176.5
28,2176.8
58,2177.0
56,2180.0
55,2181.1
45,2192.3
16,2384.8
38,2415.0
30,2416.2
11,2424.8
33,2438.0
15,2468.6
51,2517.5
9,2519.3
12,2520.4
39,2521.3
6,2523.8
38,2525.2
30,2526.1
31,2526.6
14,2528.5
11,2530.1
58,2530.3
15,2531.0
33,2532.2
7,2532.7
55,2533.9
16,2533.9
53,2534.6
19,2535.8
36,2538.8
52,2539.1
60,2540.0
28,2540.5
56,2541.1
0,2541.5
57,2541.5
50,2541.9
18,2542.6
58,2544.4
45,2546.0
10,2546.9
51,2547.7
31,2548.0
55,2548.2
16,2548.3
13,2548.4
14,2548.7
48,2548.8
15,2548.9
37,2550.2
7,2551.0
30,2551.2
53,2551.2
33,2551.3
34,2551.4
11,2553.0
6,2554.3
27,2554.3
52,2555.0
12,2557.4
32,2557.8
23,2558.2
56,2558.5
28,2558.8
61,2559.5
36,2559.7
50,2559.8
60,2560.7
5,2560.8
35,2561.7
38,2562.2
55,2563.4
16,2563.7
58,2566.3
0,2569.7
26,2571.0
2,2574.1
30,2576.4
33,2577.5
19,2577.7
31,2578.4
53,2581.7
57,2603.1
28,2609.5
58,2610.4
30,2612.3
7,2612.4
14,2612.4
16,2612.6
55,2612.8
15,2612.9
38,2613.0
53,2614.9
34,2615.4
19,2616.0
50,2616.5
60,2618.4
56,2619.5
31,2619.6
45,2620.2
52,2621.9
58,2622.1
11,2622.9
28,2627.9
39,2627.9
55,2628.9
16,2630.8
0,2632.1
7,2632.3
53,2634.2
50,2634.6
34,2635.0
60,2639.1
58,2641.9
45,2642.1
6,2642.8
0,2661.1
50,2692.2
14,2692.7
52,2693.3
56,2693.3
55,2693.5
7,2693.6
15,2693.6
58,2696.1
53,2696.2
12,2697.1
16,2698.1
28,2698.2
60,2699.6
11,2701.2
33,2701.8
19,2702.8
31,2703.1
55,2707.2
30,2709.4
58,2709.7
50,2710.1
52,2710.8
16,2711.4
23,2711.8
6,2712.6
45,2714.0
7,2714.2
15,2714.3
34,2714.5
14,2716.3
56,2716.5
53,2717.4
36,2718.4
0,2718.5
33,2718.8
60,2719.2
31,2725.6
28,2725.8
50,2730.8
16,2731.2
23,2731.6
6,2734.5
38,2765.5
55,2769.0
58,2771.9
7,2773.3
53,2775.7
52,2777.6
50,2779.6
15,2779.6
16,2779.8
28,2779.9
60,2780.7
14,2780.9
56,2781.3
45,2781.4
31,2781.6
55,2782.8
11,2783.5
58,2785.1
19,2791.3
0,2793.3
33,2793.5
7,2794.7
53,2795.7
12,2798.2
16,2798.3
58,2800.2
50,2800.7
60,2801.0
52,2801.1
15,2801.9
55,2802.0
45,2806.2
31,2806.8
30,3138.3
51,3140.1
9,3141.5
12,3142.0
38,3144.5
14,3145.1
27,3146.4
11,3148.8
33,3149.3
15,3149.4
7,3150.4
19,3151.1
58,3151.8
28,3152.0
39,3152.3
16,3152.5
53,3152.7
56,3153.1
6,3153.8
55,3153.9
57,3154.0
32,3154.1
18,3154.7
36,3155.0
31,3156.1
30,3156.2
48,3157.3
51,3157.7
10,3157.7
61,3158.6
13,3158.9
60,3159.8
45,3160.1
34,3160.8
26,3161.2
38,3161.3
50,3162.4
9,3162.8
52,3162.9
12,3163.9
17,3165.0
62,3165.0
40,3165.1
5,3166.5
35,3167.0
15,3168.6
33,3168.8
44,3169.4
27,3169.5
11,3170.0
37,3170.4
23,3170.7
58,3170.8
43,3170.8
20,3171.1
41,3171.2
4,3171.2
19,3171.5
0,3171.8
14,3172.4
53,3172.4
2,3172.5
54,3173.3
55,3173.9
7,3174.0
29,3174.4
39,3174.4
42,3175.0
28,3175.7
47,3175.9
16,3176.0
6,3176.1
56,3176.4
21,3176.9
22,3177.0
57,3177.2
18,3177.2
8,3177.5
36,3177.8
61,3178.8
30,3178.9
51,3179.4
1,3179.6
32,3179.8
25,3181.5
49,3182.2
59,3182.3
38,3182.8
31,3182.9
26,3183.2
50,3184.4
34,3184.8
10,3185.0
46,3185.2
13,3186.4
12,3187.1
45,3188.9
60,3188.9
9,3189.7
3,3190.5
24,3190.8
27,3190.8
40,3192.6
48,3193.6
23,3195.3
62,3196.1
19,3196.7
43,3197.0
44,3197.1
5,3198.1
53,3200.7
0,3202.7
2,3203.1
42,3205.0
61,3209.4
22,3210.5
1,3211.7
21,3216.0
18,3220.0
12,3221.1
57,3221.3
39,3222.9
38,3223.3
6,3223.7
51,3225.0
7,3227.0
19,3227.0
31,3227.2
33,3227.3
30,3228.6
15,3230.2
11,3232.3
20,3234.5
50,3235.8
53,3235.8
27,3236.0
55,3236.5
16,3239.1
60,3239.2
61,3245.3
38,3245.7
12,3247.6
57,3253.2
18,3255.6
19,3257.5
39,3266.3
62,3266.6
40,3272.7
30,3299.9
51,3300.8
9,3302.3
33,3302.9
7,3303.6
53,3303.9
6,3305.3
38,3306.7
55,3309.7
12,3310.6
48,3311.1
19,3311.7
11,3311.9
28,3313.3
15,3314.0
57,3314.7
58,3314.9
39,3316.6
56,3316.8
16,3317.5
18,3319.6
31,3319.6
27,3320.0
26,3320.2
51,3320.8
10,3320.9
30,3322.0
61,3323.3
52,3323.4
60,3324.2
53,3325.2
50,3325.6
33,3328.6
9,3329.1
38,3329.4
62,3329.5
7,3330.5
44,3330.9
45,3332.6
55,3332.6
6,3333.7
43,3335.9
56,3336.9
28,3337.2
19,3340.5
23,3342.1
11,3343.0
12,3343.2
15,3344.9
29,3345.1
42,3346.1
57,3346.4
2,3346.4
0,3346.8
40,3349.1
16,3350.5
39,3352.3
20,3353.2
13,3353.2
53,3353.4
5,3353.6
61,3354.0
27,3354.1
51,3355.4
22,3355.7
34,3356.0
1,3356.1
18,3356.7
26,3359.4
50,3359.6
38,3361.5
10,3362.5
33,3363.2
55,3363.6
58,3363.8
54,3364.4
4,3364.6
30,3365.0
48,3366.0
60,3369.3
37,3370.5
31,3371.4
28,3376.3
19,3377.9
9,3380.1
12,3380.2
62,3381.1
23,3381.6
0,3381.8
11,3382.6
27,3383.3
44,3384.3
53,3384.8
38,3385.4
43,3386.5
30,3386.8
51,3386.8
57,3387.0
61,3387.2
18,3387.4
39,3388.6
45,3389.8
6,3389.8
16,3390.1
15,3390.9
7,3391.3
33,3391.9
55,3393.1
42,3394.7
21,3394.9
26,3395.1
58,3396.0
2,3396.1
50,3396.5
31,3399.3
19,3400.8
10,3401.4
60,3402.7
28,3403.3
52,3403.6
13,3404.8
12,3405.1
40,3405.6
48,3405.8
56,3406.6
53,3406.8
38,3408.5
11,3408.6
1,3409.7
9,3412.2
51,3416.2
22,3418.9
23,3421.7
43,3432.1
18,3433.9
19,3440.3
0,3446.9
44,3450.4
62,3593.9
27,3599.5
55,3608.6
61,3613.4
33,3617.0
17,3618.2
57,3620.6
16,3625.0
35,3625.2
7,3625.7
39,3627.9
29,3628.9
28,3631.7
59,3632.4
49,3633.5
32,3634.3
30,3636.0
34,3636.3
20,3636.9
6,3637.7
41,3638.6
4,3640.1
36,3640.3
55,3640.7
14,3641.1
5,3643.7
25,3647.0
23,3649.6
47,3649.7
61,3650.1
18,3650.2
26,3650.9
13,3652.3
0,3652.8
33,3653.6
51,3653.9
44,3654.1
40,3654.2
21,3654.3
45,3655.1
54,3656.2
27,3656.2
52,3656.8
12,3657.2
53,3657.2
50,3657.3
43,3657.4
38,3657.8
2,3658.0
11,3658.8
31,3659.0
62,3659.8
15,3659.9
58,3660.0
8,3660.1
1,3661.0
19,3661.6
46,3662.4
57,3663.4
10,3664.1
9,3664.1
39,3664.1
16,3664.1
42,3665.7
37,3666.2
34,3668.7
29,3668.8
32,3668.9
36,3669.0
35,3669.1
17,3669.4
24,3669.5
55,3670.1
7,3670.7
22,3671.9
48,3672.0
28,3672.2
30,3672.8
61,3673.5
6,3673.8
14,3674.1
26,3674.2
5,3674.4
56,3675.2
49,3675.7
33,3675.7
3,3675.8
60,3675.9
59,3676.2
51,3676.3
23,3677.5
20,3678.0
4,3678.0
25,3678.1
0,3678.3
41,3678.6
40,3678.8
13,3679.2
18,3679.5
38,3679.5
27,3680.1
53,3680.2
50,3680.6
12,3680.7
47,3680.7
54,3682.9
21,3683.6
15,3683.9
11,3684.7
31,3685.0
44,3685.3
43,3685.8
58,3686.2
62,3686.8
19,3686.9
45,3687.2
2,3688.1
57,3689.8
39,3690.5
9,3690.9
1,3692.0
8,3694.1
46,3695.5
61,3697.4
42,3697.5
55,3699.8
26,3703.7
22,3706.8
27,3715.1
12,3715.9
40,3724.9
50,3725.4
59,3726.2
60,3732.0
28,3739.5
38,3765.1
33,3765.9
51,3767.5
6,3769.0
48,3769.3
53,3769.4
7,3770.6
16,3771.6
30,3772.9
10,3773.6
19,3774.4
0,3776.6
9,3777.0
12,3777.1
39,3777.1
18,3777.7
11,3778.0
27,3778.2
15,3779.2
57,3780.0
52,3780.9
61,3781.4
5,3782.5
17,3783.5
31,3783.6
32,3783.7
38,3783.8
28,3784.2
55,3784.4
13,3785.5
60,3786.0
45,3786.9
51,3788.6
33,3789.0
58,3790.1
23,3790.7
26,3790.8
50,3791.3
37,3793.0
35,3793.2
6,3793.2
29,3794.2
53,3795.3
40,3795.4
34,3795.6
16,3796.2
30,3796.9
44,3798.4
43,3798.6
20,3798.7
24,3798.8
14,3799.7
19,3800.0
62,3800.2
7,3803.3
10,3804.0
48,3805.0
2,3805.2
12,3805.4
9,3806.0
42,3806.3
11,3806.4
27,3807.0
39,3807.2
0,3809.1
15,3809.2
57,3810.1
4,3811.2
55,3811.6
18,3812.3
22,3812.5
21,3813.5
38,3813.9
61,3814.8
28,3817.3
5,3817.7
1,3817.8
26,3818.5
31,3819.4
3,3819.8
49,3820.1
54,3820.1
47,3820.6
50,3821.0
45,3821.7
51,3822.0
23,3823.7
52,3826.2
13,3826.4
53,3827.3
33,3829.2
19,3830.1
41,3830.6
43,3840.2
60,3840.4
44,3842.2
12,3844.9
40,3845.3
30,3845.9
61,3848.2
27,3848.4
42,3849.7
38,3850.8
39,3851.5
16,3852.1
6,3853.7
33,3854.1
19,3854.4
18,3855.3
15,3856.3
51,3859.1
57,3859.5
62,3860.7
11,3861.8
53,3862.6
13,3863.4
31,3865.8
55,3865.8
9,3866.7
58,3870.1
60,3870.5
30,3871.9
2,3875.7
45,3875.7
50,3876.1
38,3876.6
17,3876.8
20,3877.7
26,3878.9
28,3879.0
61,3881.7
12,3881.9
39,3883.1
19,3884.1
27,3886.1
43,3887.7
15,3888.6
33,3890.2
0,3891.7
44,3893.9
1,3896.5
57,3897.4
51,3899.1
23,3899.3
18,3902.0
55,3909.8
22,3911.8
42,3911.9
53,3916.9
50,3918.7
38,3925.1
7,3928.7
10,3929.7
30,3930.0
48,3933.8
16,3934.1
11,3934.3
33,3934.5
9,3934.7
31,3935.5
19,3935.5
51,3935.6
12,3936.0
15,3936.0
26,3937.0
52,3937.6
55,3938.1
6,3938.2
27,3939.0
45,3940.5
13,3940.6
53,3941.1
28,3941.3
39,3943.5
32,3944.3
18,3944.3
38,3946.0
57,3948.3
58,3948.6
14,3949.9
60,3950.6
50,3950.8
30,3952.5
43,3953.2
5,3954.7
61,3956.3
15,3957.2
10,3957.9
44,3958.7
7,3959.5
33,3960.1
42,3960.8
11,3962.4
55,3962.6
51,3962.7
19,3964.8
9,3966.0
53,3968.4
28,3968.5
2,3969.6
54,3971.2
0,3971.3
6,3971.7
23,3971.9
16,3973.1
12,3973.2
29,3974.3
26,3975.6
21,3976.5
27,3978.2
1,3978.3
25,3980.4
31,3983.5
22,3984.0
48,3986.1
38,3987.7
39,3989.6
45,3990.6
50,3991.8
61,3998.2
18,4000.7
43,4001.5
19,4004.4
13,4009.5
38,4010.2
30,4010.9
33,4012.2
15,4013.2
42,4014.0
57,4015.1
51,4015.3
12,4015.9
9,4016.9
39,4017.1
55,4017.2
58,4017.4
11,4018.3
7,4019.2
53,4019.3
16,4020.0
6,4020.2
28,4020.4
27,4020.5
60,4020.5
10,4020.9
31,4021.6
40,4023.4
45,4023.9
48,4026.8
5,4027.4
44,4028.0
18,4028.8
61,4029.0
19,4029.6
50,4030.7
52,4032.1
26,4032.6
15,4032.9
14,4033.4
38,4033.7
17,4036.5
33,4037.7
58,4037.9
20,4042.8
13,4044.0
51,4044.9
23,4045.4
55,4045.5
57,4047.9
39,4049.1
2,4049.3
53,4049.3
43,4049.4
1,4049.5
32,4053.9
22,4061.2
0,4062.4
12,4063.1
21,4096.8
50,4097.9
27,4106.0
19,4149.1
15,4202.9
30,4203.7
11,4230.5
62,4237.8
34,4248.1
56,4253.8
8,4256.0
35,4261.0
24,4271.8
41,4275.0
59,4281.0
58,4281.1
31,4282.6
18,4288.2
15,4289.3
34,4289.4
36,4297.0
46,4297.1
37,4298.0
1,4306.3
26,4307.4
57,4307.5
13,4309.1
19,4309.4
40,4309.8
54,4310.9
33,4311.4
30,4311.7
27,4312.8
9,4313.0
61,4313.8
11,4314.8
58,4315.3
47,4315.7
51,4316.1
2,4317.0
23,4318.2
12,4319.2
55,4319.8
53,4320.1
45,4321.9
39,4322.5
49,4324.1
38,4325.1
5,4325.8
62,4326.8
34,4327.6
50,4329.0
10,4331.6
35,4331.8
15,4332.2
43,4332.6
29,4332.7
16,4332.9
22,4333.2
31,4333.3
60,4334.0
18,4334.1
37,4334.7
52,4334.9
41,4335.1
26,4335.2
6,4335.5
25,4336.4
36,4336.5
56,4336.9
32,4337.0
33,4337.1
57,4337.3
4,4337.6
48,4338.5
20,4338.6
44,4338.6
42,4338.7
28,4338.8
40,4338.9
17,4338.9
0,4339.0
61,4339.6
14,4340.0
59,4340.4
27,4340.6
7,4340.7
21,4340.8
19,4340.8
54,4341.8
30,4341.8
9,4342.0
51,4342.6
46,4344.0
53,4344.1
11,4345.4
58,4345.4
55,4345.9
13,4346.1
3,4346.4
12,4347.4
1,4348.0
8,4348.3
23,4348.5
24,4349.6
38,4350.8
47,4351.5
34,4351.7
39,4351.9
5,4352.6
2,4352.7
50,4354.4
45,4354.5
15,4355.5
18,4356.3
62,4357.4
26,4357.4
35,4357.4
6,4357.7
49,4357.9
43,4358.4
31,4358.7
16,4359.4
29,4360.4
22,4361.5
61,4363.9
57,4364.4
19,4367.6
60,4368.3
44,4368.7
40,4369.2
27,4370.3
42,4371.6
21,4373.3
0,4373.5
52,4379.0
32,4381.0
54,4381.6
12,4382.8
55,4387.8
30,4388.8
53,4388.9
33,4389.8
51,4390.6
59,4390.8
9,4391.8
7,4393.0
20,4394.0
38,4397.1
48,4398.2
28,4399.5
19,4399.8
27,4401.2
31,4403.1
18,4403.7
39,4405.0
16,4406.0
12,4406.4
15,4407.5
57,4408.2
6,4408.2
61,4410.1
30,4411.4
51,4416.8
60,4416.8
53,4422.7
45,4424.0
13,4427.4
19,4432.2
38,4469.8
33,4470.8
9,4474.0
7,4475.0
27,4477.3
30,4478.0
19,4479.3
55,4480.2
15,4480.8
39,4481.4
53,4483.5
12,4483.9
18,4484.4
51,4485.0
52,4486.7
13,4486.9
58,4487.0
16,4488.7
31,4489.5
38,4490.0
57,4490.1
61,4491.1
60,4492.9
33,4494.2
14,4494.8
1,4502.5
23,4502.7
45,4503.5
32,4504.0
15,4504.3
10,4505.0
30,4509.2
19,4509.8
44,4512.8
39,4512.8
22,4513.6
53,4517.9
9,4519.1
55,4519.7
58,4520.3
40,4521.5
43,4523.8
51,4528.0
21,4529.2
0,4529.5
35,4530.0
38,4530.2
61,4534.0
13,4536.3
12,4538.3
41,4543.6
33,4543.8
16,4544.8
18,4545.4
15,4545.6
60,4549.0
54,4549.4
27,4549.5
7,4550.2
57,4551.6
30,4554.5
19,4555.0
38,4555.1
11,4555.1
31,4556.2
53,4556.8
6,4557.0
51,4557.6
48,4557.6
39,4558.0
9,4558.4
28,4560.4
58,4561.0
12,4561.3
13,4561.3
33,4562.2
15,4562.5
55,4562.6
61,4563.8
37,4564.1
10,4564.7
45,4564.7
14,4564.8
26,4564.8
50,4564.8
5,4565.1
32,4566.2
16,4566.9
52,4567.4
22,4568.9
23,4569.1
25,4569.3
56,4569.4
18,4569.5
44,4570.3
35,4571.5
42,4571.7
27,4573.4
38,4574.1
0,4574.2
7,4574.7
40,4574.7
20,4575.0
43,4575.9
60,4576.3
17,4576.7
30,4576.7
19,4578.2
57,4580.0
53,4580.1
21,4580.8
29,4581.3
15,4582.5
2,4583.9
9,4590.1
12,4590.9
1,4591.7
50,4595.6
5,4600.1
49,4600.8
26,4603.8
23,4605.5
48,4605.7
27,4609.6
24,4612.3
22,4615.4
45,4620.7
18,4629.9
33,4632.8
39,4635.6
19,4637.2
31,4637.9
38,4638.8
30,4639.5
51,4639.7
53,4642.8
13,4642.9
12,4644.0
15,4644.6
27,4647.6
58,4653.7
57,4655.1
44,4658.3
22,4666.7
61,4668.5
15,4669.2
19,4669.7
18,4677.5
60,4685.1
39,4695.5
38,4742.7
54,4821.1
33,4822.5
30,4833.2
55,4849.5
52,4851.8
16,4852.7
9,4853.7
6,4858.6
48,4858.7
45,4858.8
28,4868.7
62,4869.6
7,4872.6
34,4873.2
11,4874.1
33,4876.8
61,4878.6
38,4882.2
41,4882.6
15,4883.1
51,4883.3
10,4889.0
36,4889.6
4,4891.7
46,4892.9
57,4893.6
13,4894.0
50,4894.2
26,4896.5
9,4896.7
18,4896.9
27,4897.5
19,4897.6
30,4898.5
55,4898.6
35,4899.9
21,4901.2
58,4901.2
12,4901.7
44,4901.7
5,4901.9
28,4902.0
42,4902.5
2,4904.7
34,4905.2
6,4905.4
22,4905.5
40,4905.6
47,4905.8
23,4906.0
0,4906.4
43,4906.5
39,4907.1
14,4907.2
53,4908.5
20,4909.0
54,4911.8
51,4913.1
45,4913.2
1,4913.4
15,4914.0
61,4914.4
33,4914.6
32,4914.9
38,4914.9
62,4915.2
37,4915.5
36,4915.5
29,4916.7
50,4916.7
60,4918.0
16,4918.1
31,4918.3
11,4919.0
56,4919.1
49,4919.1
17,4919.1
25,4919.1
3,4919.5
10,4919.6
26,4919.7
7,4919.7
52,4921.0
27,4921.3
8,4921.4
57,4921.7
59,4921.8
55,4923.0
41,4923.1
24,4923.2
48,4923.5
18,4923.9
19,4923.9
9,4924.2
35,4924.7
13,4926.0
30,4926.3
46,4926.5
12,4927.0
58,4927.1
4,4927.8
5,4927.9
34,4928.6
44,4930.6
53,4931.4
28,4931.5
39,4932.2
23,4932.3
40,4932.6
6,4933.1
0,4933.5
42,4933.6
21,4933.7
61,4935.1
2,4935.8
43,4936.3
47,4937.0
22,4937.8
51,4941.4
38,4941.8
1,4942.5
33,4942.5
20,4945.0
50,4945.4
31,4946.4
26,4947.0
62,4947.2
54,4950.8
27,4950.9
57,4953.5
19,4955.7
55,4960.1
12,4960.2
59,4967.9
18,5016.1
15,5018.5
14,5021.9
19,5025.1
16,5027.0
33,5027.5
38,5028.6
53,5029.3
60,5029.5
30,5030.0
51,5030.6
11,5031.6
39,5031.6
12,5031.9
27,5032.1
57,5033.1
31,5034.9
45,5035.1
32,5037.5
55,5038.7
10,5039.0
52,5039.3
61,5044.2
15,5044.5
13,5045.9
9,5048.3
7,5048.8
19,5053.5
58,5053.7
18,5054.6
35,5055.7
33,5058.1
1,5058.1
38,5058.3
43,5058.8
22,5058.9
23,5059.0
53,5059.1
0,5060.3
42,5066.4
60,5067.3
39,5068.4
21,5069.0
12,5069.2
40,5069.7
44,5069.7
5,5069.8
16,5071.3
57,5071.8
51,5072.3
30,5076.9
50,5084.4
61,5085.5
15,5089.2
31,5094.1
10,5094.8
2,5095.2
13,5095.5
28,5095.8
53,5096.9
6,5097.5
19,5097.7
55,5098.2
25,5098.7
18,5098.8
27,5098.9
14,5098.9
33,5100.0
38,5100.4
48,5102.1
51,5102.2
30,5102.4
0,5103.4
26,5104.1
39,5104.3
11,5105.1
20,5105.5
12,5105.7
16,5106.2
9,5107.1
57,5107.3
15,5107.6
45,5108.0
58,5108.4
56,5108.6
35,5108.9
54,5109.8
7,5110.6
32,5110.9
60,5111.6
61,5111.6
52,5111.7
23,5113.5
37,5113.7
22,5113.7
49,5113.9
5,5115.1
34,5116.2
53,5117.4
43,5117.6
1,5117.6
29,5117.7
50,5119.2
31,5119.2
19,5120.3
38,5121.8
27,5122.0
42,5122.9
41,5123.2
55,5123.2
44,5123.7
10,5123.7
18,5123.7
33,5123.9
40,5124.1
51,5125.8
21,5126.1
13,5127.0
30,5127.2
28,5127.9
62,5128.7
6,5128.8
12,5131.4
39,5132.5
2,5133.4
16,5133.6
8,5133.6
26,5135.1
25,5136.6
0,5137.4
48,5138.4
24,5138.6
57,5139.4
45,5147.3
47,5148.4
23,5155.8
1,5157.7
22,5161.3
42,5166.8
19,5170.0
51,5176.0
53,5176.9
15,5179.1
27,5180.7
60,5186.6
38,5188.3
30,5188.5
33,5188.6
57,5189.9
12,5190.8
61,5190.9
31,5191.4
18,5192.8
39,5192.9
19,5193.5
44,5198.6
7,5198.7
50,5198.8
16,5198.9
55,5200.8
58,5201.6
43,5202.6
9,5203.8
53,5207.6
1,5210.1
15,5210.3
51,5211.1
45,5213.2
60,5215.7
27,5223.5
22,5223.9
23,5226.3
13,5228.5
61,5233.5
57,5234.1
0,5234.8
12,5236.6
18,5239.7
50,5240.0
19,5243.2
33,5254.1
10,5257.6
11,5258.2
14,5259.5
53,5261.0
30,5262.1
48,5262.1
15,5262.3
38,5263.1
51,5263.8
39,5264.3
52,5264.9
27,5265.0
19,5265.7
31,5266.3
16,5267.0
12,5267.6
60,5268.1
57,5268.4
7,5268.6
55,5268.9
9,5269.0
32,5269.2
18,5269.2
58,5269.7
5,5270.5
13,5271.5
61,5271.9
45,5273.2
25,5273.5
49,5274.0
28,5275.2
50,5276.2
33,5276.4
6,5276.8
22,5282.8
1,5283.1
53,5284.1
23,5284.4
56,5284.6
15,5284.9
43,5286.2
42,5286.2
29,5286.5
51,5287.2
11,5287.3
0,5287.8
54,5287.9
38,5288.0
30,5288.7
60,5289.5
7,5290.6
10,5291.7
39,5293.0
27,5293.8
58,5293.8
26,5294.1
21,5294.3
44,5294.4
19,5294.5
35,5294.9
2,5294.9
37,5295.7
40,5296.4
12,5298.1
14,5298.2
31,5298.3
20,5298.4
8,5298.4
16,5298.5
55,5299.2
34,5299.3
57,5299.4
61,5299.8
52,5300.1
50,5303.0
48,5303.2
18,5305.3
9,5307.5
5,5307.7
33,5309.1
24,5312.3
53,5313.6
49,5319.3
23,5320.3
45,5321.8
22,5324.6
1,5324.6
26,5325.3
43,5326.1
25,5326.3
27,5326.9
42,5328.4
0,5331.9
19,5340.8
38,5462.7
13,5468.8
51,5478.7
15,5493.7
39,5493.9
32,5499.2
7,5499.7
60,5502.4
54,5502.5
62,5503.2
41,5504.3
47,5506.4
17,5511.4
6,5512.0
28,5516.0
30,5520.2
11,5521.3
53,5524.7
51,5527.8
3,5527.9
4,5529.6
61,5530.3
40,5530.3
26,5530.6
58,5533.2
21,5535.0
12,5535.0
57,5535.3
13,5536.0
15,5537.2
39,5537.9
33,5538.6
44,5538.6
5,5538.8
43,5540.0
38,5540.0
19,5540.4
27,5540.6
34,5541.3
10,5541.4
18,5543.1
2,5545.2
9,5545.7
35,5548.8
36,5548.9
54,5550.3
50,5551.7
55,5552.6
23,5553.1
20,5553.5
0,5554.3
31,5555.0
47,5555.3
25,5555.9
53,5556.8
26,5556.9
62,5557.2
37,5557.3
51,5558.0
56,5558.0
22,5558.1
52,5558.4
61,5558.4
60,5558.5
59,5558.5
42,5558.6
32,5558.8
29,5559.1
41,5559.2
17,5559.8
58,5560.1
16,5561.2
6,5561.5
28,5562.3
7,5562.5
11,5562.6
49,5562.8
40,5563.2
30,5564.5
14,5564.8
33,5564.9
1,5565.0
24,5565.2
48,5565.2
27,5565.3
15,5565.5
57,5565.5
8,5566.0
12,5566.3
38,5568.1
21,5569.0
45,5569.1
5,5569.5
18,5570.2
13,5570.4
34,5571.6
19,5571.8
9,5572.3
46,5572.4
39,5573.3
44,5573.9
43,5574.3
10,5575.5
35,5575.6
50,5576.3
55,5576.3
2,5577.7
3,5578.2
36,5578.4
4,5578.9
26,5580.2
53,5580.3
23,5580.3
51,5581.4
61,5581.6
0,5582.6
31,5582.7
47,5584.9
29,5587.4
42,5588.1
25,5588.3
22,5588.5
6,5589.1
62,5589.8
20,5591.1
27,5594.7
12,5595.5
1,5597.6
57,5598.2
40,5608.7
19,5612.6
60,5622.3
59,5625.9
18,5630.5
43,5637.3
30,5640.9
38,5640.9
33,5641.2
15,5643.1
45,5646.3
16,5646.3
11,5646.5
48,5647.5
52,5648.2
5,5649.3
56,5649.9
53,5650.1
27,5650.5
49,5650.7
51,5651.1
7,5651.2
57,5652.0
28,5652.9
12,5653.3
32,5655.9
61,5656.1
9,5656.3
31,5657.2
19,5657.3
10,5657.3
18,5658.7
39,5659.5
60,5659.7
55,5660.0
6,5661.1
38,5661.6
30,5662.3
29,5663.8
25,5664.6
13,5664.9
33,5665.3
21,5667.8
15,5667.9
50,5670.5
8,5670.6
23,5673.7
0,5673.8
16,5676.6
34,5676.8
53,5677.0
51,5677.1
62,5678.6
1,5679.1
22,5679.4
44,5680.0
27,5680.5
2,5682.0
26,5682.2
20,5682.4
17,5683.4
5,5683.4
12,5683.5
61,5684.2
57,5684.8
11,5685.9
43,5686.7
35,5687.1
28,5687.6
40,5687.8
45,5687.8
41,5688.3
19,5689.9
60,5690.7
42,5691.2
56,5692.0
7,5693.5
48,5693.7
9,5694.1
52,5694.9
39,5695.6
38,5696.2
32,5697.4
54,5697.7
55,5699.9
24,5701.3
49,5701.8
30,5701.8
18,5703.0
50,5704.9
31,5705.7
53,5708.3
25,5711.6
0,5713.2
27,5713.7
13,5713.9
29,5714.2
33,5718.6
10,5718.7
51,5718.8
15,5719.0
12,5719.1
61,5719.7
23,5720.5
6,5722.5
44,5722.6
1,5722.7
21,5725.4
16,5725.5
30,5726.4
19,5726.7
38,5727.0
5,5727.2
53,5727.4
26,5728.6
57,5729.7
9,5732.0
2,5732.8
31,5733.9
55,5733.9
11,5734.9
52,5735.6
39,5737.0
18,5737.6
60,5737.7
22,5737.9
32,5738.6
27,5738.7
43,5739.5
15,5745.0
13,5745.4
12,5746.5
33,5748.2
42,5748.5
50,5749.9
61,5752.4
19,5757.6
38,5765.1
57,5773.9
60,5780.1
23,5795.5
30,5800.6
53,5800.7
51,5802.9
16,5804.4
25,5805.1
45,5805.3
10,5806.5
49,5809.2
38,5809.2
48,5809.6
7,5811.4
27,5814.2
57,5814.7
15,5814.8
33,5815.1
0,5815.9
12,5816.4
19,5816.5
18,5817.3
39,5818.3
60,5818.8
29,5819.2
61,5819.8
31,5820.2
8,5820.5
9,5821.0
50,5822.0
55,5823.2
30,5823.5
28,5824.4
53,5824.5
13,5825.7
1,5826.2
56,5827.2
5,5827.5
51,5828.0
11,5828.8
32,5829.2
52,5832.0
7,5833.6
22,5835.6
6,5836.0
16,5836.3
38,5839.5
58,5842.0
10,5843.6
23,5844.7
15,5845.4
26,5846.0
27,5846.5
25,5846.8
44,5846.9
45,5847.6
12,5848.1
33,5848.4
61,5849.9
57,5850.1
42,5850.4
19,5850.7
39,5850.8
50,5852.1
60,5852.3
21,5853.5
40,5854.2
20,5854.3
48,5855.2
2,5856.0
0,5857.3
43,5857.8
37,5858.0
62,5858.6
18,5860.5
53,5860.5
34,5862.2
49,5862.9
9,5865.3
31,5868.9
51,5870.2
35,5870.7
38,5874.1
55,5874.6
13,5875.1
30,5875.9
11,5877.6
29,5878.1
54,5878.2
27,5878.4
16,5879.1
7,5879.3
22,5879.4
28,5879.5
12,5879.8
5,5880.2
1,5881.3
15,5881.5
61,5881.8
26,5881.9
58,5882.5
33,5882.9
53,5885.0
57,5885.1
19,5886.3
24,5886.5
14,5886.5
10,5888.1
50,5888.4
51,5888.8
39,5889.6
41,5889.7
52,5890.2
18,5890.2
45,5890.3
38,5891.1
25,5891.1
9,5891.5
31,5891.9
32,5892.1
30,5893.1
56,5893.4
48,5893.5
49,5894.3
23,5894.8
6,5894.9
60,5895.1
8,5895.7
55,5897.6
44,5897.9
0,5899.0
7,5899.2
34,5899.4
13,5899.5
42,5900.1
27,5900.6
2,5901.4
11,5901.5
12,5904.2
15,5904.5
43,5904.7
21,5904.8
5,5904.9
16,5905.6
53,5907.7
50,5908.8
29,5910.2
20,5911.2
28,5911.6
19,5911.9
61,5914.2
1,5914.2
22,5915.6
62,5915.6
57,5918.8
23,5951.5
38,6122.2
33,6125.2
54,6141.7
10,6144.3
51,6147.2
35,6161.3
40,6162.0
30,6164.8
9,6167.1
60,6168.3
58,6172.0
26,6175.0
18,6175.1
47,6176.9
39,6179.7
14,6179.8
31,6185.5
32,6186.1
37,6186.3
33,6193.6
61,6193.9
53,6196.2
51,6200.9
27,6202.8
57,6203.1
38,6204.4
56,6204.7
15,6204.7
23,6204.9
55,6204.9
22,6206.8
43,6207.7
6,6208.0
54,6208.3
40,6209.6
50,6209.9
44,6210.5
34,6211.0
5,6211.1
12,6211.9
19,6212.0
58,6212.1
2,6213.2
36,6213.3
45,6213.6
11,6214.4
24,6214.6
26,6216.1
35,6216.4
0,6219.7
9,6220.3
39,6221.4
16,6223.6
7,6224.3
61,6224.8
27,6226.2
60,6226.5
29,6226.5
52,6226.7
18,6227.5
53,6227.6
14,6227.7
47,6227.8
33,6228.1
10,6228.6
49,6229.5
51,6229.5
38,6229.9
25,6229.9
62,6230.3
30,6230.3
32,6230.5
21,6231.2
55,6231.2
4,6231.3
57,6231.7
13,6231.7
23,6232.0
15,6232.3
20,6232.4
41,6233.0
31,6233.2
42,6233.3
1,6234.0
37,6234.1
50,6234.1
48,6235.2
8,6236.1
43,6236.5
28,6236.6
46,6236.7
59,6237.2
17,6237.5
34,6237.8
22,6237.9
56,6238.0
58,6238.8
54,6239.2
5,6239.7
12,6239.9
19,6240.2
40,6241.8
36,6242.0
26,6242.0
45,6244.6
9,6244.7
3,6245.3
11,6245.4
6,6245.5
35,6245.6
44,6247.0
0,6247.6
61,6247.8
2,6248.5
39,6248.5
27,6249.4
24,6252.1
51,6252.8
29,6253.0
7,6253.4
53,6253.8
18,6254.8
60,6257.2
38,6258.4
23,6258.8
55,6258.9
47,6259.5
57,6259.7
31,6262.1
62,6262.9
21,6263.0
1,6264.5
33,6264.8
42,6265.3
32,6265.6
10,6266.3
30,6267.1
13,6268.3
12,6269.1
52,6270.9
19,6270.9
28,6271.8
16,6272.3
49,6273.2
53,6273.4
48,6274.2
15,6275.9
27,6276.4
34,6276.7
51,6277.8
38,6278.1
6,6280.5
61,6281.1
19,6304.9
12,6311.6
30,6348.2
33,6348.6
10,6349.5
53,6355.8
25,6361.0
12,6361.5
38,6362.5
27,6365.2
45,6367.8
1,6368.7
19,6371.2
23,6375.9
49,6376.2
22,6382.2
30,6386.8
53,6393.2
10,6426.3
51,6428.9
16,6429.1
53,6431.5
38,6432.7
48,6432.9
7,6433.0
39,6433.0
31,6433.7
18,6433.8
6,6433.9
30,6434.1
56,6434.5
33,6435.1
28,6435.4
60,6435.5
12,6437.7
57,6437.9
27,6438.6
14,6439.7
19,6440.8
13,6441.2
49,6441.5
15,6441.6
29,6442.6
32,6443.6
25,6443.6
50,6444.2
45,6445.5
0,6445.9
1,6446.0
61,6447.2
11,6448.1
9,6448.6
20,6448.7
26,6449.0
5,6449.5
51,6450.1
23,6450.3
10,6451.2
58,6452.0
54,6452.2
55,6452.3
53,6452.9
42,6453.2
43,6453.9
8,6454.1
38,6454.4
52,6455.0
35,6455.0
4,6455.8
16,6457.4
39,6458.5
22,6459.0
7,6459.4
37,6459.4
30,6460.0
2,6460.4
33,6460.5
34,6461.1
60,6461.8
6,6463.6
27,6463.7
18,6463.8
12,6464.3
31,6465.0
28,6465.3
44,6466.8
57,6467.3
21,6468.3
19,6468.9
15,6469.4
48,6470.1
50,6470.3
56,6470.5
61,6472.0
40,6473.5
41,6474.3
49,6474.7
32,6475.5
51,6475.9
46,6476.0
62,6476.2
26,6476.3
13,6477.2
24,6478.1
53,6478.7
11,6478.9
59,6478.9
36,6479.0
9,6479.2
0,6479.3
23,6480.7
25,6481.0
45,6482.1
10,6482.2
29,6482.9
55,6483.3
14,6483.4
1,6483.6
38,6483.7
5,6484.2
20,6486.4
17,6486.5
58,6486.6
16,6487.0
47,6487.4
54,6489.0
43,6490.5
39,6491.7
12,6492.1
42,6492.5
27,6494.1
22,6494.5
2,6496.2
19,6496.5
18,6497.5
61,6502.9
60,6503.9
57,6504.6
31,6506.1
28,6506.9
33,6507.3
15,6507.4
30,6507.4
44,6509.4
53,6510.5
6,6512.4
38,6512.7
23,6514.4
51,6514.7
1,6517.3
12,6517.4
27,6518.3
7,6520.2
10,6521.5
49,6522.9
50,6523.9
0,6526.5
19,6528.6
42,6529.5
4,6531.2
21,6533.1
22,6533.4
25,6535.6
45,6537.0
43,6537.7
53,6546.7
2,6546.8
12,6561.4
27,6571.0
23,6597.7
31,6598.0
29,6657.6
13,6683.3
30,6701.4
33,6701.8
26,6707.1
32,6708.0
61,6711.4
52,6712.0
55,6713.6
16,6722.2
39,6722.4
35,6724.6
5,6726.9
48,6727.5
9,6729.2
28,6730.0
56,6730.3
60,6730.3
18,6732.8
37,6734.0
8,6736.8
34,6737.5
53,6737.6
33,6738.6
57,6739.6
6,6742.3
61,6743.7
3,6745.0
51,6745.9
50,6749.7
55,6749.8
38,6750.1
21,6750.6
12,6750.7
27,6751.4
26,6751.4
23,6751.6
2,6753.9
0,6754.5
15,6755.2
19,6755.3
45,6755.6
31,6755.6
10,6756.7
58,6756.9
35,6758.2
39,6758.4
44,6758.8
11,6759.7
30,6761.0
22,6762.0
41,6762.1
62,6763.2
47,6763.5
29,6763.6
5,6764.3
34,6764.3
17,6764.9
9,6765.0
7,6765.1
40,6765.1
52,6765.5
43,6766.1
49,6766.9
54,6767.0
42,6768.0
20,6768.1
60,6768.3
56,6768.6
32,6769.6
36,6769.6
28,6770.1
53,6770.8
61,6771.1
16,6771.1
14,6771.3
25,6771.5
57,6771.6
33,6772.1
13,6772.3
24,6772.4
37,6772.8
50,6773.0
18,6773.4
51,6773.8
1,6774.3
38,6774.4
26,6775.1
27,6775.6
12,6776.4
55,6776.5
48,6778.0
59,6778.1
46,6779.2
23,6779.4
6,6781.1
58,6781.9
15,6782.1
19,6782.2
0,6782.6
4,6782.9
35,6784.1
8,6784.4
3,6784.6
31,6785.3
21,6785.7
11,6785.8
2,6786.5
39,6786.8
45,6787.2
10,6787.2
44,6787.7
5,6790.3
34,6790.7
9,6791.5
29,6792.7
22,6794.1
62,6794.7
43,6795.3
47,6795.5
40,6796.0
61,6796.2
17,6799.0
57,6802.1
54,6803.9
42,6804.1
26,6805.3
12,6807.8
1,6807.9
27,6811.7
19,6815.7
50,6826.5
18,6838.8
20,6848.6
51,6849.8
53,6889.9
38,6890.6
33,6892.3
30,6893.2
16,6895.0
7,6895.9
49,6896.2
25,6897.5
56,6898.4
60,6898.9
23,6900.8
51,6902.2
31,6902.5
12,6903.5
10,6904.2
28,6904.3
27,6905.0
19,6906.5
52,6907.6
57,6907.7
18,6908.9
61,6909.0
29,6909.3
39,6910.2
38,6911.4
53,6911.8
15,6912.1
0,6912.6
13,6913.0
1,6913.9
8,6914.2
45,6915.6
32,6916.9
33,6917.0
55,6918.0
30,6918.3
41,6918.6
5,6919.8
16,6921.4
50,6921.9
34,6921.9
43,6922.3
37,6924.4
14,6925.7
6,6926.0
9,6926.6
7,6926.9
60,6927.0
51,6927.7
26,6928.1
49,6929.0
40,6929.1
2,6929.8
22,6930.1
44,6931.1
11,6931.6
20,6932.2
23,6932.6
62,6932.7
12,6932.8
48,6933.2
27,6933.4
58,6933.4
21,6933.9
28,6934.0
25,6934.4
3,6934.7
10,6935.5
35,6936.3
61,6937.3
19,6937.4
42,6937.6
53,6938.1
31,6939.0
38,6939.6
39,6939.8
57,6940.1
54,6940.3
15,6940.4
36,6941.3
17,6941.8
46,6942.2
0,6946.1
56,6946.2
52,6946.6
18,6946.7
29,6947.4
55,6949.3
33,6950.1
50,6951.2
1,6951.4
13,6952.0
45,6952.2
32,6952.6
5,6952.8
34,6953.1
43,6953.6
24,6953.8
47,6954.0
51,6955.0
16,6955.1
30,6958.3
26,6960.7
23,6962.7
22,6963.4
4,6963.8
19,6967.0
44,6968.1
12,6969.7
61,6970.3
27,6971.3
2,6971.5
60,6971.6
53,6972.7
20,6973.7
10,6975.8
49,6975.9
38,6977.6
21,6979.2
51,6985.0
1,6985.3
31,6985.8
57,6988.6
30,6988.8
42,6989.1
62,6989.2
43,6989.8
23,6997.4
19,6998.5
12,7002.4
53,7003.6
50,7010.5
22,7010.8
60,7012.8
0,7013.6
18,7014.4
49,7014.5
38,7029.2
51,7049.6
33,7052.0
16,7054.1
7,7054.1
13,7054.6
53,7055.0
15,7055.6
27,7055.8
39,7056.8
38,7056.8
29,7056.9
25,7057.5
45,7057.5
56,7058.0
10,7059.4
8,7060.5
30,7062.6
12,7063.0
28,7064.1
32,7065.1
49,7065.1
19,7065.9
52,7066.9
14,7067.0
61,7068.6
60,7069.3
51,7070.5
18,7071.1
9,7071.2
31,7071.8
57,7072.3
5,7072.6
1,7073.6
11,7075.0
53,7076.7
33,7077.2
34,7077.5
23,7078.2
7,7078.3
38,7080.8
55,7081.0
50,7081.0
41,7081.1
48,7082.5
15,7082.8
58,7083.2
16,7084.1
54,7084.7
27,7085.6
0,7086.1
13,7087.3
39,7087.6
40,7088.8
35,7089.2
29,7090.9
22,7091.1
26,7092.2
10,7092.3
37,7093.4
30,7094.1
12,7094.5
8,7095.0
49,7095.0
2,7096.2
28,7096.5
61,7097.6
43,7097.8
32,7097.9
19,7100.0
52,7100.2
62,7100.4
45,7100.4
25,7101.0
51,7101.0
6,7102.5
56,7102.7
53,7104.5
11,7106.0
18,7107.4
60,7107.6
57,7107.7
9,7108.1
42,7108.6
21,7108.8
5,7111.4
44,7111.9
33,7112.1
1,7114.5
50,7116.1
23,7116.9
27,7117.3
34,7117.3
0,7128.6
61,7130.4
38,7130.6
39,7131.1
19,7133.5
31,7134.0
7,7135.2
22,7135.4
12,7135.5
53,7137.3
16,7137.9
49,7141.4
51,7141.7
43,7142.5
10,7142.7
30,7143.1
33,7143.9
13,7145.0
18,7147.2
1,7149.2
60,7150.9
27,7151.1
23,7152.2
15,7152.8
52,7153.2
5,7154.7
38,7155.2
57,7157.0
48,7160.4
11,7161.0
8,7161.9
28,7162.6
49,7163.2
2,7166.0
19,7167.0
20,7168.1
53,7169.6
61,7170.0
41,7173.5
51,7174.0
12,7176.2
39,7176.6
50,7177.4
29,7182.1
32,7195.4
38,7202.7
25,7205.3
21,7209.6
1,7211.2
52,7222.6
40,7236.4
53,7239.6
28,7273.6
54,7300.7
26,7373.1
58,7412.8
59,7429.4
56,7431.7
7,7461.9
35,7467.9
3,7481.1
45,7491.8
55,7511.5
24,7514.4
14,7516.2
61,7520.0
38,7520.6
10,7521.5
53,7522.3
33,7524.4
51,7524.6
30,7525.3
49,7525.6
16,7527.1
34,7527.3
13,7527.7
27,7527.9
39,7528.6
19,7528.7
12,7529.3
31,7529.4
15,7529.5
29,7530.1
23,7530.4
5,7530.4
57,7530.7
60,7531.1
25,7531.2
18,7532.1
8,7532.2
1,7533.5
56,7534.1
7,7534.6
32,7534.7
28,7535.8
20,7536.0
11,7536.5
52,7536.7
48,7537.1
41,7537.8
0,7539.3
58,7539.8
40,7539.9
50,7540.6
26,7540.8
37,7541.1
38,7541.4
9,7541.4
6,7541.7
61,7542.1
55,7542.1
35,7542.3
17,7542.4
54,7542.9
53,7543.0
45,7543.4
51,7544.2
21,7544.2
46,7544.3
33,7544.7
14,7545.1
30,7545.8
42,7546.3
22,7546.3
10,7547.0
3,7547.2
36,7547.7
43,7547.7
34,7548.1
27,7548.4
62,7549.7
15,7550.0
16,7550.0
39,7550.1
49,7550.2
12,7550.5
19,7552.5
2,7552.6
31,7552.9
44,7554.0
47,7554.1
4,7554.3
23,7554.3
60,7554.3
24,7554.5
13,7554.6
5,7554.6
57,7554.8
18,7555.3
29,7557.5
28,7559.0
11,7560.0
25,7560.1
61,7562.0
56,7562.1
8,7562.1
38,7562.6
26,7562.6
32,7562.7
1,7562.8
20,7564.1
50,7564.5
0,7564.7
59,7564.8
40,7566.0
51,7567.5
58,7568.0
53,7568.1
9,7569.5
22,7576.4
42,7577.0
21,7577.3
43,7578.3
12,7586.1
19,7587.4
10,7597.6
27,7598.9
31,7599.0
16,7599.4
33,7599.6
23,7599.6
30,7599.7
57,7600.7
39,7602.7
38,7604.7
53,7608.1
60,7610.0
51,7611.7
49,7612.4
61,7615.1
19,7616.3
12,7618.8
18,7620.0
28,7631.1
1,7634.1
20,7646.5
39,7650.3
40,7654.7
38,7666.9
51,7675.2
10,7676.1
33,7676.5
27,7677.2
30,7677.8
13,7679.4
15,7680.3
29,7682.6
53,7684.4
38,7685.2
49,7685.7
41,7685.8
52,7685.8
8,7686.2
34,7687.0
39,7688.0
60,7688.1
61,7688.5
32,7688.8
19,7689.5
16,7690.7
12,7691.2
11,7692.3
25,7692.9
28,7693.5
31,7694.7
1,7694.9
51,7695.0
18,7695.2
57,7695.4
14,7695.6
54,7696.4
23,7696.5
33,7700.3
30,7701.5
55,7701.6
40,7701.6
10,7702.2
0,7703.0
20,7703.2
49,7704.7
56,7705.1
22,7705.2
27,7705.6
5,7707.6
52,7708.0
15,7708.7
2,7709.3
9,7709.4
7,7709.6
35,7710.0
53,7710.1
26,7711.1
38,7711.2
58,7711.5
13,7711.6
8,7712.5
44,7713.1
11,7713.9
62,7714.1
61,7715.0
21,7715.4
50,7715.5
34,7716.6
6,7716.9
29,7717.1
42,7717.4
60,7717.5
39,7717.9
32,7718.4
37,7719.0
43,7720.1
19,7720.8
16,7721.2
41,7721.9
51,7722.4
12,7723.5
28,7724.4
4,7725.6
45,7727.4
18,7727.5
23,7728.9
31,7729.9
57,7730.6
33,7731.8
27,7733.9
49,7734.0
25,7736.8
1,7737.4
0,7737.8
22,7739.0
53,7739.8
26,7739.8
24,7740.1
5,7740.7
48,7745.9
2,7754.8
38,7756.4
61,7756.7
10,7757.9
19,7760.6
30,7764.1
12,7764.3
51,7765.9
53,7766.0
52,7767.0
33,7768.4
8,7768.6
31,7768.8
49,7770.6
42,7770.6
27,7771.4
1,7772.0
60,7772.4
23,7773.4
39,7776.1
57,7779.6
28,7779.7
44,7779.8
43,7780.6
18,7780.9
38,7782.7
13,7782.8
22,7785.4
11,7787.4
16,7789.3
21,7790.3
52,7791.9
10,7792.0
32,7793.0
61,7793.9
49,7795.7
51,7796.0
25,7797.9
8,7799.7
19,7800.0
30,7801.4
29,7801.5
53,7805.2
28,7808.2
12,7809.4
33,7810.3
60,7818.0
40,7949.6
20,7952.8
51,7955.4
54,7984.3
34,7987.5
46,7997.3
5,7999.4
58,8003.1
47,8007.2
9,8014.5
55,8016.7
35,8020.9
50,8026.5
15,8028.3
36,8029.0
27,8029.0
51,8030.0
61,8034.8
26,8035.8
34,8036.2
56,8038.1
3,8039.6
17,8040.9
38,8044.0
57,8045.2
33,8047.6
23,8048.3
18,8049.3
55,8052.5
19,8052.8
39,8054.5
58,8054.6
40,8054.8
53,8055.6
43,8056.2
0,8056.6
22,8057.3
10,8057.8
37,8059.5
49,8060.9
9,8061.1
47,8061.4
27,8061.6
62,8061.9
45,8062.3
11,8062.5
35,8063.4
31,8064.0
12,8064.6
14,8065.7
54,8066.0
34,8066.4
25,8066.8
61,8067.2
2,8067.2
44,8067.6
20,8068.1
5,8068.3
15,8069.0
50,8069.4
7,8069.5
60,8069.9
13,8070.6
36,8071.1
29,8071.7
21,8071.9
51,8073.2
6,8073.4
26,8073.5
16,8073.6
33,8074.4
30,8075.2
38,8076.0
32,8076.3
57,8076.7
28,8076.8
41,8077.5
46,8078.1
23,8078.7
53,8078.9
1,8079.0
55,8079.3
4,8080.2
42,8080.7
19,8080.8
52,8081.0
59,8081.1
39,8081.4
18,8081.7
3,8083.1
0,8083.1
24,8083.1
58,8083.2
8,8083.2
56,8083.8
48,8084.1
27,8084.3
40,8084.5
43,8085.2
17,8085.3
9,8086.3
22,8087.0
12,8087.2
10,8087.2
11,8087.4
61,8089.4
34,8090.5
62,8090.5
49,8090.6
35,8090.8
37,8091.2
45,8091.6
31,8092.0
47,8092.3
50,8092.4
5,8093.1
15,8094.2
51,8096.1
26,8097.0
2,8098.8
20,8099.1
44,8099.5
6,8099.6
25,8100.2
21,8100.6
60,8101.6
7,8102.2
29,8102.6
28,8105.3
57,8105.6
23,8106.6
19,8109.2
1,8109.3
53,8109.5
27,8113.1
55,8113.5
54,8114.4
42,8114.9
12,8116.8
38,8118.6
40,8128.7
61,8128.8
59,8134.1
18,8138.4
16,8145.7
33,8147.9
34,8148.5
14,8150.5
38,8151.9
10,8155.6
53,8156.9
60,8157.0
19,8158.4
22,8158.8
27,8160.2
43,8160.6
13,8161.4
57,8162.4
12,8162.7
23,8166.7
49,8166.9
20,8167.3
39,8167.5
1,8168.5
51,8173.6
18,8174.5
29,8175.4
52,8176.9
32,8179.6
28,8180.3
61,8189.2
60,8198.0
40,8201.5
53,8205.7
38,8210.0
54,8211.1
33,8219.1
35,8221.2
15,8221.7
37,8226.5
56,8227.1
30,8227.5
41,8228.2
10,8228.7
53,8229.6
38,8229.7
16,8230.8
18,8231.6
19,8232.4
60,8232.6
27,8234.1
14,8234.7
34,8235.1
57,8235.8
49,8236.6
13,8236.8
23,8236.8
12,8237.0
25,8237.7
51,8238.1
20,8238.4
11,8238.9
52,8239.4
0,8239.8
1,8240.6
29,8240.6
61,8240.8
39,8244.1
8,8244.5
28,8245.2
5,8245.6
15,8245.6
40,8246.0
22,8246.7
33,8247.4
32,8248.2
54,8249.5
43,8250.1
21,8250.3
50,8251.1
4,8254.2
53,8255.1
7,8255.7
42,8255.8
38,8257.2
26,8257.3
6,8257.6
30,8257.7
55,8258.4
16,8259.6
60,8260.3
10,8260.5
35,8261.0
27,8262.3
31,8263.0
51,8263.1
41,8263.7
18,8263.7
62,8263.8
34,8264.4
37,8265.6
19,8266.4
2,8267.2
11,8267.2
49,8267.7
58,8268.3
9,8269.3
45,8269.5
52,8269.8
61,8269.8
23,8270.0
28,8270.3
57,8270.7
12,8270.7
44,8270.8
17,8271.4
0,8276.8
25,8277.2
15,8278.2
48,8278.5
13,8279.4
20,8280.8
14,8281.2
39,8281.5
40,8281.5
50,8285.0
5,8285.6
24,8285.9
22,8286.1
43,8288.4
26,8288.9
1,8289.1
53,8289.9
27,8291.8
42,8291.8
47,8292.9
21,8295.9
29,8298.7
18,8300.6
8,8300.8
46,8301.3
38,8301.7
34,8302.0
32,8302.3
16,8304.7
51,8304.8
54,8305.0
19,8308.3
33,8308.8
49,8309.7
10,8309.9
23,8310.2
30,8310.4
2,8310.6
57,8313.5
53,8313.5
60,8314.1
12,8314.9
28,8317.8
15,8318.0
52,8318.2
1,8320.3
27,8320.4
61,8321.9
20,8323.5
22,8323.6
43,8328.3
38,8329.0
11,8329.4
0,8331.2
49,8331.6
8,8332.5
62,8332.6
40,8334.0
18,8335.3
42,8339.4
13,8340.6
44,8343.8
21,8348.1
19,8349.6
39,8350.3
60,8354.0
53,8364.6
57,8365.0
23,8368.0
16,8381.8
25,8385.1
33,8385.5
14,8386.0
37,8387.3
56,8387.8
38,8389.5
52,8389.6
51,8389.6
53,8390.4
49,8390.9
34,8391.2
18,8391.3
41,8391.6
10,8391.7
60,8392.4
27,8394.9
5,8395.2
19,8395.6
15,8395.8
28,8396.9
8,8397.3
1,8397.5
29,8397.5
61,8397.7
32,8397.7
57,8399.0
20,8399.3
12,8399.4
11,8400.8
30,8401.7
23,8402.8
13,8403.2
6,8404.5
39,8406.1
22,8406.8
7,8406.8
16,8406.8
49,8410.1
48,8410.2
52,8410.4
40,8411.2
54,8414.4
51,8414.9
33,8415.6
26,8415.6
53,8415.7
0,8416.2
50,8417.4
38,8418.3
43,8419.9
34,8420.1
35,8420.1
25,8420.6
60,8421.3
62,8421.6
42,8421.8
2,8422.9
21,8423.1
8,8423.5
11,8423.9
15,8424.0
18,8424.0
28,8424.9
27,8425.3
37,8426.0
61,8427.7
55,8427.8
31,8428.3
17,8429.6
10,8430.0
14,8430.9
32,8432.5
9,8432.8
12,8433.6
5,8433.6
41,8433.8
4,8434.5
58,8434.6
19,8436.6
56,8436.8
24,8437.4
51,8438.6
3,8439.7
57,8441.7
44,8443.1
20,8443.4
23,8443.5
16,8443.7
49,8445.2
39,8445.5
1,8446.9
22,8448.1
6,8449.2
53,8449.7
26,8449.7
38,8452.0
40,8454.0
0,8457.5
61,8458.8
42,8460.0
18,8460.9
2,8467.6
43,8473.3
62,8488.5
19,8503.4
54,8609.4
33,8610.2
27,8614.5
29,8625.0
34,8631.6
28,8635.5
13,8635.7
35,8636.1
52,8636.1
11,8641.0
60,8644.6
45,8645.7
30,8646.0
15,8648.1
37,8651.8
36,8657.9
50,8658.1
33,8658.5
61,8664.1
47,8664.2
23,8665.4
10,8668.4
55,8668.7
34,8669.3
18,8671.2
57,8671.2
51,8672.2
21,8672.6
26,8675.3
27,8675.6
53,8676.1
9,8676.5
38,8676.8
12,8677.0
39,8677.2
16,8677.6
49,8680.5
28,8681.9
58,8683.5
6,8683.6
43,8684.3
35,8684.6
11,8685.2
22,8687.0
0,8689.9
14,8690.4
36,8690.6
13,8690.6
50,8690.9
29,8692.1
40,8693.1
45,8693.7
19,8694.1
61,8694.3
52,8694.5
15,8696.1
62,8696.3
20,8697.3
32,8697.3
33,8697.4
2,8697.8
5,8698.1
48,8698.2
44,8698.2
55,8698.5
25,8698.6
46,8698.6
8,8699.0
51,8699.4
60,8699.5
41,8699.6
7,8699.7
42,8699.7
30,8699.7
54,8700.1
37,8701.0
34,8701.2
57,8701.6
56,8702.0
47,8702.0
17,8702.4
23,8702.9
4,8702.9
38,8703.3
31,8703.7
53,8704.0
1,8704.3
26,8704.7
18,8704.9
27,8705.4
39,8705.8
10,8708.0
12,8708.6
59,8708.8
21,8709.5
9,8709.7
11,8712.3
16,8712.6
28,8713.0
58,8713.1
35,8714.5
6,8714.8
61,8715.1
43,8715.2
50,8716.1
49,8716.4
19,8716.7
24,8716.7
3,8718.0
40,8718.2
0,8718.4
22,8720.1
15,8721.7
29,8722.4
62,8725.0
51,8725.0
5,8725.1
2,8725.3
33,8725.6
44,8730.3
20,8730.9
60,8732.5
42,8733.1
23,8733.2
57,8733.7
26,8734.0
31,8735.2
27,8739.4
1,8740.6
12,8744.1
52,8744.2
55,8744.2
54,8745.4
53,8746.3
32,8750.1
19,8764.3
43,8771.0
53,8777.8
29,8778.3
49,8781.0
8,8782.4
12,8784.1
25,8784.4
60,8785.2
28,8786.4
1,8787.1
61,8787.4
57,8790.0
51,8790.7
20,8796.0
19,8796.8
50,8798.7
34,8808.4
27,8812.2
23,8816.1
3,8817.2
18,8820.3
49,8822.9
11,8834.9
52,8842.3
33,8847.9
38,8847.9
10,8847.9
39,8849.0
13,8849.5
30,8850.9
16,8852.8
53,8854.0
29,8855.6
60,8856.7
14,8856.8
1,8857.1
25,8858.5
41,8859.0
49,8859.6
57,8860.1
34,8860.2
51,8861.3
19,8861.4
7,8861.6
20,8861.7
56,8862.0
8,8862.1
28,8862.6
12,8864.0
17,8864.2
5,8864.8
23,8865.6
40,8865.8
43,8865.9
3,8866.2
11,8867.0
21,8867.2
37,8867.2
61,8867.5
45,8867.6
52,8868.2
15,8868.5
18,8869.5
32,8870.0
54,8871.6
38,8873.3
33,8873.8
22,8874.1
0,8874.2
10,8876.3
62,8876.8
39,8877.2
27,8877.3
26,8877.9
53,8878.8
35,8879.3
6,8879.8
13,8881.0
55,8882.2
34,8882.6
30,8882.8
42,8882.9
16,8884.3
44,8884.5
60,8884.7
50,8884.7
49,8884.9
9,8886.6
51,8886.7
29,8886.8
57,8887.4
19,8887.5
47,8888.0
28,8889.5
31,8891.1
14,8891.5
36,8891.5
1,8891.9
25,8892.0
61,8892.7
8,8893.0
2,8893.4
4,8893.4
58,8893.6
12,8894.0
24,8894.5
20,8894.7
5,8895.0
7,8895.2
11,8895.5
41,8896.2
23,8897.7
15,8898.6
40,8899.1
38,8900.3
48,8900.8
18,8901.0
43,8901.3
33,8902.2
37,8903.1
56,8903.9
52,8904.8
17,8906.4
21,8907.3
39,8907.3
0,8907.8
26,8908.6
59,8908.8
27,8909.3
62,8910.2
54,8911.9
53,8912.2
22,8913.9
19,8917.8
42,8919.5
57,8920.2
1,8924.5
60,8926.5
10,8929.4
12,8929.7
34,8930.1
44,8931.1
49,8931.5
23,8931.7
53,8937.3
13,8937.9
51,8938.5
29,8939.5
2,8939.9
61,8940.6
28,8940.7
43,8942.4
25,8945.5
52,8945.5
20,8948.8
19,8948.8
49,8951.6
18,8953.4
11,8954.1
8,8956.8
57,8959.8
60,8960.4
1,8965.4
22,8983.1
40,8987.9
38,9009.8
33,9010.0
16,9014.3
30,9014.9
49,9015.5
53,9015.7
60,9019.3
29,9020.6
1,9020.8
54,9021.0
5,9021.0
52,9022.3
10,9022.6
19,9023.7
8,9023.9
51,9024.4
57,9024.5
27,9024.8
25,9025.1
20,9025.5
12,9026.6
28,9026.9
11,9027.8
34,9030.2
13,9030.4
18,9031.3
61,9031.8
3,9032.2
32,9032.2
15,9034.0
40,9034.1
49,9035.0
23,9035.7
39,9036.6
33,9040.4
38,9041.7
9,9042.0
35,9042.3
53,9044.6
55,9046.1
26,9048.0
62,9048.2
16,9048.7
43,9049.0
52,9049.4
0,9049.6
8,9049.8
22,9050.0
50,9050.2
11,9052.7
30,9052.9
51,9053.0
31,9053.5
45,9053.6
60,9053.7
41,9054.4
28,9055.4
29,9057.8
21,9058.0
57,9058.3
17,9058.3
61,9060.2
54,9060.6
44,9060.8
27,9061.0
37,9061.1
7,9062.2
1,9065.6
5,9067.0
19,9068.2
15,9069.4
18,9070.5
10,9070.6
12,9070.8
33,9071.2
49,9071.5
42,9071.8
34,9072.3
6,9072.5
25,9073.4
20,9073.6
14,9074.1
38,9074.5
40,9076.7
56,9076.9
58,9078.0
13,9078.1
39,9078.2
53,9078.5
23,9078.5
55,9079.7
26,9080.2
47,9081.3
32,9081.5
16,9082.9
35,9083.4
50,9083.4
9,9085.8
51,9086.4
0,9086.4
2,9086.8
43,9089.1
24,9089.6
61,9091.7
11,9092.6
57,9093.0
27,9094.2
62,9095.3
22,9095.5
52,9096.4
19,9099.3
1,9108.5
44,9108.9
21,9110.6
18,9111.2
42,9119.0
23,9120.5
4,9126.4
60,9132.6
53,9148.4
29,9226.4
5,9236.4
54,9237.9
38,9253.8
28,9254.2
37,9265.8
31,9278.1
30,9285.8
15,9294.9
7,9297.5
46,9297.8
26,9309.1
33,9314.1
12,9314.4
51,9320.9
40,9329.2
61,9335.4
53,9337.5
5,9339.4
19,9340.2
38,9341.3
10,9343.2
28,9347.7
23,9347.7
6,9352.9
36,9358.9
26,9360.5
34,9363.4
27,9365.3
0,9366.3
58,9366.7
9,9368.6
37,9369.5
57,9371.6
50,9372.9
29,9373.6
33,9375.3
51,9375.3
49,9376.3
61,9378.3
25,9378.6
47,9378.7
38,9379.3
22,9379.6
15,9380.1
52,9380.8
11,9383.1
55,9383.2
20,9384.5
7,9384.7
43,9386.1
53,9387.0
35,9387.8
12,9388.2
31,9388.6
5,9388.9
62,9388.9
16,9389.0
39,9389.1
18,9389.2
23,9389.5
19,9389.9
40,9391.1
44,9391.8
13,9391.8
27,9393.0
34,9393.4
10,9394.2
30,9394.4
26,9394.5
54,9394.9
1,9395.0
8,9395.3
45,9395.8
41,9396.0
29,9396.1
33,9396.2
28,9396.6
32,9397.1
14,9397.3
57,9397.4
42,9398.1
0,9398.7
2,9398.8
60,9399.1
9,9400.0
4,9400.1
3,9400.8
49,9401.0
56,9401.0
46,9401.4
17,9401.7
61,9401.7
50,9402.0
37,9402.2
21,9402.3
51,9402.3
25,9402.9
36,9403.1
38,9403.3
6,9403.3
24,9403.6
22,9404.5
53,9404.7
52,9406.6
11,9406.7
58,9407.4
59,9407.5
15,9407.5
55,9407.5
48,9408.2
12,9409.7
20,9410.1
43,9411.3
31,9412.0
7,9412.1
39,9412.3
18,9412.6
35,9413.0
34,9413.2
40,9413.4
27,9413.5
5,9413.7
23,9414.0
19,9414.1
16,9415.1
10,9417.1
26,9417.9
62,9418.1
1,9419.2
47,9419.9
44,9420.3
13,9420.3
33,9420.7
28,9421.1
57,9422.1
54,9422.5
29,9424.6
61,9425.7
2,9426.1
42,9429.1
0,9432.3
12,9446.0
53,9473.3
49,9479.4
29,9483.8
22,9485.4
1,9486.0
52,9492.9
12,9499.2
57,9500.6
33,9501.8
49,9504.9
20,9507.8
53,9512.2
54,9527.4
43,9532.3
27,9550.9
10,9552.9
11,9557.1
29,9559.8
53,9559.8
8,9559.9
1,9560.8
49,9562.2
28,9562.7
33,9563.4
60,9564.9
38,9566.3
18,9567.1
41,9567.8
14,9567.9
52,9568.1
57,9568.2
51,9568.5
34,9568.9
54,9570.5
61,9571.6
13,9571.7
25,9571.8
22,9572.8
56,9573.5
20,9573.5
17,9573.7
42,9575.2
32,9575.2
40,9575.5
37,9575.5
23,9575.7
12,9575.9
39,9577.0
43,9577.9
49,9580.6
11,9581.1
0,9582.7
55,9582.9
27,9583.6
10,9585.2
6,9585.4
8,9585.8
35,9585.9
3,9586.4
53,9586.5
5,9590.2
33,9591.4
29,9591.6
7,9591.8
15,9591.8
30,9592.3
28,9593.3
1,9593.8
9,9594.9
34,9595.3
60,9595.3
45,9596.1
21,9596.4
19,9596.5
26,9597.6
18,9597.7
52,9597.8
38,9597.8
61,9598.4
54,9598.9
51,9599.0
57,9599.2
31,9599.3
50,9600.7
44,9601.0
2,9603.2
14,9603.7
39,9604.8
58,9605.3
16,9605.4
4,9605.9
41,9606.5
40,9609.5
62,9609.7
12,9609.8
20,9611.0
37,9611.3
49,9611.4
23,9611.6
11,9611.9
13,9613.6
27,9614.2
55,9615.0
53,9615.8
25,9616.0
33,9616.9
22,9617.1
56,9617.9
17,9618.8
24,9619.2
0,9619.4
43,9620.6
42,9621.5
19,9624.6
5,9624.8
15,9625.1
35,9626.4
38,9627.1
61,9627.3
59,9627.3
1,9627.8
34,9628.2
57,9629.6
26,9630.0
29,9633.0
18,9634.3
10,9637.9
39,9638.1
54,9639.2
60,9639.4
49,9641.8
53,9641.9
23,9643.4
28,9645.5
12,9645.7
22,9647.4
8,9647.7
52,9647.8
27,9649.8
44,9650.0
21,9650.7
1,9654.3
43,9654.5
42,9655.6
2,9658.4
49,9659.5
0,9661.3
20,9662.8
11,9663.3
54,9664.1
40,9671.8
8,9678.9
28,9679.5
25,9681.4
61,9684.8
57,9685.2
51,9689.1
29,9690.0
52,9758.9
33,9795.7
13,9812.2
34,9830.3
32,9849.4
16,9861.0
36,9872.3
30,9874.9
5,9878.2
45,9882.1
9,9882.2
6,9884.2
31,9886.3
50,9889.8
47,9892.8
37,9901.5
7,9903.6
61,9905.2
55,9906.9
26,9909.6
46,9910.0
38,9910.4
27,9911.4
51,9911.4
33,9912.5
15,9913.6
12,9914.4
19,9915.9
62,9916.3
0,9919.2
52,9922.3
3,9923.7
56,9923.9
40,9924.7
10,9927.3
53,9927.5
34,9927.9
23,9928.6
5,9928.7
11,9928.9
57,9929.3
16,9929.7
49,9930.6
58,9932.0
14,9932.2
43,9933.4
6,9933.4
39,9933.6
61,9933.6
18,9934.4
50,9935.2
28,9935.3
20,9935.7
9,9935.8
44,9936.2
29,9936.3
36,9936.5
26,9937.6
32,9937.7
22,9937.8
47,9937.9
37,9938.4
35,9938.6
7,9938.8
13,9938.9
55,9940.1
42,9940.3
48,9940.7
21,9940.9
54,9941.3
30,9941.7
51,9941.8
27,9942.2
31,9942.7
33,9943.0
1,9943.7
60,9944.2
41,9944.2
4,9944.6
15,9945.5
38,9945.6
25,9946.0
24,9946.1
19,9947.2
2,9947.3
12,9947.4
17,9948.9
59,9949.4
0,9949.7
53,9951.1
8,9951.5
34,9951.6
62,9951.6
23,9951.6
11,9952.3
45,9953.5
46,9954.0
61,9954.3
52,9955.0
5,9955.2
40,9955.4
57,9956.2
18,9956.3
56,9956.6
58,9957.0
16,9957.4
3,9957.5
10,9958.2
39,9958.8
6,9958.9
26,9958.9
50,9959.2
43,9959.3
49,9960.4
9,9960.4
28,9962.0
44,9964.6
35,9964.9
20,9965.6
27,9966.3
22,9967.0
29,9967.2
51,9967.4
14,9967.4
47,9967.7
55,9968.7
36,9968.7
42,9972.2
1,9972.5
19,9973.5
21,9973.7
31,9975.0
12,9978.3
23,9980.9
2,9981.4
32,9982.1
54,9982.5
62,9988.7
53,9991.4
59,9995.5
57,9997.0
