26,87.8
21,88.2
20,88.6
5,88.8
3,88.8
25,89.1
31,89.2
28,89.2
19,89.3
9,90.0
4,90.1
11,90.6
7,90.6
1,90.7
23,90.7
14,90.8
17,90.8
16,90.9
12,91.0
26,91.0
21,91.5
10,91.7
27,91.9
24,92.0
29,92.0
5,92.8
20,92.8
22,93.0
3,93.1
25,93.7
19,94.0
31,94.6
26,94.6
28,95.0
21,95.3
9,97.2
1,97.2
5,98.4
4,99.0
23,99.2
20,99.5
25,99.5
26,100.0
3,100.4
14,100.5
19,100.7
17,100.7
21,100.9
7,101.0
27,101.2
11,101.6
31,104.0
16,105.2
28,107.0
22,107.0
12,107.7
5,108.0
25,109.3
26,110.3
21,110.8
1,111.2
9,112.4
20,113.8
19,115.0
3,116.3
29,121.1
31,121.9
16,124.9
5,130.1
26,167.5
21,167.9
20,168.3
3,168.4
5,168.4
25,168.8
31,168.8
19,168.9
28,168.9
9,169.6
4,169.7
1,170.2
14,170.3
16,170.3
11,170.3
23,170.4
17,170.4
7,170.4
26,170.6
12,170.6
21,171.2
10,171.4
29,171.5
27,171.5
24,171.7
20,172.3
5,172.5
22,172.5
3,172.7
25,173.2
19,173.7
31,173.8
26,174.1
28,174.3
21,174.9
9,176.3
1,176.5
5,177.7
4,178.1
20,178.3
23,178.5
25,178.6
14,179.0
26,179.1
17,179.5
3,179.6
7,180.1
27,180.1
21,180.2
19,180.3
11,180.5
16,182.0
31,182.8
28,185.2
22,185.7
12,186.7
5,187.6
26,187.8
10,189.3
25,189.4
21,190.3
1,191.2
20,191.5
29,195.6
9,197.2
19,200.3
3,203.7
26,247.5
21,247.9
20,248.3
3,248.4
5,248.4
25,248.8
31,248.8
28,248.9
19,248.9
9,249.6
4,249.7
11,250.2
7,250.3
16,250.3
1,250.3
14,250.3
23,250.3
17,250.4
26,250.5
12,250.6
21,251.2
10,251.3
27,251.5
24,251.6
29,251.6
20,252.3
5,252.4
22,252.4
3,252.6
25,253.2
19,253.6
31,253.8
26,254.1
28,254.4
21,254.9
9,256.5
1,256.6
5,257.6
4,258.1
23,258.5
20,258.6
25,258.6
3,259.2
26,259.3
14,259.4
17,259.5
27,260.1
7,260.1
19,260.3
21,260.3
11,260.8
16,263.2
31,263.3
28,265.7
22,266.5
5,267.5
12,268.2
26,268.3
25,269.4
21,270.8
1,271.1
10,271.6
20,273.4
3,276.6
19,277.0
9,279.6
26,632.8
21,633.2
20,633.6
3,633.7
5,633.8
25,634.1
31,634.1
28,634.2
19,634.3
9,634.9
4,635.1
7,635.6
11,635.6
17,635.7
14,635.7
23,635.7
1,635.7
16,635.8
26,635.9
12,636.0
21,636.5
10,636.7
27,636.9
29,637.0
24,637.0
20,637.8
5,637.8
22,637.9
3,638.0
25,638.7
19,639.0
26,639.5
31,639.5
28,639.8
21,640.3
9,642.0
1,642.2
5,643.4
4,644.0
23,644.3
25,644.4
20,644.5
26,644.7
3,644.9
17,645.4
14,645.7
21,645.9
7,646.0
19,646.1
27,646.2
11,646.6
31,648.9
16,650.2
28,651.9
22,652.0
12,652.8
5,653.4
26,654.3
25,654.6
21,655.9
1,656.5
9,658.0
20,659.0
3,660.8
19,663.0
29,668.1
31,670.3
5,674.2
26,712.5
21,712.9
20,713.3
3,713.4
5,713.4
25,713.7
31,713.8
28,713.9
19,713.9
9,714.5
4,714.7
14,715.3
11,715.3
1,715.3
16,715.4
23,715.4
17,715.4
7,715.4
12,715.6
26,715.6
21,716.2
10,716.4
27,716.5
29,716.5
24,716.7
20,717.3
5,717.4
22,717.5
3,717.7
25,718.1
19,718.7
31,718.8
26,719.1
28,719.3
21,719.9
9,721.3
1,721.5
5,722.6
4,723.2
20,723.3
25,723.4
23,723.5
26,724.0
14,724.3
17,724.5
3,724.6
7,725.1
27,725.1
19,725.3
21,725.3
11,725.5
16,727.5
31,728.2
28,730.5
22,730.7
5,732.0
12,732.6
26,732.8
25,733.4
21,735.5
10,735.8
20,736.2
1,736.2
9,741.7
19,745.5
3,748.7
26,792.5
21,792.9
20,793.3
5,793.4
3,793.4
25,793.8
31,793.8
28,793.9
19,793.9
9,794.6
4,794.7
11,795.2
23,795.3
1,795.3
7,795.3
14,795.4
16,795.4
17,795.4
26,795.5
12,795.6
21,796.2
10,796.3
27,796.5
24,796.6
29,796.6
20,797.3
5,797.4
22,797.5
3,797.6
25,798.2
19,798.6
31,798.8
26,799.1
28,799.4
21,799.9
9,801.5
1,801.6
5,802.6
4,803.1
23,803.5
25,803.6
20,803.6
3,804.3
26,804.3
14,804.4
17,804.5
7,805.1
27,805.1
19,805.3
21,805.3
11,805.8
31,808.2
16,808.3
28,810.7
22,811.5
5,812.5
12,813.0
26,813.3
25,814.4
21,815.8
1,816.2
10,817.0
20,818.2
19,822.1
3,822.4
9,824.1
26,872.5
21,872.9
20,873.3
5,873.4
3,873.4
31,873.8
25,873.8
28,873.9
19,873.9
9,874.6
4,874.7
11,875.2
7,875.3
23,875.3
1,875.3
14,875.4
17,875.4
16,875.4
12,875.5
26,875.5
21,876.2
10,876.4
27,876.5
24,876.6
29,876.6
20,877.3
22,877.4
5,877.4
3,877.6
25,878.2
19,878.6
31,878.8
26,879.1
28,879.4
21,879.9
9,881.5
1,881.6
5,882.6
4,883.1
23,883.5
25,883.6
20,883.6
3,884.2
26,884.3
14,884.4
17,884.5
27,885.1
7,885.1
19,885.3
21,885.3
11,885.8
31,888.3
16,888.4
28,890.7
22,891.4
5,892.6
12,893.1
26,893.3
25,894.5
21,895.8
1,896.1
10,897.6
20,898.5
3,904.9
19,905.7
9,915.5
26,1257.8
21,1258.2
20,1258.6
3,1258.7
5,1258.8
25,1259.1
31,1259.1
28,1259.2
19,1259.3
9,1259.9
4,1260.1
7,1260.6
11,1260.6
17,1260.7
1,1260.7
23,1260.7
14,1260.7
16,1260.8
26,1260.9
12,1261.0
21,1261.5
10,1261.7
27,1261.9
29,1262.0
24,1262.0
5,1262.8
20,1262.8
22,1262.9
3,1263.0
25,1263.7
19,1264.0
31,1264.5
26,1264.5
28,1264.8
21,1265.3
9,1267.0
1,1267.2
5,1268.4
4,1269.0
23,1269.3
25,1269.4
20,1269.5
26,1269.7
3,1270.0
17,1270.4
14,1270.7
21,1270.9
7,1271.0
19,1271.1
27,1271.2
11,1271.6
31,1273.9
16,1275.3
28,1276.9
22,1277.0
12,1277.8
5,1278.5
26,1279.3
25,1279.6
21,1280.9
1,1281.5
9,1283.0
20,1284.0
3,1285.6
19,1287.9
29,1292.8
31,1295.6
5,1301.8
16,1311.4
26,1337.5
21,1337.9
20,1338.3
3,1338.4
5,1338.4
25,1338.8
31,1338.8
19,1338.9
28,1338.9
9,1339.6
4,1339.7
1,1340.3
14,1340.3
11,1340.3
23,1340.3
16,1340.4
7,1340.4
17,1340.4
12,1340.6
26,1340.6
21,1341.2
10,1341.4
27,1341.4
29,1341.5
24,1341.7
20,1342.3
22,1342.5
5,1342.5
3,1342.7
25,1343.2
19,1343.7
31,1343.8
26,1344.1
28,1344.3
21,1344.9
9,1346.3
1,1346.6
5,1347.8
4,1348.2
20,1348.3
23,1348.5
25,1348.6
26,1349.1
14,1349.3
17,1349.5
3,1349.6
27,1350.1
7,1350.1
21,1350.3
19,1350.4
11,1350.5
16,1352.5
31,1353.2
28,1355.5
22,1355.7
12,1357.5
5,1357.6
26,1357.8
25,1359.1
10,1359.5
21,1360.5
1,1361.2
20,1361.3
9,1368.3
19,1370.5
3,1373.1
26,1417.5
21,1417.9
20,1418.3
3,1418.4
5,1418.4
25,1418.8
31,1418.8
19,1418.9
28,1418.9
9,1419.6
4,1419.7
11,1420.2
1,1420.3
7,1420.3
23,1420.3
14,1420.3
17,1420.4
16,1420.4
26,1420.5
12,1420.6
21,1421.2
10,1421.3
27,1421.5
24,1421.6
29,1421.6
20,1422.3
5,1422.4
22,1422.5
3,1422.6
25,1423.2
19,1423.6
31,1423.8
26,1424.1
28,1424.4
21,1424.9
9,1426.5
1,1426.6
5,1427.6
4,1428.1
23,1428.5
20,1428.6
25,1428.8
3,1429.3
26,1429.3
14,1429.4
17,1429.5
7,1430.1
27,1430.1
19,1430.3
21,1430.3
11,1430.8
31,1433.2
16,1433.3
28,1435.7
22,1436.5
5,1437.6
12,1438.1
26,1438.3
25,1440.0
21,1440.9
1,1441.1
10,1442.0
20,1443.2
19,1447.3
3,1448.2
9,1452.4
26,1497.5
21,1497.9
20,1498.3
5,1498.4
3,1498.4
25,1498.8
31,1498.8
19,1498.9
28,1498.9
9,1499.6
4,1499.7
11,1500.2
23,1500.3
7,1500.3
1,1500.3
17,1500.4
16,1500.4
14,1500.4
26,1500.5
12,1500.6
21,1501.2
10,1501.4
27,1501.5
29,1501.6
24,1501.6
20,1502.3
22,1502.4
5,1502.4
3,1502.6
25,1503.2
19,1503.6
31,1504.0
26,1504.1
28,1504.4
21,1504.9
9,1506.6
1,1506.6
5,1507.6
4,1508.1
23,1508.5
20,1508.6
25,1508.6
3,1509.2
26,1509.3
14,1509.4
17,1509.5
27,1510.1
7,1510.1
21,1510.3
19,1510.3
11,1510.8
16,1513.3
31,1513.7
28,1515.7
22,1516.4
5,1517.6
12,1518.2
26,1518.3
25,1519.5
21,1520.9
1,1521.3
10,1522.6
20,1523.4
3,1530.2
19,1532.2
9,1536.0
26,1882.8
21,1883.2
20,1883.6
3,1883.7
5,1883.8
31,1884.1
25,1884.1
28,1884.2
19,1884.3
9,1884.9
4,1885.1
11,1885.6
7,1885.6
1,1885.7
17,1885.7
14,1885.7
23,1885.7
16,1885.8
26,1885.9
12,1886.0
21,1886.5
10,1886.7
27,1886.9
29,1887.0
24,1887.0
5,1887.8
20,1887.8
22,1887.9
3,1888.0
25,1888.7
19,1889.0
26,1889.5
31,1889.5
28,1889.8
21,1890.3
9,1892.0
1,1892.2
5,1893.4
4,1894.0
23,1894.3
25,1894.4
20,1894.5
26,1894.7
3,1895.0
17,1895.4
14,1895.7
21,1895.9
7,1896.0
19,1896.1
27,1896.3
11,1896.6
31,1898.9
16,1900.3
28,1901.9
22,1902.1
12,1902.9
5,1903.5
26,1904.3
25,1904.6
21,1906.0
1,1906.5
9,1908.0
20,1909.0
3,1910.6
19,1912.6
29,1917.3
31,1920.2
5,1927.0
16,1935.4
26,1962.5
21,1962.9
20,1963.3
3,1963.4
5,1963.4
31,1963.7
25,1963.8
28,1963.9
19,1963.9
9,1964.6
4,1964.7
11,1965.3
1,1965.3
14,1965.3
16,1965.4
23,1965.4
17,1965.4
7,1965.4
12,1965.6
26,1965.6
21,1966.2
10,1966.4
27,1966.5
29,1966.5
24,1966.7
20,1967.3
5,1967.5
22,1967.5
3,1967.7
25,1968.2
19,1968.7
31,1968.9
26,1969.1
28,1969.3
21,1969.9
9,1971.3
1,1971.6
5,1972.8
4,1973.2
20,1973.3
23,1973.5
25,1973.6
26,1974.1
14,1974.3
17,1974.5
3,1974.6
27,1975.1
7,1975.1
21,1975.3
11,1975.5
19,1975.6
16,1977.6
31,1978.0
28,1980.5
22,1980.7
5,1982.6
12,1982.7
26,1982.8
25,1984.1
21,1985.5
10,1985.8
1,1986.3
20,1986.3
9,1993.5
19,1997.5
3,1998.7
26,2042.5
21,2042.9
20,2043.3
3,2043.4
5,2043.4
25,2043.8
31,2043.8
28,2043.9
19,2043.9
9,2044.6
4,2044.7
11,2045.2
7,2045.3
1,2045.3
23,2045.3
16,2045.4
17,2045.4
14,2045.4
26,2045.5
12,2045.6
21,2046.2
10,2046.3
27,2046.5
24,2046.6
29,2046.6
20,2047.3
5,2047.4
22,2047.5
3,2047.6
25,2048.2
19,2048.6
31,2048.8
26,2049.1
28,2049.4
21,2049.9
9,2051.6
1,2051.6
5,2052.6
4,2053.1
23,2053.5
20,2053.6
25,2053.8
26,2054.3
3,2054.3
14,2054.4
17,2054.5
7,2055.1
27,2055.1
21,2055.3
19,2055.3
11,2055.8
31,2058.3
16,2058.3
28,2060.7
22,2061.5
5,2062.6
12,2063.1
26,2063.3
25,2064.9
21,2065.9
1,2066.2
10,2067.0
20,2068.2
19,2072.1
3,2072.5
9,2074.9
26,2122.5
21,2122.9
20,2123.3
5,2123.4
3,2123.4
25,2123.8
31,2123.8
19,2123.9
28,2123.9
9,2124.6
4,2124.7
11,2125.2
16,2125.3
1,2125.3
7,2125.3
23,2125.3
14,2125.4
17,2125.4
12,2125.5
26,2125.5
21,2126.2
10,2126.4
27,2126.5
29,2126.6
24,2126.6
20,2127.3
22,2127.4
5,2127.4
3,2127.6
25,2128.2
19,2128.6
31,2128.8
26,2129.1
28,2129.4
21,2129.9
1,2131.6
9,2131.6
5,2132.6
4,2133.1
23,2133.5
20,2133.6
25,2133.8
3,2134.2
26,2134.3
14,2134.4
17,2134.5
7,2135.1
27,2135.1
19,2135.3
21,2135.3
11,2135.8
16,2138.2
31,2138.3
28,2140.7
22,2141.4
5,2142.6
12,2143.0
26,2143.3
25,2145.0
21,2145.8
1,2146.1
10,2147.7
20,2148.6
3,2154.6
19,2156.3
26,2507.8
21,2508.2
20,2508.6
3,2508.7
5,2508.8
25,2509.1
31,2509.1
28,2509.2
19,2509.3
9,2509.9
4,2510.1
7,2510.6
11,2510.6
23,2510.7
14,2510.7
1,2510.7
17,2510.7
16,2510.8
26,2510.9
12,2511.0
21,2511.5
10,2511.7
27,2511.9
29,2512.0
24,2512.0
20,2512.8
5,2512.8
22,2513.0
3,2513.2
25,2513.7
19,2514.0
31,2514.5
26,2514.5
28,2514.8
21,2515.3
9,2517.0
1,2517.2
5,2518.4
4,2519.0
23,2519.3
25,2519.5
20,2519.5
26,2519.7
3,2520.3
17,2520.4
14,2520.7
21,2520.9
7,2521.0
19,2521.1
27,2521.3
11,2521.6
31,2523.9
16,2525.3
28,2526.9
22,2527.1
12,2527.9
5,2528.5
26,2529.3
25,2529.6
21,2531.0
1,2531.6
9,2532.9
20,2534.0
3,2537.1
19,2537.9
29,2543.1
31,2545.3
5,2552.0
16,2557.5
26,2587.5
21,2587.9
20,2588.3
5,2588.4
3,2588.4
31,2588.8
25,2588.8
19,2588.9
28,2588.9
9,2589.6
4,2589.7
1,2590.3
14,2590.3
11,2590.3
16,2590.4
23,2590.4
17,2590.4
7,2590.4
26,2590.6
12,2590.6
21,2591.2
10,2591.4
29,2591.5
27,2591.5
24,2591.7
20,2592.3
22,2592.5
5,2592.5
3,2592.7
25,2593.2
19,2593.7
31,2594.0
26,2594.1
28,2594.3
21,2594.9
9,2596.5
1,2596.6
5,2597.8
4,2598.2
20,2598.3
23,2598.5
25,2598.6
26,2599.1
14,2599.3
17,2599.5
3,2599.6
27,2600.1
7,2600.1
21,2600.3
11,2600.5
19,2600.6
16,2602.6
31,2603.7
28,2605.6
22,2605.8
5,2607.6
12,2607.8
26,2607.9
25,2609.1
21,2610.5
10,2610.8
1,2611.2
20,2611.3
9,2621.7
19,2622.5
3,2623.7
26,2667.5
21,2667.9
20,2668.3
3,2668.4
5,2668.4
31,2668.8
25,2668.8
28,2668.9
19,2668.9
9,2669.6
4,2669.7
11,2670.2
23,2670.3
7,2670.3
1,2670.3
14,2670.4
16,2670.4
17,2670.4
26,2670.5
12,2670.6
21,2671.2
10,2671.3
27,2671.5
24,2671.6
29,2671.6
20,2672.3
5,2672.4
22,2672.5
3,2672.8
25,2673.2
19,2673.6
31,2674.0
26,2674.1
28,2674.4
21,2674.9
1,2676.6
9,2676.6
5,2677.6
4,2678.1
23,2678.5
20,2678.6
25,2678.8
26,2679.3
14,2679.4
17,2679.5
3,2679.6
27,2680.1
7,2680.1
19,2680.3
21,2680.5
11,2680.8
16,2683.3
31,2683.7
28,2685.7
22,2686.5
5,2687.6
26,2688.3
12,2688.3
25,2690.0
1,2691.2
21,2691.3
10,2692.1
20,2693.3
19,2697.4
3,2703.8
9,2708.7
26,2747.5
21,2747.9
20,2748.3
5,2748.4
3,2748.4
25,2748.8
31,2748.8
19,2748.9
28,2748.9
9,2749.6
4,2749.7
11,2750.2
1,2750.3
7,2750.3
23,2750.3
16,2750.3
17,2750.4
14,2750.4
26,2750.5
12,2750.6
21,2751.2
10,2751.4
27,2751.5
29,2751.6
24,2751.6
20,2752.3
22,2752.4
5,2752.5
3,2752.6
25,2753.2
19,2753.6
31,2754.0
26,2754.1
28,2754.4
21,2754.9
1,2756.6
9,2756.6
5,2757.8
4,2758.1
23,2758.5
20,2758.6
25,2758.8
3,2759.2
26,2759.3
14,2759.5
17,2759.5
27,2760.1
7,2760.1
19,2760.3
21,2760.5
11,2760.8
16,2763.3
31,2763.8
28,2765.7
22,2766.4
5,2767.8
12,2768.1
26,2768.4
25,2770.0
21,2771.3
1,2771.4
10,2772.7
20,2773.6
3,2778.4
9,2780.5
19,2782.2
26,3132.8
21,3133.2
20,3133.7
3,3133.8
5,3133.9
25,3134.2
28,3134.3
31,3134.3
19,3134.4
9,3135.1
4,3135.3
11,3135.8
23,3135.9
1,3135.9
7,3135.9
26,3135.9
14,3136.0
17,3136.0
16,3136.1
12,3136.3
21,3136.5
10,3137.1
27,3137.3
24,3137.3
29,3137.4
20,3137.8
5,3137.9
3,3138.2
22,3138.4
25,3138.7
19,3139.2
26,3139.5
31,3139.7
28,3140.1
21,3140.3
9,3142.4
1,3142.6
5,3143.7
20,3144.6
25,3144.6
26,3144.8
4,3145.1
23,3145.2
3,3145.6
21,3146.0
19,3146.5
17,3146.6
14,3147.0
7,3147.6
27,3147.6
11,3148.5
31,3150.0
28,3154.6
5,3155.1
26,3155.3
16,3155.9
25,3156.0
21,3157.5
22,3163.8
1,3170.0
26,3212.6
21,3213.0
20,3213.4
3,3213.5
5,3213.6
25,3213.9
31,3213.9
19,3214.1
28,3214.1
9,3214.8
4,3215.0
1,3215.5
16,3215.6
23,3215.6
17,3215.6
11,3215.6
26,3215.7
7,3215.7
14,3215.7
12,3215.9
21,3216.3
10,3216.9
27,3216.9
24,3217.1
29,3217.1
20,3217.4
5,3217.6
3,3217.9
22,3218.0
25,3218.3
19,3218.8
31,3219.0
26,3219.2
28,3219.7
21,3220.1
9,3221.8
1,3222.0
5,3223.0
20,3223.6
25,3223.8
4,3224.0
23,3224.3
26,3224.5
3,3224.9
17,3225.4
19,3225.6
21,3225.7
14,3225.8
7,3226.8
27,3226.8
11,3227.4
31,3228.5
16,3230.1
5,3233.2
28,3233.2
26,3234.4
25,3234.5
12,3236.0
22,3236.5
21,3236.7
20,3239.7
1,3240.6
26,3292.6
21,3292.9
20,3293.4
3,3293.5
5,3293.5
31,3293.9
25,3293.9
19,3294.0
28,3294.0
9,3294.8
4,3294.9
1,3295.5
16,3295.5
11,3295.5
23,3295.6
26,3295.6
7,3295.6
17,3295.6
14,3295.7
12,3295.8
21,3296.2
10,3296.8
27,3296.9
29,3297.1
24,3297.1
5,3297.5
20,3297.5
3,3297.7
22,3297.9
25,3298.3
19,3298.7
31,3299.0
26,3299.1
28,3299.8
21,3299.9
9,3301.8
1,3301.9
5,3302.8
20,3303.9
4,3303.9
25,3304.0
26,3304.2
23,3304.3
3,3304.8
21,3305.4
17,3305.4
19,3305.6
14,3305.8
27,3306.5
7,3306.8
11,3307.4
31,3308.5
16,3310.2
5,3313.1
28,3313.3
26,3313.7
25,3315.3
21,3316.1
12,3317.0
22,3317.8
1,3320.2
20,3323.0
26,3372.6
21,3372.9
20,3373.4
5,3373.5
3,3373.5
31,3373.9
25,3373.9
28,3374.0
19,3374.0
9,3374.8
4,3374.9
11,3375.5
1,3375.5
7,3375.6
16,3375.6
23,3375.6
17,3375.6
26,3375.6
14,3375.7
12,3375.8
21,3376.2
10,3376.8
27,3376.9
29,3377.1
24,3377.1
20,3377.5
5,3377.5
3,3377.7
22,3377.9
25,3378.3
19,3378.7
31,3379.0
26,3379.1
28,3379.8
21,3379.9
9,3381.8
1,3381.9
5,3382.8
20,3383.9
4,3383.9
25,3384.0
26,3384.2
23,3384.3
3,3384.8
17,3385.4
21,3385.4
19,3385.6
14,3385.9
7,3386.8
27,3386.8
11,3387.4
31,3388.6
16,3390.6
5,3393.2
28,3393.3
26,3393.7
25,3395.4
21,3396.2
22,3398.0
12,3398.5
1,3400.8
20,3403.6
26,3757.9
20,3758.7
3,3758.8
5,3758.9
25,3759.2
21,3759.2
28,3759.3
19,3759.4
24,3759.8
9,3760.1
4,3760.3
11,3760.8
23,3760.9
7,3760.9
31,3760.9
14,3761.0
26,3761.0
17,3761.0
1,3761.0
16,3761.2
12,3761.3
10,3762.1
27,3762.3
29,3762.5
5,3762.9
20,3763.0
3,3763.1
22,3763.5
25,3763.7
21,3764.1
19,3764.2
26,3764.6
28,3765.1
24,3765.5
1,3767.6
9,3767.6
5,3768.7
25,3769.6
20,3769.8
4,3770.0
26,3770.1
23,3770.2
3,3770.6
19,3771.6
17,3771.6
21,3771.8
14,3772.0
7,3772.6
31,3772.8
27,3773.0
11,3774.0
24,3780.0
26,3780.5
5,3780.9
28,3780.9
25,3781.7
16,3786.8
22,3787.3
20,3788.7
26,3837.6
20,3838.4
3,3838.5
5,3838.6
25,3838.9
21,3838.9
19,3839.1
28,3839.1
24,3839.6
9,3839.8
4,3840.0
31,3840.4
11,3840.6
23,3840.6
1,3840.6
17,3840.6
14,3840.7
7,3840.7
26,3840.7
16,3840.8
12,3840.9
10,3841.8
27,3841.9
29,3842.2
20,3842.4
5,3842.6
3,3842.9
22,3843.0
25,3843.3
19,3843.8
21,3843.8
26,3844.2
28,3844.7
24,3845.3
9,3846.8
1,3847.0
5,3848.0
20,3848.5
25,3848.8
23,3849.3
4,3849.4
26,3849.5
3,3849.9
17,3850.5
31,3850.6
19,3850.7
21,3851.2
14,3851.3
27,3851.4
7,3851.8
11,3852.4
16,3856.7
5,3858.7
28,3858.8
26,3858.9
24,3859.5
25,3859.8
22,3861.4
20,3862.4
12,3863.4
1,3867.7
26,3917.6
20,3918.4
3,3918.5
5,3918.5
21,3918.9
25,3918.9
28,3919.0
19,3919.1
24,3919.5
9,3919.8
4,3920.0
31,3920.4
11,3920.5
1,3920.5
7,3920.6
26,3920.6
23,3920.6
17,3920.6
14,3920.7
16,3920.7
12,3920.8
10,3921.7
27,3921.9
29,3922.1
20,3922.5
5,3922.5
3,3922.7
22,3922.9
25,3923.3
19,3923.7
21,3923.7
26,3924.1
28,3924.8
24,3925.1
9,3926.8
1,3927.0
5,3927.8
20,3928.9
25,3929.1
26,3929.2
23,3929.3
4,3929.4
3,3929.8
17,3930.4
19,3930.7
31,3931.0
21,3931.2
14,3931.3
27,3931.4
7,3931.8
11,3932.4
16,3937.1
26,3938.4
24,3938.5
5,3938.6
28,3939.0
25,3940.8
22,3942.7
20,3944.4
12,3947.0
1,3949.3
26,3997.6
20,3998.4
5,3998.5
3,3998.5
25,3998.9
21,3998.9
28,3999.1
19,3999.1
24,3999.5
9,3999.8
4,4000.0
11,4000.5
31,4000.5
1,4000.5
23,4000.6
7,4000.6
26,4000.6
17,4000.6
14,4000.7
16,4000.7
12,4000.8
10,4001.7
27,4001.9
29,4002.1
20,4002.5
5,4002.5
3,4002.7
22,4002.9
25,4003.3
21,4003.7
19,4003.7
26,4004.1
28,4004.8
24,4005.1
9,4006.8
1,4007.0
5,4007.8
20,4008.9
25,4009.1
26,4009.2
23,4009.3
4,4009.4
3,4009.8
17,4010.5
19,4010.7
31,4011.1
21,4011.2
14,4011.3
27,4011.5
7,4011.8
11,4012.4
16,4017.6
24,4018.3
26,4018.4
5,4018.6
28,4019.0
25,4020.8
22,4022.9
20,4024.8
1,4030.9
26,4382.9
14,4383.7
20,4383.7
3,4383.8
25,4384.2
21,4384.2
28,4384.3
19,4384.4
24,4384.8
9,4385.1
4,4385.3
5,4385.4
11,4385.8
31,4385.9
7,4385.9
30,4385.9
23,4385.9
17,4386.0
26,4386.0
1,4386.0
16,4386.2
12,4386.3
6,4386.7
15,4387.0
10,4387.1
27,4387.3
13,4387.5
29,4387.5
14,4387.9
20,4388.0
3,4388.1
22,4388.5
25,4388.7
21,4389.1
19,4389.2
26,4389.6
28,4390.1
24,4390.5
1,4392.6
9,4392.6
5,4393.0
14,4394.6
25,4394.6
20,4394.8
26,4395.1
4,4395.1
23,4395.2
3,4395.6
19,4396.5
17,4396.6
21,4396.8
30,4397.4
7,4397.6
31,4397.7
27,4398.0
11,4398.3
24,4404.8
6,4405.4
26,4405.5
28,4405.9
25,4407.6
20,4413.6
9,4416.1
16,4417.9
26,4462.6
20,4463.4
14,4463.4
3,4463.5
25,4463.9
21,4463.9
28,4464.1
19,4464.1
24,4464.6
9,4464.7
5,4465.0
4,4465.0
31,4465.4
11,4465.5
1,4465.6
23,4465.6
17,4465.6
26,4465.7
7,4465.7
30,4465.7
16,4465.8
12,4465.9
6,4466.3
15,4466.6
10,4466.8
27,4466.9
29,4467.1
13,4467.1
20,4467.4
14,4467.6
3,4467.9
22,4468.1
25,4468.3
21,4468.8
19,4468.8
26,4469.2
28,4469.7
24,4470.3
9,4471.8
1,4472.0
5,4472.0
20,4473.5
25,4473.8
14,4473.8
4,4474.1
23,4474.3
26,4474.5
3,4474.9
17,4475.8
31,4475.9
19,4476.0
30,4476.2
21,4476.3
7,4476.8
27,4476.8
11,4477.1
16,4481.7
6,4481.9
28,4483.7
26,4483.9
24,4484.5
25,4484.8
20,4486.2
12,4487.5
9,4489.1
1,4492.8
14,4495.3
26,4542.6
14,4543.4
20,4543.4
3,4543.5
25,4543.9
21,4543.9
28,4544.0
19,4544.1
24,4544.5
9,4544.7
4,4545.0
5,4545.0
11,4545.4
31,4545.4
1,4545.5
26,4545.6
17,4545.6
30,4545.6
23,4545.6
7,4545.6
16,4545.7
12,4545.8
6,4546.3
10,4546.6
15,4546.6
27,4546.9
13,4547.1
29,4547.1
20,4547.5
14,4547.5
3,4547.9
22,4548.0
25,4548.4
21,4548.7
19,4548.7
26,4549.1
28,4549.8
24,4550.1
9,4551.8
1,4552.0
5,4552.0
14,4553.6
20,4553.9
25,4554.1
26,4554.2
23,4554.3
4,4554.4
3,4555.0
17,4555.5
19,4555.7
31,4556.0
21,4556.2
30,4556.2
27,4556.5
7,4556.8
11,4557.2
6,4561.2
16,4562.4
26,4563.3
24,4563.5
28,4564.0
25,4565.6
20,4567.9
9,4570.7
12,4570.8
14,4573.4
1,4574.3
26,4622.6
20,4623.4
14,4623.4
3,4623.5
21,4623.9
25,4623.9
28,4624.0
19,4624.1
24,4624.5
9,4624.7
4,4625.0
5,4625.0
11,4625.4
1,4625.5
31,4625.5
17,4625.6
30,4625.6
7,4625.6
26,4625.6
23,4625.6
16,4625.7
12,4625.8
6,4626.3
15,4626.6
10,4626.7
27,4626.9
29,4627.1
13,4627.2
20,4627.5
14,4627.5
3,4627.9
22,4628.0
25,4628.4
21,4628.7
19,4628.7
26,4629.1
28,4629.8
24,4630.1
9,4631.8
1,4632.0
5,4632.0
14,4633.6
20,4633.9
25,4634.1
26,4634.2
23,4634.3
4,4634.4
3,4635.0
17,4635.5
19,4635.7
31,4636.1
30,4636.2
21,4636.2
27,4636.5
7,4636.8
11,4637.2
6,4641.2
24,4643.3
26,4643.3
28,4644.0
16,4644.1
25,4645.7
20,4648.2
9,4652.5
14,4653.3
1,4656.0
26,5007.9
20,5008.7
21,5008.7
3,5008.8
4,5008.9
25,5009.2
28,5009.3
24,5009.8
16,5009.9
9,5010.1
14,5010.6
11,5010.8
7,5010.9
31,5010.9
30,5010.9
17,5011.0
1,5011.0
26,5011.0
12,5011.3
6,5011.6
15,5011.9
19,5012.0
10,5012.1
27,5012.3
29,5012.5
13,5012.5
21,5012.9
20,5013.0
3,5013.1
22,5013.5
25,5013.7
4,5013.8
26,5014.6
28,5015.1
24,5015.5
16,5016.9
1,5017.6
9,5017.6
21,5017.7
4,5018.8
25,5019.6
20,5019.8
26,5020.1
3,5020.6
14,5020.9
17,5021.6
30,5022.0
7,5022.6
19,5022.9
31,5022.9
27,5023.0
11,5023.4
21,5024.7
16,5027.1
4,5027.6
24,5029.8
6,5030.3
26,5030.5
28,5030.9
25,5032.5
20,5034.8
26,5087.6
20,5088.4
21,5088.5
3,5088.5
4,5088.6
25,5088.9
28,5089.0
16,5089.5
24,5089.6
9,5089.8
31,5090.3
14,5090.4
11,5090.5
1,5090.6
7,5090.6
17,5090.6
30,5090.7
26,5090.7
12,5091.0
6,5091.3
15,5091.5
19,5091.6
10,5091.7
27,5092.0
29,5092.0
13,5092.1
20,5092.4
21,5092.5
3,5092.7
4,5093.1
22,5093.1
25,5093.3
26,5094.2
28,5094.7
24,5095.3
16,5096.1
9,5096.8
1,5097.0
21,5097.1
4,5098.0
20,5098.5
25,5098.8
26,5099.2
3,5099.5
14,5099.9
17,5100.4
31,5100.4
30,5101.2
7,5101.3
19,5101.7
11,5101.7
27,5101.9
21,5103.9
16,5105.3
6,5105.9
4,5106.0
26,5108.4
28,5108.4
24,5109.5
20,5109.6
25,5109.8
22,5115.3
9,5115.6
1,5117.8
26,5167.6
20,5168.3
21,5168.5
3,5168.5
4,5168.6
25,5168.9
28,5169.0
16,5169.4
24,5169.5
9,5169.8
31,5170.3
14,5170.3
11,5170.4
1,5170.5
7,5170.6
26,5170.6
30,5170.6
17,5170.6
12,5170.9
6,5171.3
15,5171.5
19,5171.6
10,5171.6
27,5171.9
29,5172.0
13,5172.1
21,5172.5
20,5172.5
3,5172.7
22,5172.9
4,5173.2
25,5173.4
26,5174.1
28,5174.8
24,5175.1
16,5176.3
9,5176.8
1,5177.0
21,5177.3
4,5178.2
20,5178.8
25,5179.1
26,5179.2
3,5179.8
14,5179.9
17,5180.4
31,5180.4
30,5181.2
7,5181.3
27,5181.9
19,5182.1
11,5182.2
21,5184.1
16,5185.5
6,5186.0
4,5186.3
26,5188.3
24,5188.5
28,5188.8
25,5190.6
20,5191.3
15,5199.0
1,5199.4
9,5200.4
26,5247.6
20,5248.4
21,5248.5
3,5248.5
4,5248.6
25,5248.9
28,5249.0
24,5249.5
16,5249.5
9,5249.8
14,5250.3
11,5250.4
31,5250.4
1,5250.5
30,5250.6
7,5250.6
17,5250.6
26,5250.6
12,5250.9
6,5251.3
15,5251.5
19,5251.6
10,5251.7
27,5251.9
29,5252.0
13,5252.1
20,5252.5
21,5252.5
3,5252.7
22,5252.9
4,5253.2
25,5253.4
26,5254.1
28,5254.8
24,5255.1
16,5256.3
9,5256.8
1,5257.0
21,5257.3
4,5258.2
20,5258.9
25,5259.1
26,5259.2
3,5259.8
14,5259.9
17,5260.5
31,5260.6
30,5261.2
7,5261.3
27,5261.9
19,5262.1
11,5262.2
21,5264.1
16,5265.5
6,5266.1
4,5266.3
24,5268.3
26,5268.3
28,5268.9
25,5270.7
20,5271.7
1,5281.0
26,5633.6
21,5633.7
20,5633.7
3,5633.8
4,5633.9
25,5634.2
27,5634.2
19,5634.3
28,5634.3
16,5634.8
14,5635.7
11,5635.8
30,5635.9
7,5635.9
31,5635.9
1,5636.0
12,5636.4
6,5636.6
15,5636.9
10,5637.1
13,5637.5
29,5637.5
26,5637.7
20,5637.8
24,5637.8
21,5637.9
3,5638.1
22,5638.5
27,5638.6
4,5638.6
25,5638.7
19,5639.0
28,5640.1
16,5642.0
1,5642.6
21,5642.7
4,5643.7
27,5644.3
26,5644.3
20,5644.6
25,5644.6
3,5645.6
14,5645.9
19,5646.3
30,5647.0
7,5647.6
31,5647.8
11,5648.4
21,5649.7
16,5651.8
4,5652.0
6,5655.2
25,5655.7
28,5655.9
20,5656.7
27,5658.0
1,5659.9
26,5713.3
20,5713.3
21,5713.5
3,5713.5
4,5713.6
27,5713.9
19,5713.9
25,5713.9
28,5714.0
16,5714.5
31,5715.3
11,5715.4
14,5715.4
1,5715.5
7,5715.5
30,5715.6
12,5716.0
6,5716.3
15,5716.6
10,5716.8
29,5717.0
13,5717.2
20,5717.3
26,5717.3
21,5717.5
24,5717.5
3,5717.9
4,5718.1
22,5718.1
25,5718.3
27,5718.3
19,5718.7
28,5719.7
16,5721.2
1,5721.8
21,5722.2
4,5723.1
20,5723.3
26,5723.5
25,5723.8
27,5723.8
3,5724.9
14,5724.9
31,5724.9
19,5725.4
30,5725.7
11,5726.0
7,5726.1
21,5728.8
16,5730.3
6,5730.9
4,5730.9
20,5733.2
28,5733.4
25,5733.5
27,5735.9
1,5738.1
26,5740.0
22,5740.6
21,5748.5
19,5749.7
20,5793.3
26,5793.3
21,5793.4
3,5793.5
4,5793.6
25,5793.9
19,5793.9
27,5793.9
28,5794.0
16,5794.5
11,5795.3
31,5795.3
14,5795.4
1,5795.4
7,5795.5
30,5795.6
12,5795.9
6,5796.3
15,5796.5
10,5796.7
29,5797.0
13,5797.2
20,5797.3
24,5797.4
26,5797.4
21,5797.5
22,5797.9
3,5797.9
4,5798.2
27,5798.3
25,5798.3
19,5798.5
28,5799.8
16,5801.3
1,5801.8
21,5802.2
4,5803.2
20,5803.4
26,5803.8
27,5803.9
25,5804.0
14,5804.9
31,5804.9
3,5805.0
19,5805.2
7,5805.7
30,5805.7
11,5806.0
21,5809.1
16,5810.5
6,5811.0
4,5811.3
28,5813.8
20,5813.9
25,5814.5
27,5816.4
1,5818.4
26,5824.6
21,5832.2
26,5873.3
20,5873.3
21,5873.4
3,5873.5
4,5873.6
25,5873.9
19,5873.9
27,5873.9
28,5874.0
16,5874.5
31,5875.3
11,5875.3
14,5875.4
7,5875.5
1,5875.5
30,5875.6
12,5875.9
6,5876.3
15,5876.5
10,5876.7
29,5877.0
13,5877.2
20,5877.3
26,5877.4
24,5877.5
21,5877.5
3,5877.9
22,5877.9
4,5878.2
27,5878.3
25,5878.3
19,5878.6
28,5879.8
16,5881.3
1,5881.8
21,5882.2
4,5883.2
20,5883.4
26,5883.8
27,5883.9
25,5884.0
14,5884.9
3,5885.0
31,5885.0
19,5885.4
30,5885.7
7,5885.7
11,5886.0
21,5889.1
16,5890.6
6,5891.1
4,5891.3
28,5893.9
20,5894.4
25,5894.6
27,5896.4
1,5898.7
26,5908.9
21,5913.6
21,6258.7
3,6258.8
27,6259.2
19,6259.3
28,6259.3
26,6260.0
20,6260.0
14,6260.7
11,6260.8
7,6260.9
31,6260.9
30,6260.9
1,6261.0
4,6261.3
12,6261.4
6,6261.6
15,6261.9
25,6262.2
13,6262.5
29,6262.5
21,6262.7
24,6262.9
3,6263.1
22,6263.5
27,6263.6
19,6264.0
28,6265.1
16,6265.2
21,6267.5
1,6267.6
26,6268.2
20,6268.3
4,6269.1
27,6269.3
3,6270.6
25,6270.8
14,6270.9
19,6271.3
30,6271.9
7,6272.5
31,6272.8
11,6273.0
21,6274.3
16,6278.3
6,6279.3
28,6280.4
27,6283.0
4,6285.2
22,6288.4
3,6290.4
21,6296.4
21,6338.5
3,6338.5
27,6338.9
19,6338.9
28,6339.0
20,6339.5
26,6339.6
14,6340.4
11,6340.4
31,6340.4
30,6340.5
7,6340.5
1,6340.6
12,6340.9
4,6340.9
6,6341.3
15,6341.5
25,6341.7
29,6342.0
13,6342.2
24,6342.4
21,6342.5
3,6342.7
22,6343.0
27,6343.3
19,6343.7
16,6344.2
28,6344.7
1,6347.0
21,6347.1
20,6347.1
26,6347.4
4,6348.6
27,6348.8
3,6349.4
25,6349.7
14,6349.9
30,6350.1
19,6350.4
7,6350.6
31,6350.6
11,6351.5
21,6353.8
6,6355.8
16,6356.1
28,6358.2
22,6359.8
27,6360.9
12,6361.8
4,6363.3
3,6364.3
20,6365.5
1,6366.6
19,6367.9
21,6418.4
3,6418.5
27,6418.9
19,6418.9
28,6419.0
20,6419.5
26,6419.6
11,6420.3
31,6420.4
14,6420.4
1,6420.5
30,6420.5
7,6420.5
12,6420.8
4,6420.9
6,6421.3
15,6421.5
25,6421.6
29,6422.1
13,6422.2
24,6422.3
21,6422.5
3,6422.7
22,6422.9
27,6423.3
19,6423.5
16,6424.3
28,6424.6
20,6427.0
1,6427.0
21,6427.2
26,6427.4
4,6428.7
27,6428.9
3,6429.7
25,6429.7
14,6429.9
30,6430.1
19,6430.2
7,6430.6
31,6430.6
11,6431.5
21,6434.1
6,6435.9
16,6436.3
28,6437.7
27,6441.4
22,6442.0
4,6443.7
3,6446.7
1,6447.2
19,6450.1
20,6451.4
12,6455.6
21,6498.5
3,6498.5
27,6498.9
19,6498.9
28,6499.0
20,6499.5
26,6499.6
14,6500.3
11,6500.4
31,6500.4
7,6500.5
1,6500.5
30,6500.5
12,6500.9
4,6500.9
6,6501.3
15,6501.6
25,6501.7
29,6502.1
13,6502.2
24,6502.4
21,6502.5
3,6502.7
22,6502.9
27,6503.3
19,6503.5
16,6504.3
28,6504.6
1,6507.0
20,6507.1
21,6507.2
26,6507.4
4,6508.7
27,6508.9
25,6509.7
3,6509.7
14,6509.9
30,6510.2
19,6510.2
7,6510.7
31,6511.0
11,6511.5
21,6514.1
6,6516.0
16,6516.7
28,6517.8
27,6521.4
22,6522.3
4,6523.8
1,6527.8
3,6528.8
19,6531.1
21,6883.7
3,6883.8
27,6884.2
28,6884.3
19,6884.3
20,6885.0
26,6885.0
14,6885.7
11,6885.8
30,6885.9
31,6885.9
1,6886.0
4,6886.4
12,6886.4
23,6886.4
6,6886.6
15,6886.9
25,6887.2
13,6887.5
21,6887.9
24,6887.9
3,6888.1
22,6888.5
27,6888.6
19,6889.0
5,6889.9
28,6890.1
16,6890.3
1,6892.6
21,6892.7
20,6893.3
26,6893.3
23,6893.4
4,6894.1
27,6894.3
3,6895.6
25,6895.9
14,6895.9
19,6896.3
30,6896.9
31,6897.9
11,6898.0
21,6899.7
28,6905.4
16,6905.4
6,6907.6
27,6908.0
4,6909.6
22,6915.6
21,6917.1
21,6963.4
3,6963.5
27,6963.9
28,6964.0
19,6964.0
20,6964.5
26,6964.6
14,6965.4
11,6965.4
30,6965.5
1,6965.5
31,6965.5
4,6965.9
12,6965.9
23,6966.0
6,6966.3
15,6966.5
25,6966.6
13,6967.2
21,6967.4
24,6967.4
3,6967.7
22,6968.0
27,6968.3
19,6968.7
5,6969.0
16,6969.1
28,6969.7
1,6971.9
21,6972.0
20,6972.1
26,6972.1
23,6973.1
4,6973.5
27,6973.8
3,6974.4
25,6974.7
14,6975.0
30,6975.2
19,6975.7
11,6976.0
31,6976.1
21,6978.6
16,6981.0
6,6981.2
28,6983.2
22,6984.9
27,6985.9
12,6986.2
4,6987.2
1,6988.8
3,6994.1
21,6995.9
21,7043.4
3,7043.5
19,7043.9
27,7043.9
28,7044.0
20,7044.5
26,7044.6
11,7045.3
14,7045.4
31,7045.5
30,7045.5
1,7045.5
12,7045.8
23,7045.9
4,7045.9
6,7046.3
15,7046.5
25,7046.6
13,7047.2
24,7047.3
21,7047.3
3,7047.7
22,7047.9
27,7048.3
19,7048.6
5,7048.9
16,7049.2
28,7049.6
1,7051.9
21,7052.0
20,7052.0
26,7052.3
23,7052.8
4,7053.6
27,7053.9
25,7054.7
3,7054.8
14,7055.0
30,7055.2
19,7055.5
11,7056.0
31,7056.1
21,7058.4
16,7061.3
6,7061.3
28,7062.7
27,7066.4
22,7067.2
4,7067.5
12,7068.7
1,7069.4
21,7077.9
21,7123.4
3,7123.5
27,7123.9
19,7123.9
28,7124.0
20,7124.5
26,7124.6
11,7125.3
14,7125.4
30,7125.5
31,7125.5
1,7125.5
12,7125.8
23,7125.9
4,7125.9
6,7126.3
15,7126.5
25,7126.6
13,7127.2
21,7127.3
24,7127.4
3,7127.7
22,7127.9
27,7128.3
19,7128.6
5,7129.0
16,7129.3
28,7129.6
1,7131.9
21,7132.0
20,7132.3
26,7132.4
23,7132.7
4,7133.6
27,7133.9
25,7134.7
3,7134.8
14,7135.0
30,7135.2
19,7135.5
31,7136.1
11,7136.5
21,7138.5
6,7141.4
16,7141.7
28,7142.8
27,7146.4
22,7147.4
4,7147.7
1,7150.0
21,7160.6
27,7509.2
19,7509.3
4,7509.4
20,7510.0
26,7510.0
3,7510.2
10,7510.3
21,7510.6
14,7510.7
11,7510.8
30,7510.9
1,7511.0
12,7511.3
23,7511.3
6,7511.6
2,7511.6
15,7511.9
25,7512.2
28,7512.3
13,7512.5
24,7512.9
22,7513.5
27,7513.6
19,7514.0
5,7515.0
4,7515.0
16,7515.3
21,7517.3
1,7517.6
20,7518.3
26,7518.3
23,7518.4
10,7518.6
27,7519.3
3,7519.3
4,7520.7
25,7520.9
14,7521.0
19,7521.3
30,7521.9
11,7523.4
21,7526.9
16,7528.9
6,7532.5
2,7532.7
27,7533.0
4,7533.8
27,7588.9
4,7589.0
19,7589.0
26,7589.6
20,7589.6
3,7589.9
10,7590.0
21,7590.2
14,7590.4
11,7590.4
30,7590.5
1,7590.5
12,7590.9
23,7591.0
2,7591.0
6,7591.3
15,7591.4
25,7591.6
28,7591.9
13,7592.2
24,7592.4
22,7593.0
27,7593.3
19,7593.7
5,7594.1
16,7594.2
4,7594.4
21,7596.8
1,7597.0
20,7597.1
26,7597.4
10,7597.7
3,7598.1
23,7598.1
27,7598.8
25,7599.4
4,7599.8
14,7600.0
30,7600.1
19,7600.6
11,7601.0
21,7605.9
16,7606.2
6,7606.3
2,7607.3
4,7610.7
27,7610.9
22,7611.1
15,7614.1
12,7620.3
27,7668.9
19,7668.9
4,7669.0
20,7669.5
26,7669.6
3,7669.8
10,7669.9
21,7670.2
11,7670.3
14,7670.4
30,7670.5
1,7670.5
12,7670.9
23,7670.9
2,7671.0
6,7671.3
15,7671.4
25,7671.6
28,7671.8
13,7672.2
24,7672.3
22,7672.9
27,7673.3
19,7673.6
5,7674.2
16,7674.2
4,7674.4
21,7676.8
1,7677.0
26,7677.3
20,7677.3
10,7677.7
23,7677.9
3,7678.0
27,7678.9
25,7679.4
4,7679.7
14,7680.0
30,7680.2
19,7680.4
11,7681.0
21,7685.9
6,7686.3
16,7686.4
2,7687.8
4,7690.7
27,7691.4
15,7695.3
22,7696.2
19,7748.9
27,7748.9
4,7749.0
20,7749.6
26,7749.6
3,7749.8
10,7749.9
21,7750.2
11,7750.3
14,7750.4
30,7750.5
1,7750.5
12,7750.9
23,7750.9
2,7751.0
6,7751.3
15,7751.5
25,7751.6
28,7751.9
13,7752.2
24,7752.3
22,7752.9
27,7753.3
19,7753.6
16,7754.3
5,7754.3
4,7754.4
21,7756.8
1,7757.0
20,7757.4
26,7757.4
10,7757.7
23,7757.7
3,7758.0
27,7758.9
25,7759.4
4,7759.7
14,7760.0
30,7760.2
19,7760.4
11,7761.1
21,7766.2
6,7766.4
16,7766.5
2,7769.0
4,7770.7
27,7771.4
15,7777.5
22,7777.9
1,8133.7
27,8134.2
19,8134.3
4,8134.4
10,8135.3
21,8135.6
14,8135.7
30,8135.9
9,8136.1
23,8136.3
6,8136.6
2,8136.6
3,8136.8
15,8136.9
18,8137.1
25,8137.2
17,8137.3
13,8137.5
1,8137.8
24,8137.9
22,8138.5
27,8138.6
19,8139.0
5,8140.0
4,8140.1
16,8140.3
21,8142.3
1,8142.6
23,8143.4
10,8143.4
27,8144.3
4,8145.7
25,8145.9
14,8146.0
19,8146.3
30,8146.7
9,8148.6
1,8151.4
21,8151.4
3,8151.4
16,8153.6
6,8156.3
27,8158.0
4,8158.8
2,8159.2
23,8170.2
15,8170.3
1,8213.4
27,8213.9
19,8213.9
4,8214.0
10,8214.9
21,8215.2
14,8215.4
9,8215.4
30,8215.5
23,8216.0
2,8216.0
6,8216.2
3,8216.3
15,8216.4
25,8216.5
18,8216.7
17,8216.7
13,8217.2
24,8217.4
1,8217.5
22,8217.9
27,8218.3
19,8218.7
16,8219.2
5,8219.3
4,8219.4
21,8221.8
1,8222.2
10,8222.4
23,8222.9
27,8223.8
25,8224.4
4,8224.8
14,8225.0
30,8225.1
19,8225.4
9,8225.8
3,8229.5
6,8229.9
21,8230.4
1,8230.4
16,8230.7
2,8232.0
15,8234.1
22,8234.2
4,8235.7
27,8235.9
17,8237.3
19,8243.1
1,8293.3
27,8293.9
19,8293.9
4,8294.0
10,8294.9
21,8295.2
9,8295.4
14,8295.4
30,8295.5
23,8295.8
2,8296.0
6,8296.2
3,8296.3
15,8296.4
25,8296.5
17,8296.7
18,8296.7
13,8297.1
24,8297.3
1,8297.5
22,8297.8
27,8298.3
19,8298.5
16,8299.2
5,8299.3
4,8299.4
21,8301.8
1,8302.2
10,8302.4
23,8302.7
27,8303.9
25,8304.4
4,8304.7
14,8305.0
30,8305.1
19,8305.2
9,8305.9
3,8309.7
6,8310.0
1,8310.4
21,8310.5
16,8310.8
2,8312.4
15,8314.8
4,8315.7
27,8316.4
17,8316.5
22,8319.8
19,8325.7
1,8373.3
27,8373.9
19,8373.9
4,8374.0
10,8374.9
21,8375.2
9,8375.4
14,8375.4
30,8375.5
23,8375.8
2,8376.0
6,8376.2
3,8376.3
15,8376.4
25,8376.6
17,8376.7
18,8376.7
13,8377.1
24,8377.4
1,8377.5
22,8377.9
27,8378.3
19,8378.5
16,8379.2
4,8379.4
5,8379.4
21,8381.8
1,8382.2
10,8382.4
23,8382.7
27,8383.9
25,8384.4
4,8384.7
14,8385.0
30,8385.2
19,8385.2
9,8386.4
3,8389.8
6,8390.2
1,8390.4
21,8390.9
16,8391.1
2,8393.9
4,8395.7
27,8396.4
15,8396.7
17,8397.1
22,8401.7
19,8407.1
9,8758.5
19,8759.3
4,8759.4
1,8760.1
10,8760.3
0,8760.6
21,8760.6
14,8760.7
27,8760.8
30,8760.9
23,8761.3
6,8761.6
2,8761.6
3,8761.7
15,8761.9
18,8762.0
17,8762.2
13,8762.5
9,8762.6
24,8762.9
22,8763.5
19,8764.0
5,8765.0
4,8765.1
16,8765.3
21,8767.3
1,8768.0
27,8768.4
10,8768.4
23,8768.4
9,8769.0
4,8770.7
14,8771.0
19,8771.3
30,8771.7
0,8771.7
21,8776.5
3,8776.9
16,8779.5
6,8781.4
4,8783.8
9,8784.2
22,8789.6
19,8794.4
9,8838.2
19,8838.9
4,8839.0
1,8839.8
10,8839.9
21,8840.2
0,8840.2
14,8840.4
30,8840.5
27,8840.5
2,8841.0
23,8841.0
6,8841.2
3,8841.3
15,8841.5
18,8841.7
17,8841.8
13,8842.1
9,8842.2
24,8842.4
22,8842.7
19,8843.7
5,8844.3
4,8844.4
16,8844.5
21,8846.8
1,8847.2
10,8847.4
23,8847.9
27,8847.9
9,8848.2
4,8849.8
14,8849.9
30,8850.1
0,8850.2
19,8850.4
3,8854.7
21,8855.4
6,8855.9
16,8857.1
22,8857.5
2,8860.2
4,8860.7
9,8861.6
15,8862.4
19,8867.9
17,8873.4
9,8918.2
19,8918.9
4,8919.0
1,8919.8
10,8919.9
0,8920.1
21,8920.2
14,8920.4
27,8920.4
30,8920.5
23,8920.9
2,8921.1
6,8921.2
3,8921.3
15,8921.5
18,8921.7
17,8921.7
13,8922.1
9,8922.2
24,8922.3
22,8922.7
19,8923.5
5,8924.2
4,8924.4
16,8924.6
21,8926.8
1,8927.2
10,8927.4
23,8927.7
27,8927.8
9,8928.3
4,8929.7
14,8929.9
30,8930.2
19,8930.2
0,8930.3
3,8934.8
21,8935.5
6,8936.1
16,8937.5
22,8939.3
4,8940.7
2,8941.8
9,8942.1
15,8944.0
19,8950.4
9,8998.2
19,8998.9
4,8999.0
1,8999.8
10,8999.9
0,9000.1
21,9000.2
27,9000.4
14,9000.4
30,9000.5
23,9000.9
2,9001.1
3,9001.3
6,9001.3
15,9001.5
18,9001.7
17,9001.7
13,9002.1
9,9002.2
24,9002.4
22,9002.8
19,9003.5
5,9004.3
4,9004.4
16,9004.6
21,9006.8
1,9007.2
10,9007.4
23,9007.7
27,9007.8
9,9008.3
4,9009.7
14,9010.0
30,9010.2
19,9010.2
0,9010.3
3,9014.9
21,9015.6
6,9016.3
16,9018.1
4,9020.7
22,9021.6
9,9022.4
15,9029.0
19,9032.0
9,9383.1
4,9384.4
17,9384.7
2,9384.7
1,9385.2
10,9385.3
0,9385.5
14,9385.7
27,9385.8
30,9385.9
23,9386.3
9,9386.4
6,9386.6
19,9386.6
3,9386.7
15,9386.9
18,9387.0
29,9387.2
13,9387.5
24,9387.9
26,9388.2
12,9388.6
8,9389.5
21,9389.6
17,9389.8
5,9390.0
9,9390.0
4,9390.1
16,9390.3
2,9390.4
1,9393.0
27,9393.4
23,9393.4
10,9393.4
9,9395.2
4,9395.7
14,9396.0
0,9396.7
30,9396.7
29,9397.1
17,9398.1
19,9400.3
21,9400.7
2,9401.1
3,9401.7
26,9403.8
6,9404.8
9,9405.1
16,9405.2
12,9406.8
4,9408.7
9,9462.8
4,9464.0
17,9464.3
2,9464.3
1,9464.8
10,9464.9
0,9465.2
14,9465.4
27,9465.5
30,9465.5
23,9466.0
9,9466.0
19,9466.2
6,9466.2
3,9466.3
15,9466.4
18,9466.7
29,9466.7
13,9467.1
26,9467.3
24,9467.5
12,9467.8
21,9468.7
8,9468.8
5,9469.2
17,9469.3
4,9469.4
9,9469.5
16,9469.7
2,9469.8
1,9472.2
10,9472.4
27,9472.9
23,9472.9
9,9474.4
4,9474.8
14,9474.9
0,9475.1
29,9475.4
30,9475.6
17,9477.0
19,9477.6
2,9479.1
21,9479.3
26,9479.5
3,9479.7
6,9480.0
12,9480.8
9,9483.0
16,9483.2
15,9485.2
4,9485.7
9,9542.8
4,9544.0
17,9544.3
2,9544.3
1,9544.8
10,9544.9
0,9545.1
27,9545.4
14,9545.4
30,9545.5
23,9545.9
9,9546.0
19,9546.1
6,9546.2
3,9546.3
15,9546.4
29,9546.6
18,9546.7
13,9547.1
26,9547.3
24,9547.4
12,9547.7
21,9548.7
8,9548.7
5,9549.1
17,9549.2
4,9549.4
9,9549.5
2,9549.7
16,9549.7
1,9552.2
10,9552.4
23,9552.7
27,9553.1
9,9554.5
4,9554.7
0,9554.9
14,9554.9
30,9555.6
29,9555.9
17,9557.0
19,9558.1
2,9559.2
21,9559.4
3,9559.8
26,9560.1
6,9560.1
12,9562.2
16,9563.1
9,9563.5
4,9565.7
15,9566.1
9,9622.8
4,9624.0
17,9624.3
2,9624.3
1,9624.8
10,9624.9
0,9625.1
14,9625.4
27,9625.4
30,9625.6
23,9625.9
9,9626.0
19,9626.1
6,9626.2
3,9626.3
15,9626.5
18,9626.7
29,9626.7
13,9627.1
24,9627.4
26,9627.4
12,9627.8
8,9628.8
21,9628.8
17,9629.2
5,9629.3
4,9629.4
9,9629.6
2,9629.7
16,9629.7
1,9632.2
10,9632.4
23,9632.7
27,9633.1
4,9634.7
9,9634.8
0,9634.9
14,9635.0
30,9635.7
29,9635.9
17,9637.0
19,9638.2
21,9639.5
2,9639.7
3,9639.9
6,9640.2
26,9640.8
16,9643.2
12,9643.2
9,9644.5
4,9645.7
15,9647.7
