0,26.0
24,26.0
42,26.0
41,26.0
40,26.0
12,26.0
13,26.0
39,26.0
38,26.0
14,26.0
15,26.0
37,26.0
16,26.0
17,26.0
36,26.0
43,26.0
35,26.0
33,26.0
32,26.0
31,26.0
30,26.0
18,26.0
19,26.0
29,26.0
28,26.0
27,26.0
26,26.0
20,26.0
21,26.0
22,26.0
23,26.0
34,26.0
11,26.0
25,26.0
9,26.0
62,26.0
1,26.0
2,26.0
3,26.0
61,26.0
4,26.0
60,26.0
59,26.0
58,26.0
5,26.0
57,26.0
56,26.0
10,26.0
54,26.0
6,26.0
55,26.0
49,26.0
46,26.0
47,26.0
53,26.0
48,26.0
44,26.0
45,26.0
7,26.0
50,26.0
51,26.0
52,26.0
8,26.0
0,69.5
2,84.1
60,112.8
11,114.1
36,115.8
40,115.9
20,116.9
23,117.3
57,117.4
42,119.5
17,121.5
39,125.2
51,130.2
29,130.7
5,130.9
41,131.3
46,131.3
8,133.1
52,133.4
45,135.4
15,137.7
11,139.8
38,140.7
6,143.3
48,143.5
58,144.2
17,144.8
19,145.1
4,145.3
60,146.3
50,147.3
3,149.7
49,150.3
41,152.9
26,153.6
8,155.1
39,156.5
45,156.7
61,156.8
25,158.0
34,158.0
35,160.7
38,163.3
16,164.6
5,165.2
27,165.8
31,173.6
41,173.6
36,173.9
48,175.4
17,177.1
29,178.3
51,179.9
11,182.0
6,182.1
4,185.2
0,186.7
19,189.8
34,190.8
13,192.0
60,192.8
52,197.0
51,197.1
8,197.5
30,199.4
55,200.2
40,200.2
17,201.8
5,201.9
11,201.9
58,204.8
57,206.2
46,210.9
60,211.4
42,212.2
51,214.1
13,216.5
34,216.9
36,218.6
37,221.8
17,222.2
41,224.6
52,225.2
11,232.4
60,255.6
11,269.1
51,273.2
17,280.6
60,283.1
45,285.6
58,286.0
8,286.8
11,287.0
29,288.0
52,289.5
50,289.8
51,289.9
42,289.9
5,290.9
17,296.5
48,296.7
19,297.6
4,298.2
3,299.4
45,299.5
8,299.6
6,300.0
58,306.4
60,307.5
11,308.0
26,308.9
52,311.3
34,312.0
25,313.6
6,318.2
19,318.9
17,319.3
8,320.1
48,320.4
45,321.1
4,323.8
51,324.2
36,517.7
3,540.0
58,631.8
38,645.8
16,647.0
36,651.1
11,652.2
51,654.3
60,654.4
52,655.7
50,658.6
5,658.7
29,659.2
8,659.2
17,660.3
48,662.5
34,665.4
46,665.9
41,667.7
45,668.0
6,668.6
11,670.5
51,672.3
58,672.7
25,673.6
8,674.3
3,674.4
4,675.0
57,675.6
42,676.2
26,676.9
19,676.9
52,677.0
60,677.1
17,677.4
38,678.0
40,678.6
50,680.4
45,681.0
48,683.9
6,684.3
49,685.3
11,685.4
39,685.8
41,686.5
51,689.7
34,690.0
8,690.3
58,693.1
5,693.2
35,693.8
17,694.2
16,694.8
36,696.2
19,696.7
25,697.1
38,697.4
60,697.9
31,698.1
4,699.3
61,700.1
15,700.6
37,706.5
41,707.8
39,709.5
23,710.8
11,719.6
52,727.9
51,733.6
29,734.0
23,736.3
4,738.1
60,739.8
11,742.7
5,745.3
17,747.0
42,749.6
51,749.9
23,753.9
36,756.2
4,758.9
60,759.7
41,762.6
17,767.9
51,768.1
11,769.4
60,795.7
23,796.6
51,813.2
11,814.4
45,824.0
8,825.0
52,825.4
17,828.1
29,828.6
60,828.9
51,828.9
58,829.4
42,830.2
11,831.6
3,831.9
6,834.4
8,837.5
50,838.3
45,838.9
19,841.2
5,841.6
26,843.4
17,844.7
52,844.9
34,847.6
58,851.8
11,851.9
3,852.1
6,852.9
51,853.6
60,853.8
8,854.7
19,863.2
17,869.7
6,871.1
11,879.4
26,881.4
36,882.7
51,897.0
23,899.4
60,900.3
42,901.1
11,904.3
17,905.3
52,910.4
51,913.0
60,923.2
48,927.5
11,929.8
4,937.1
51,1081.2
17,1131.3
48,1144.9
6,1210.5
29,1267.7
38,1271.4
59,1271.6
36,1277.6
11,1277.9
55,1278.6
24,1278.9
60,1280.1
5,1280.7
52,1281.4
51,1281.5
48,1284.8
8,1285.1
10,1285.9
50,1286.9
17,1287.5
45,1288.9
26,1289.8
6,1290.1
34,1291.4
42,1292.0
41,1292.1
23,1293.3
16,1295.1
62,1296.5
46,1296.6
11,1296.9
25,1299.3
51,1299.6
4,1299.7
29,1300.8
58,1301.3
8,1302.4
60,1303.0
3,1303.2
38,1303.5
19,1304.2
17,1305.0
45,1305.5
48,1307.1
52,1307.2
6,1310.1
39,1310.2
50,1311.7
57,1311.8
41,1312.9
40,1314.3
27,1316.9
49,1317.4
5,1317.9
11,1318.0
26,1320.6
4,1322.3
31,1323.0
38,1323.3
15,1323.4
58,1323.6
36,1324.7
35,1325.9
61,1327.9
17,1335.5
23,1335.7
19,1335.7
41,1344.7
60,1344.8
59,1345.9
62,1346.8
51,1347.1
48,1347.4
55,1349.8
16,1354.9
36,1356.7
11,1358.6
6,1359.8
4,1364.5
29,1365.1
23,1365.7
51,1365.8
42,1367.3
17,1369.2
60,1372.7
5,1375.3
11,1379.1
51,1384.1
52,1384.8
17,1391.8
60,1396.9
51,1427.5
11,1427.8
40,1435.7
60,1439.5
57,1440.1
36,1444.2
17,1445.8
51,1446.0
42,1448.5
11,1448.9
23,1449.9
45,1450.6
29,1450.7
8,1452.0
52,1458.2
60,1459.1
17,1461.2
58,1462.9
51,1464.0
19,1465.8
45,1465.9
50,1466.4
8,1466.5
11,1468.2
3,1468.3
5,1471.7
41,1472.8
52,1480.5
17,1481.8
6,1485.6
60,1488.7
11,1505.7
51,1520.0
60,1524.3
42,1525.0
23,1526.9
11,1527.2
29,1531.5
17,1531.7
52,1532.6
45,1533.7
8,1534.1
51,1536.0
58,1536.3
48,1544.4
6,1545.1
60,1545.7
38,1547.6
4,1550.0
11,1550.0
41,1550.7
26,1551.5
52,1551.9
45,1552.4
17,1554.1
8,1556.5
25,1559.1
58,1559.9
10,1562.4
19,1566.1
51,1568.1
39,1570.1
41,1584.7
48,1760.7
4,1775.5
6,1820.7
36,1840.4
5,1845.8
38,1896.3
34,1897.5
36,1902.4
11,1902.8
52,1904.9
29,1905.0
24,1905.2
60,1905.2
5,1905.2
51,1906.1
48,1909.1
8,1909.9
3,1910.7
57,1912.3
17,1912.4
26,1913.2
25,1914.7
41,1914.8
40,1915.0
42,1915.3
6,1915.7
23,1917.8
16,1918.1
45,1920.0
11,1921.8
51,1924.2
38,1924.2
58,1924.5
59,1924.6
50,1925.1
4,1925.3
19,1926.3
39,1926.4
8,1926.5
60,1927.5
52,1927.5
46,1928.4
17,1930.0
10,1931.8
48,1932.0
41,1932.7
55,1933.7
6,1934.7
45,1935.9
34,1939.1
3,1939.1
38,1940.4
25,1940.9
26,1941.4
49,1941.8
37,1943.3
11,1943.6
5,1944.4
58,1945.6
19,1946.4
31,1947.8
36,1947.8
15,1948.8
4,1949.4
39,1949.7
8,1950.2
61,1951.3
41,1951.3
35,1953.1
29,1955.1
17,1961.2
23,1969.1
51,1972.7
60,1974.1
52,1978.2
11,1983.9
23,1988.3
48,1988.7
4,1989.0
29,1989.8
51,1990.3
42,1991.9
5,1994.2
17,1996.2
60,1998.0
11,2003.3
41,2005.9
51,2007.7
23,2008.3
40,2012.0
4,2012.4
17,2017.2
36,2017.9
60,2020.8
51,2053.1
11,2054.7
23,2068.2
51,2070.9
60,2071.8
42,2072.7
11,2074.9
29,2075.4
45,2077.9
17,2078.1
58,2081.9
52,2083.1
50,2084.4
8,2084.6
51,2088.8
19,2093.0
45,2093.3
60,2093.4
17,2095.0
5,2096.6
11,2099.4
3,2100.3
8,2101.2
58,2102.7
52,2103.2
17,2130.6
3,2132.4
36,2134.7
60,2143.2
11,2146.6
51,2149.0
42,2150.3
23,2150.9
40,2154.8
17,2155.2
29,2157.0
41,2158.7
45,2159.2
8,2160.1
6,2162.9
60,2163.1
11,2165.4
51,2166.7
19,2167.6
38,2167.8
50,2168.1
25,2169.2
57,2170.2
39,2172.1
48,2172.9
45,2173.2
17,2175.6
26,2176.3
4,2177.3
41,2177.8
8,2178.2
10,2181.2
6,2181.3
45,2188.1
50,2188.4
60,2191.3
19,2196.6
39,2416.6
52,2432.9
41,2436.6
11,2451.3
48,2493.8
4,2518.2
5,2518.2
26,2521.3
38,2521.5
16,2522.8
6,2523.0
25,2525.7
36,2528.2
11,2528.3
60,2529.6
29,2529.6
52,2530.4
24,2530.9
51,2531.4
48,2533.6
8,2534.2
57,2535.7
17,2536.0
41,2538.1
40,2538.1
23,2540.3
42,2541.8
34,2543.4
45,2543.6
50,2547.0
11,2547.0
6,2547.7
39,2547.9
59,2548.2
62,2549.2
38,2549.4
51,2549.8
4,2550.9
8,2550.9
19,2551.0
58,2551.3
46,2551.7
60,2552.4
5,2553.4
3,2553.8
10,2554.0
55,2554.1
17,2554.1
25,2554.3
26,2554.8
48,2556.7
41,2556.8
52,2557.3
45,2558.1
49,2561.2
6,2564.2
38,2566.4
11,2568.1
39,2568.3
19,2570.4
15,2571.2
31,2571.5
37,2572.9
50,2574.0
8,2574.2
36,2575.8
61,2576.0
35,2576.7
58,2576.8
41,2576.9
16,2579.9
17,2583.7
51,2596.5
26,2598.9
48,2599.5
60,2600.1
29,2600.4
11,2608.1
23,2615.6
51,2616.2
5,2616.5
42,2616.8
52,2617.7
17,2621.7
60,2624.2
11,2627.4
13,2630.8
34,2630.9
51,2633.2
40,2633.3
41,2640.3
17,2642.6
36,2647.1
60,2647.3
11,2677.3
51,2692.0
29,2695.9
60,2696.8
42,2697.4
11,2699.1
23,2699.7
45,2701.5
5,2702.2
17,2703.6
52,2707.9
51,2708.4
8,2708.6
50,2715.2
58,2715.3
45,2716.4
60,2718.6
11,2720.5
17,2720.8
19,2721.6
3,2723.5
8,2725.6
52,2728.2
51,2737.7
3,2746.6
17,2755.4
36,2757.4
60,2767.2
11,2770.3
51,2772.1
42,2774.7
40,2777.8
23,2777.8
29,2777.9
17,2780.1
45,2783.0
8,2783.3
41,2784.9
19,2785.4
60,2787.3
57,2787.7
6,2788.7
51,2789.1
38,2789.8
11,2790.2
4,2791.2
48,2796.0
39,2799.3
52,2799.9
45,2800.0
26,2800.2
17,2800.5
8,2800.9
10,2803.1
41,2803.7
6,2806.8
25,2807.4
19,2808.4
36,2809.1
38,2810.4
4,2813.4
5,2813.7
60,2814.4
48,2821.2
11,2982.4
8,3012.1
51,3013.6
39,3027.9
41,3048.0
45,3072.5
34,3143.6
36,3145.9
24,3146.6
11,3146.9
29,3147.2
60,3147.8
5,3148.1
52,3148.4
51,3150.7
48,3150.7
57,3152.1
40,3152.5
8,3152.7
62,3153.1
26,3153.1
17,3153.2
42,3153.3
25,3153.9
23,3154.1
41,3154.2
16,3154.3
38,3155.2
6,3155.6
59,3156.4
58,3157.7
46,3158.8
10,3159.4
55,3159.7
4,3160.5
50,3160.8
27,3162.0
49,3162.9
30,3163.0
39,3163.4
3,3163.7
11,3164.5
15,3164.9
34,3166.5
36,3167.3
12,3167.7
29,3167.9
60,3168.1
24,3168.3
51,3169.5
48,3169.6
52,3169.8
45,3170.1
5,3170.3
20,3170.4
7,3171.0
47,3171.4
61,3171.5
0,3171.8
9,3172.3
35,3173.3
13,3173.9
31,3174.0
2,3174.2
14,3174.4
53,3174.6
40,3174.9
54,3175.1
37,3175.4
1,3175.7
28,3175.8
23,3176.3
17,3176.3
57,3176.6
21,3176.8
19,3177.0
6,3177.3
25,3177.6
8,3177.7
41,3179.5
43,3179.5
62,3179.7
33,3179.7
26,3179.8
42,3180.3
18,3180.7
22,3181.1
38,3181.2
11,3182.2
58,3182.2
16,3183.1
59,3183.5
10,3184.5
56,3184.7
4,3184.8
44,3185.5
27,3185.5
55,3186.4
39,3186.8
32,3187.2
30,3188.4
36,3188.7
50,3189.8
34,3191.0
49,3191.0
51,3191.3
3,3191.8
46,3192.1
60,3192.9
48,3193.0
0,3193.5
29,3193.6
15,3194.2
20,3194.4
45,3194.5
52,3195.8
5,3198.1
2,3198.6
23,3199.8
40,3202.2
47,3202.6
11,3214.1
41,3220.0
42,3222.1
57,3222.1
36,3226.6
6,3227.2
26,3227.4
17,3229.8
60,3229.9
52,3230.3
29,3230.8
51,3231.5
48,3232.2
11,3234.0
25,3234.7
5,3235.6
40,3236.3
23,3236.7
1,3245.4
4,3245.7
42,3254.6
44,3257.1
20,3278.2
11,3298.9
36,3299.6
57,3303.9
41,3304.3
8,3305.3
38,3306.1
34,3306.6
52,3308.9
16,3309.0
60,3309.1
29,3309.4
51,3310.7
42,3310.9
5,3311.5
23,3312.1
40,3313.7
24,3315.3
48,3316.2
39,3316.7
17,3317.0
50,3318.5
11,3318.6
55,3320.3
26,3320.3
25,3321.2
6,3321.7
36,3322.0
3,3322.5
59,3325.1
46,3326.6
4,3329.5
0,3332.7
27,3333.0
15,3333.5
57,3334.4
62,3335.0
51,3336.2
2,3336.4
52,3336.8
60,3337.2
30,3337.6
8,3337.6
29,3338.8
20,3338.8
14,3339.3
41,3339.7
43,3340.5
49,3341.1
34,3341.4
11,3342.5
47,3344.0
23,3344.4
40,3345.0
42,3345.0
5,3345.4
1,3346.0
16,3346.3
45,3347.4
48,3348.5
58,3349.3
17,3350.2
24,3350.6
35,3352.3
28,3352.5
39,3353.4
6,3354.2
19,3354.2
10,3356.8
36,3356.9
3,3357.3
21,3357.4
26,3359.9
38,3360.5
4,3361.6
37,3362.2
31,3362.8
0,3363.1
61,3363.5
44,3363.8
25,3364.0
50,3364.4
9,3367.1
12,3367.5
52,3367.5
55,3367.6
11,3368.8
27,3369.1
2,3370.1
51,3370.2
53,3370.2
46,3370.3
30,3370.8
57,3371.0
59,3372.9
60,3374.0
20,3374.4
14,3374.5
29,3375.1
34,3375.2
23,3375.8
15,3375.8
62,3376.1
18,3377.9
42,3378.5
40,3378.6
49,3379.6
48,3379.7
8,3379.7
41,3379.8
36,3380.1
17,3381.4
5,3381.5
39,3382.1
47,3382.4
11,3385.4
24,3386.4
54,3387.2
52,3387.3
16,3388.7
43,3388.9
6,3389.8
38,3390.6
51,3390.7
26,3391.2
0,3391.5
3,3391.8
60,3392.6
57,3392.9
25,3393.7
55,3394.2
1,3394.9
29,3396.3
19,3397.7
23,3398.4
44,3400.6
46,3402.3
36,3403.0
50,3403.3
34,3403.5
42,3404.1
2,3407.7
11,3410.5
20,3431.6
30,3585.4
14,3587.9
28,3591.8
51,3591.9
52,3603.8
40,3605.4
5,3607.9
13,3609.6
7,3613.2
12,3614.2
48,3616.1
45,3616.9
10,3618.5
39,3618.8
58,3620.1
41,3621.1
15,3621.7
53,3621.7
33,3622.0
4,3624.2
35,3625.3
37,3625.6
8,3625.8
17,3628.3
11,3628.5
61,3629.4
59,3631.7
62,3633.7
55,3634.9
28,3637.9
2,3638.1
14,3639.8
49,3640.4
30,3640.6
52,3641.0
20,3641.3
29,3641.3
36,3641.7
48,3642.8
9,3643.1
27,3643.1
0,3643.1
50,3643.4
16,3644.9
51,3644.9
5,3645.3
23,3646.1
19,3646.3
40,3647.1
18,3647.1
34,3647.2
42,3647.2
43,3647.4
39,3648.1
47,3648.2
57,3649.4
10,3649.5
32,3649.9
3,3650.0
60,3650.2
31,3650.7
45,3651.2
13,3651.6
24,3651.7
58,3652.1
56,3653.0
11,3654.5
6,3654.9
12,3654.9
26,3656.7
4,3657.2
7,3657.6
44,3658.0
35,3658.1
54,3658.5
46,3658.6
15,3659.4
17,3660.9
25,3661.3
37,3661.6
8,3662.3
55,3663.4
36,3663.7
28,3663.7
33,3663.8
59,3664.4
14,3664.7
62,3664.7
2,3665.0
61,3665.2
52,3665.4
21,3665.5
27,3666.1
30,3666.4
0,3666.5
48,3667.1
38,3667.5
41,3668.2
1,3668.4
51,3668.5
49,3668.9
53,3669.6
39,3669.8
20,3670.0
19,3670.7
9,3671.3
34,3671.9
40,3672.0
5,3672.2
29,3672.7
23,3672.7
50,3673.1
60,3674.0
42,3674.4
11,3675.2
57,3676.0
16,3676.0
18,3677.3
58,3678.0
3,3678.7
43,3678.7
47,3679.1
10,3679.7
22,3680.6
45,3683.5
24,3687.0
4,3690.2
44,3691.5
2,3692.3
0,3693.0
14,3703.4
20,3706.5
15,3724.6
61,3730.2
62,3737.5
36,3744.7
51,3760.5
59,3764.7
26,3766.6
48,3766.6
23,3767.9
17,3768.9
6,3769.8
46,3770.8
25,3771.2
36,3772.9
11,3773.0
55,3773.1
29,3773.8
40,3774.7
52,3775.1
57,3775.3
5,3775.8
60,3776.7
42,3777.1
51,3781.0
34,3782.5
37,3782.7
16,3783.4
24,3785.1
39,3785.6
8,3785.9
15,3786.8
27,3787.6
41,3788.4
3,3788.6
62,3789.1
48,3789.1
1,3790.9
50,3791.8
26,3792.3
4,3793.1
59,3793.4
10,3793.5
11,3794.3
23,3794.5
20,3795.1
6,3795.6
12,3795.6
2,3796.1
0,3796.4
17,3796.6
35,3797.0
38,3798.4
25,3798.5
36,3798.8
29,3799.7
61,3800.6
55,3800.9
46,3801.9
40,3802.7
58,3802.8
5,3803.0
52,3803.2
49,3803.4
30,3803.9
60,3805.5
57,3806.2
47,3806.8
51,3807.1
13,3807.2
28,3807.5
54,3807.7
14,3809.2
39,3811.7
18,3812.1
31,3812.5
42,3813.1
24,3814.4
34,3815.1
48,3815.2
19,3815.4
27,3816.4
21,3817.0
11,3817.2
45,3818.0
62,3819.2
16,3819.3
15,3820.6
37,3821.3
33,3821.9
53,3822.1
44,3823.2
43,3824.3
23,3826.2
4,3826.3
59,3828.0
20,3829.7
0,3830.0
2,3830.9
36,3831.5
3,3833.4
1,3833.5
40,3845.7
26,3845.7
57,3845.8
42,3848.5
25,3849.2
51,3849.4
11,3849.8
8,3850.2
29,3850.5
30,3850.9
5,3851.8
49,3852.3
6,3852.4
14,3853.0
17,3853.2
48,3853.7
52,3853.8
60,3855.3
23,3855.8
36,3855.9
46,3858.0
50,3859.8
34,3862.3
24,3865.2
1,3867.5
3,3868.5
22,3871.1
4,3871.5
41,3871.6
11,3871.7
39,3872.2
40,3872.5
2,3873.2
51,3873.5
26,3874.2
57,3876.1
42,3876.9
47,3876.9
29,3877.4
15,3880.9
20,3886.2
0,3893.3
62,3906.1
60,3913.7
36,3922.9
52,3926.5
17,3926.7
48,3927.1
5,3927.4
23,3929.7
6,3931.6
11,3932.1
59,3932.4
16,3933.6
8,3934.1
40,3934.3
29,3935.9
57,3936.5
55,3936.7
51,3936.7
25,3938.0
60,3938.7
26,3940.0
42,3940.0
34,3945.2
36,3947.4
39,3949.2
46,3950.5
52,3952.2
41,3952.6
5,3954.0
15,3954.2
48,3954.7
24,3954.7
62,3955.2
50,3955.3
17,3955.6
11,3956.2
4,3960.2
23,3961.4
6,3962.3
3,3963.2
1,3963.3
51,3966.3
40,3967.3
29,3968.1
20,3970.3
57,3976.7
61,3977.2
2,3977.2
8,3978.8
60,3979.6
30,3979.8
42,3983.3
25,3983.6
26,3984.4
0,3984.9
11,3987.6
18,3988.6
49,3990.3
55,3990.3
39,3991.5
36,3991.9
24,3994.3
16,3995.5
34,3996.3
52,4000.1
48,4002.9
5,4006.0
29,4007.2
17,4007.5
27,4008.0
28,4008.4
11,4009.7
23,4010.7
26,4011.3
51,4011.4
4,4011.6
40,4012.1
6,4012.1
36,4012.5
46,4012.7
60,4012.8
47,4013.4
57,4013.5
10,4013.7
59,4015.1
42,4015.5
44,4016.2
8,4016.7
25,4016.9
50,4017.8
15,4018.0
52,4018.9
53,4019.3
34,4020.0
45,4020.9
16,4020.9
24,4021.2
30,4021.3
21,4021.4
41,4021.5
62,4021.5
3,4021.7
7,4022.3
55,4022.3
1,4023.0
14,4023.2
49,4024.2
48,4025.1
12,4025.1
38,4025.8
5,4026.8
39,4027.4
9,4028.2
11,4028.5
29,4028.8
2,4029.6
51,4030.8
0,4032.4
17,4033.8
43,4035.3
23,4036.2
27,4036.4
20,4036.8
36,4037.3
60,4038.0
40,4038.3
42,4042.6
57,4043.6
18,4044.7
35,4044.7
61,4046.8
47,4051.2
46,4054.7
44,4055.5
3,4077.3
11,4192.6
52,4207.0
55,4232.7
28,4234.6
0,4234.7
8,4237.0
10,4238.3
58,4241.3
15,4242.6
16,4242.7
59,4243.7
54,4246.9
4,4249.3
34,4249.4
50,4249.8
6,4252.9
33,4254.4
13,4256.1
19,4256.3
11,4258.5
37,4258.7
27,4263.7
56,4264.9
25,4267.2
62,4268.1
49,4268.4
32,4269.3
26,4269.7
5,4270.0
40,4270.3
30,4270.9
17,4271.2
51,4271.3
22,4272.0
39,4272.4
0,4272.8
48,4273.3
60,4273.5
2,4275.2
36,4276.6
1,4276.6
45,4276.8
3,4277.4
29,4278.6
18,4279.8
23,4280.0
58,4280.5
14,4280.5
28,4282.2
12,4282.8
20,4282.9
35,4283.1
59,4283.4
9,4284.0
34,4284.1
61,4285.9
52,4285.9
57,4286.5
15,4286.8
19,4287.6
4,4287.9
55,4288.2
11,4288.7
8,4290.2
46,4291.3
38,4291.6
24,4292.0
54,4292.1
6,4292.2
47,4292.3
31,4292.5
50,4292.6
10,4292.6
16,4293.0
27,4293.0
21,4294.6
13,4295.0
37,4295.1
41,4295.9
43,4296.8
53,4297.1
42,4297.2
33,4297.6
48,4298.3
51,4298.8
49,4299.0
25,4299.1
40,4299.1
7,4299.7
39,4300.0
26,4300.0
0,4300.0
5,4301.7
30,4301.9
62,4302.0
45,4302.4
44,4302.6
17,4303.3
36,4303.8
2,4304.7
29,4304.7
60,4305.1
58,4305.4
3,4306.4
56,4307.2
14,4308.7
34,4309.6
11,4309.6
23,4309.7
18,4311.3
32,4311.4
28,4311.8
59,4312.1
20,4313.1
9,4313.1
1,4313.6
15,4314.4
12,4314.6
19,4314.6
35,4314.7
55,4314.9
57,4315.1
52,4316.0
4,4316.0
61,4317.3
24,4325.1
47,4325.5
6,4325.7
0,4325.8
22,4326.0
42,4327.9
43,4335.6
48,4335.6
40,4336.0
51,4337.5
39,4339.6
11,4347.9
29,4390.6
8,4394.8
5,4394.9
11,4396.6
51,4400.5
52,4400.7
36,4402.2
16,4402.4
48,4403.4
46,4405.1
60,4405.2
38,4405.7
6,4405.8
26,4406.1
50,4407.7
10,4407.8
40,4408.4
2,4408.5
34,4411.2
57,4411.3
29,4413.5
17,4413.8
23,4415.3
13,4418.8
27,4418.8
11,4419.4
42,4422.1
51,4425.2
59,4425.5
55,4427.2
45,4427.6
5,4427.7
8,4428.9
14,4430.3
39,4430.6
30,4430.8
52,4431.0
15,4431.7
48,4433.4
4,4433.9
25,4436.5
36,4437.0
0,4437.5
41,4439.4
60,4439.6
49,4439.7
6,4440.0
1,4442.9
44,4443.1
35,4443.2
47,4446.2
3,4447.1
11,4448.4
29,4453.0
50,4454.0
40,4455.5
2,4456.0
28,4457.9
27,4459.6
26,4462.0
57,4462.8
24,4463.2
51,4464.1
52,4465.5
42,4465.6
12,4465.6
23,4466.5
48,4467.1
31,4468.4
34,4469.1
10,4469.7
39,4469.8
36,4471.9
20,4472.0
11,4472.8
5,4473.0
43,4473.4
60,4473.8
58,4474.1
30,4474.8
17,4475.9
29,4477.2
6,4479.2
16,4479.5
40,4479.8
8,4480.0
14,4480.1
59,4480.2
38,4481.8
62,4481.9
51,4482.3
41,4484.1
46,4484.4
55,4484.5
57,4485.0
0,4486.6
52,4486.8
26,4487.3
53,4488.4
15,4488.9
11,4492.6
25,4492.6
1,4493.1
48,4493.8
2,4494.2
4,4494.7
34,4494.7
23,4495.3
42,4496.7
36,4496.8
47,4496.9
50,4497.2
39,4498.3
60,4500.9
49,4503.2
44,4505.4
61,4506.0
40,4510.0
51,4512.9
18,4513.0
17,4515.2
57,4522.0
0,4524.1
20,4526.3
62,4530.2
29,4550.7
36,4552.6
6,4554.1
5,4554.5
11,4555.5
51,4560.7
52,4561.7
60,4564.2
26,4564.7
48,4565.2
23,4565.8
40,4568.5
8,4570.0
42,4570.6
57,4572.1
34,4574.8
17,4574.9
29,4575.3
11,4580.0
46,4581.0
2,4582.3
1,4583.8
6,4590.7
5,4590.9
51,4593.2
45,4594.0
50,4602.4
0,4603.8
52,4607.7
25,4609.4
11,4618.4
36,4627.0
48,4627.8
41,4628.7
4,4629.0
27,4631.4
30,4631.8
59,4634.0
29,4634.3
11,4635.6
16,4635.7
60,4636.1
51,4636.2
52,4636.7
55,4637.4
26,4637.6
5,4639.6
40,4640.0
6,4640.2
57,4640.4
8,4641.3
34,4642.0
17,4642.6
23,4643.3
10,4644.3
42,4644.5
38,4645.9
36,4647.4
15,4647.8
50,4648.4
46,4648.9
14,4649.7
48,4649.7
39,4651.2
24,4651.5
58,4652.0
47,4652.5
2,4653.6
25,4654.0
9,4654.0
49,4654.6
11,4654.6
13,4655.4
21,4656.3
53,4656.5
29,4656.7
51,4656.8
1,4657.7
4,4657.9
28,4658.4
0,4659.0
45,4660.7
62,4661.4
60,4662.0
52,4662.2
41,4662.9
27,4664.4
35,4664.4
30,4665.6
40,4666.9
12,4667.6
59,4668.2
34,4668.4
26,4668.6
5,4668.8
6,4669.1
16,4670.2
55,4670.4
8,4670.4
43,4670.5
3,4673.3
23,4673.5
57,4674.2
36,4675.2
20,4675.5
42,4676.7
37,4676.9
17,4678.6
44,4679.2
19,4679.9
11,4681.6
15,4682.9
61,4683.0
39,4683.2
48,4684.2
18,4687.8
51,4689.4
0,4690.2
2,4693.6
45,4693.7
47,4696.2
60,4696.4
14,4698.2
62,4704.1
41,4712.3
46,4713.4
36,4857.4
52,4864.6
29,4865.6
49,4878.9
10,4886.7
4,4888.0
59,4892.0
5,4896.4
54,4899.3
31,4903.4
58,4907.5
50,4909.2
7,4913.2
32,4917.4
36,4917.4
12,4923.2
38,4926.8
33,4926.9
11,4927.4
2,4927.7
57,4929.6
17,4929.9
30,4930.5
51,4931.5
28,4932.0
39,4933.1
27,4934.7
8,4938.1
52,4939.1
20,4939.9
60,4941.3
14,4942.0
55,4942.2
13,4943.5
24,4944.5
34,4945.5
43,4946.0
4,4946.4
18,4948.2
40,4949.4
9,4950.1
42,4950.8
58,4950.8
6,4950.9
59,4951.0
0,4951.4
45,4952.2
62,4953.9
16,4954.3
19,4954.8
31,4955.5
25,4955.5
7,4955.7
11,4955.9
47,4956.8
35,4956.9
48,4957.2
49,4957.4
36,4957.5
23,4959.2
29,4960.5
3,4960.8
15,4962.1
30,4963.0
2,4963.3
5,4963.4
50,4963.8
46,4964.1
28,4964.7
37,4964.9
26,4965.4
39,4965.5
51,4965.7
27,4965.9
61,4966.1
10,4966.3
57,4968.1
33,4968.6
44,4968.9
41,4969.1
12,4969.7
14,4971.2
24,4971.4
34,4971.5
53,4971.7
17,4972.6
8,4973.0
4,4973.4
56,4973.6
60,4974.1
13,4974.1
38,4974.1
54,4974.6
52,4975.0
21,4975.8
55,4975.9
20,4976.3
58,4976.6
0,4977.3
43,4977.7
11,4978.1
59,4978.2
40,4978.4
32,4978.9
1,4979.1
45,4979.4
62,4979.9
6,4980.0
18,4980.1
48,4980.2
42,4980.8
36,4980.9
19,4981.2
9,4981.4
16,4982.4
23,4984.9
25,4985.0
35,4985.9
22,4986.4
31,4986.8
39,4988.1
47,4989.2
2,4989.4
49,4990.2
3,4990.3
5,4991.3
51,4991.7
29,4992.8
15,4996.2
50,4997.3
44,5000.2
0,5004.2
11,5012.2
20,5012.9
60,5014.1
40,5014.7
14,5014.9
48,5015.4
57,5016.0
17,5017.7
26,5019.5
8,5021.7
36,5022.7
55,5024.0
51,5024.2
52,5024.8
6,5025.9
41,5025.9
16,5028.3
29,5028.8
23,5029.0
11,5030.9
15,5033.4
58,5035.1
60,5038.0
40,5038.8
39,5040.1
59,5041.1
62,5041.7
57,5043.6
61,5044.8
42,5045.7
17,5047.4
51,5051.7
48,5055.4
2,5060.1
0,5068.4
11,5095.1
14,5095.1
36,5096.7
52,5097.0
5,5103.3
51,5105.7
60,5107.4
40,5107.9
29,5110.2
26,5113.4
57,5115.9
6,5116.2
23,5117.1
20,5117.1
42,5117.3
11,5119.0
17,5121.3
52,5125.0
15,5125.2
36,5127.6
51,5137.5
2,5139.0
40,5150.1
0,5156.5
11,5157.6
60,5160.6
41,5164.9
39,5166.5
48,5174.3
16,5177.5
11,5179.3
52,5181.9
60,5182.4
36,5182.7
10,5182.8
51,5182.9
50,5183.2
46,5183.5
29,5183.6
40,5183.8
26,5184.0
6,5185.5
57,5186.2
5,5187.2
55,5187.2
17,5188.2
18,5189.0
30,5190.5
4,5191.0
34,5191.3
23,5191.5
15,5191.6
42,5191.8
28,5192.9
14,5194.3
27,5195.0
59,5197.0
24,5198.1
8,5198.8
11,5199.4
41,5200.1
25,5200.6
7,5200.9
2,5201.2
1,5201.5
39,5201.6
58,5202.0
48,5203.8
51,5205.4
52,5206.4
16,5206.7
47,5206.7
12,5207.3
61,5207.8
60,5207.9
36,5208.2
0,5209.0
29,5209.4
62,5210.2
40,5210.6
37,5211.3
13,5213.1
6,5214.1
38,5214.1
53,5214.2
5,5214.3
26,5214.4
43,5214.9
10,5215.5
45,5216.0
46,5217.5
50,5218.1
19,5218.3
57,5219.1
21,5219.6
55,5219.7
20,5220.2
35,5221.1
23,5221.8
3,5222.8
17,5222.8
11,5223.5
4,5223.5
9,5224.1
27,5224.5
30,5225.1
34,5225.4
18,5225.9
15,5226.1
44,5228.0
42,5228.6
14,5229.2
59,5230.1
49,5231.0
24,5231.1
39,5231.3
2,5232.8
28,5233.3
58,5234.4
51,5235.3
48,5237.5
36,5237.9
0,5238.3
1,5244.8
47,5245.8
40,5256.0
60,5256.3
52,5256.5
11,5256.6
29,5256.8
5,5257.0
23,5258.4
26,5264.5
51,5264.9
36,5265.5
6,5266.4
57,5268.5
42,5269.9
15,5276.8
46,5277.8
17,5277.9
2,5279.0
48,5280.5
11,5282.6
40,5284.3
52,5285.1
29,5285.5
60,5287.5
41,5289.1
51,5295.9
39,5298.1
50,5298.8
11,5322.5
61,5474.7
5,5504.2
45,5506.2
58,5506.5
12,5507.5
11,5537.3
16,5538.8
32,5540.0
55,5542.0
25,5548.8
37,5557.2
62,5557.7
6,5562.1
0,5570.5
1,5571.6
8,5571.6
33,5574.2
58,5577.7
59,5583.5
23,5585.8
48,5586.5
11,5588.9
27,5588.9
39,5590.2
40,5591.6
51,5592.5
49,5594.0
29,5596.8
60,5598.3
2,5599.2
3,5599.4
4,5600.1
20,5603.3
34,5606.0
15,5606.0
5,5608.5
45,5609.1
50,5609.7
57,5609.8
36,5610.7
19,5611.4
14,5611.8
56,5612.0
30,5613.6
38,5614.1
6,5614.5
31,5615.1
12,5615.1
16,5615.7
58,5616.0
55,5616.0
17,5616.5
52,5617.0
25,5617.6
28,5618.1
35,5618.7
11,5619.5
0,5620.3
47,5620.5
53,5620.9
26,5621.5
8,5622.4
48,5622.7
24,5622.7
61,5623.5
46,5624.2
13,5624.4
23,5624.5
59,5624.6
39,5626.0
10,5627.4
40,5627.7
60,5627.8
51,5627.9
62,5628.3
37,5628.7
54,5629.2
27,5629.3
4,5630.1
49,5630.3
3,5630.7
9,5630.8
34,5631.3
2,5631.5
43,5631.5
29,5631.8
44,5632.2
42,5632.4
7,5633.7
22,5636.5
18,5636.6
15,5636.9
36,5637.0
57,5637.2
19,5637.2
5,5637.3
14,5637.4
20,5637.5
11,5637.7
32,5637.9
45,5638.1
41,5638.3
21,5638.8
1,5638.9
50,5639.0
17,5639.1
58,5639.9
6,5640.4
33,5640.8
30,5641.1
52,5641.2
55,5641.5
48,5642.9
16,5643.9
28,5643.9
60,5644.4
12,5644.5
0,5644.7
25,5644.9
8,5645.0
51,5645.1
38,5645.1
31,5645.5
26,5645.6
40,5645.9
39,5647.5
59,5647.8
35,5647.9
24,5647.9
10,5648.6
23,5649.0
29,5649.3
47,5649.5
13,5649.9
61,5650.0
53,5650.9
46,5651.4
62,5652.7
11,5654.5
56,5654.7
27,5655.3
2,5655.6
4,5657.0
34,5657.2
36,5657.3
44,5659.9
3,5660.4
42,5661.6
14,5662.1
57,5662.3
15,5663.9
51,5669.7
20,5669.8
41,5670.4
60,5673.1
40,5676.4
11,5703.3
29,5721.6
6,5722.6
52,5722.9
11,5725.2
5,5725.5
51,5733.1
60,5734.9
40,5734.9
48,5735.3
50,5735.6
14,5745.2
36,5747.3
1,5753.6
11,5763.4
0,5783.7
51,5794.6
52,5799.3
29,5800.5
6,5801.2
15,5803.1
16,5803.3
57,5803.6
17,5804.4
11,5804.7
10,5804.8
8,5805.9
26,5806.1
60,5808.9
40,5809.3
36,5809.8
51,5812.7
14,5814.4
5,5814.6
55,5815.1
39,5815.2
52,5821.8
29,5822.1
58,5822.6
50,5823.2
18,5823.3
48,5825.4
25,5825.7
11,5825.7
46,5825.9
6,5826.0
47,5828.7
34,5828.8
2,5829.5
41,5830.5
17,5830.7
4,5830.7
44,5830.8
59,5831.0
0,5832.7
16,5832.9
57,5833.4
43,5834.7
1,5834.8
15,5835.1
23,5837.6
10,5838.2
45,5839.5
51,5840.7
40,5841.4
8,5842.3
60,5842.9
26,5843.5
30,5844.7
28,5845.7
36,5845.8
49,5846.1
19,5847.9
5,5849.2
27,5850.5
11,5850.5
14,5850.6
39,5851.6
62,5852.3
3,5852.6
13,5853.1
37,5853.2
53,5853.4
61,5854.0
52,5854.1
9,5855.0
48,5855.3
42,5856.4
50,5857.1
12,5857.5
35,5858.6
29,5858.9
24,5859.1
58,5859.1
55,5859.2
34,5861.2
0,5861.9
4,5862.5
20,5863.1
6,5863.3
31,5864.2
47,5865.9
2,5867.0
21,5867.4
17,5868.2
57,5870.2
18,5870.2
23,5871.2
36,5871.8
51,5873.5
59,5873.8
60,5874.9
40,5875.6
11,5877.4
15,5877.9
41,5878.4
16,5879.7
44,5879.8
46,5880.1
39,5881.0
14,5881.3
10,5882.8
62,5883.3
5,5883.9
38,5884.3
26,5884.4
19,5884.5
52,5887.0
43,5888.2
6,5888.3
29,5888.4
36,5889.9
61,5890.9
48,5891.6
37,5891.6
51,5891.7
57,5891.9
55,5892.3
17,5893.4
27,5893.6
8,5894.4
60,5894.7
25,5895.3
50,5895.6
58,5895.7
11,5895.8
40,5896.1
42,5896.3
1,5896.4
0,5900.0
2,5901.3
34,5902.6
47,5903.5
23,5911.1
44,5921.2
20,5937.3
11,6037.2
36,6076.5
15,6078.0
14,6078.5
6,6080.2
39,6086.6
51,6090.3
29,6097.5
28,6098.5
30,6098.8
52,6100.1
24,6102.3
16,6102.4
3,6103.4
18,6108.7
4,6111.9
46,6112.1
11,6112.9
53,6113.1
59,6115.2
45,6118.8
7,6119.5
62,6120.1
41,6121.7
5,6123.1
10,6126.6
36,6127.1
13,6127.3
54,6128.8
40,6128.9
17,6131.0
57,6131.5
0,6132.0
51,6132.5
23,6133.2
14,6133.9
60,6135.7
42,6135.8
2,6136.5
39,6137.3
26,6137.3
35,6137.4
28,6137.4
48,6137.9
6,6138.6
50,6138.8
58,6138.9
27,6139.4
9,6140.6
19,6141.9
49,6142.0
24,6142.6
3,6142.6
11,6142.9
34,6143.7
29,6143.8
47,6144.0
55,6144.3
52,6144.7
20,6145.1
30,6145.3
43,6145.9
4,6146.3
61,6147.0
18,6147.6
16,6149.0
8,6149.5
12,6150.0
45,6151.7
33,6152.7
31,6153.5
15,6154.8
36,6154.9
59,6154.9
25,6155.6
51,6156.1
41,6156.1
37,6156.3
13,6157.2
46,6157.7
10,6158.0
5,6158.3
0,6158.4
40,6159.1
38,6159.9
57,6160.5
23,6161.2
62,6161.2
60,6161.5
44,6161.5
14,6161.8
21,6161.8
17,6161.8
32,6162.8
56,6162.9
39,6163.2
53,6163.4
27,6163.8
48,6164.7
28,6165.0
11,6165.1
2,6166.0
1,6166.2
42,6166.3
58,6166.6
6,6166.6
54,6167.1
26,6168.7
35,6170.0
7,6170.1
50,6171.0
34,6171.3
29,6171.5
19,6171.7
49,6172.5
3,6173.2
24,6174.2
9,6174.6
4,6175.0
30,6175.0
55,6175.2
52,6176.9
20,6177.6
22,6177.7
43,6180.6
47,6180.6
45,6183.3
0,6183.4
40,6188.5
23,6189.9
11,6198.2
14,6209.4
15,6209.9
39,6214.7
57,6229.5
60,6229.5
62,6235.6
36,6264.1
61,6265.6
51,6266.1
17,6266.4
16,6269.5
59,6271.1
11,6272.5
60,6272.7
18,6273.0
40,6273.0
57,6273.8
52,6276.7
41,6277.3
14,6277.5
25,6277.9
2,6279.2
44,6280.8
5,6280.9
6,6281.2
15,6282.1
38,6282.4
29,6283.5
48,6284.3
27,6285.5
36,6285.9
51,6286.4
26,6286.7
58,6288.4
39,6289.9
62,6290.7
17,6290.9
10,6291.0
34,6291.4
46,6291.7
42,6293.4
31,6293.6
1,6293.9
11,6296.1
12,6296.3
37,6297.3
13,6298.3
55,6298.4
60,6298.7
50,6299.5
19,6299.7
16,6300.1
40,6300.3
20,6301.2
52,6301.7
57,6301.9
61,6302.1
0,6302.1
33,6302.7
45,6302.8
8,6303.5
59,6304.5
53,6304.7
35,6305.1
49,6305.6
4,6306.1
30,6306.7
56,6307.2
47,6307.4
23,6308.7
6,6310.3
14,6311.2
9,6311.8
25,6311.8
24,6312.6
27,6312.7
51,6312.7
5,6313.5
2,6313.6
3,6314.2
15,6314.4
29,6315.0
32,6315.1
41,6315.5
48,6315.6
36,6316.2
28,6316.7
18,6317.3
54,6318.1
38,6318.9
39,6319.0
58,6319.7
11,6320.2
7,6320.4
44,6320.5
43,6320.6
62,6321.0
17,6321.2
34,6321.9
26,6325.2
31,6326.4
0,6328.4
60,6328.7
10,6329.1
42,6330.0
12,6331.2
52,6331.9
46,6332.8
13,6333.8
23,6339.9
1,6341.2
40,6344.2
47,6346.3
57,6346.4
14,6347.6
51,6347.7
11,6347.7
6,6349.5
2,6350.9
20,6351.4
60,6354.3
53,6354.6
36,6355.2
16,6356.4
25,6356.5
52,6357.6
17,6358.3
29,6358.9
48,6362.3
39,6363.1
26,6364.5
44,6365.1
15,6365.7
40,6370.9
46,6371.4
51,6373.9
41,6375.4
57,6376.7
11,6376.9
1,6378.3
5,6378.5
0,6383.5
14,6387.0
6,6388.4
42,6391.9
23,6398.1
52,6398.9
2,6408.7
60,6425.9
11,6430.6
51,6434.6
36,6435.4
40,6435.7
52,6436.8
17,6438.5
57,6438.5
14,6439.9
29,6442.9
59,6443.7
6,6446.4
16,6448.7
1,6448.8
26,6449.0
15,6449.3
25,6453.8
48,6454.8
60,6455.2
11,6457.8
44,6464.0
4,6464.7
51,6465.1
34,6468.4
52,6472.9
41,6474.0
2,6475.0
40,6475.2
5,6477.8
0,6478.8
17,6478.9
57,6483.1
46,6484.4
53,6484.6
27,6493.6
14,6496.4
11,6499.1
36,6501.5
39,6505.6
60,6505.8
51,6510.6
52,6511.6
30,6513.1
40,6513.9
17,6514.3
58,6514.3
57,6514.3
6,6515.5
29,6515.8
16,6518.1
26,6518.5
11,6518.7
59,6520.9
15,6521.1
62,6521.5
48,6521.7
36,6522.3
14,6523.9
1,6523.9
25,6524.2
47,6524.7
49,6525.2
5,6525.7
53,6526.1
46,6526.3
41,6527.1
32,6527.6
34,6528.1
10,6528.1
61,6528.2
50,6528.6
31,6528.8
55,6529.0
38,6529.4
45,6530.7
60,6531.8
44,6531.8
13,6531.9
8,6532.2
24,6533.0
51,6533.3
35,6533.6
2,6535.1
19,6535.2
4,6535.4
52,6535.4
7,6535.4
18,6535.8
56,6536.9
0,6539.0
9,6539.0
39,6539.4
17,6539.5
28,6539.5
40,6539.6
27,6540.4
11,6540.5
23,6541.0
37,6542.0
58,6542.6
57,6542.8
6,6543.6
29,6543.6
21,6544.6
54,6545.1
42,6547.5
30,6547.7
36,6547.8
3,6548.2
12,6548.6
33,6548.7
48,6548.7
59,6548.9
62,6549.2
25,6549.5
20,6549.7
14,6550.2
15,6551.1
26,6552.4
43,6552.5
5,6554.2
16,6555.7
34,6555.8
60,6558.1
47,6558.8
52,6560.0
55,6560.7
51,6561.7
2,6568.2
0,6570.2
11,6572.7
1,6573.0
44,6577.6
23,6578.1
40,6690.2
57,6713.6
39,6736.0
53,6736.9
18,6737.1
17,6737.6
41,6745.7
58,6753.9
61,6756.7
27,6757.6
19,6760.1
50,6761.0
31,6764.2
32,6764.3
4,6767.2
24,6768.7
45,6770.5
35,6772.4
11,6773.6
49,6774.2
13,6775.5
0,6781.3
10,6781.3
8,6781.8
36,6781.8
51,6782.8
60,6783.2
46,6783.6
14,6784.9
30,6785.9
59,6787.5
34,6788.1
2,6789.5
39,6790.2
37,6790.9
57,6791.7
17,6793.5
40,6793.9
27,6794.4
15,6795.0
48,6796.2
58,6796.9
19,6797.2
23,6798.4
28,6798.7
25,6799.7
6,6800.8
62,6801.0
42,6801.3
5,6801.8
18,6802.4
11,6803.1
3,6803.2
9,6803.3
47,6803.6
4,6804.0
61,6804.2
45,6805.0
12,6805.3
52,6805.5
13,6805.7
26,6806.0
33,6807.0
50,6807.9
20,6808.2
43,6808.2
55,6809.5
38,6810.1
36,6810.9
44,6812.1
0,6812.4
24,6812.8
29,6813.0
35,6813.2
10,6814.1
54,6814.8
16,6815.0
49,6815.2
51,6815.9
31,6816.2
34,6816.6
41,6817.6
60,6817.8
27,6818.0
39,6818.3
59,6819.0
14,6819.1
7,6819.1
48,6819.3
21,6820.7
8,6820.7
37,6820.8
30,6821.1
56,6821.1
58,6821.2
57,6821.8
53,6821.9
40,6822.4
2,6822.6
15,6824.2
46,6824.3
32,6824.9
19,6825.2
17,6825.5
28,6825.7
11,6825.9
23,6826.1
1,6826.3
25,6826.7
5,6827.1
62,6828.2
4,6830.0
3,6830.4
42,6831.9
52,6832.2
6,6832.2
13,6832.6
18,6832.9
12,6834.4
22,6834.4
45,6836.5
0,6837.4
55,6839.0
47,6839.9
36,6840.2
20,6841.4
43,6843.3
44,6844.1
26,6850.4
40,6861.3
39,6863.3
14,6865.1
41,6874.3
57,6877.9
60,6888.5
11,6890.7
51,6891.4
16,6895.3
59,6897.9
36,6898.0
40,6899.2
57,6900.2
17,6902.7
14,6903.3
23,6905.2
61,6906.1
15,6906.7
2,6907.1
52,6908.4
29,6911.1
60,6912.8
51,6913.9
41,6914.0
58,6914.4
39,6915.8
11,6917.9
6,6922.1
1,6923.6
25,6923.8
34,6928.1
55,6930.1
36,6930.7
16,6931.1
62,6931.1
40,6931.9
57,6932.5
35,6932.7
59,6933.8
50,6933.8
48,6934.0
47,6934.7
0,6936.2
17,6937.8
18,6940.3
44,6942.4
52,6943.8
20,6943.9
56,6945.6
27,6947.1
11,6950.3
60,6953.1
14,6954.3
15,6954.4
51,6954.9
23,6956.3
58,6956.4
2,6958.4
49,6963.8
4,6964.4
30,6967.2
43,6967.7
45,6968.2
29,6974.1
3,6975.7
11,6976.2
51,6978.1
40,6978.3
36,6978.4
6,6979.8
52,6980.0
60,6980.5
25,6982.0
46,6982.1
57,6982.1
0,6982.4
14,6983.9
17,6984.1
1,6985.9
34,6985.9
47,6986.8
26,6988.0
12,6988.5
31,6989.2
10,6989.7
28,6990.3
42,6990.3
53,6990.9
44,6991.3
48,6995.0
15,6995.9
39,6996.5
9,6997.5
32,6999.9
27,7000.3
11,7000.3
50,7001.0
24,7001.6
7,7001.7
51,7002.1
2,7003.8
8,7004.5
58,7005.0
29,7005.4
13,7006.2
52,7006.9
4,7008.4
40,7010.7
36,7011.7
5,7011.7
49,7011.7
35,7011.8
30,7012.0
23,7012.8
60,7013.6
43,7014.0
41,7014.4
6,7015.1
14,7015.4
25,7016.0
17,7016.9
45,7017.5
57,7018.3
0,7020.2
62,7020.5
20,7020.6
56,7022.8
59,7023.4
11,7029.4
42,7033.2
39,7034.9
47,7043.4
2,7044.5
1,7045.1
18,7049.9
51,7050.3
44,7051.6
60,7055.9
16,7055.9
40,7057.3
36,7057.5
52,7058.3
57,7059.8
11,7061.7
17,7061.9
15,7063.2
58,7064.9
14,7066.6
41,7072.6
51,7073.2
29,7074.8
25,7075.3
39,7075.8
62,7077.1
61,7077.7
59,7077.9
1,7083.7
6,7084.0
53,7085.5
47,7086.1
46,7086.5
43,7087.1
60,7087.9
52,7088.7
40,7089.2
0,7090.0
36,7092.4
26,7093.6
11,7095.8
57,7096.4
2,7101.4
17,7102.3
16,7107.8
50,7108.5
58,7111.4
42,7115.0
27,7115.5
51,7115.7
15,7116.3
14,7116.8
18,7117.1
44,7117.2
20,7117.7
23,7117.9
4,7125.1
29,7126.3
60,7133.2
36,7134.7
40,7135.0
11,7135.5
51,7136.8
57,7138.0
28,7138.0
17,7138.5
52,7139.7
39,7139.7
16,7141.3
25,7142.7
58,7143.2
0,7143.8
59,7144.0
48,7144.3
6,7144.4
14,7144.8
62,7145.0
41,7145.6
15,7145.7
47,7145.9
46,7146.6
34,7147.7
43,7147.9
19,7148.1
53,7148.2
1,7148.7
24,7148.8
49,7149.7
2,7151.2
61,7151.8
45,7153.9
55,7154.1
30,7154.3
3,7154.8
10,7155.4
27,7155.4
29,7156.0
44,7156.6
26,7157.5
38,7157.7
31,7158.2
60,7158.9
37,7159.1
7,7159.2
11,7159.5
51,7160.3
36,7160.4
50,7161.1
18,7161.5
13,7162.0
32,7162.1
40,7162.8
52,7163.5
54,7163.8
9,7164.6
57,7165.1
4,7165.7
17,7165.7
21,7165.8
5,7167.3
56,7168.5
8,7168.7
12,7168.7
42,7169.0
58,7169.1
35,7170.0
23,7170.2
39,7170.5
25,7170.5
0,7171.8
20,7171.8
14,7172.1
33,7173.0
48,7173.5
28,7175.3
34,7175.7
6,7175.7
62,7176.1
59,7176.5
15,7178.1
16,7178.9
47,7180.5
19,7180.8
27,7182.7
2,7183.4
11,7184.3
43,7185.9
45,7186.1
44,7201.6
1,7203.3
0,7209.3
40,7232.6
18,7260.5
60,7322.0
36,7332.8
52,7335.0
51,7341.9
58,7354.2
30,7359.7
10,7363.4
61,7363.9
55,7365.6
13,7367.3
46,7369.4
49,7369.5
29,7373.0
3,7381.9
41,7386.3
11,7388.8
24,7390.6
31,7390.8
36,7391.1
27,7395.2
17,7397.1
6,7399.2
50,7399.5
53,7399.8
0,7402.1
23,7402.9
57,7407.4
51,7407.7
39,7410.0
20,7411.0
60,7411.1
52,7412.6
48,7412.7
30,7413.4
58,7414.0
59,7414.5
9,7415.9
14,7416.8
40,7419.5
10,7419.5
35,7419.7
4,7420.4
13,7420.4
47,7421.1
54,7422.2
34,7422.4
11,7422.5
8,7423.4
15,7423.9
42,7425.6
26,7426.1
25,7426.7
24,7427.1
36,7427.5
55,7427.8
62,7428.0
2,7428.5
28,7428.7
12,7429.2
33,7430.3
19,7430.3
3,7430.5
61,7430.6
7,7431.3
45,7433.6
44,7434.7
27,7434.7
6,7435.4
5,7435.4
43,7435.6
31,7436.2
16,7436.6
37,7437.3
49,7437.3
0,7439.2
39,7439.3
38,7440.0
48,7440.1
50,7440.8
29,7441.3
41,7441.6
17,7441.9
23,7442.4
18,7442.5
51,7442.7
57,7443.0
60,7443.4
58,7443.5
11,7444.2
30,7444.6
46,7446.0
59,7446.0
40,7446.7
14,7447.2
20,7447.5
52,7447.6
13,7448.0
21,7448.3
4,7448.4
10,7448.5
9,7448.7
32,7449.1
34,7450.6
1,7450.9
53,7451.0
56,7451.7
36,7452.7
24,7452.9
35,7453.0
22,7453.0
62,7454.4
54,7455.7
15,7455.7
25,7455.8
47,7455.9
8,7456.1
55,7456.1
2,7456.5
28,7456.5
19,7457.3
42,7457.5
3,7460.8
26,7462.0
27,7462.5
12,7463.0
45,7464.8
61,7464.9
39,7466.2
0,7466.4
44,7470.7
48,7471.1
23,7471.5
11,7471.8
43,7475.7
50,7478.9
20,7482.3
14,7491.6
40,7494.0
60,7496.9
41,7514.6
51,7516.0
57,7517.0
17,7519.1
16,7519.4
40,7524.0
18,7525.3
60,7526.3
36,7526.5
11,7526.6
59,7530.4
14,7531.9
15,7532.5
58,7533.7
52,7533.9
39,7534.9
6,7535.4
61,7537.4
51,7538.3
20,7542.3
55,7542.5
62,7545.3
57,7547.1
17,7550.5
1,7553.3
2,7553.9
34,7554.1
30,7554.5
40,7555.4
19,7555.8
16,7556.3
11,7557.0
24,7560.4
29,7562.3
47,7563.1
25,7565.0
41,7568.2
36,7568.6
0,7571.0
52,7571.8
60,7586.1
14,7586.8
15,7588.7
51,7597.4
58,7598.0
50,7598.0
23,7599.6
27,7600.2
11,7601.5
59,7601.7
40,7601.7
17,7604.3
39,7606.0
36,7606.5
57,7606.5
52,7607.9
60,7609.3
16,7609.3
61,7609.7
46,7611.5
25,7611.8
6,7612.3
29,7612.6
1,7614.5
18,7614.6
47,7615.1
53,7615.8
44,7616.3
2,7616.6
55,7616.6
15,7617.0
49,7617.0
62,7618.1
14,7618.2
20,7618.5
51,7618.6
41,7619.2
4,7620.0
43,7621.1
34,7622.4
31,7622.7
45,7623.8
7,7624.3
38,7624.7
58,7624.9
26,7625.7
11,7625.9
48,7626.1
19,7626.1
30,7627.3
10,7628.2
5,7629.9
40,7631.2
0,7632.5
27,7632.6
17,7632.6
56,7633.3
54,7633.6
13,7633.6
57,7634.5
50,7634.5
52,7635.7
36,7635.7
59,7636.1
37,7636.2
39,7636.8
42,7638.0
28,7638.2
3,7638.5
60,7639.4
23,7639.5
9,7641.2
35,7641.3
12,7642.4
24,7643.3
29,7644.0
6,7644.1
25,7645.5
32,7646.1
16,7646.7
61,7646.8
62,7647.7
14,7648.0
8,7648.7
55,7649.0
51,7649.0
4,7651.1
2,7651.3
34,7651.5
18,7652.0
11,7652.6
15,7653.3
47,7653.7
49,7654.0
20,7656.2
45,7657.3
44,7658.5
48,7659.2
27,7661.8
43,7662.0
0,7665.8
1,7670.4
40,7675.4
57,7676.8
42,7677.4
52,7680.6
39,7681.4
36,7682.1
17,7682.8
51,7685.3
11,7685.9
60,7686.4
23,7690.6
14,7695.9
15,7696.5
29,7696.8
25,7699.8
62,7700.6
26,7700.7
47,7701.2
57,7702.8
40,7703.6
2,7704.6
44,7704.6
52,7711.0
1,7712.0
61,7714.4
20,7716.1
58,7716.7
41,7716.8
51,7721.5
11,7725.1
39,7727.8
17,7730.8
36,7732.6
0,7735.9
52,7754.7
16,7759.7
6,7760.3
55,7761.2
57,7762.3
51,7762.6
40,7762.8
11,7764.3
60,7765.1
53,7765.7
17,7766.9
36,7767.4
15,7770.0
14,7770.9
62,7772.0
29,7772.5
59,7773.3
58,7773.5
46,7773.7
39,7774.4
19,7774.6
61,7775.4
47,7775.7
25,7775.7
52,7777.4
18,7777.6
1,7778.0
31,7780.1
41,7782.3
57,7783.5
34,7784.5
51,7788.7
26,7789.1
11,7789.2
43,7789.7
44,7790.0
20,7790.7
30,7791.3
50,7792.1
62,7792.2
40,7793.2
27,7793.3
6,7793.8
7,7794.1
2,7794.3
0,7794.6
4,7795.0
55,7797.3
16,7798.0
5,7798.2
45,7798.9
54,7798.9
36,7800.2
17,7800.4
60,7801.4
56,7802.3
42,7803.0
14,7804.2
15,7804.8
49,7805.3
28,7806.1
23,7806.3
58,7806.5
48,7807.5
9,7808.7
3,7808.8
35,7809.1
52,7809.3
24,7810.5
39,7810.6
38,7812.6
10,7813.1
29,7813.2
13,7813.4
57,7814.7
11,7815.1
19,7815.6
25,7816.3
21,7816.7
37,7817.0
12,7817.3
8,7817.8
51,7818.6
31,7821.3
61,7822.2
47,7822.3
27,7823.3
53,7824.1
30,7824.8
0,7825.0
34,7825.0
18,7825.1
4,7825.2
62,7826.1
32,7828.5
40,7829.0
46,7830.3
36,7831.0
59,7831.1
20,7831.9
43,7832.5
41,7832.9
55,7833.2
2,7834.6
60,7835.4
17,7837.1
1,7840.9
23,7841.3
44,7841.9
42,7842.4
0,7861.1
11,7862.5
14,7952.6
39,7973.2
58,7989.9
15,7993.2
9,7994.8
49,7996.7
45,8004.9
7,8005.4
6,8009.5
26,8009.9
16,8010.8
50,8013.8
48,8014.7
33,8028.1
5,8028.4
11,8031.6
0,8034.1
28,8036.3
51,8036.6
40,8036.7
3,8038.3
4,8038.6
23,8039.1
60,8040.5
10,8040.9
52,8040.9
39,8041.2
14,8041.6
30,8043.0
17,8044.1
25,8044.3
2,8046.3
55,8053.4
19,8054.4
36,8055.0
57,8057.4
27,8059.0
16,8059.2
13,8059.7
45,8059.8
8,8060.7
11,8061.2
12,8061.8
49,8062.0
34,8062.3
24,8063.1
29,8063.6
48,8063.9
15,8064.3
47,8064.7
58,8064.9
42,8065.4
20,8065.6
43,8066.7
50,8067.3
9,8067.8
5,8068.5
32,8068.5
59,8068.8
53,8069.0
6,8069.3
62,8071.2
31,8071.3
0,8072.2
28,8072.3
41,8072.9
35,8073.2
54,8073.7
37,8074.2
56,8074.5
4,8075.6
51,8075.6
39,8076.2
61,8076.4
60,8078.7
40,8079.6
23,8079.7
30,8080.2
52,8080.7
26,8080.9
14,8080.9
17,8082.1
10,8082.1
18,8082.6
36,8083.4
3,8084.2
2,8084.2
11,8084.2
25,8084.7
44,8085.4
55,8086.5
45,8087.0
27,8087.1
46,8087.1
33,8087.2
1,8087.5
7,8087.6
19,8087.7
21,8088.3
58,8088.4
34,8088.7
24,8088.9
48,8089.1
38,8089.3
57,8089.8
8,8090.5
16,8090.8
12,8091.1
13,8091.6
49,8092.4
20,8094.5
42,8094.7
29,8095.8
22,8096.2
15,8096.3
5,8097.1
0,8097.2
59,8097.6
62,8098.8
39,8100.5
50,8100.8
47,8102.6
51,8104.5
43,8105.4
60,8105.8
41,8106.4
6,8106.4
37,8106.6
4,8107.5
40,8107.8
23,8109.1
2,8112.3
11,8113.8
28,8119.6
14,8139.0
20,8139.7
19,8141.8
36,8143.6
17,8145.2
52,8147.8
61,8148.8
1,8149.6
11,8150.4
40,8150.4
55,8151.2
60,8153.0
51,8153.7
57,8154.5
30,8156.3
18,8156.6
16,8157.9
39,8158.5
58,8160.3
34,8162.5
2,8165.0
62,8165.1
26,8166.1
15,8166.4
41,8169.9
36,8171.9
14,8175.6
17,8175.8
59,8179.1
11,8179.4
40,8180.7
20,8186.3
52,8188.5
0,8191.4
44,8192.5
61,8193.1
57,8193.2
51,8193.3
56,8194.9
19,8198.5
60,8200.2
39,8200.2
29,8202.2
49,8202.4
54,8202.6
6,8212.4
27,8213.4
11,8222.3
2,8226.5
25,8226.9
51,8227.9
35,8228.6
3,8228.9
52,8229.3
32,8230.9
14,8231.2
40,8231.3
30,8233.2
60,8234.0
36,8235.2
49,8236.6
47,8237.2
17,8237.3
57,8238.1
1,8239.5
29,8239.7
26,8240.4
34,8240.5
0,8240.6
48,8240.6
53,8242.9
44,8243.4
46,8243.4
11,8245.7
31,8246.1
6,8246.2
39,8246.7
62,8247.3
10,8248.5
45,8249.0
27,8249.8
55,8249.8
43,8251.1
61,8253.0
4,8254.0
8,8254.8
56,8257.1
51,8257.6
19,8257.7
20,8258.6
52,8259.0
12,8259.8
58,8259.9
9,8260.7
42,8261.2
40,8264.3
14,8264.9
2,8265.3
59,8265.3
23,8265.8
57,8267.4
28,8268.2
3,8269.7
25,8270.5
30,8271.1
36,8271.2
17,8271.5
11,8271.6
60,8272.0
41,8272.1
34,8272.6
0,8272.6
13,8272.8
18,8273.1
29,8273.8
5,8274.1
15,8276.4
47,8277.5
54,8277.8
24,8278.5
39,8279.0
16,8279.7
49,8280.0
26,8280.2
50,8280.3
27,8280.9
44,8283.6
48,8287.5
62,8289.5
51,8290.1
22,8290.4
57,8300.0
40,8300.9
52,8301.2
37,8301.7
36,8302.6
55,8303.2
60,8303.3
11,8303.8
61,8304.8
20,8305.8
2,8305.9
46,8306.4
14,8307.2
1,8307.8
0,8308.9
59,8309.0
17,8309.5
23,8311.3
43,8311.6
19,8312.9
51,8312.9
58,8314.5
39,8315.2
16,8315.6
41,8316.1
15,8316.6
62,8317.6
18,8319.9
57,8321.0
40,8327.3
47,8328.1
44,8328.4
11,8328.5
36,8332.2
4,8334.0
42,8334.5
29,8342.2
2,8342.8
27,8343.0
0,8349.6
49,8349.8
26,8360.3
52,8383.4
60,8383.6
11,8387.3
57,8387.3
30,8389.4
51,8389.8
25,8390.5
62,8391.9
40,8392.5
34,8393.2
3,8393.6
6,8395.4
36,8396.0
17,8396.2
53,8396.9
14,8398.8
29,8400.1
49,8400.5
1,8401.7
2,8402.1
26,8404.1
47,8404.8
16,8405.2
39,8406.1
27,8406.5
57,8407.6
11,8411.1
52,8412.0
62,8412.6
60,8412.7
46,8412.7
4,8412.9
32,8414.5
61,8416.8
58,8417.6
51,8419.3
31,8419.4
55,8420.8
41,8422.8
20,8422.9
0,8424.2
23,8427.4
44,8427.5
40,8428.3
17,8429.3
36,8431.8
56,8432.0
48,8432.6
54,8433.5
30,8433.6
59,8433.9
24,8436.7
6,8436.8
57,8437.1
43,8438.0
45,8438.4
11,8439.6
29,8441.3
42,8441.8
34,8442.6
10,8442.6
25,8443.9
13,8444.1
39,8444.4
19,8445.7
14,8446.0
27,8446.1
5,8447.1
35,8447.2
2,8448.3
15,8450.1
18,8450.6
62,8450.6
8,8453.3
4,8453.8
52,8454.7
49,8456.9
0,8457.8
3,8458.1
28,8458.1
47,8458.3
51,8459.4
12,8460.4
55,8461.8
31,8461.9
9,8462.2
58,8462.4
48,8463.7
60,8464.9
50,8466.8
11,8467.4
36,8467.6
26,8468.2
37,8469.4
30,8470.6
61,8471.0
45,8472.1
40,8472.3
23,8472.7
41,8473.6
20,8475.8
53,8476.2
17,8476.3
16,8477.6
24,8477.7
39,8478.2
46,8479.0
57,8480.9
27,8480.9
59,8482.3
14,8482.9
34,8483.5
1,8485.3
62,8487.2
44,8488.2
19,8489.7
51,8491.9
0,8493.2
15,8494.7
42,8495.0
2,8495.8
43,8505.1
23,8516.0
11,8517.1
56,8526.3
3,8529.5
60,8579.1
35,8582.8
11,8619.4
36,8621.4
49,8621.9
8,8622.7
10,8624.1
25,8625.1
4,8625.8
13,8636.0
52,8636.0
5,8638.0
29,8642.4
58,8645.1
6,8645.9
55,8651.7
54,8652.9
18,8654.7
60,8655.1
57,8659.9
39,8662.0
11,8663.0
48,8663.5
12,8663.8
33,8664.9
27,8666.1
2,8667.1
17,8667.8
4,8669.9
28,8670.2
59,8670.5
23,8672.0
51,8672.2
30,8673.0
0,8674.1
38,8674.2
40,8677.7
20,8678.5
52,8680.1
36,8680.4
42,8683.9
19,8685.8
45,8687.8
31,8688.0
6,8688.0
9,8688.5
49,8688.6
43,8689.2
34,8689.4
58,8689.5
50,8689.7
26,8690.6
37,8691.9
55,8692.3
14,8692.5
15,8692.7
61,8693.1
16,8693.2
47,8693.2
13,8694.3
35,8694.5
62,8694.9
29,8695.1
5,8695.2
8,8695.2
57,8695.3
27,8696.2
46,8696.4
11,8696.7
39,8696.8
3,8697.4
60,8697.5
10,8698.0
48,8698.4
56,8700.0
44,8700.1
25,8700.6
2,8701.7
24,8702.2
12,8702.8
22,8703.1
4,8703.8
51,8704.5
53,8705.5
28,8705.8
0,8706.5
18,8708.0
36,8708.3
41,8708.4
30,8708.5
40,8708.6
23,8709.4
17,8710.1
59,8710.6
52,8712.4
33,8712.5
32,8712.7
7,8713.3
19,8713.3
54,8713.7
20,8714.0
21,8714.3
34,8714.8
45,8714.9
42,8715.5
6,8715.9
1,8716.0
58,8716.5
49,8717.0
38,8718.3
50,8718.9
9,8719.1
55,8719.7
27,8720.5
13,8720.6
14,8720.9
11,8720.9
43,8721.4
16,8721.4
37,8722.0
15,8722.4
39,8722.4
31,8722.8
62,8723.5
61,8723.9
60,8724.6
57,8725.0
47,8726.3
26,8726.5
35,8726.5
48,8728.1
3,8730.8
2,8731.4
0,8732.6
29,8735.6
46,8736.0
4,8738.0
44,8740.2
23,8741.9
20,8751.1
11,8764.7
40,8765.2
36,8769.8
59,8772.0
41,8772.0
34,8774.0
19,8775.1
14,8777.3
60,8778.6
51,8779.9
55,8782.8
30,8783.6
15,8783.9
17,8784.6
18,8785.3
52,8785.7
20,8786.4
16,8788.4
2,8788.8
11,8790.0
58,8790.3
62,8791.5
61,8791.5
57,8794.2
40,8796.0
47,8798.0
39,8798.7
50,8800.4
36,8807.6
49,8809.1
34,8814.4
14,8815.0
6,8815.6
0,8821.5
1,8825.5
51,8830.0
27,8830.1
15,8837.9
11,8840.2
60,8846.0
56,8847.2
42,8850.7
40,8852.4
14,8854.8
55,8855.4
52,8855.4
25,8856.3
36,8857.3
2,8857.8
59,8859.0
16,8860.2
47,8860.4
61,8860.5
20,8860.7
11,8861.1
57,8861.4
58,8861.6
30,8861.7
17,8862.6
51,8862.6
49,8862.9
62,8862.9
19,8864.2
12,8864.5
27,8865.2
29,8865.7
26,8865.9
1,8866.8
3,8867.5
53,8867.7
15,8867.7
38,8867.9
50,8868.1
6,8868.2
41,8868.4
7,8868.7
34,8869.4
18,8870.1
39,8870.8
10,8871.2
46,8872.2
44,8873.2
60,8874.4
54,8875.4
32,8876.6
48,8877.2
24,8877.2
4,8878.9
0,8881.3
40,8882.2
43,8882.4
55,8883.1
14,8883.4
37,8884.1
11,8884.1
52,8884.5
36,8885.2
57,8885.8
23,8886.1
45,8886.1
5,8886.5
62,8887.6
8,8888.2
2,8889.0
13,8889.3
17,8889.7
27,8890.6
51,8891.0
28,8891.4
31,8891.6
56,8892.2
58,8893.0
30,8893.1
25,8893.3
59,8893.8
16,8895.2
42,8895.3
61,8895.3
20,8895.6
47,8895.6
9,8895.9
19,8896.3
34,8897.0
33,8898.7
39,8900.2
49,8900.3
22,8902.4
6,8903.1
26,8903.8
3,8903.9
15,8904.7
12,8906.2
29,8907.5
0,8911.5
18,8913.1
44,8921.8
11,8924.3
2,8925.1
23,8925.4
14,8926.2
40,8926.4
36,8926.8
1,8926.9
60,8929.2
46,8930.5
51,8930.9
62,8931.5
52,8933.5
57,8934.5
55,8936.2
27,8941.9
47,8942.9
20,8946.2
11,8947.5
15,8948.1
62,8955.4
57,8958.4
34,8959.8
40,8960.0
61,8965.2
14,8966.4
2,8966.6
44,8969.0
43,8969.5
17,8969.6
29,8973.9
39,8976.0
55,8976.2
60,8978.9
36,8985.2
11,8994.0
0,8994.1
49,9004.8
26,9009.7
41,9009.9
16,9010.3
59,9010.4
58,9012.5
53,9013.9
7,9014.2
11,9014.6
25,9015.2
6,9015.6
60,9016.2
55,9016.3
40,9016.7
14,9016.8
50,9017.7
36,9019.0
47,9019.2
62,9020.0
52,9020.2
57,9020.8
4,9020.8
51,9021.6
15,9021.8
17,9022.2
2,9022.6
30,9022.8
34,9023.1
61,9023.4
1,9023.8
27,9024.1
29,9025.0
20,9027.3
45,9031.0
48,9031.5
39,9032.1
18,9032.4
24,9032.6
19,9034.1
55,9034.8
5,9035.0
11,9036.5
46,9036.8
54,9037.7
49,9038.5
43,9039.3
3,9039.7
62,9040.2
0,9040.3
57,9041.0
32,9041.1
10,9042.1
23,9042.2
44,9042.5
56,9043.5
26,9043.5
60,9044.1
16,9044.2
12,9044.7
42,9044.8
59,9045.2
13,9046.2
34,9046.2
37,9046.2
40,9046.4
36,9047.6
38,9048.5
14,9049.1
58,9049.2
6,9049.4
25,9049.6
41,9050.9
31,9051.2
4,9051.8
52,9055.0
47,9055.9
28,9056.7
27,9057.0
50,9057.8
53,9058.1
35,9058.7
2,9059.5
17,9059.8
51,9060.6
30,9060.7
9,9061.0
15,9062.0
39,9062.9
55,9063.7
8,9063.9
11,9065.8
20,9068.7
21,9070.0
24,9070.7
0,9071.1
29,9073.7
23,9076.6
1,9079.3
42,9089.9
40,9105.5
14,9124.6
57,9188.8
62,9209.6
60,9213.4
34,9219.7
49,9220.0
61,9224.7
18,9228.1
12,9231.3
7,9236.0
3,9236.1
19,9238.9
45,9239.3
5,9243.0
46,9243.1
54,9243.2
11,9245.1
48,9246.0
22,9248.0
27,9257.7
36,9258.8
34,9265.1
14,9265.3
60,9266.4
33,9266.7
55,9267.1
0,9268.9
57,9269.3
28,9270.7
50,9271.2
2,9271.5
17,9272.7
8,9273.3
4,9273.6
62,9273.9
20,9274.0
42,9274.0
30,9274.5
45,9275.9
15,9277.0
61,9277.0
10,9279.7
51,9279.9
58,9283.7
11,9284.8
52,9284.9
37,9285.7
59,9287.2
43,9287.7
13,9287.8
29,9288.6
49,9289.2
27,9290.2
40,9291.3
19,9291.8
6,9292.0
18,9292.0
39,9292.1
47,9292.7
36,9293.0
16,9293.0
31,9293.4
5,9293.5
3,9294.0
26,9294.4
24,9294.4
48,9294.6
25,9294.8
34,9295.7
9,9296.2
46,9297.5
12,9297.8
0,9299.2
35,9299.6
60,9300.4
44,9300.5
23,9301.3
14,9301.5
4,9301.7
32,9304.4
2,9304.5
17,9304.6
28,9304.6
55,9304.7
38,9306.4
57,9307.6
45,9307.6
30,9307.6
41,9308.2
54,9308.5
62,9308.9
11,9308.9
51,9309.2
20,9309.6
50,9311.0
8,9311.0
58,9311.5
10,9311.6
21,9311.8
33,9312.5
52,9312.5
15,9312.6
37,9313.9
42,9314.2
56,9314.3
61,9314.9
53,9315.0
13,9315.3
59,9316.4
1,9316.5
27,9316.8
39,9317.0
40,9319.4
19,9319.6
36,9319.9
43,9320.7
48,9321.6
49,9321.7
29,9322.3
24,9324.4
0,9325.0
5,9325.1
34,9325.7
47,9326.1
18,9326.8
3,9327.7
60,9329.4
2,9332.1
23,9333.2
4,9333.9
44,9336.3
11,9338.3
22,9339.6
20,9343.3
14,9360.3
57,9360.9
41,9370.5
62,9373.1
16,9393.0
55,9393.1
58,9394.3
17,9398.5
14,9399.0
38,9399.0
51,9399.7
11,9400.1
30,9400.2
50,9404.7
15,9404.8
60,9406.9
20,9407.4
59,9408.6
6,9410.0
2,9411.8
61,9413.0
39,9413.2
7,9413.4
47,9418.4
40,9418.5
49,9418.8
62,9419.5
55,9423.0
16,9423.2
36,9424.1
33,9426.0
57,9426.0
1,9427.3
34,9428.1
19,9428.6
58,9429.7
11,9430.2
35,9430.7
25,9431.0
26,9431.7
27,9432.1
14,9432.8
46,9435.1
3,9435.6
0,9436.4
51,9439.3
54,9439.6
30,9441.0
45,9441.4
56,9442.0
18,9442.5
12,9445.1
17,9445.9
15,9446.4
52,9447.8
60,9449.2
2,9449.4
23,9450.9
37,9452.9
59,9453.5
44,9455.1
29,9455.2
48,9455.5
40,9457.3
11,9457.9
39,9459.1
50,9459.6
13,9460.0
42,9461.1
28,9462.0
24,9462.2
4,9463.2
47,9463.3
61,9463.4
19,9464.3
57,9465.6
62,9465.7
10,9466.0
38,9466.0
27,9466.6
20,9466.9
55,9467.2
36,9468.1
14,9468.5
0,9470.7
9,9471.1
34,9471.7
31,9472.2
49,9472.5
58,9472.9
43,9473.3
3,9473.4
16,9474.3
6,9476.2
11,9476.9
51,9477.5
15,9478.3
35,9478.8
2,9479.2
25,9479.2
1,9479.9
26,9480.3
30,9480.3
17,9480.7
59,9480.8
8,9481.2
60,9481.3
46,9481.6
45,9481.8
7,9482.4
33,9483.1
12,9483.2
29,9483.8
5,9484.0
48,9484.4
41,9484.6
22,9484.9
39,9485.2
53,9485.3
32,9485.8
18,9486.1
40,9486.9
13,9487.3
52,9487.6
47,9487.8
44,9488.1
50,9488.6
54,9489.1
37,9490.2
23,9490.3
14,9490.6
56,9491.3
55,9491.5
61,9491.9
27,9492.5
62,9493.0
19,9494.3
4,9494.5
57,9494.5
36,9495.7
21,9495.8
20,9496.1
24,9497.9
42,9498.1
0,9498.5
11,9499.6
28,9500.7
10,9501.0
2,9506.3
1,9522.2
16,9554.9
15,9555.3
60,9557.8
58,9558.5
14,9562.3
11,9563.3
17,9564.3
51,9567.2
59,9569.0
55,9573.6
30,9574.8
16,9586.8
47,9586.9
40,9598.3
20,9600.9
14,9608.2
54,9630.3
49,9637.0
11,9637.4
38,9638.8
29,9639.5
14,9640.6
16,9641.3
55,9644.8
15,9645.0
26,9646.5
6,9646.9
25,9647.3
47,9647.8
58,9648.1
60,9648.1
2,9648.6
17,9649.3
34,9650.2
59,9650.6
39,9651.9
30,9652.3
51,9653.3
54,9655.5
1,9656.4
20,9656.4
62,9658.9
61,9659.3
27,9660.8
57,9661.2
50,9663.5
40,9663.5
11,9664.5
16,9664.6
18,9665.2
36,9665.7
31,9666.0
7,9667.0
3,9671.4
4,9671.8
19,9672.1
13,9673.8
0,9674.8
52,9676.4
9,9676.5
45,9676.5
56,9676.7
14,9677.7
29,9680.0
49,9681.2
23,9682.6
54,9684.1
60,9684.2
12,9685.0
53,9685.0
58,9685.2
48,9685.3
43,9685.7
51,9686.0
55,9686.2
33,9687.4
15,9687.8
17,9688.8
6,9689.6
26,9690.0
2,9690.1
46,9690.5
47,9690.8
44,9690.9
25,9691.0
24,9691.6
30,9691.6
34,9692.7
39,9693.7
8,9694.1
27,9694.7
11,9695.1
59,9697.3
37,9697.5
57,9698.9
42,9699.9
5,9700.3
36,9701.8
62,9702.2
28,9702.6
16,9703.2
4,9705.0
35,9705.4
0,9705.5
40,9705.6
61,9706.7
19,9708.2
20,9710.6
32,9711.3
13,9712.1
3,9712.3
14,9713.6
52,9714.2
29,9714.3
18,9714.3
31,9714.5
10,9715.1
41,9716.2
23,9716.2
45,9716.7
60,9716.8
1,9716.9
50,9719.6
9,9720.2
58,9720.4
51,9720.8
48,9721.5
55,9721.6
49,9721.8
11,9722.5
15,9723.5
2,9725.9
27,9727.1
17,9729.3
39,9730.3
43,9732.9
47,9736.9
0,9740.3
44,9744.5
42,9750.7
23,9759.8
40,9771.6
21,9782.0
62,9788.5
46,9821.2
28,9835.8
57,9853.2
34,9861.1
26,9861.2
54,9864.1
33,9864.2
30,9865.0
6,9865.8
11,9868.9
12,9871.7
36,9873.5
59,9879.5
24,9879.7
5,9880.8
25,9884.7
56,9886.4
4,9886.9
0,9890.4
7,9893.0
40,9894.0
60,9894.4
8,9895.3
38,9895.8
51,9898.4
37,9899.4
58,9900.1
39,9900.5
19,9901.7
27,9902.1
13,9903.7
55,9904.0
2,9905.0
52,9906.4
42,9906.7
45,9906.8
47,9908.3
10,9908.6
28,9909.2
50,9909.5
48,9910.6
20,9911.4
23,9911.7
11,9912.9
14,9914.0
3,9914.0
12,9914.2
57,9915.2
36,9916.1
29,9917.3
16,9918.4
5,9918.5
34,9919.0
30,9920.0
62,9920.0
4,9920.2
49,9920.2
18,9921.2
15,9921.3
43,9922.3
59,9923.4
26,9924.7
25,9925.1
9,9925.3
61,9925.9
0,9926.6
17,9927.6
27,9927.6
32,9927.7
33,9928.0
40,9928.0
39,9928.1
51,9928.2
41,9928.5
60,9929.1
6,9929.1
31,9929.5
46,9930.1
58,9930.6
35,9930.7
24,9931.9
44,9933.7
55,9933.7
21,9933.8
8,9933.9
13,9934.7
54,9935.3
2,9935.6
37,9936.1
52,9936.6
19,9936.7
1,9937.0
38,9937.3
22,9937.3
11,9937.7
45,9938.0
48,9938.3
28,9939.3
53,9939.6
10,9940.1
7,9940.7
50,9940.8
23,9941.4
56,9941.4
36,9942.0
3,9943.8
47,9944.3
14,9944.5
20,9944.5
57,9944.7
42,9945.2
12,9945.2
5,9945.5
4,9946.6
29,9947.2
34,9948.2
62,9948.4
59,9948.9
30,9949.2
16,9950.7
0,9950.8
39,9952.1
18,9952.3
15,9954.3
27,9955.2
40,9955.2
51,9956.6
60,9959.5
43,9960.3
2,9964.3
11,9972.5
