10,5.2
33,5.6
12,6.5
13,6.8
11,6.9
19,6.9
9,7.7
5,7.8
15,8.0
38,8.5
30,9.1
26,9.2
40,9.8
25,10.7
17,11.5
42,11.7
44,11.8
6,12.3
28,12.7
51,12.9
7,13.4
8,13.5
20,14.2
35,14.6
22,14.6
61,14.8
3,15.4
33,15.9
57,16.0
46,16.5
19,16.9
48,18.5
49,19.0
53,19.1
24,19.3
60,20.3
12,20.7
25,21.0
26,21.3
21,21.3
5,21.4
10,21.7
11,21.7
50,22.2
38,22.5
4,23.1
42,23.3
32,23.7
8,23.8
52,24.3
51,24.5
16,25.5
17,26.0
59,26.1
7,26.5
6,26.6
44,27.3
22,27.4
36,27.4
3,27.7
45,27.8
40,28.8
0,28.8
47,29.1
34,29.1
30,30.2
57,30.7
19,30.8
61,31.1
53,31.2
35,31.5
33,31.6
4,32.1
11,33.3
10,33.5
31,34.0
46,34.2
48,34.3
21,34.4
28,34.5
25,34.6
58,34.6
13,34.9
60,34.9
20,35.9
26,36.2
16,36.3
51,36.4
6,36.9
17,37.1
38,37.1
7,37.5
50,37.5
27,37.6
12,37.6
42,38.6
37,39.0
15,39.0
5,39.8
49,39.8
22,40.2
23,40.8
8,41.2
61,41.7
0,41.9
4,42.3
56,42.6
45,43.0
3,43.0
34,43.3
53,43.6
40,43.8
10,44.1
19,44.4
47,44.5
52,45.6
25,46.0
29,47.7
13,48.1
58,49.2
41,49.3
16,50.3
57,50.9
42,51.0
9,51.1
14,51.4
51,53.1
17,53.3
6,53.4
3,53.9
8,53.9
45,54.8
62,55.1
61,55.3
12,55.6
37,56.0
36,56.3
15,56.4
0,56.6
7,57.2
27,57.3
10,57.3
25,57.4
53,57.7
34,59.3
1,59.9
23,60.1
52,60.6
33,60.8
28,61.3
38,61.5
58,63.1
56,64.1
57,64.2
6,64.5
48,64.9
19,65.0
3,65.9
31,66.6
55,67.2
7,67.9
9,68.6
16,68.7
42,69.0
25,69.4
45,69.8
2,70.1
21,70.8
34,71.2
37,71.6
53,71.7
1,72.5
26,73.1
13,73.1
4,73.4
58,74.1
24,74.8
46,74.9
22,75.4
36,75.4
19,76.1
33,76.1
15,77.4
8,77.6
38,77.8
60,78.3
5,79.3
20,79.5
49,79.6
23,79.6
7,79.9
51,80.7
12,80.8
61,81.0
6,81.4
25,81.6
9,81.6
41,81.8
42,82.1
48,82.5
39,84.4
10,84.9
33,86.6
19,87.3
14,87.5
3,87.6
36,88.1
56,88.4
53,88.6
2,90.6
37,91.0
52,91.2
1,91.3
26,91.4
62,92.0
8,93.3
5,93.3
21,93.4
60,93.6
50,94.0
22,94.1
9,94.7
47,95.3
51,95.3
23,96.1
7,97.0
17,98.0
40,98.5
10,98.8
19,99.3
24,100.0
3,100.4
42,100.5
61,100.6
44,100.6
31,101.8
6,102.1
0,102.8
25,104.2
53,104.7
34,104.8
38,105.5
41,106.1
12,106.4
28,106.7
60,106.9
16,107.1
55,107.6
8,107.7
26,107.8
54,107.8
9,107.9
47,108.2
49,109.1
45,109.2
32,110.2
52,110.8
5,111.2
61,112.5
3,112.7
23,112.9
6,113.2
40,114.0
35,114.7
51,114.8
19,114.8
48,115.5
50,115.6
0,115.9
34,116.2
7,117.0
42,117.2
44,117.3
60,117.3
53,118.2
21,118.5
8,118.8
37,118.9
1,120.2
20,120.3
16,120.4
36,121.0
10,121.2
22,121.4
47,121.5
25,121.5
58,121.8
32,123.9
6,124.1
38,124.1
61,125.0
49,125.6
12,125.9
19,126.2
40,126.2
28,127.2
15,127.7
26,127.8
2,128.1
48,129.0
60,129.2
9,129.3
0,129.3
56,131.1
50,131.1
5,131.1
4,131.7
53,131.8
14,132.1
11,132.6
25,133.6
22,135.1
3,135.3
21,135.7
8,136.6
16,136.8
33,136.9
44,137.0
10,137.3
29,137.7
40,138.2
9,139.4
32,139.4
51,139.4
6,139.4
38,139.5
60,139.6
42,140.2
19,140.3
1,141.4
26,141.4
50,141.5
12,142.1
58,142.9
28,142.9
56,144.4
48,144.9
25,145.5
53,145.5
52,145.7
17,146.0
46,146.1
0,146.2
47,146.9
8,148.0
49,148.1
11,148.3
5,148.7
33,148.7
44,149.5
6,150.0
21,150.4
60,151.4
19,151.9
29,154.4
57,155.7
54,155.9
13,156.0
1,157.5
30,157.7
12,158.5
53,158.5
8,158.5
25,158.8
22,159.0
50,159.6
17,159.9
3,160.3
6,160.4
16,160.4
38,160.9
26,160.9
15,161.4
42,161.5
58,161.6
9,161.7
59,161.7
46,161.9
41,162.2
52,162.3
33,162.4
19,162.9
32,164.4
5,164.6
11,165.4
0,167.0
23,167.2
44,167.7
21,167.7
55,168.3
60,168.4
29,168.9
2,170.1
25,170.2
3,171.1
6,171.2
51,171.3
22,171.4
24,171.6
53,172.4
56,173.0
1,173.2
13,173.3
16,173.6
9,174.7
19,174.9
34,175.1
8,175.2
35,175.7
20,176.0
42,176.6
17,177.0
11,177.1
57,178.0
5,178.3
38,178.3
15,179.0
47,179.4
60,180.1
33,180.4
12,181.3
25,181.6
54,182.0
46,182.4
32,182.9
6,183.8
48,184.5
0,184.6
55,185.5
9,185.6
61,186.4
8,186.7
22,187.0
51,188.0
53,188.0
11,188.7
13,188.9
3,189.3
26,189.4
57,189.6
2,190.2
47,190.4
60,190.6
44,191.0
42,191.0
10,191.1
20,191.3
1,192.0
16,192.0
38,192.3
33,192.4
41,192.7
5,193.4
19,193.4
25,193.7
46,193.8
29,194.1
52,194.3
6,194.6
56,195.7
32,196.8
34,197.6
27,197.6
0,198.0
55,198.1
14,198.3
12,199.1
22,200.0
8,200.4
61,201.7
13,202.0
11,202.0
48,202.3
45,202.5
60,203.2
50,203.3
57,203.8
47,205.1
19,205.1
31,205.2
33,205.7
53,205.7
3,205.8
58,205.8
6,206.3
37,207.2
35,207.3
28,207.7
25,207.9
17,208.8
38,209.6
44,209.7
9,210.1
52,210.9
21,211.1
22,212.4
29,212.4
32,213.1
7,213.3
5,213.7
24,214.1
0,214.5
27,214.6
60,214.6
8,214.9
49,215.6
11,216.0
46,216.0
30,216.6
45,216.7
16,216.7
20,216.8
12,217.8
33,217.9
50,218.3
51,218.4
14,219.1
13,219.8
58,219.8
25,220.1
62,220.3
56,220.6
6,221.2
23,221.6
37,222.0
10,222.5
54,222.6
3,224.1
35,224.3
22,224.3
7,224.5
21,225.1
44,225.3
34,226.9
57,227.5
16,227.9
53,227.9
4,227.9
49,228.1
46,228.2
5,228.3
28,228.7
2,228.9
26,229.1
48,229.3
40,230.5
58,230.8
32,230.9
45,231.0
25,232.4
6,232.7
11,233.3
10,233.7
61,233.8
17,235.1
3,237.2
23,237.7
4,237.9
22,238.2
12,238.3
62,238.6
33,238.8
16,239.0
47,239.8
44,239.8
21,241.8
42,242.2
7,242.7
19,242.8
6,242.9
41,243.2
35,243.6
9,243.7
25,243.9
5,243.9
29,244.1
26,244.5
49,244.8
38,246.1
45,246.6
37,246.6
61,247.3
40,247.4
30,248.0
48,248.4
10,248.5
53,248.6
17,249.1
4,249.4
50,250.2
11,250.3
33,250.4
36,250.7
24,250.9
58,250.9
0,251.0
15,251.7
16,252.1
22,253.1
46,253.1
7,253.7
44,253.8
56,253.8
12,254.4
19,254.6
32,254.9
6,255.1
21,255.5
42,255.7
9,255.7
26,256.1
35,257.4
13,257.5
60,257.6
48,257.9
23,258.0
62,258.2
52,258.4
27,259.1
4,259.5
1,260.1
49,260.2
25,260.5
5,260.6
3,260.9
10,261.0
0,261.5
37,261.7
38,262.8
50,263.8
61,265.0
17,265.3
44,266.1
6,266.3
55,266.4
34,266.4
14,267.0
19,267.2
53,267.6
26,268.6
20,268.9
57,268.9
29,270.1
58,270.2
9,270.4
21,270.6
7,271.7
25,271.7
3,272.1
39,272.5
1,273.0
46,273.1
33,273.7
45,274.4
4,274.7
40,275.0
5,275.1
60,275.4
36,275.6
8,276.4
15,277.3
6,277.7
38,278.2
22,278.3
28,278.4
51,278.8
12,278.9
16,279.0
49,279.6
50,279.9
44,280.3
61,280.5
17,280.9
59,280.9
10,281.0
19,281.6
0,282.0
41,282.0
9,282.6
56,282.9
21,283.4
7,283.6
3,283.7
20,284.4
34,284.5
42,284.8
25,285.2
48,285.5
29,285.5
33,285.7
53,285.8
23,285.9
60,286.2
8,287.1
57,287.2
1,287.6
45,288.9
6,289.8
5,290.3
50,290.5
51,291.5
10,292.3
19,292.6
11,292.7
38,293.0
3,293.3
4,293.8
39,294.4
15,295.1
25,295.7
16,295.7
48,296.2
12,297.9
17,298.1
42,298.8
7,299.0
8,299.0
60,299.6
6,300.3
23,300.3
29,300.3
44,301.7
2,301.7
34,302.2
45,302.3
53,302.3
50,302.6
10,302.8
1,302.9
21,303.3
19,303.6
32,306.2
4,306.3
5,307.2
14,308.3
58,308.8
31,308.8
8,309.3
11,309.5
9,309.6
17,310.1
6,310.1
26,310.2
61,310.9
23,311.1
25,311.2
7,311.2
38,311.7
16,312.1
50,312.2
60,312.3
49,312.4
42,312.7
34,312.7
3,313.2
0,313.3
10,313.4
56,314.6
48,314.7
20,316.7
57,316.9
22,316.9
1,318.0
2,318.0
4,318.6
53,318.7
5,319.3
29,320.0
6,320.2
19,320.3
9,321.6
23,322.0
11,322.3
17,322.4
34,322.9
33,323.0
61,323.6
12,323.9
41,324.3
3,324.4
10,324.8
48,325.4
21,325.5
49,326.0
16,326.1
50,326.8
25,326.9
42,327.8
4,328.2
30,328.3
7,328.6
38,329.0
55,329.1
51,329.7
14,330.5
6,330.7
8,330.8
2,331.1
45,331.2
56,331.4
53,331.4
5,331.4
57,331.5
60,332.2
19,332.7
1,332.8
34,333.2
15,333.5
26,333.5
17,333.9
9,334.0
29,335.3
22,336.8
3,337.1
24,338.4
47,338.6
12,339.0
33,339.1
21,339.6
23,340.7
51,341.1
49,341.9
61,342.4
8,342.4
45,342.9
48,343.3
38,343.5
30,344.0
53,344.1
19,344.2
56,344.7
26,344.9
25,345.6
6,346.3
10,346.5
4,348.1
14,348.5
3,348.6
42,348.9
1,349.2
44,349.2
0,350.0
55,350.1
22,350.6
5,350.6
17,350.8
34,350.8
60,351.1
29,351.8
23,352.6
50,352.9
58,354.5
47,354.7
9,355.3
21,355.7
49,356.5
53,356.6
52,356.8
2,357.5
51,358.5
19,359.8
4,359.9
6,360.4
34,360.6
56,360.9
25,361.1
8,361.1
62,361.5
10,362.0
60,362.0
1,362.6
7,363.3
61,363.6
38,363.7
26,364.8
47,365.2
5,366.0
12,366.2
42,366.8
3,367.9
33,368.0
23,368.2
0,368.4
57,368.6
4,369.3
41,369.6
58,369.7
21,370.2
32,370.3
24,370.5
51,371.0
46,371.1
49,371.2
19,371.2
6,372.6
52,373.1
2,373.3
25,373.9
53,374.9
61,375.5
37,376.4
60,377.1
8,378.1
1,378.8
48,379.0
40,379.0
42,379.2
62,379.3
5,379.7
3,379.7
47,379.8
26,381.2
56,381.4
6,382.3
46,382.9
32,383.0
17,383.1
33,383.4
49,383.6
21,383.8
29,384.6
34,385.1
57,385.2
22,385.4
19,385.7
24,385.7
25,385.9
52,386.3
61,386.5
58,386.7
51,386.8
28,387.4
38,387.7
8,388.1
45,388.5
14,388.7
10,388.9
53,389.1
48,389.1
16,389.7
3,390.0
40,391.5
6,391.8
42,392.4
26,393.4
60,393.6
47,394.9
17,394.9
5,395.0
39,395.2
27,395.3
21,396.3
13,396.3
22,396.4
4,397.5
19,397.6
32,398.6
51,399.1
25,399.3
8,399.8
46,400.4
34,400.4
12,400.5
62,401.1
45,402.0
6,402.7
56,403.4
61,403.4
49,403.7
58,403.7
52,403.8
53,404.7
48,404.8
60,405.0
28,406.0
40,406.7
47,407.0
31,407.1
3,408.6
35,409.0
16,409.0
4,409.5
8,410.0
19,410.9
51,411.1
25,411.4
42,411.4
11,411.6
17,411.6
5,411.9
26,412.1
44,412.6
57,412.8
14,412.8
13,413.4
22,414.2
6,414.9
58,415.3
23,415.5
56,416.0
12,416.9
47,417.9
36,419.0
62,419.5
21,419.6
15,419.9
33,420.3
9,421.0
61,421.1
8,421.3
16,421.4
4,421.8
1,422.3
49,422.5
26,422.5
31,422.7
5,423.4
17,423.4
42,423.5
45,423.7
38,423.9
44,424.1
19,424.3
11,424.3
55,424.9
23,425.6
53,426.1
57,426.6
27,427.5
14,428.3
59,428.5
22,428.6
52,428.9
47,429.1
35,429.5
32,429.8
56,430.0
25,431.5
6,433.2
16,434.4
40,434.8
46,434.9
33,435.1
45,435.5
19,435.5
4,435.8
17,435.9
10,435.9
9,436.4
15,437.2
5,437.4
23,437.9
21,438.1
30,438.2
51,438.4
3,438.6
8,438.8
26,439.6
22,440.1
62,440.1
31,440.7
35,440.9
0,441.1
53,441.9
49,441.9
12,442.0
29,442.1
1,442.4
50,442.9
24,443.1
37,443.2
6,443.6
11,443.8
44,444.3
36,444.4
42,444.9
10,446.0
59,446.0
25,446.3
40,446.8
47,447.7
33,447.9
8,448.0
16,448.1
48,448.2
3,448.4
4,449.3
28,449.4
57,449.9
51,450.1
60,450.5
5,452.3
19,452.3
21,453.2
6,453.8
17,455.7
49,455.7
46,456.4
56,456.4
20,456.7
10,456.8
26,457.0
53,458.3
12,458.3
3,458.4
36,458.6
42,459.1
22,459.3
8,459.3
9,459.4
58,459.4
33,459.8
16,460.4
35,460.6
38,461.3
55,461.3
48,461.6
4,461.9
29,462.0
59,462.1
25,462.3
57,462.3
31,463.4
19,463.6
6,464.1
15,464.3
11,464.8
44,465.0
60,465.4
50,465.8
5,466.5
27,467.5
34,468.1
8,468.5
17,469.4
47,470.2
51,471.0
3,471.2
42,471.7
45,472.0
22,472.1
61,472.8
58,473.2
35,473.4
6,474.0
49,474.8
12,475.0
25,475.0
19,476.0
30,476.4
53,476.7
1,476.7
9,477.3
60,477.5
33,477.7
16,477.8
29,478.1
24,478.7
56,478.7
57,478.7
52,479.1
10,479.7
5,479.9
32,480.1
15,480.3
28,480.8
8,481.1
47,481.1
17,481.1
34,481.3
38,481.4
45,482.9
26,483.1
31,483.1
55,484.3
61,484.7
25,485.7
3,486.1
44,486.2
48,487.1
50,487.4
9,487.5
36,487.5
20,487.6
54,488.6
60,488.7
22,488.7
16,488.9
6,489.0
35,489.2
49,489.7
12,489.8
19,490.1
53,490.4
33,490.9
14,491.8
32,492.2
30,492.2
56,492.3
28,492.4
47,492.4
27,493.0
52,494.3
1,495.4
5,496.2
57,496.2
51,497.2
9,497.8
26,498.4
61,498.4
48,499.0
38,499.6
11,499.8
6,500.0
40,500.1
8,501.2
16,501.5
29,501.7
19,501.8
49,502.6
55,503.4
23,503.4
44,503.6
25,504.6
50,504.6
33,504.6
0,505.8
7,505.9
47,506.7
57,507.5
12,507.6
21,507.6
3,508.0
45,508.3
28,509.4
9,509.4
32,509.5
60,509.8
51,510.6
42,510.6
8,510.6
13,511.0
53,511.3
56,511.4
6,511.7
11,511.8
10,511.9
22,512.4
54,512.7
5,512.8
15,513.7
19,513.9
40,513.9
46,514.3
48,514.4
16,514.9
44,516.0
62,516.1
50,516.5
33,516.7
25,516.9
4,517.0
2,517.0
26,517.0
57,518.0
36,519.2
58,519.4
9,519.6
29,520.6
21,520.8
30,520.8
8,521.1
7,521.9
47,522.0
49,522.0
60,523.6
17,524.1
23,524.2
56,524.4
12,524.8
19,524.9
53,525.4
59,525.4
52,525.8
6,525.9
22,526.1
48,526.2
11,526.5
0,526.6
51,526.7
4,526.7
13,527.7
50,527.8
1,527.9
57,528.1
25,528.2
32,529.4
31,529.8
15,530.3
2,530.8
58,531.4
44,532.6
35,532.9
8,534.0
5,534.8
49,535.1
47,535.1
30,535.1
9,535.2
3,535.2
10,535.3
61,535.5
48,536.4
19,536.8
6,537.4
60,537.8
57,538.1
46,538.6
33,538.7
38,539.1
29,539.4
0,539.4
25,539.5
4,539.5
37,540.1
50,540.6
51,541.5
11,541.5
45,541.7
22,541.9
52,542.0
21,542.0
1,542.5
26,542.5
16,543.9
56,544.9
8,545.2
13,545.8
12,546.7
6,546.9
9,546.9
15,547.0
10,547.5
35,547.9
2,547.9
53,548.5
19,548.6
61,549.0
47,549.3
36,549.7
46,550.6
4,550.8
0,551.4
25,551.4
7,551.9
34,552.0
37,552.7
29,552.9
57,553.0
51,553.1
3,553.8
27,553.8
45,554.0
60,554.9
38,555.1
21,555.7
49,555.8
22,556.1
33,556.3
1,557.1
26,557.1
9,557.2
11,557.3
16,557.5
10,558.2
6,558.3
42,559.1
8,559.8
17,560.2
48,560.7
31,560.8
61,561.0
50,561.2
53,561.3
18,562.7
0,562.9
13,563.4
3,564.4
7,564.8
29,564.9
52,565.2
59,565.3
12,565.9
57,566.0
45,566.0
60,566.8
56,567.0
34,567.8
2,568.5
25,568.7
47,569.4
26,569.5
8,569.8
51,570.9
46,570.9
5,571.0
6,571.2
17,571.3
37,571.6
4,571.7
38,571.9
9,572.2
53,573.0
21,574.0
44,574.1
15,574.2
16,575.0
3,575.3
1,575.5
10,575.6
29,575.7
19,576.3
23,576.8
32,577.6
12,579.4
33,579.5
34,579.7
46,580.9
8,580.9
45,581.4
58,581.4
48,581.4
51,581.8
47,582.0
0,582.0
7,583.0
59,583.4
6,583.5
36,583.6
25,583.7
4,583.8
56,584.8
61,585.5
2,585.6
5,586.4
44,586.5
17,586.5
55,586.7
50,587.1
13,587.7
11,588.1
38,588.2
30,589.1
53,590.3
29,590.6
15,590.8
12,592.4
47,592.7
48,594.1
9,594.5
45,596.4
25,596.5
51,596.8
34,597.3
36,597.3
8,597.6
3,597.7
46,598.1
0,598.4
6,598.5
20,598.6
19,598.8
32,599.2
11,599.4
50,599.5
44,599.7
7,599.8
13,601.4
2,601.4
60,601.6
38,601.8
22,602.8
17,603.4
29,603.5
9,603.8
40,604.0
61,604.2
48,604.5
42,604.7
53,604.9
30,605.5
31,606.3
47,606.4
26,606.8
25,607.4
51,610.2
19,610.3
55,610.6
3,610.9
0,610.9
12,611.1
24,611.9
2,613.0
11,613.1
28,613.5
48,613.7
17,613.8
21,613.9
6,613.9
52,614.5
20,614.5
14,615.3
35,616.3
38,616.5
45,616.6
7,616.7
16,616.8
47,616.9
5,617.0
9,617.1
26,617.3
46,617.3
53,617.5
50,619.0
60,619.5
42,619.5
29,619.7
8,619.9
10,620.4
25,621.2
3,621.3
61,621.8
51,622.0
13,622.9
4,623.5
44,624.2
2,624.7
31,625.4
40,625.6
6,625.7
17,625.7
48,627.2
7,628.8
19,628.9
47,629.1
37,629.4
8,629.7
5,630.0
16,630.1
0,631.6
53,631.7
45,631.9
10,632.3
15,632.8
38,633.0
35,633.3
42,633.3
4,633.6
9,633.9
29,634.0
51,634.8
50,634.9
25,635.0
21,635.1
23,635.4
26,635.6
20,636.7
3,636.9
46,637.2
48,637.6
61,637.7
57,637.8
13,638.9
6,639.2
7,639.4
39,639.5
19,640.4
17,640.6
8,640.8
12,641.0
1,641.3
5,644.2
45,644.3
9,644.7
47,645.6
4,645.9
23,646.0
53,646.0
51,646.6
26,648.4
25,648.7
0,648.7
2,648.8
10,649.5
14,649.8
15,649.9
37,650.2
7,650.4
6,650.4
31,650.9
29,651.0
48,651.5
57,652.6
38,653.1
56,653.2
19,653.7
8,653.8
40,654.1
42,654.4
61,655.2
4,655.7
12,655.9
34,656.9
32,657.6
44,658.5
45,658.5
21,659.8
23,659.9
7,660.3
22,660.4
5,660.8
0,661.2
60,661.3
17,661.4
53,661.4
39,661.6
6,661.7
48,661.8
25,662.0
50,662.5
35,662.7
16,662.8
10,663.2
14,663.9
56,665.3
4,665.4
2,665.4
8,667.1
11,667.3
37,667.5
51,667.5
42,670.2
38,670.5
23,670.6
19,670.7
58,671.2
50,671.2
31,671.4
49,671.4
62,671.5
44,671.8
60,672.0
12,672.2
7,672.3
3,672.7
13,673.0
9,673.2
17,673.2
45,673.2
6,673.7
53,674.2
47,674.7
22,674.9
25,675.0
27,675.4
2,675.9
5,676.1
4,676.3
10,676.4
34,676.5
16,677.0
0,677.0
48,677.2
35,678.9
21,680.5
51,680.9
3,682.2
7,682.5
23,683.0
50,683.3
6,683.3
9,683.6
17,683.8
11,684.0
19,684.6
15,684.7
36,684.8
52,685.0
29,685.2
25,685.5
44,685.6
47,686.2
60,686.7
2,687.2
53,687.2
57,687.3
12,687.6
56,688.4
48,688.5
0,688.7
37,689.0
58,689.1
5,689.2
49,689.2
8,689.3
27,689.4
10,693.0
7,693.3
16,694.0
33,695.0
26,695.1
17,695.4
61,695.5
21,695.6
35,695.6
3,695.7
32,696.2
45,696.5
47,696.7
6,697.1
19,697.5
1,697.7
44,698.0
52,698.4
53,699.9
8,700.0
51,700.2
12,700.3
23,700.8
42,701.1
25,701.3
57,701.6
38,701.9
50,702.7
58,702.8
2,703.7
5,704.0
30,704.1
0,704.6
3,705.4
20,705.6
60,705.8
33,705.9
48,706.3
7,706.3
14,706.6
6,706.8
47,707.4
55,707.6
9,707.7
32,707.8
19,708.9
45,709.0
17,709.0
44,709.6
56,710.0
11,710.9
61,711.2
51,711.3
34,711.7
28,711.7
49,712.5
23,713.2
12,714.1
0,714.4
16,714.4
8,714.6
53,714.8
25,715.4
3,715.5
26,715.5
22,715.7
52,716.1
42,716.3
30,717.0
58,717.4
9,717.8
5,718.2
6,718.5
47,718.8
10,719.6
45,719.8
7,719.8
19,720.2
32,721.2
17,721.6
34,722.1
44,722.2
51,722.3
11,722.6
61,723.1
33,724.1
15,724.5
8,725.0
38,725.1
40,725.7
25,725.9
29,726.8
14,727.1
46,727.6
60,727.7
16,727.9
62,728.3
42,728.4
47,728.5
53,729.0
56,729.4
6,729.5
12,729.7
23,729.7
5,729.9
30,729.9
0,730.0
45,730.4
48,730.7
28,730.9
49,731.2
54,731.4
55,732.0
21,732.1
34,732.3
7,732.3
1,732.4
9,733.2
51,733.3
11,733.5
58,733.5
10,734.0
22,735.0
44,735.5
24,736.2
8,736.6
13,737.6
19,737.6
40,738.1
32,739.8
25,740.0
61,740.8
52,741.0
15,741.2
53,741.3
38,742.4
6,742.7
17,742.7
5,742.7
50,743.0
54,743.2
56,743.4
48,744.3
10,744.4
45,745.7
26,745.9
14,746.1
2,746.4
3,746.4
58,746.6
29,748.2
21,748.2
8,748.2
34,748.4
19,748.9
12,749.3
22,749.5
51,749.7
36,749.9
42,750.3
25,750.6
11,751.1
35,751.6
40,752.3
53,752.4
9,752.5
32,752.5
47,752.6
24,752.7
46,752.7
7,753.0
44,753.3
17,753.7
27,754.0
6,754.4
30,754.7
13,754.9
61,755.2
5,755.2
28,755.3
62,756.7
10,757.4
3,757.9
26,758.1
20,758.9
0,759.0
34,759.2
15,759.6
55,760.4
48,761.4
11,761.6
29,761.6
19,761.6
37,762.2
60,762.2
54,762.8
14,762.9
42,763.4
12,763.9
46,764.2
56,764.3
17,764.7
2,764.9
53,765.5
8,765.6
9,766.0
51,766.1
7,766.4
61,767.2
47,768.4
41,769.1
0,769.6
22,769.9
5,770.6
25,770.7
16,771.0
35,771.1
33,771.2
26,772.3
6,772.6
49,772.9
40,772.9
19,773.0
48,774.2
28,774.3
56,774.4
50,774.6
11,774.8
52,774.9
27,775.0
54,775.1
34,775.5
21,775.7
9,775.7
57,775.8
13,775.8
15,776.0
37,776.1
32,776.2
42,776.5
7,776.6
29,776.7
12,776.9
3,777.9
8,778.0
31,778.3
38,778.5
44,778.9
36,779.6
55,780.0
2,780.4
10,780.7
51,780.7
22,781.2
4,781.8
17,782.0
14,782.6
0,783.5
60,783.5
45,783.5
16,783.9
19,784.1
61,784.5
6,784.7
5,784.8
47,784.8
26,786.3
33,786.4
24,787.4
46,787.6
53,787.7
25,788.1
34,788.2
50,788.6
37,788.8
12,789.1
8,789.3
7,789.9
13,790.3
9,790.4
57,790.5
2,790.7
15,791.6
39,791.7
56,792.8
22,792.9
17,793.4
4,793.4
23,793.6
21,793.6
54,793.8
44,794.7
10,794.9
49,794.9
48,795.0
45,795.0
14,795.2
52,795.2
6,795.3
29,795.3
38,795.4
47,795.5
31,795.7
11,798.3
25,798.6
41,799.0
61,799.2
0,799.3
50,799.4
26,799.6
16,800.1
19,800.4
2,800.6
8,800.7
9,801.0
51,801.2
33,802.0
13,803.4
4,803.6
57,803.7
53,804.0
56,804.2
10,804.6
23,804.9
17,805.0
6,805.0
22,805.4
55,806.3
59,806.9
5,807.1
21,807.1
1,808.1
45,808.7
15,809.0
25,809.1
3,809.4
24,809.8
12,809.9
31,810.4
34,810.4
37,810.9
47,811.2
60,812.1
7,812.5
51,812.6
50,812.8
14,813.1
30,813.2
26,813.3
33,813.4
44,813.4
11,813.5
8,813.7
48,814.7
16,814.7
49,815.1
52,815.1
9,815.1
23,815.6
53,815.7
46,816.2
38,817.5
6,817.6
17,817.6
56,818.1
13,818.7
10,818.9
58,819.2
21,819.4
5,819.7
19,819.8
57,819.8
59,820.5
55,821.3
22,821.5
12,822.2
15,823.2
25,823.4
8,823.9
3,824.0
29,824.2
48,825.2
60,825.4
1,825.5
9,825.9
30,826.0
42,826.1
61,826.2
46,826.5
52,826.7
37,827.3
24,827.3
31,828.2
16,828.7
26,829.1
17,830.2
6,830.5
11,830.6
51,830.6
53,830.8
58,831.0
33,831.3
56,831.3
38,831.3
55,831.7
7,832.0
47,832.7
19,833.1
23,833.2
25,833.7
50,834.0
5,834.4
48,834.5
12,834.8
40,835.2
44,835.8
57,836.3
8,836.7
2,837.0
0,837.4
42,838.0
21,838.2
45,839.0
3,839.3
29,839.3
9,839.5
46,840.3
1,840.3
15,840.3
22,840.3
26,840.5
33,840.5
52,841.5
51,841.5
53,841.9
24,841.9
4,842.1
31,842.5
16,843.6
48,843.9
7,844.3
47,844.5
17,844.8
25,844.8
50,845.2
10,845.3
19,845.4
12,846.2
37,846.5
61,846.5
38,847.4
58,847.5
55,847.5
30,848.2
3,848.4
34,848.6
56,849.3
9,849.3
8,849.3
49,849.7
13,850.0
44,850.3
27,850.3
45,851.3
57,851.5
0,851.5
33,851.8
6,852.0
4,852.3
51,852.5
46,852.7
1,852.9
42,853.7
53,854.3
5,854.5
47,854.5
52,854.5
25,855.0
17,855.6
48,855.7
21,856.0
41,856.0
29,856.8
19,857.9
11,858.0
34,858.2
24,858.5
15,858.5
7,859.3
12,859.4
58,860.1
31,860.5
61,860.6
6,862.1
26,862.3
30,862.4
14,862.5
59,862.6
50,862.8
37,863.6
48,864.4
38,864.6
52,865.5
60,865.6
47,866.4
25,866.7
5,867.4
45,867.9
51,867.9
3,868.0
4,868.4
53,868.7
11,868.9
49,868.9
19,869.1
16,869.4
33,869.5
42,869.6
8,870.0
46,870.0
21,870.8
22,870.8
32,871.4
1,871.5
56,871.5
34,871.8
28,871.9
57,872.3
15,872.9
27,873.0
6,873.1
24,873.1
17,873.4
12,875.6
30,875.8
60,876.1
58,876.2
48,876.2
52,876.4
7,876.8
4,877.1
25,877.5
0,877.8
55,877.8
47,878.8
9,879.0
8,879.2
13,879.8
38,880.2
31,880.9
51,881.3
53,882.0
11,882.8
42,882.9
5,884.3
21,884.5
6,885.3
33,886.0
37,886.1
1,887.0
14,887.1
2,887.6
25,887.6
48,887.7
57,887.8
56,888.1
0,888.2
12,888.3
58,888.4
16,888.7
28,888.7
15,888.9
7,889.0
52,889.3
47,889.8
60,889.9
32,889.9
29,890.1
9,890.4
55,891.3
3,892.3
51,892.6
13,892.8
53,893.1
22,893.7
40,893.7
23,895.1
38,895.2
42,895.3
34,895.3
31,896.5
50,897.1
21,897.4
26,897.7
25,898.3
11,898.5
24,898.7
5,898.9
8,899.4
30,899.6
1,900.2
12,900.4
27,900.6
9,901.7
36,901.8
44,901.9
32,902.0
7,902.9
2,903.1
29,903.6
33,903.7
56,903.8
60,903.8
15,903.9
61,903.9
0,904.7
51,904.7
4,905.0
6,905.2
52,906.3
46,906.4
14,906.4
17,906.5
53,906.8
19,907.3
62,907.9
13,908.1
49,908.1
47,908.2
41,908.3
57,908.9
8,909.0
25,909.2
10,909.4
22,909.5
38,910.3
9,911.0
26,911.4
42,911.9
28,912.0
48,912.1
5,912.8
44,913.3
11,913.5
1,913.8
34,915.0
21,915.3
12,915.4
30,915.4
0,915.8
55,915.8
16,915.9
7,916.0
4,917.2
53,917.2
58,917.8
36,917.9
17,917.9
46,918.0
23,918.1
15,918.9
45,918.9
3,919.1
35,919.3
10,919.4
61,919.5
51,919.5
19,919.7
57,919.9
37,920.1
52,920.5
25,920.6
22,920.7
60,920.7
49,921.0
27,921.5
32,921.8
24,921.9
8,922.3
41,922.3
9,922.4
38,923.1
42,924.4
11,924.5
56,924.6
5,924.8
28,926.7
13,926.7
16,927.1
12,927.1
31,927.4
29,927.5
6,928.0
17,928.5
46,928.5
30,928.9
26,929.1
1,929.2
34,929.6
53,929.7
7,929.9
21,930.0
25,930.6
4,930.6
0,931.4
49,931.7
52,931.7
10,932.1
19,932.2
57,932.4
44,932.5
48,933.3
9,933.5
58,933.5
47,933.9
35,934.5
36,934.6
11,935.1
15,935.9
60,936.1
22,936.4
33,936.9
20,937.0
5,937.2
51,937.6
16,937.9
8,938.2
28,939.0
12,939.1
7,940.0
53,940.1
61,940.1
6,940.9
25,941.1
45,941.1
14,941.2
30,941.5
13,941.6
46,941.9
31,943.1
4,943.3
48,943.4
17,943.7
56,943.8
40,944.2
47,944.7
52,944.8
11,945.3
0,945.5
10,945.6
35,945.7
49,945.8
19,946.1
1,947.1
51,948.2
36,948.4
9,948.6
42,948.6
22,948.8
7,950.0
15,950.2
8,950.5
32,950.9
6,951.0
53,951.2
29,951.2
58,951.4
25,951.5
2,953.1
5,953.5
12,953.8
38,954.3
33,954.3
13,954.4
34,954.8
17,955.1
48,955.3
57,955.4
26,955.5
56,955.7
14,955.8
16,956.2
0,956.5
46,956.9
3,957.2
52,957.2
30,957.4
9,957.7
11,958.6
50,958.6
10,958.7
28,959.2
49,959.4
40,959.7
45,959.9
19,960.0
4,960.2
8,960.2
42,960.7
7,960.7
1,961.2
47,961.5
51,961.7
25,962.6
22,962.6
2,962.7
53,962.8
36,962.8
23,962.9
15,962.9
6,963.4
35,963.7
32,964.5
33,965.5
44,965.8
26,966.6
29,966.8
31,967.0
14,967.1
12,967.8
0,968.7
38,968.7
21,969.0
16,969.3
30,969.3
55,969.3
17,969.4
9,969.6
4,969.7
3,969.8
28,970.6
49,971.2
5,972.4
50,972.5
61,972.8
8,973.0
34,973.2
51,973.4
11,973.4
46,973.6
48,973.8
52,973.8
10,974.2
53,974.4
13,974.5
25,974.7
19,974.8
7,975.2
54,975.5
36,975.8
45,976.1
15,976.1
2,976.5
56,976.7
42,976.9
18,977.4
14,978.3
0,978.4
35,978.9
3,979.6
44,980.2
12,980.4
9,980.5
22,980.9
38,981.1
17,981.3
50,981.9
16,982.5
34,982.8
32,982.9
21,983.2
8,983.2
6,983.4
23,983.6
58,983.8
49,984.0
29,984.6
51,984.7
53,984.7
43,985.0
33,985.3
30,985.3
46,985.5
26,985.6
25,985.7
19,986.3
55,986.7
13,986.8
7,986.9
48,987.2
28,987.2
10,987.3
11,988.2
56,988.6
52,989.3
9,990.6
42,990.6
5,990.8
54,991.1
61,992.0
12,992.3
22,992.5
20,992.7
0,993.0
36,993.1
34,993.6
3,993.7
2,994.4
58,994.5
14,994.7
4,994.7
45,995.1
51,995.2
35,995.3
15,995.4
50,995.7
23,995.7
25,995.8
8,995.9
47,996.7
17,996.9
21,996.9
53,996.9
62,997.0
26,997.3
32,997.5
44,997.7
16,997.8
29,997.9
31,998.2
7,998.3
38,998.4
19,998.9
33,999.5
6,999.9
54,1000.5
52,1000.7
49,1001.2
48,1001.2
30,1001.5
42,1002.4
9,1002.6
56,1002.9
37,1003.1
13,1003.5
27,1004.1
3,1004.7
41,1004.9
50,1005.1
60,1005.4
12,1005.6
51,1006.1
25,1006.3
47,1007.2
46,1007.6
45,1007.9
10,1008.1
53,1008.7
61,1008.8
26,1008.9
14,1008.9
8,1008.9
2,1009.2
7,1009.3
34,1009.4
44,1009.5
6,1010.1
36,1010.6
32,1010.9
19,1011.3
16,1011.3
29,1011.6
38,1011.6
58,1011.8
15,1012.0
22,1012.6
11,1012.8
23,1013.0
9,1013.1
21,1013.2
5,1013.4
62,1013.5
54,1014.1
52,1014.4
56,1014.6
42,1015.2
4,1015.2
30,1015.4
48,1016.2
40,1016.4
10,1017.1
50,1017.2
3,1018.2
31,1018.3
25,1018.5
51,1018.7
28,1018.7
46,1019.1
12,1019.7
47,1020.0
2,1020.1
61,1020.5
26,1021.0
55,1021.0
37,1021.4
32,1022.6
60,1022.8
22,1023.2
19,1023.5
35,1023.6
53,1023.8
17,1024.2
29,1024.8
33,1025.0
27,1025.1
0,1025.2
48,1025.3
23,1025.4
39,1025.5
21,1025.9
5,1026.0
11,1026.2
7,1026.5
8,1026.5
42,1026.6
1,1027.5
13,1027.6
4,1027.9
38,1028.0
50,1028.5
51,1028.8
44,1029.0
9,1029.0
15,1029.5
10,1030.3
47,1030.6
46,1030.7
31,1030.9
6,1031.1
3,1031.5
45,1031.8
34,1032.0
16,1032.8
25,1033.4
19,1034.4
12,1034.6
14,1035.1
35,1035.6
26,1035.7
49,1036.1
17,1036.2
8,1036.4
60,1036.7
40,1037.4
54,1037.4
56,1037.6
21,1037.6
28,1037.6
5,1037.9
2,1037.9
30,1038.7
50,1038.7
7,1038.8
52,1038.8
44,1039.5
22,1039.6
53,1039.8
61,1040.1
33,1040.1
42,1040.5
1,1040.5
47,1041.4
32,1041.9
38,1042.0
25,1043.5
51,1043.7
31,1044.5
3,1044.6
45,1045.1
34,1045.6
46,1045.6
16,1045.9
13,1047.0
6,1047.1
23,1047.3
49,1047.4
12,1047.5
29,1047.6
19,1048.0
48,1048.1
35,1048.7
59,1049.0
4,1049.1
11,1049.3
17,1049.6
5,1049.6
7,1049.9
40,1050.6
8,1050.6
21,1050.9
26,1050.9
50,1051.2
10,1052.4
53,1052.6
36,1052.8
30,1052.9
42,1053.2
22,1053.5
28,1053.8
61,1054.6
20,1054.8
60,1055.3
15,1055.3
45,1055.5
3,1056.2
44,1056.7
32,1056.9
1,1056.9
55,1057.1
6,1057.8
52,1058.0
47,1058.2
4,1058.8
9,1059.0
38,1059.2
23,1059.5
13,1059.8
48,1059.9
19,1060.1
49,1060.3
57,1060.3
25,1060.3
16,1060.8
10,1061.2
29,1061.4
2,1061.6
51,1062.1
12,1062.5
8,1062.5
21,1063.3
31,1063.4
53,1063.5
36,1064.4
28,1064.7
34,1065.0
17,1065.3
7,1066.5
5,1066.7
33,1066.7
30,1066.7
39,1066.9
61,1067.0
46,1068.6
1,1070.1
15,1070.3
60,1070.4
11,1070.6
9,1070.7
58,1070.7
49,1070.7
35,1070.8
50,1070.9
6,1070.9
44,1071.3
23,1071.3
42,1072.0
25,1072.3
45,1072.6
41,1072.7
16,1073.1
47,1073.2
12,1074.3
32,1074.3
53,1074.5
51,1074.8
55,1074.9
34,1075.0
19,1075.6
2,1075.9
13,1076.0
8,1076.3
21,1076.3
54,1076.5
33,1076.6
14,1078.0
48,1078.4
4,1079.0
61,1079.1
36,1079.2
40,1079.3
7,1079.3
3,1079.7
31,1079.7
5,1079.8
52,1080.0
57,1080.0
22,1080.2
9,1080.2
17,1080.5
28,1081.4
6,1081.6
49,1082.4
38,1082.8
46,1082.9
25,1083.7
42,1083.8
29,1083.9
16,1083.9
0,1084.2
1,1084.3
58,1085.1
34,1085.4
53,1085.6
26,1085.7
15,1086.2
60,1086.3
11,1086.7
39,1087.6
2,1088.0
30,1088.0
3,1088.8
12,1089.0
35,1089.1
19,1089.4
56,1089.4
8,1090.1
37,1090.3
9,1090.8
51,1091.0
33,1091.2
47,1091.2
36,1091.5
22,1092.0
5,1092.1
24,1092.2
54,1092.4
57,1092.9
7,1093.0
40,1093.4
32,1093.6
10,1094.0
21,1094.3
17,1094.3
23,1094.3
28,1094.6
25,1094.7
52,1094.8
61,1095.1
16,1095.8
38,1096.7
46,1097.0
44,1097.0
6,1097.6
59,1097.8
42,1097.9
53,1098.0
45,1098.2
26,1098.7
18,1098.9
3,1099.1
4,1099.4
14,1100.3
9,1100.9
11,1101.3
49,1101.3
33,1102.3
31,1102.3
30,1102.4
50,1102.6
12,1102.7
0,1102.7
39,1103.0
13,1103.4
51,1104.0
17,1104.7
2,1104.7
19,1104.8
10,1105.4
35,1105.7
25,1105.7
32,1106.2
5,1106.7
16,1106.9
61,1107.5
7,1107.6
57,1107.8
6,1107.8
60,1108.0
27,1108.7
37,1108.7
48,1109.1
36,1109.2
42,1109.4
21,1109.5
22,1109.7
45,1109.7
9,1110.5
28,1110.5
55,1110.7
56,1110.8
44,1111.0
26,1111.7
53,1112.0
52,1112.8
11,1113.7
8,1113.9
12,1114.4
46,1114.8
10,1115.1
50,1115.6
34,1115.9
47,1116.0
33,1116.2
32,1116.6
1,1116.7
38,1116.8
30,1117.2
35,1117.3
23,1117.8
3,1117.9
19,1118.3
2,1118.7
5,1118.7
59,1118.8
13,1119.3
45,1120.1
61,1120.1
9,1120.1
36,1120.4
57,1120.5
42,1120.7
37,1120.8
27,1120.9
54,1121.6
48,1121.6
28,1122.0
17,1122.3
11,1123.2
6,1123.4
39,1123.6
26,1123.9
21,1123.9
53,1124.3
15,1124.9
25,1125.5
47,1125.6
60,1126.1
12,1126.1
34,1126.1
51,1127.0
7,1127.1
16,1127.2
33,1127.6
44,1128.5
10,1128.6
1,1130.1
9,1131.4
59,1131.6
32,1132.2
19,1132.3
48,1132.7
13,1133.0
42,1133.2
61,1133.5
45,1133.7
52,1133.7
5,1134.4
34,1135.5
36,1135.6
38,1135.6
53,1136.0
35,1136.2
0,1136.4
23,1136.5
50,1136.6
11,1137.1
17,1137.4
27,1137.5
15,1137.7
7,1137.7
60,1138.3
4,1138.7
33,1139.1
57,1139.2
47,1139.4
44,1140.3
30,1140.4
25,1140.4
58,1140.7
28,1140.7
21,1140.8
1,1142.4
12,1142.5
19,1143.4
9,1144.3
34,1144.9
49,1145.4
42,1145.7
6,1145.7
54,1146.0
26,1146.2
4,1147.4
59,1147.5
53,1147.7
17,1147.7
36,1147.8
5,1148.2
46,1148.3
57,1148.6
13,1149.0
38,1149.4
61,1149.5
48,1149.6
52,1150.6
10,1150.8
2,1150.8
15,1151.3
11,1152.3
44,1152.5
31,1152.8
7,1153.0
50,1153.0
37,1153.8
55,1153.9
1,1153.9
0,1154.2
12,1154.5
21,1154.7
19,1155.0
40,1155.5
60,1156.3
6,1156.4
34,1157.5
33,1157.6
29,1157.7
3,1157.7
42,1157.9
48,1158.4
30,1159.2
46,1159.4
58,1159.5
53,1159.6
10,1160.9
49,1161.4
32,1161.7
5,1161.9
54,1162.0
57,1162.3
38,1163.2
47,1163.4
43,1163.7
9,1163.9
15,1164.3
2,1164.5
52,1165.2
36,1165.3
44,1166.0
26,1166.1
61,1166.3
35,1166.5
19,1166.7
13,1167.1
7,1167.1
3,1167.3
11,1167.5
1,1167.6
48,1167.7
17,1168.2
37,1168.4
34,1168.6
21,1168.8
42,1169.1
31,1169.2
24,1169.2
6,1170.2
29,1170.3
27,1170.6
55,1171.6
45,1171.6
53,1172.3
58,1172.4
50,1172.8
40,1174.0
12,1174.2
5,1174.3
51,1174.7
49,1175.0
38,1175.2
32,1175.3
0,1176.5
15,1177.0
60,1177.2
61,1178.1
28,1178.4
47,1178.9
46,1179.2
1,1179.3
19,1179.5
36,1179.6
10,1180.2
23,1180.6
6,1180.8
17,1180.9
57,1181.6
56,1182.0
34,1182.2
35,1182.2
21,1182.3
7,1183.9
30,1184.0
9,1184.1
4,1184.4
58,1184.6
44,1184.7
52,1185.3
45,1185.6
29,1185.7
11,1186.2
5,1186.5
40,1186.6
26,1186.9
38,1186.9
53,1187.4
43,1187.5
42,1187.8
49,1188.0
31,1188.5
50,1188.6
25,1188.8
20,1189.9
12,1190.0
60,1190.2
51,1190.2
15,1190.3
61,1190.4
24,1190.7
36,1190.9
54,1191.3
10,1191.4
28,1191.8
0,1191.8
1,1192.5
57,1192.7
6,1193.0
32,1193.2
56,1193.2
19,1193.2
34,1194.8
9,1194.8
17,1195.8
27,1196.2
11,1196.6
26,1196.8
58,1197.0
46,1198.1
37,1198.3
38,1198.8
25,1199.0
5,1199.0
52,1199.0
21,1199.9
49,1200.1
30,1200.1
40,1200.8
48,1200.8
60,1201.4
10,1201.6
23,1201.8
57,1202.2
42,1202.7
33,1202.8
53,1203.0
6,1203.3
32,1203.5
29,1203.6
15,1204.9
3,1205.0
4,1205.3
36,1205.3
17,1205.4
56,1205.4
61,1205.6
51,1205.7
13,1206.7
1,1206.8
0,1206.8
9,1206.9
19,1206.9
55,1207.1
11,1207.2
26,1207.3
45,1207.4
58,1207.9
37,1209.3
20,1209.7
12,1210.4
49,1210.7
46,1211.0
35,1211.1
25,1211.3
60,1211.3
5,1211.7
6,1213.2
30,1213.5
57,1213.9
40,1214.2
18,1214.6
10,1214.6
4,1215.2
28,1215.2
16,1215.3
17,1215.3
34,1215.3
53,1215.6
7,1216.1
8,1216.1
51,1216.4
21,1216.6
38,1216.9
9,1217.0
19,1217.0
15,1217.6
27,1217.6
32,1217.8
31,1218.4
45,1218.6
50,1218.6
56,1219.2
22,1219.2
23,1219.3
58,1219.4
36,1219.7
52,1220.7
1,1220.9
25,1221.3
61,1221.4
12,1221.7
49,1222.4
11,1223.1
57,1223.8
29,1224.0
20,1224.0
4,1224.5
5,1225.0
33,1225.1
10,1225.7
16,1226.1
8,1226.1
37,1226.4
48,1226.8
19,1227.0
28,1227.3
42,1227.3
6,1227.4
44,1227.4
46,1227.5
53,1227.7
30,1228.3
54,1228.6
14,1228.6
51,1228.8
15,1229.1
0,1229.1
7,1229.4
2,1230.1
60,1230.3
38,1230.8
23,1231.2
18,1232.1
9,1232.1
31,1232.2
32,1232.4
40,1232.7
22,1232.8
49,1233.7
58,1233.9
26,1234.0
3,1234.0
12,1234.2
11,1234.3
21,1234.3
4,1235.1
17,1235.3
8,1236.1
57,1237.2
19,1237.3
50,1237.5
25,1237.5
52,1237.8
6,1238.2
16,1238.8
41,1239.0
51,1239.1
45,1239.4
33,1239.7
34,1239.9
53,1240.0
56,1240.1
60,1240.2
15,1240.2
44,1240.5
61,1241.7
5,1241.9
30,1242.3
28,1242.8
7,1243.4
59,1243.7
0,1244.1
29,1244.1
54,1244.5
42,1245.0
17,1245.1
38,1245.2
2,1245.3
23,1245.4
40,1245.7
20,1245.7
8,1246.2
10,1246.3
36,1246.4
47,1246.6
6,1247.6
57,1248.9
32,1248.9
12,1249.0
34,1249.7
41,1250.0
51,1250.2
3,1250.4
49,1251.2
50,1251.2
19,1251.6
14,1251.8
11,1252.3
53,1252.4
28,1253.9
56,1254.1
45,1254.4
61,1254.6
1,1254.9
7,1254.9
55,1255.3
15,1255.8
46,1255.8
44,1256.0
17,1256.3
38,1256.5
5,1256.5
0,1256.6
23,1256.7
31,1256.8
4,1256.9
26,1256.9
27,1257.1
8,1257.8
59,1258.6
34,1259.0
21,1259.1
30,1259.8
9,1260.0
16,1260.1
12,1260.3
58,1260.4
6,1260.5
60,1260.9
40,1260.9
51,1261.2
37,1261.8
19,1262.1
33,1262.9
20,1263.2
10,1264.5
47,1264.5
53,1265.2
61,1265.7
41,1267.2
57,1267.3
28,1267.4
38,1267.4
14,1267.4
0,1267.6
45,1268.3
34,1268.7
46,1268.7
29,1269.0
4,1269.8
25,1270.0
7,1270.2
5,1270.6
12,1271.3
60,1272.2
51,1272.4
18,1272.5
17,1272.5
24,1272.6
27,1272.8
55,1273.0
44,1273.1
49,1273.2
54,1274.0
52,1274.1
50,1274.1
23,1274.2
16,1274.5
1,1274.6
33,1275.0
53,1276.0
32,1276.2
8,1276.2
19,1276.4
61,1276.8
15,1276.9
21,1277.0
22,1277.1
40,1277.3
38,1278.0
42,1278.0
46,1278.8
56,1279.0
20,1279.1
0,1279.8
26,1280.1
14,1280.4
7,1280.7
45,1281.0
34,1281.1
25,1281.1
17,1282.4
6,1282.6
5,1283.1
60,1283.6
62,1284.0
4,1284.4
16,1284.9
12,1285.1
23,1285.4
57,1286.1
53,1286.5
59,1286.6
41,1286.9
44,1287.5
61,1287.8
19,1288.0
38,1288.8
30,1289.2
29,1289.6
11,1289.6
15,1289.9
24,1289.9
51,1290.2
28,1290.3
27,1290.4
32,1291.4
8,1291.4
47,1291.9
17,1292.3
46,1292.4
42,1292.4
49,1292.4
34,1292.5
21,1293.2
25,1293.6
40,1293.7
60,1293.7
9,1294.0
7,1294.4
33,1294.6
48,1295.0
3,1295.5
5,1295.8
43,1295.8
26,1296.5
12,1296.6
16,1298.8
19,1299.0
4,1299.2
53,1299.5
57,1300.0
38,1301.3
11,1301.3
14,1301.3
10,1302.2
24,1302.5
45,1302.6
62,1302.7
23,1302.9
47,1303.0
61,1303.4
50,1303.4
40,1303.7
58,1304.3
34,1304.4
25,1304.5
42,1304.5
48,1304.6
33,1304.7
41,1304.7
7,1304.7
51,1304.8
30,1305.2
3,1306.2
17,1306.4
49,1306.6
8,1306.7
60,1306.9
56,1308.1
15,1308.1
9,1308.2
6,1308.4
12,1308.5
55,1309.1
21,1309.8
20,1310.2
53,1310.9
16,1311.4
1,1311.5
44,1311.9
11,1311.9
38,1312.1
0,1313.0
5,1313.3
26,1313.7
58,1314.3
57,1314.6
25,1314.9
51,1315.1
19,1315.7
23,1315.8
24,1316.3
47,1316.3
3,1317.0
2,1317.1
17,1317.6
60,1317.8
14,1317.9
48,1318.3
8,1318.5
35,1318.5
40,1318.6
7,1318.8
45,1318.9
33,1319.4
32,1319.5
15,1319.7
30,1320.5
6,1320.5
12,1321.4
53,1321.9
10,1322.4
20,1323.2
56,1323.9
50,1324.2
57,1324.8
21,1325.3
52,1325.4
1,1325.6
38,1325.6
51,1325.8
46,1325.9
39,1326.0
49,1326.5
42,1326.8
27,1327.4
58,1327.5
41,1327.5
9,1327.7
11,1328.2
18,1328.3
59,1329.5
60,1329.6
33,1329.6
8,1329.6
0,1330.1
25,1331.2
4,1331.4
45,1331.5
26,1331.9
10,1332.1
15,1332.3
16,1332.4
61,1332.4
6,1332.7
19,1332.8
12,1332.8
53,1333.1
50,1333.2
17,1333.5
35,1335.0
13,1335.0
55,1335.1
22,1335.3
31,1335.4
51,1335.9
44,1336.1
62,1336.6
34,1337.1
32,1337.2
2,1338.4
30,1338.5
58,1338.5
8,1338.9
3,1339.4
38,1339.7
9,1340.6
60,1341.1
24,1341.3
5,1341.5
39,1341.6
48,1341.9
4,1342.5
46,1342.6
0,1342.7
49,1343.0
36,1343.2
52,1343.3
56,1343.4
7,1343.9
21,1343.9
50,1344.1
11,1344.1
61,1344.2
19,1344.5
15,1344.6
10,1344.8
41,1344.8
12,1345.0
33,1345.1
16,1345.2
53,1345.3
29,1345.4
20,1345.5
17,1345.6
6,1345.6
57,1346.0
59,1346.0
47,1346.1
40,1346.1
35,1347.6
51,1347.7
13,1347.9
18,1348.0
58,1348.6
8,1349.6
38,1351.0
9,1351.4
45,1351.8
62,1351.9
14,1352.6
55,1352.8
42,1352.9
50,1353.4
10,1353.9
5,1354.3
32,1355.0
56,1355.0
37,1355.2
23,1355.4
53,1355.6
16,1356.0
15,1356.3
4,1356.3
34,1356.5
47,1357.0
17,1357.7
19,1358.2
21,1358.2
48,1358.6
31,1358.7
60,1358.7
36,1359.1
6,1359.3
30,1359.4
11,1359.7
26,1360.2
0,1360.4
9,1361.0
52,1361.4
12,1361.7
49,1362.5
58,1363.1
29,1363.4
61,1363.4
46,1363.8
10,1364.7
38,1365.6
51,1365.7
57,1365.9
41,1365.9
44,1366.0
56,1366.1
14,1366.6
25,1367.4
5,1367.4
1,1367.7
42,1368.1
37,1368.3
13,1368.7
35,1368.8
33,1369.0
2,1369.1
6,1369.1
34,1369.6
39,1370.0
62,1370.5
53,1370.7
17,1371.2
16,1372.3
8,1372.6
32,1372.9
48,1372.9
12,1373.1
15,1373.1
9,1373.1
49,1374.4
58,1374.5
50,1374.9
26,1374.9
23,1374.9
10,1375.2
61,1375.6
19,1375.7
29,1375.7
3,1375.7
60,1375.9
47,1376.0
30,1376.2
56,1376.5
59,1377.4
51,1378.3
4,1378.5
17,1380.5
5,1380.8
42,1381.1
0,1381.2
33,1381.7
6,1382.2
20,1382.4
44,1382.5
41,1383.2
16,1383.3
57,1383.5
53,1383.5
46,1383.6
22,1383.8
15,1384.9
8,1385.1
12,1385.6
9,1385.6
10,1385.7
13,1385.8
3,1386.2
56,1386.7
61,1386.7
45,1386.9
11,1388.2
55,1388.2
38,1388.3
36,1388.5
1,1388.5
49,1388.7
60,1389.6
37,1389.6
32,1390.0
47,1390.1
34,1391.3
19,1391.5
51,1391.7
14,1391.9
58,1392.7
30,1393.0
29,1393.0
5,1393.4
16,1393.7
7,1394.3
42,1395.1
50,1395.4
8,1395.6
25,1395.8
46,1396.5
53,1396.7
3,1396.9
56,1396.9
57,1397.1
48,1397.4
0,1397.9
40,1398.4
23,1398.6
26,1398.6
9,1398.7
12,1398.9
33,1399.3
6,1399.4
18,1399.6
21,1400.0
62,1400.2
55,1400.4
15,1400.4
38,1400.6
4,1400.6
45,1401.2
52,1401.5
20,1401.6
37,1402.5
19,1402.5
49,1402.6
61,1403.1
58,1403.2
16,1403.5
8,1404.8
51,1404.9
5,1405.7
14,1405.9
30,1406.7
31,1407.1
13,1407.2
3,1407.3
46,1407.6
53,1408.0
60,1408.1
25,1408.4
42,1408.5
10,1408.6
17,1408.8
59,1409.6
12,1410.3
4,1410.5
56,1411.1
38,1411.3
33,1411.7
7,1411.8
37,1412.4
15,1412.4
19,1412.8
6,1413.5
41,1413.8
55,1413.8
62,1414.2
16,1414.8
0,1415.0
57,1415.4
26,1415.6
45,1416.0
8,1416.0
21,1416.3
40,1416.5
23,1418.2
60,1418.3
50,1418.4
14,1418.6
58,1418.6
51,1418.7
53,1419.0
61,1419.5
25,1420.1
9,1420.1
30,1420.7
49,1421.3
12,1421.5
5,1421.5
3,1421.8
19,1422.6
37,1422.7
32,1423.3
56,1423.7
46,1423.9
10,1424.3
42,1424.7
41,1425.2
16,1425.3
8,1425.7
38,1425.7
59,1426.1
55,1426.4
0,1426.6
4,1427.0
45,1427.4
57,1427.8
15,1428.5
34,1428.5
29,1429.2
31,1429.8
53,1429.9
6,1430.1
35,1431.3
48,1431.4
33,1431.4
25,1431.5
50,1431.9
28,1432.5
39,1432.8
62,1433.0
19,1433.2
14,1434.1
46,1434.4
44,1434.5
3,1435.1
37,1435.6
12,1435.8
61,1435.9
16,1435.9
41,1436.1
23,1436.4
5,1436.5
17,1436.7
47,1436.9
30,1437.6
8,1437.6
10,1437.6
21,1437.8
52,1437.8
2,1437.9
49,1438.3
57,1438.4
38,1438.9
51,1439.2
11,1439.2
45,1440.4
55,1440.5
15,1440.7
53,1440.7
22,1441.8
33,1442.2
34,1442.8
35,1443.5
25,1443.6
24,1443.8
6,1443.9
0,1444.1
4,1444.4
19,1444.5
48,1444.6
56,1444.6
9,1445.8
16,1446.1
58,1446.9
7,1447.1
20,1447.4
12,1447.8
39,1447.9
8,1448.5
17,1448.5
28,1449.0
60,1449.1
11,1449.4
10,1449.6
38,1449.8
5,1450.6
3,1450.8
26,1451.0
37,1451.4
57,1451.5
61,1451.8
53,1452.7
41,1452.8
46,1452.9
42,1453.4
40,1454.0
50,1454.1
51,1454.3
49,1454.3
15,1454.6
19,1454.9
23,1455.1
25,1456.0
47,1456.9
0,1457.1
4,1457.2
59,1457.4
12,1458.8
33,1459.1
22,1459.3
9,1459.9
48,1459.9
52,1460.3
16,1460.7
17,1460.8
8,1461.1
35,1461.1
3,1461.3
11,1461.5
38,1461.7
57,1461.7
34,1462.0
58,1462.9
56,1463.2
10,1463.2
31,1463.5
46,1464.0
14,1464.1
6,1464.3
44,1464.6
19,1464.7
37,1465.0
53,1465.4
49,1465.4
60,1465.5
55,1465.6
51,1466.2
4,1466.6
26,1466.9
42,1467.5
25,1467.8
61,1468.4
5,1469.1
59,1469.2
17,1470.4
15,1470.8
22,1471.0
12,1471.1
16,1471.3
8,1471.3
11,1471.5
30,1472.3
52,1472.9
48,1473.0
39,1474.9
19,1475.2
34,1475.2
0,1475.3
6,1475.6
58,1475.7
62,1475.9
32,1476.6
57,1477.1
47,1477.3
49,1477.3
53,1477.8
56,1478.0
60,1478.0
31,1478.3
4,1478.6
38,1478.9
1,1478.9
9,1479.3
25,1479.4
14,1479.6
50,1479.9
28,1480.1
51,1480.4
2,1480.4
7,1480.9
5,1481.7
16,1481.9
10,1482.0
42,1482.2
3,1482.7
15,1482.8
44,1483.3
40,1483.5
46,1483.5
52,1484.2
26,1484.6
20,1484.8
6,1485.1
41,1485.7
36,1486.4
11,1486.5
8,1486.9
12,1487.4
60,1487.6
56,1487.6
37,1487.7
30,1488.3
45,1488.4
19,1488.5
58,1488.9
4,1489.0
59,1489.0
53,1489.9
38,1490.3
25,1490.6
51,1490.9
48,1491.6
34,1491.6
33,1491.9
9,1492.1
16,1492.2
7,1493.1
50,1493.5
57,1493.7
10,1493.7
32,1494.6
52,1495.3
27,1495.4
46,1495.8
49,1495.9
26,1496.0
5,1496.6
20,1496.7
40,1496.7
36,1496.7
35,1496.8
60,1497.5
11,1497.6
31,1498.2
14,1498.4
41,1498.7
6,1498.9
12,1499.2
2,1499.7
15,1500.3
42,1500.5
61,1500.6
51,1501.0
45,1501.0
34,1501.2
22,1501.8
33,1502.0
38,1502.0
48,1502.3
19,1502.9
30,1503.1
53,1503.4
44,1503.6
54,1503.8
3,1503.9
55,1504.6
0,1505.2
25,1506.3
16,1506.6
57,1507.0
56,1507.1
11,1507.4
7,1508.3
26,1508.8
17,1509.0
27,1509.2
60,1509.5
6,1509.5
29,1509.7
4,1509.8
49,1510.7
9,1510.9
58,1511.0
51,1511.1
52,1511.2
35,1511.2
34,1511.9
36,1511.9
40,1512.0
15,1512.8
3,1513.1
5,1514.2
19,1514.2
38,1514.2
12,1514.4
21,1514.6
20,1514.9
47,1515.0
10,1515.2
1,1515.6
42,1515.8
50,1515.9
8,1516.0
22,1516.4
44,1516.4
30,1516.6
57,1517.2
25,1517.3
33,1517.7
53,1518.4
55,1518.7
14,1518.8
4,1519.1
61,1519.4
6,1519.5
24,1519.9
9,1520.1
54,1520.4
60,1520.4
7,1520.9
56,1521.0
31,1521.3
11,1521.6
51,1521.8
41,1522.0
34,1523.0
49,1523.1
48,1523.4
58,1523.6
45,1524.4
15,1524.6
29,1524.9
19,1525.8
47,1526.3
27,1527.5
33,1527.6
5,1527.6
38,1527.7
12,1527.9
3,1528.1
35,1528.1
32,1528.4
42,1529.0
25,1529.0
36,1530.1
4,1530.1
61,1530.2
54,1531.3
56,1531.6
6,1531.9
9,1532.2
16,1532.2
57,1532.6
14,1532.8
8,1532.8
0,1533.0
58,1533.2
51,1533.3
59,1535.3
34,1535.3
30,1535.4
15,1536.0
10,1536.2
53,1536.4
1,1536.6
60,1536.8
17,1537.5
47,1537.8
7,1537.9
19,1538.0
29,1538.5
52,1538.5
12,1538.9
3,1539.7
61,1539.9
21,1540.0
31,1540.1
45,1540.3
40,1540.4
27,1540.4
38,1540.5
24,1541.1
5,1541.2
32,1541.7
6,1542.4
33,1542.5
58,1542.9
49,1543.1
48,1543.3
55,1543.3
16,1543.8
25,1543.9
0,1543.9
8,1544.6
36,1544.8
51,1545.3
34,1545.9
62,1546.0
15,1547.2
56,1547.3
11,1547.4
44,1547.8
42,1548.0
54,1548.2
30,1548.7
26,1549.2
47,1549.4
12,1549.7
37,1549.7
9,1549.9
41,1550.1
61,1550.5
19,1550.6
4,1550.6
17,1551.4
38,1551.6
53,1551.8
32,1551.8
52,1552.2
6,1552.3
23,1553.3
21,1554.2
16,1554.3
45,1554.4
20,1554.8
8,1555.1
5,1555.2
25,1555.3
34,1555.8
51,1556.5
36,1556.6
14,1556.7
58,1556.9
40,1557.9
35,1558.1
13,1559.7
56,1559.7
57,1559.8
9,1560.0
49,1560.1
15,1560.8
12,1560.9
26,1561.0
4,1561.1
3,1561.4
29,1562.2
38,1562.2
7,1562.5
47,1562.8
27,1562.9
53,1562.9
59,1563.1
55,1563.4
1,1563.6
61,1563.7
46,1564.2
42,1564.2
0,1564.6
32,1564.8
33,1565.6
23,1565.7
16,1565.9
24,1566.9
41,1568.0
60,1568.1
30,1568.2
51,1568.4
62,1568.5
2,1568.7
34,1569.0
52,1569.1
19,1569.2
8,1569.2
57,1570.5
25,1570.8
9,1571.1
17,1571.3
50,1571.5
45,1571.5
36,1571.9
35,1571.9
3,1572.1
13,1572.6
21,1572.9
15,1573.3
26,1573.7
6,1573.7
44,1573.9
49,1574.7
12,1575.1
10,1575.3
47,1575.4
32,1575.7
40,1575.8
29,1576.0
16,1576.2
23,1576.6
5,1576.7
46,1576.9
38,1577.1
7,1577.2
33,1577.8
53,1578.4
60,1578.5
56,1578.5
1,1579.4
51,1579.5
48,1579.6
58,1579.8
59,1579.9
62,1580.2
8,1580.6
54,1580.8
55,1580.9
57,1581.4
19,1583.7
6,1583.8
17,1583.9
36,1584.0
31,1584.6
30,1584.8
52,1584.9
25,1585.2
2,1585.6
14,1585.8
61,1586.1
20,1586.3
24,1586.4
13,1586.6
34,1586.6
15,1586.8
3,1587.5
9,1587.8
27,1588.0
32,1588.5
56,1588.6
23,1588.7
44,1588.7
10,1589.0
16,1589.7
8,1590.5
26,1590.6
49,1590.6
5,1590.7
7,1590.9
57,1591.5
48,1592.8
58,1592.9
53,1593.0
21,1593.0
60,1593.2
42,1593.5
47,1593.6
51,1594.0
17,1594.3
38,1594.7
6,1595.5
12,1595.7
35,1596.3
52,1596.4
22,1597.0
62,1597.1
33,1597.5
20,1598.5
29,1598.7
3,1598.8
56,1599.2
15,1599.3
13,1599.3
36,1599.4
34,1599.5
10,1599.7
16,1600.0
44,1600.4
23,1600.7
31,1601.8
26,1601.9
32,1602.1
19,1602.3
25,1602.4
49,1602.8
1,1603.9
2,1604.1
48,1605.3
21,1605.4
41,1605.4
8,1605.5
7,1605.7
53,1605.7
57,1606.5
17,1606.6
45,1607.1
30,1607.4
14,1608.0
27,1608.8
58,1609.1
33,1609.3
52,1609.5
16,1609.5
51,1609.7
4,1610.0
35,1610.5
5,1610.6
12,1610.7
13,1611.5
15,1611.8
59,1612.1
56,1612.6
22,1612.9
34,1612.9
40,1612.9
19,1613.4
6,1613.8
38,1614.0
55,1615.6
26,1615.9
32,1616.0
10,1616.1
20,1616.1
17,1617.0
36,1617.4
1,1618.5
23,1618.6
33,1618.6
60,1618.7
16,1619.1
3,1619.1
47,1619.3
21,1619.9
51,1620.3
9,1620.3
8,1620.4
25,1620.9
4,1621.2
7,1621.8
49,1622.4
12,1622.6
58,1623.3
13,1623.7
22,1624.3
15,1624.3
19,1624.9
31,1625.5
56,1625.7
34,1626.4
17,1626.9
52,1627.1
35,1627.4
53,1627.4
60,1627.6
2,1628.1
38,1628.4
20,1628.7
44,1630.1
10,1630.2
4,1630.6
9,1630.8
47,1630.9
46,1631.4
6,1631.5
24,1631.5
62,1631.9
16,1632.1
36,1632.1
50,1632.2
32,1632.3
25,1632.6
23,1633.3
57,1634.0
8,1634.1
21,1634.6
51,1635.1
0,1635.6
49,1635.9
45,1635.9
56,1636.1
22,1636.3
48,1636.7
17,1637.0
28,1637.1
34,1637.1
15,1637.5
5,1638.1
60,1639.0
3,1639.3
42,1639.6
12,1639.7
7,1640.3
19,1640.4
53,1640.4
52,1640.7
47,1641.0
20,1641.1
59,1641.3
13,1642.1
6,1642.6
4,1643.2
32,1643.9
33,1644.1
10,1644.2
61,1645.3
23,1645.4
44,1645.6
9,1645.8
16,1645.8
50,1645.9
8,1646.2
58,1647.1
0,1648.1
46,1648.2
40,1648.6
25,1648.9
51,1649.2
48,1649.7
45,1649.7
26,1650.2
28,1650.4
56,1650.4
3,1650.5
36,1651.4
42,1651.7
17,1651.9
15,1652.1
47,1652.2
34,1652.5
19,1653.3
35,1653.3
55,1653.7
13,1653.8
52,1653.8
14,1654.0
53,1654.4
4,1654.6
22,1654.7
21,1655.3
38,1655.7
16,1656.0
49,1656.2
12,1656.2
60,1656.4
61,1656.8
7,1656.9
8,1657.2
59,1657.8
31,1658.2
9,1658.5
5,1658.6
20,1658.9
58,1659.6
3,1660.6
17,1661.3
25,1661.3
34,1661.5
32,1662.1
47,1663.0
19,1663.1
51,1663.1
62,1663.2
56,1663.2
0,1663.2
44,1663.6
42,1663.9
26,1664.5
4,1664.9
2,1665.0
55,1665.2
52,1665.4
36,1665.7
6,1665.8
53,1666.1
30,1666.2
40,1666.6
38,1666.7
23,1667.2
9,1667.7
10,1667.8
35,1668.4
33,1668.6
50,1668.8
12,1669.1
41,1669.3
21,1669.5
15,1669.6
16,1670.3
14,1671.0
3,1671.0
5,1671.4
13,1671.9
25,1672.0
22,1672.1
56,1672.8
28,1672.8
29,1673.4
32,1673.8
34,1674.2
8,1674.5
1,1674.6
61,1674.7
57,1675.1
51,1675.4
26,1675.6
19,1676.0
58,1676.1
6,1676.4
55,1676.7
36,1676.9
2,1677.2
44,1677.5
10,1677.8
38,1678.3
52,1680.1
53,1680.1
9,1680.6
31,1680.7
33,1680.9
47,1681.0
12,1681.2
62,1681.8
27,1681.9
21,1682.5
3,1682.9
23,1683.2
41,1683.6
25,1683.6
15,1683.9
56,1684.1
50,1684.4
49,1684.9
16,1685.8
51,1686.0
13,1686.0
61,1686.2
32,1686.2
5,1686.4
29,1686.9
8,1687.1
57,1687.2
7,1687.3
55,1687.5
58,1688.0
19,1688.1
10,1688.3
6,1688.3
37,1688.8
59,1689.1
30,1689.4
14,1689.6
42,1689.7
48,1689.7
45,1690.9
60,1691.2
2,1691.2
53,1691.8
38,1692.5
34,1693.2
46,1693.4
50,1693.5
17,1693.6
0,1694.8
36,1694.8
52,1695.0
26,1695.5
35,1695.5
56,1695.7
25,1696.1
15,1696.2
16,1696.3
9,1696.3
12,1696.5
21,1696.7
20,1696.8
8,1696.9
4,1697.0
27,1697.1
32,1697.1
6,1698.0
13,1698.4
5,1698.4
61,1698.9
62,1699.3
1,1699.9
19,1699.9
44,1700.2
58,1700.6
33,1700.7
7,1701.3
60,1701.6
48,1702.2
47,1702.2
51,1702.3
17,1702.9
3,1703.2
10,1703.5
53,1703.6
30,1704.0
40,1704.0
29,1704.1
49,1704.2
37,1704.3
46,1704.3
38,1704.3
41,1704.4
55,1704.5
23,1704.8
34,1705.3
22,1706.0
36,1706.2
45,1706.2
57,1706.2
50,1706.3
4,1706.3
42,1706.6
25,1707.5
12,1707.8
11,1707.9
26,1708.0
16,1708.2
9,1708.7
6,1709.7
15,1710.4
32,1710.7
8,1710.9
5,1711.5
13,1711.7
60,1711.7
0,1712.0
17,1712.4
19,1712.6
21,1713.0
2,1713.0
44,1713.5
53,1714.1
56,1714.3
35,1714.5
46,1714.7
34,1716.2
14,1716.4
47,1716.8
25,1717.5
49,1717.8
38,1718.3
22,1718.3
16,1719.0
4,1719.3
1,1719.6
41,1719.9
11,1720.1
61,1720.1
8,1720.4
31,1721.2
33,1721.4
58,1721.4
42,1721.5
48,1722.1
15,1722.5
17,1722.7
3,1723.0
12,1723.5
0,1723.5
2,1723.8
37,1723.9
52,1723.9
23,1724.2
10,1724.3
51,1724.4
36,1724.5
19,1724.7
5,1724.9
26,1724.9
7,1725.2
27,1725.2
6,1725.2
56,1725.8
44,1725.9
21,1726.3
53,1726.4
62,1727.0
45,1727.0
47,1727.2
28,1727.4
50,1727.5
55,1727.8
30,1728.1
4,1728.8
9,1729.0
16,1729.0
8,1729.9
38,1729.9
13,1730.8
35,1731.1
11,1732.2
34,1732.3
46,1732.3
10,1733.6
31,1734.5
32,1734.6
23,1734.8
6,1734.9
3,1734.9
22,1735.2
33,1735.4
42,1735.4
15,1735.6
19,1735.8
60,1736.1
20,1736.8
1,1737.3
51,1737.3
14,1737.3
7,1737.5
2,1737.5
26,1737.8
37,1737.9
25,1738.1
16,1738.5
12,1738.8
29,1739.4
53,1739.8
21,1741.3
38,1741.4
45,1741.4
17,1742.5
49,1742.6
30,1742.7
4,1743.1
44,1743.1
47,1743.2
28,1743.5
34,1743.9
0,1744.0
55,1744.2
56,1744.6
10,1745.6
57,1746.2
33,1746.5
9,1746.7
62,1746.8
32,1746.9
5,1747.0
15,1747.1
46,1748.0
16,1749.2
41,1749.2
8,1749.7
36,1749.9
53,1750.7
51,1750.9
19,1751.1
22,1751.5
42,1751.5
14,1751.6
23,1751.8
11,1751.9
17,1752.2
12,1753.2
21,1753.7
4,1754.2
56,1754.2
38,1754.3
61,1755.3
47,1755.6
45,1755.9
10,1755.9
57,1756.2
20,1756.6
26,1756.6
6,1756.8
31,1757.2
32,1757.8
3,1757.9
2,1758.0
7,1758.4
0,1758.6
5,1759.1
44,1759.7
8,1759.9
33,1760.2
15,1760.3
30,1761.1
36,1761.2
51,1761.6
60,1761.7
37,1761.9
50,1762.2
34,1762.4
17,1762.6
19,1762.7
35,1762.9
29,1763.4
42,1763.9
4,1764.4
56,1765.0
48,1765.5
38,1765.5
12,1765.9
14,1766.2
21,1766.2
22,1766.3
6,1766.4
46,1766.6
53,1766.9
45,1767.0
3,1767.4
47,1767.5
32,1768.8
26,1769.1
44,1770.0
16,1770.0
57,1770.9
49,1771.1
58,1771.4
9,1771.5
8,1771.7
2,1772.0
61,1772.1
19,1772.7
17,1772.7
15,1773.1
34,1773.1
5,1773.4
51,1773.7
28,1773.7
30,1774.4
13,1774.7
55,1775.3
60,1775.4
0,1775.5
24,1775.7
50,1775.7
56,1775.8
38,1776.2
10,1776.4
6,1776.8
42,1776.9
11,1777.0
48,1777.2
53,1777.4
47,1778.3
22,1778.4
21,1778.5
36,1778.5
1,1778.5
12,1780.6
32,1780.6
14,1781.0
58,1781.4
25,1781.4
26,1781.9
44,1782.6
45,1782.6
16,1782.8
33,1783.0
19,1783.8
61,1784.1
40,1784.3
51,1784.4
29,1784.9
15,1785.7
56,1786.1
54,1786.7
30,1787.6
34,1788.0
53,1788.2
6,1788.4
38,1789.1
60,1789.7
7,1790.0
8,1790.5
22,1791.2
49,1791.2
13,1791.8
21,1791.8
48,1791.9
10,1792.3
9,1792.4
26,1792.8
11,1792.9
16,1792.9
25,1793.3
45,1793.3
14,1794.2
51,1794.9
62,1794.9
47,1794.9
32,1795.8
12,1796.4
19,1796.4
24,1796.4
58,1796.5
42,1796.5
5,1796.8
57,1796.9
44,1797.2
4,1797.9
3,1797.9
50,1798.0
56,1798.3
37,1798.7
2,1799.0
53,1799.0
52,1799.6
30,1800.6
46,1800.7
38,1801.1
33,1802.2
15,1802.3
48,1802.4
40,1802.7
8,1802.8
16,1803.1
22,1803.2
54,1803.4
26,1803.5
10,1803.8
61,1804.2
49,1804.5
17,1804.7
9,1804.8
51,1805.2
4,1806.6
36,1806.7
6,1806.7
7,1807.2
58,1807.5
19,1807.7
12,1808.0
0,1808.0
11,1808.1
2,1808.3
56,1808.3
5,1808.5
62,1808.8
21,1809.5
20,1809.6
53,1810.6
57,1811.2
44,1811.2
25,1811.6
46,1812.1
42,1812.4
8,1812.8
38,1812.8
16,1813.1
37,1813.5
15,1813.7
31,1813.7
60,1814.2
34,1814.4
17,1814.6
33,1814.7
26,1815.0
30,1815.2
27,1815.5
14,1815.6
51,1815.6
6,1816.2
22,1816.3
48,1816.4
1,1816.7
10,1817.3
45,1817.5
23,1817.9
56,1818.1
47,1818.7
4,1819.1
3,1819.4
2,1819.9
58,1820.5
36,1821.1
7,1821.7
5,1821.9
53,1822.1
52,1822.2
21,1823.0
60,1823.6
11,1823.8
13,1824.0
32,1824.1
19,1824.2
59,1824.6
37,1824.7
46,1824.7
40,1824.7
12,1824.9
44,1825.0
49,1825.0
57,1825.2
16,1825.3
15,1825.4
51,1825.6
25,1825.6
42,1825.6
0,1825.7
31,1826.1
10,1826.4
14,1826.7
17,1826.7
28,1826.8
9,1826.8
8,1827.4
6,1827.9
4,1828.8
38,1829.0
23,1829.3
3,1829.6
47,1830.2
1,1830.4
56,1830.4
27,1831.7
24,1832.4
26,1833.6
50,1833.8
62,1833.9
53,1833.9
7,1834.1
2,1834.3
5,1834.3
19,1834.3
33,1834.8
60,1835.2
11,1835.3
37,1835.5
54,1835.6
51,1836.0
32,1836.1
44,1836.3
9,1836.4
25,1836.6
13,1837.2
8,1837.3
12,1837.5
31,1837.7
17,1837.7
28,1837.7
45,1837.8
15,1837.9
21,1837.9
52,1837.9
10,1838.1
22,1839.0
49,1839.3
42,1839.3
29,1839.9
40,1840.0
61,1840.0
48,1840.3
59,1841.4
58,1841.9
14,1842.5
30,1842.9
38,1843.6
3,1844.8
16,1845.1
53,1845.9
5,1845.9
47,1846.1
6,1846.2
36,1846.4
24,1846.7
7,1846.8
23,1846.9
50,1847.3
8,1847.4
60,1847.5
44,1847.8
57,1848.0
25,1848.1
20,1848.3
51,1848.3
17,1848.5
32,1848.8
12,1848.9
15,1849.3
10,1849.4
19,1849.4
9,1849.6
31,1849.8
34,1849.9
62,1849.9
61,1850.3
56,1850.3
42,1850.8
1,1851.3
11,1851.3
21,1851.4
52,1851.6
49,1852.0
37,1852.2
29,1852.4
35,1853.6
40,1854.0
28,1854.1
13,1854.9
48,1855.4
53,1856.4
3,1857.0
8,1857.6
22,1857.7
50,1857.9
4,1858.0
60,1858.1
6,1859.0
14,1859.1
33,1859.2
38,1859.4
57,1859.4
9,1859.5
23,1859.6
19,1860.4
7,1860.8
32,1860.9
51,1861.5
42,1861.9
37,1862.5
5,1862.7
25,1862.8
12,1863.5
27,1863.5
61,1863.6
21,1864.3
34,1864.6
15,1864.7
49,1864.8
31,1865.1
46,1865.6
48,1865.8
1,1866.1
10,1866.7
62,1866.7
52,1866.8
13,1867.0
8,1867.4
24,1867.5
56,1867.8
20,1868.3
53,1868.5
44,1868.6
3,1869.0
60,1869.6
17,1869.8
38,1870.4
11,1870.5
6,1870.5
35,1870.5
9,1870.7
19,1871.0
50,1871.1
0,1871.4
40,1871.4
22,1872.2
29,1872.3
58,1872.4
33,1873.1
51,1873.4
57,1873.7
59,1874.1
32,1875.6
49,1875.8
47,1876.1
42,1876.5
5,1876.9
21,1877.0
4,1877.2
37,1877.9
13,1878.9
23,1879.0
14,1879.9
17,1880.0
8,1880.5
48,1880.8
25,1881.0
10,1881.0
9,1881.2
52,1881.3
12,1881.4
53,1881.4
46,1881.9
15,1882.7
6,1883.2
2,1883.3
11,1883.4
56,1883.5
31,1883.7
22,1883.9
51,1884.2
1,1884.9
19,1885.2
58,1885.3
62,1885.3
7,1885.3
38,1885.9
57,1886.0
28,1886.2
3,1886.4
61,1886.5
40,1887.7
5,1888.2
27,1888.4
23,1888.6
60,1889.3
34,1890.0
16,1890.1
49,1890.1
0,1890.2
17,1890.5
8,1890.7
45,1890.8
24,1891.0
25,1891.0
42,1891.6
32,1891.8
50,1892.7
52,1892.8
12,1892.8
47,1893.0
11,1893.5
6,1893.7
10,1895.1
36,1895.2
57,1895.2
46,1895.3
19,1895.5
51,1895.8
1,1896.2
33,1896.5
9,1896.9
22,1896.9
30,1896.9
44,1897.2
13,1897.5
2,1897.8
15,1897.8
3,1898.0
58,1898.3
34,1898.9
53,1898.9
26,1899.1
28,1899.1
62,1899.6
17,1900.0
5,1900.5
21,1900.9
56,1901.0
29,1901.7
40,1902.5
35,1903.1
16,1903.6
12,1903.6
23,1903.7
27,1904.0
49,1904.1
42,1904.3
47,1904.6
52,1904.8
37,1905.9
32,1906.0
19,1906.2
8,1906.3
20,1907.3
51,1907.4
2,1907.8
38,1908.1
48,1908.3
11,1908.4
7,1908.9
57,1909.0
6,1909.2
36,1909.3
44,1909.4
28,1909.6
31,1910.3
45,1910.6
56,1910.8
30,1910.9
1,1911.0
34,1911.2
10,1912.0
3,1912.0
5,1912.2
21,1912.4
9,1912.4
15,1912.5
62,1912.7
25,1913.6
13,1913.7
40,1914.2
58,1914.5
46,1914.6
23,1915.4
47,1915.5
42,1916.0
12,1916.1
32,1916.4
29,1916.5
19,1917.0
2,1918.8
38,1919.6
8,1919.8
51,1919.9
60,1920.2
57,1920.5
50,1920.8
7,1920.8
4,1921.1
3,1921.4
27,1922.0
36,1922.0
48,1922.5
52,1923.3
5,1924.0
15,1924.2
58,1924.3
26,1924.6
56,1925.0
10,1925.2
28,1925.3
21,1925.6
47,1925.9
25,1926.0
30,1926.1
20,1926.2
9,1926.3
37,1926.8
32,1927.4
12,1927.5
16,1927.5
19,1927.9
13,1928.3
23,1928.8
29,1928.9
61,1929.0
60,1929.1
49,1929.6
40,1929.7
44,1930.6
50,1930.6
38,1931.1
34,1931.3
51,1931.6
31,1931.8
57,1932.0
1,1933.2
6,1934.0
24,1934.1
48,1934.2
62,1934.6
8,1934.8
42,1935.2
53,1935.6
11,1935.9
25,1936.0
5,1936.1
4,1937.0
22,1937.3
19,1937.7
21,1937.7
58,1938.0
26,1938.1
52,1938.6
28,1938.8
12,1939.2
35,1939.6
7,1939.7
61,1940.1
23,1940.5
17,1940.5
2,1940.7
16,1941.1
37,1941.7
38,1941.9
57,1942.0
60,1942.1
47,1942.6
15,1942.7
51,1942.7
30,1942.8
36,1943.0
13,1943.1
6,1943.4
48,1943.9
32,1944.7
59,1946.3
1,1946.7
53,1946.8
10,1946.9
25,1947.0
42,1947.2
19,1947.6
26,1948.2
22,1948.2
5,1948.5
9,1949.0
29,1949.6
12,1950.1
17,1950.1
3,1950.3
56,1950.6
0,1950.7
61,1951.4
34,1951.9
21,1952.0
47,1952.3
6,1952.9
57,1953.0
44,1953.1
51,1953.3
38,1953.7
23,1954.0
28,1954.4
24,1954.8
15,1955.1
45,1956.3
35,1956.6
13,1956.8
60,1956.8
27,1957.2
19,1957.4
16,1957.5
25,1957.9
48,1958.3
59,1958.5
40,1958.6
9,1959.3
37,1959.5
49,1959.7
50,1960.2
1,1960.2
36,1960.3
22,1960.6
7,1960.9
42,1961.1
58,1961.5
8,1961.5
61,1961.6
31,1961.8
52,1962.2
53,1962.3
30,1962.6
34,1962.6
46,1962.9
62,1963.5
56,1963.6
5,1963.8
38,1964.3
6,1964.3
51,1964.4
26,1965.2
12,1966.0
4,1966.3
29,1966.6
25,1967.8
48,1968.1
15,1968.3
28,1968.6
57,1968.8
20,1969.6
19,1969.6
60,1969.7
23,1970.3
17,1970.4
33,1970.5
3,1970.8
44,1971.0
0,1971.3
40,1971.5
47,1972.1
59,1972.7
37,1973.4
45,1973.6
42,1973.6
7,1973.7
32,1973.9
27,1974.0
56,1974.2
8,1974.5
22,1974.6
61,1974.6
1,1975.4
51,1975.5
50,1975.7
36,1975.9
38,1976.8
52,1976.8
6,1977.2
35,1977.8
34,1978.2
25,1978.6
9,1979.1
13,1979.3
15,1979.5
48,1979.7
49,1979.8
33,1979.9
57,1980.0
5,1980.3
24,1980.5
26,1981.2
3,1981.8
19,1982.0
53,1982.4
12,1982.8
44,1982.9
46,1983.9
28,1984.0
30,1984.0
47,1984.1
31,1984.1
56,1984.4
32,1984.5
0,1984.9
62,1984.9
16,1985.2
29,1985.4
45,1986.6
54,1987.2
23,1988.1
38,1988.1
61,1988.2
7,1988.6
40,1989.8
6,1990.0
22,1990.1
8,1990.2
15,1990.8
60,1991.0
13,1991.1
49,1991.4
34,1991.5
48,1991.6
25,1992.0
42,1992.2
17,1992.2
3,1992.2
5,1992.4
51,1992.7
1,1993.0
33,1993.3
35,1993.5
57,1994.2
58,1994.3
12,1994.5
53,1994.5
46,1994.8
9,1995.3
47,1995.4
28,1995.9
32,1996.2
50,1996.3
52,1996.5
37,1996.9
59,1997.5
24,1998.3
38,1998.7
16,1999.0
19,1999.2
56,1999.4
29,1999.5
44,1999.7
26,2000.6
21,2000.8
10,2001.2
45,2001.7
25,2002.3
6,2002.5
0,2002.8
8,2002.9
61,2003.4
54,2003.6
36,2004.0
15,2004.1
34,2005.7
49,2006.0
12,2006.1
57,2006.2
13,2006.2
53,2006.5
60,2006.6
46,2007.6
17,2008.3
27,2008.4
47,2008.7
51,2009.4
30,2009.5
59,2009.7
42,2009.9
58,2010.0
19,2010.3
48,2010.4
10,2010.6
5,2010.9
56,2011.5
29,2011.6
52,2012.0
26,2012.4
22,2012.6
28,2012.7
62,2012.7
8,2012.7
9,2012.8
25,2013.2
61,2013.5
38,2014.1
6,2014.5
54,2014.7
50,2014.8
32,2015.0
16,2015.0
0,2015.2
15,2015.5
1,2015.6
7,2015.7
60,2015.7
33,2016.2
14,2016.4
44,2017.4
34,2017.6
12,2018.1
21,2018.3
49,2019.8
53,2019.8
3,2019.9
13,2021.2
55,2021.2
19,2021.7
56,2021.8
45,2022.2
17,2022.3
35,2022.7
24,2022.8
30,2022.8
61,2023.2
10,2023.2
5,2023.4
25,2023.9
6,2024.3
51,2024.6
50,2024.7
4,2025.3
57,2025.3
52,2025.5
8,2025.6
28,2026.2
15,2026.2
38,2026.3
59,2026.5
9,2026.7
60,2027.0
16,2027.8
26,2028.0
42,2028.2
37,2028.8
40,2029.0
47,2029.2
12,2029.3
53,2030.3
14,2030.3
44,2030.9
29,2031.0
62,2031.1
34,2031.3
39,2032.0
56,2032.1
54,2032.3
19,2032.3
3,2032.8
10,2032.8
21,2033.1
50,2033.6
13,2033.7
45,2034.1
25,2034.4
2,2034.8
61,2034.9
51,2035.0
0,2035.4
30,2035.9
57,2035.9
4,2036.2
9,2036.8
38,2037.1
17,2037.3
5,2037.3
15,2037.7
49,2038.6
16,2038.7
52,2038.8
58,2038.8
7,2039.2
55,2039.9
47,2040.1
53,2041.5
3,2042.9
19,2042.9
37,2043.5
36,2043.7
44,2043.8
60,2043.9
34,2043.9
23,2044.8
40,2045.0
12,2045.9
56,2045.9
29,2046.7
24,2046.7
8,2046.9
21,2046.9
45,2047.5
51,2047.7
39,2047.7
17,2047.7
0,2047.9
25,2047.9
62,2048.3
33,2048.8
48,2049.1
28,2049.3
6,2049.3
4,2049.8
57,2049.9
52,2049.9
15,2050.0
7,2050.1
14,2050.3
42,2050.7
9,2050.8
38,2051.1
2,2051.3
16,2051.3
47,2051.7
32,2051.9
55,2051.9
19,2052.8
3,2052.8
61,2053.6
5,2053.8
13,2054.8
22,2055.3
53,2055.6
30,2056.6
31,2056.6
44,2057.1
34,2057.7
60,2057.8
8,2058.4
59,2058.8
50,2059.3
36,2059.4
51,2059.4
4,2060.1
28,2060.5
12,2061.0
52,2061.4
16,2061.4
2,2061.9
19,2062.4
38,2062.8
33,2062.9
25,2063.2
40,2063.2
48,2063.3
47,2064.1
3,2064.6
57,2064.9
39,2065.1
7,2066.1
21,2066.4
42,2066.4
53,2066.5
15,2066.8
45,2067.0
54,2067.5
29,2067.5
32,2067.9
8,2068.4
9,2069.0
23,2069.0
37,2069.2
13,2069.4
56,2069.6
5,2069.6
51,2071.0
1,2071.3
24,2071.6
60,2071.7
55,2071.8
4,2072.1
28,2072.2
30,2073.0
6,2073.4
61,2073.7
31,2073.9
44,2074.1
19,2074.2
52,2075.2
25,2075.5
47,2076.0
16,2076.4
10,2076.8
48,2077.7
57,2077.9
15,2078.1
21,2078.5
42,2078.8
20,2079.0
39,2079.3
12,2079.3
33,2079.7
32,2080.0
53,2080.1
58,2080.5
17,2080.8
62,2080.9
34,2081.0
49,2081.3
38,2081.6
4,2081.8
0,2081.9
9,2082.0
2,2082.1
5,2082.2
54,2082.2
51,2082.5
19,2083.9
28,2084.3
6,2084.7
22,2085.0
25,2086.0
16,2086.1
47,2087.2
7,2087.2
50,2087.3
8,2087.4
1,2087.5
13,2088.0
36,2088.2
45,2088.4
21,2090.3
53,2090.5
61,2090.6
29,2091.0
4,2091.0
17,2091.3
0,2091.8
38,2092.5
51,2092.8
33,2092.9
12,2093.6
58,2094.1
19,2094.1
15,2094.5
5,2094.9
60,2095.0
59,2095.7
54,2096.0
22,2096.2
50,2097.2
3,2097.3
62,2097.5
7,2098.1
28,2098.9
57,2099.1
56,2099.3
20,2099.6
40,2099.7
47,2099.8
48,2099.9
52,2100.3
32,2100.3
16,2100.4
1,2100.7
10,2100.7
42,2100.8
53,2101.4
14,2101.7
45,2101.7
17,2101.8
6,2102.4
61,2102.7
21,2103.0
9,2103.4
39,2103.6
4,2103.7
38,2103.8
58,2104.5
19,2104.7
13,2105.1
23,2105.2
30,2105.8
60,2106.1
49,2106.4
12,2106.4
35,2106.8
3,2106.8
50,2107.2
2,2107.3
27,2107.4
15,2107.5
25,2107.5
0,2107.9
5,2107.9
51,2108.0
44,2108.5
8,2108.9
54,2109.1
31,2109.9
28,2110.2
47,2110.4
29,2110.6
22,2111.3
53,2111.8
32,2111.9
48,2112.0
46,2112.0
41,2112.2
59,2112.2
10,2113.2
17,2113.3
62,2113.4
7,2113.4
1,2113.9
61,2113.9
40,2114.0
45,2114.0
58,2114.4
33,2114.7
6,2114.8
19,2115.2
56,2115.2
38,2117.9
49,2118.2
34,2118.3
13,2118.6
50,2119.0
0,2119.0
26,2119.3
15,2119.3
57,2119.9
30,2120.2
8,2120.2
12,2120.3
27,2120.5
60,2120.5
51,2120.7
55,2120.9
5,2121.0
42,2121.7
32,2121.9
29,2122.2
47,2122.5
46,2122.8
14,2122.9
53,2123.1
2,2123.1
35,2123.6
31,2123.8
20,2124.2
7,2124.4
16,2125.8
58,2126.0
28,2126.1
4,2126.3
61,2126.3
17,2126.8
23,2127.3
19,2128.2
25,2128.9
50,2129.6
49,2130.0
45,2130.3
6,2130.5
37,2130.9
10,2131.0
54,2131.1
48,2131.5
41,2131.5
15,2131.8
34,2132.7
32,2132.7
57,2133.2
60,2133.5
42,2134.1
8,2134.2
62,2134.3
29,2134.4
39,2134.4
38,2135.0
30,2135.1
3,2135.2
12,2135.6
44,2135.9
58,2136.0
2,2136.0
53,2137.2
5,2137.5
61,2137.8
31,2137.9
33,2138.3
50,2138.6
51,2138.9
46,2139.1
0,2139.4
27,2139.5
6,2140.0
40,2140.2
17,2140.6
13,2141.1
7,2141.5
37,2142.3
45,2142.3
4,2142.4
57,2142.5
49,2142.8
10,2143.2
20,2143.3
59,2143.4
34,2143.6
11,2144.1
8,2144.2
56,2144.3
26,2144.3
3,2145.1
47,2145.2
21,2145.4
42,2145.5
15,2146.3
32,2146.5
25,2146.9
35,2147.1
60,2147.1
9,2147.2
30,2147.6
52,2147.8
19,2148.2
16,2148.8
61,2149.1
39,2149.3
58,2149.3
38,2149.6
53,2149.6
12,2149.9
36,2150.4
46,2150.6
50,2151.5
5,2151.5
54,2151.7
31,2151.7
17,2151.9
4,2152.0
41,2152.2
33,2152.3
44,2152.4
51,2152.7
22,2153.5
2,2153.6
37,2154.0
6,2154.2
29,2154.6
28,2155.4
27,2155.4
3,2156.0
47,2157.4
60,2157.5
32,2157.6
25,2157.7
21,2157.7
42,2157.8
8,2159.3
9,2160.3
34,2160.6
11,2161.0
15,2161.3
38,2161.4
53,2161.4
26,2161.5
58,2161.8
17,2162.0
35,2162.5
19,2162.5
33,2162.6
10,2162.7
61,2162.7
51,2162.9
30,2162.9
62,2163.1
16,2163.1
12,2163.3
49,2163.3
5,2163.8
7,2164.7
44,2165.1
52,2165.9
40,2166.3
36,2166.3
3,2166.4
57,2166.9
37,2167.4
54,2167.5
13,2167.6
47,2168.6
0,2169.2
2,2169.5
32,2169.8
34,2169.8
41,2170.1
8,2170.2
46,2170.2
9,2170.9
60,2171.2
38,2172.3
19,2172.4
17,2172.5
50,2172.6
53,2172.7
42,2173.0
15,2173.1
16,2173.2
6,2173.5
48,2173.7
35,2174.4
39,2174.8
3,2175.5
5,2175.7
27,2175.9
25,2176.0
22,2176.1
33,2176.5
21,2176.9
31,2177.1
51,2177.3
57,2177.5
61,2177.5
56,2177.6
12,2178.0
49,2178.4
36,2178.7
47,2179.4
8,2179.4
0,2180.1
23,2180.4
13,2180.5
7,2181.1
24,2182.0
50,2182.1
2,2182.1
58,2182.3
26,2183.3
52,2184.0
19,2184.1
17,2184.2
40,2184.3
62,2184.4
44,2184.7
46,2184.7
53,2185.0
38,2186.0
33,2186.3
15,2186.8
39,2186.9
9,2187.1
20,2187.8
6,2188.0
5,2188.0
56,2188.1
16,2188.6
12,2189.0
8,2189.1
51,2189.4
57,2189.4
32,2189.5
22,2189.6
42,2189.8
37,2189.8
25,2190.3
1,2190.3
61,2190.5
0,2191.0
36,2191.4
35,2191.4
30,2192.5
21,2192.7
50,2192.9
23,2193.4
7,2193.5
47,2193.7
11,2193.8
19,2193.8
60,2194.4
40,2194.6
49,2195.7
54,2196.2
17,2196.6
38,2197.1
52,2197.4
33,2197.4
53,2197.8
10,2198.5
51,2199.7
13,2199.9
15,2200.1
34,2200.2
12,2200.2
4,2201.0
36,2201.0
5,2201.1
8,2201.3
32,2201.5
20,2201.6
42,2202.1
6,2202.2
56,2202.4
22,2202.8
1,2202.9
19,2204.1
3,2204.3
57,2204.6
16,2204.6
40,2204.8
35,2205.2
17,2205.8
47,2205.9
2,2206.4
58,2206.4
26,2206.5
24,2206.5
41,2206.6
39,2206.9
61,2206.9
25,2207.1
30,2207.6
33,2208.1
53,2208.5
50,2208.8
0,2209.2
34,2209.7
44,2209.8
23,2210.4
8,2210.6
7,2210.7
48,2210.8
52,2211.6
10,2211.6
51,2211.7
13,2211.8
6,2212.1
12,2212.3
21,2212.4
5,2212.5
15,2212.7
57,2213.7
49,2214.1
36,2214.2
38,2214.4
16,2214.8
42,2215.0
22,2215.7
9,2215.8
29,2216.1
47,2216.4
17,2218.0
25,2218.3
50,2218.6
19,2218.7
53,2218.8
45,2219.0
2,2219.3
40,2219.8
8,2220.1
32,2220.1
46,2220.2
1,2220.5
48,2220.7
4,2220.8
33,2220.9
3,2220.9
10,2221.4
23,2221.7
20,2221.9
39,2221.9
58,2222.1
61,2222.7
52,2223.6
11,2223.6
34,2224.2
51,2224.4
15,2224.5
56,2225.2
21,2225.4
6,2226.5
12,2226.6
16,2226.7
38,2226.8
27,2227.1
9,2227.8
17,2228.3
25,2228.4
59,2228.5
13,2228.7
5,2228.8
42,2228.8
35,2229.4
4,2229.5
8,2229.6
7,2229.8
45,2229.9
14,2230.2
47,2230.4
3,2230.6
19,2230.7
53,2231.2
48,2232.2
1,2232.5
2,2232.6
22,2232.8
61,2233.2
50,2233.6
10,2234.7
52,2235.3
15,2235.3
28,2235.6
51,2235.6
20,2236.1
46,2236.5
36,2236.6
39,2236.7
6,2237.0
29,2237.1
16,2237.3
44,2237.5
30,2237.5
56,2238.4
21,2238.9
23,2239.5
11,2240.1
8,2240.3
19,2240.5
47,2240.7
26,2240.9
7,2241.4
33,2241.6
38,2241.7
17,2242.6
25,2242.6
42,2243.4
48,2243.5
57,2243.6
53,2243.8
1,2244.1
41,2244.8
5,2245.1
59,2245.2
3,2245.5
10,2246.1
61,2246.5
12,2246.6
14,2247.0
6,2247.1
9,2247.3
27,2247.5
40,2247.6
2,2247.9
45,2248.1
46,2248.4
22,2248.4
23,2249.7
15,2249.9
34,2250.3
58,2250.4
44,2250.4
16,2250.6
21,2251.6
52,2252.0
28,2252.0
19,2252.4
7,2252.4
25,2252.9
37,2253.0
8,2253.0
51,2253.2
17,2254.3
0,2254.4
47,2254.5
49,2254.5
1,2254.5
10,2255.1
57,2255.9
38,2255.9
60,2256.1
6,2257.0
53,2258.7
11,2259.3
12,2259.3
41,2259.8
62,2259.8
40,2260.3
32,2260.3
4,2260.5
26,2260.5
39,2260.5
50,2260.5
5,2260.6
48,2261.0
27,2261.0
56,2261.1
45,2261.5
58,2261.8
20,2262.3
3,2262.3
23,2263.1
13,2263.3
17,2263.6
44,2265.1
19,2265.3
57,2265.4
15,2265.7
42,2265.7
1,2266.0
30,2266.5
7,2266.9
52,2267.6
8,2267.6
46,2267.8
0,2268.0
16,2268.1
47,2268.3
61,2269.2
53,2269.7
59,2270.2
25,2270.7
26,2272.0
38,2272.0
12,2272.4
39,2272.9
9,2273.4
34,2273.5
11,2274.7
41,2274.7
48,2275.4
3,2275.6
33,2276.1
50,2276.1
23,2276.2
6,2276.3
10,2276.4
19,2276.5
45,2277.7
40,2277.8
51,2277.9
28,2278.0
21,2278.4
16,2278.7
57,2278.9
47,2279.4
5,2280.3
44,2280.5
58,2280.6
30,2280.6
7,2280.9
61,2280.9
53,2281.0
15,2281.5
8,2281.6
59,2281.7
62,2282.0
14,2282.0
29,2282.3
42,2282.3
20,2282.5
31,2282.6
25,2282.7
60,2282.8
4,2283.2
27,2283.4
17,2284.5
13,2285.2
12,2285.3
38,2285.7
3,2286.2
55,2286.6
48,2286.9
19,2287.1
9,2287.4
26,2287.5
34,2288.1
1,2288.2
2,2289.4
6,2289.5
33,2289.8
50,2289.9
39,2290.5
22,2291.4
40,2291.6
21,2291.9
7,2292.1
61,2292.2
8,2292.3
28,2292.4
16,2292.5
25,2293.0
10,2293.0
24,2293.4
23,2293.6
15,2294.3
17,2294.7
47,2295.2
59,2295.6
51,2295.8
53,2296.0
42,2296.4
52,2296.4
44,2296.6
60,2297.1
12,2297.2
0,2297.5
19,2298.4
5,2298.7
48,2298.9
30,2299.1
43,2299.2
35,2299.4
11,2299.4
56,2299.4
13,2299.5
26,2300.2
2,2301.0
57,2301.2
41,2302.0
10,2302.1
20,2302.1
33,2302.2
3,2302.4
8,2302.7
29,2303.0
39,2303.2
50,2303.4
38,2303.9
16,2303.9
22,2304.0
25,2304.0
40,2304.4
6,2304.8
55,2305.2
14,2305.8
31,2306.2
51,2306.5
0,2307.0
53,2307.2
44,2308.3
46,2308.4
12,2309.0
52,2309.2
7,2309.3
61,2310.1
19,2310.8
9,2311.1
30,2311.3
5,2311.4
23,2311.4
36,2311.9
26,2312.8
15,2313.1
8,2313.1
56,2313.1
11,2313.2
34,2313.3
17,2313.7
48,2313.8
41,2314.4
21,2314.4
16,2315.3
10,2315.3
3,2315.8
35,2315.9
50,2316.5
6,2316.5
22,2316.9
13,2316.9
0,2317.3
28,2317.9
51,2318.0
24,2318.4
53,2319.1
59,2319.7
25,2320.0
38,2320.1
19,2320.6
60,2320.6
40,2321.3
14,2321.5
44,2321.9
12,2322.0
58,2322.0
33,2322.4
5,2322.7
49,2323.4
2,2324.0
29,2324.1
39,2324.1
31,2324.8
45,2325.3
30,2325.7
26,2325.8
15,2325.8
56,2325.9
16,2325.9
48,2326.2
10,2326.5
52,2327.0
36,2327.5
27,2328.2
46,2328.5
1,2328.6
8,2328.7
51,2329.2
23,2329.3
13,2329.4
3,2329.5
4,2329.9
19,2330.4
53,2330.6
0,2330.7
60,2331.1
37,2331.7
25,2331.8
6,2332.2
33,2332.6
58,2333.4
41,2333.5
21,2333.7
14,2333.8
2,2334.2
12,2334.4
32,2334.5
17,2335.3
26,2335.8
9,2336.6
11,2337.2
5,2337.4
15,2337.6
50,2337.8
31,2338.1
38,2338.8
51,2339.3
24,2339.5
16,2339.7
52,2339.8
60,2340.3
1,2340.3
23,2341.0
47,2341.1
8,2341.4
6,2341.8
19,2342.2
0,2342.2
25,2342.7
53,2343.4
22,2343.8
7,2344.0
49,2344.1
61,2344.7
29,2344.8
55,2344.9
37,2344.9
30,2345.0
17,2345.9
48,2346.0
12,2346.0
21,2346.2
56,2347.3
35,2347.8
9,2348.1
40,2348.5
27,2348.8
50,2348.8
10,2348.9
15,2349.1
11,2349.5
4,2349.7
26,2349.7
42,2349.9
13,2350.0
57,2350.2
38,2350.5
41,2350.7
32,2351.2
20,2351.4
14,2351.7
47,2351.8
58,2352.0
2,2352.0
23,2352.0
3,2352.1
51,2352.1
52,2352.6
28,2353.2
60,2353.9
36,2354.1
5,2355.0
8,2355.2
19,2355.3
22,2355.4
6,2355.9
17,2356.0
48,2356.0
37,2357.2
61,2357.2
49,2357.4
44,2357.6
53,2358.1
12,2358.2
56,2358.3
21,2359.6
16,2359.6
9,2359.7
29,2359.8
31,2359.9
15,2360.3
10,2360.8
26,2361.0
41,2362.0
3,2362.4
25,2362.4
27,2362.5
57,2362.6
1,2362.8
0,2363.6
58,2363.6
51,2364.3
40,2364.4
60,2364.4
32,2364.9
33,2364.9
13,2365.0
48,2366.0
62,2366.4
52,2366.4
14,2366.6
6,2366.6
47,2367.1
36,2367.2
42,2367.9
22,2368.0
19,2368.2
50,2368.9
28,2369.3
38,2369.3
49,2369.4
8,2369.5
11,2370.2
12,2370.4
26,2370.7
10,2370.7
61,2370.7
16,2371.0
17,2371.4
39,2371.5
3,2371.6
15,2371.7
23,2371.7
29,2371.9
37,2372.4
53,2373.3
21,2373.4
31,2374.2
25,2375.1
56,2375.2
58,2375.4
9,2376.4
30,2377.1
44,2377.4
52,2377.4
47,2377.9
19,2378.8
51,2379.0
41,2379.4
6,2379.7
50,2380.2
60,2380.6
46,2380.8
16,2380.9
28,2381.1
26,2381.4
42,2381.4
38,2382.3
57,2382.4
22,2382.5
24,2383.5
7,2383.9
8,2384.0
17,2384.0
10,2384.4
3,2384.8
53,2385.1
37,2385.6
12,2385.8
58,2385.9
21,2386.0
29,2386.0
25,2386.6
13,2386.8
27,2387.0
5,2387.4
33,2387.5
9,2387.9
4,2388.1
49,2388.1
15,2388.1
47,2388.9
62,2388.9
6,2389.2
32,2389.3
36,2389.6
16,2390.5
60,2391.5
52,2392.4
19,2392.6
40,2393.6
46,2393.6
8,2393.7
2,2393.8
38,2393.9
61,2394.1
10,2394.3
17,2395.0
7,2395.0
30,2395.1
14,2395.6
53,2395.8
3,2396.0
48,2396.1
22,2396.6
25,2396.9
28,2397.0
29,2397.4
12,2397.5
42,2397.8
41,2398.7
21,2398.8
26,2399.3
58,2399.4
33,2399.5
39,2399.8
6,2400.1
36,2400.5
31,2400.8
16,2401.2
15,2401.3
44,2401.3
23,2402.5
40,2403.7
38,2404.5
46,2404.5
52,2404.8
60,2405.5
51,2405.6
61,2405.8
9,2406.2
17,2406.2
8,2406.3
3,2406.5
62,2406.7
37,2407.5
2,2407.9
25,2408.1
48,2408.1
56,2408.1
12,2408.2
47,2408.6
10,2409.6
19,2409.6
11,2409.7
36,2410.2
53,2410.3
42,2410.3
4,2411.5
7,2412.0
5,2412.6
15,2412.6
30,2413.5
35,2413.6
16,2414.1
50,2414.8
39,2415.0
38,2415.0
29,2415.4
34,2415.7
61,2416.0
8,2416.3
41,2416.3
17,2416.5
6,2416.5
60,2416.8
51,2416.9
52,2417.0
2,2417.9
33,2418.7
40,2418.7
31,2418.8
25,2418.9
47,2419.3
9,2419.4
21,2419.5
12,2419.6
46,2419.8
36,2419.9
4,2420.4
48,2420.8
62,2421.0
32,2421.2
19,2421.9
58,2422.2
53,2422.9
3,2423.4
16,2424.4
15,2424.6
55,2424.9
11,2425.5
28,2426.4
34,2426.8
38,2426.8
57,2426.8
44,2428.1
23,2428.2
42,2428.3
61,2428.5
17,2428.7
2,2429.0
33,2429.2
18,2429.6
25,2429.6
9,2429.9
60,2430.3
6,2430.4
35,2430.4
51,2430.6
52,2430.6
49,2431.1
8,2431.4
12,2431.8
48,2431.8
45,2432.0
32,2432.4
10,2432.6
36,2432.7
53,2434.9
21,2434.9
46,2435.1
47,2435.8
56,2435.9
16,2436.4
62,2436.7
19,2436.7
20,2437.4
17,2438.0
34,2439.3
3,2439.3
44,2439.4
60,2440.2
26,2440.8
58,2441.1
38,2441.1
0,2441.1
15,2441.2
8,2441.3
39,2441.5
41,2442.0
31,2442.3
22,2442.4
55,2442.7
42,2442.9
14,2443.1
50,2443.6
33,2443.6
51,2444.1
40,2444.4
49,2444.4
46,2445.1
54,2445.1
53,2445.2
10,2445.4
2,2445.8
32,2445.8
16,2446.0
6,2446.3
48,2446.4
12,2446.6
7,2446.9
56,2447.1
3,2448.8
61,2448.9
4,2449.0
52,2449.4
60,2449.7
18,2450.1
62,2450.2
17,2450.4
8,2451.0
58,2451.2
25,2451.4
15,2453.2
44,2453.4
36,2454.0
1,2454.1
11,2454.5
51,2454.7
37,2454.8
10,2455.0
33,2455.0
27,2455.3
5,2455.4
49,2455.4
29,2455.8
22,2456.0
30,2456.5
38,2456.5
19,2457.1
31,2457.2
21,2457.3
48,2457.5
20,2457.7
53,2458.3
28,2458.6
47,2458.7
40,2458.7
60,2458.9
41,2458.9
34,2459.6
3,2459.7
9,2459.7
17,2459.8
46,2459.8
16,2459.8
6,2460.1
32,2460.2
56,2461.1
58,2461.7
55,2461.8
54,2462.0
7,2462.4
25,2462.6
35,2462.8
12,2463.6
42,2463.8
61,2463.9
36,2464.9
14,2465.8
11,2466.7
19,2467.6
33,2468.2
44,2468.5
48,2468.5
26,2468.6
37,2468.6
53,2468.8
57,2468.9
10,2469.1
60,2469.2
34,2469.3
15,2470.1
16,2470.5
50,2470.5
4,2470.6
51,2471.0
49,2471.1
56,2471.2
17,2471.3
24,2471.3
8,2471.4
5,2471.5
30,2471.5
32,2472.2
3,2473.1
58,2473.7
25,2473.8
47,2474.1
62,2474.1
28,2474.8
38,2474.8
36,2475.0
12,2475.4
6,2475.8
27,2476.5
21,2476.6
7,2476.7
19,2477.4
9,2477.8
2,2478.2
55,2478.7
53,2479.1
22,2480.2
42,2480.2
26,2480.4
31,2480.9
34,2480.9
61,2481.1
17,2481.5
49,2481.7
48,2481.7
3,2482.4
57,2483.0
56,2483.2
14,2483.4
10,2483.8
15,2483.9
8,2484.4
50,2484.4
5,2484.5
40,2484.9
4,2485.7
30,2486.0
16,2486.2
28,2486.3
6,2486.4
11,2486.7
12,2486.9
13,2487.0
23,2487.4
44,2487.5
7,2487.5
19,2488.5
58,2488.9
32,2489.2
33,2489.7
53,2489.8
36,2490.1
41,2490.8
1,2491.1
17,2491.2
47,2491.3
45,2491.6
48,2492.2
37,2492.4
3,2493.5
57,2493.6
61,2493.6
54,2494.3
52,2494.4
42,2494.4
51,2495.6
15,2495.6
16,2496.2
11,2496.3
28,2496.5
49,2496.5
60,2496.7
14,2496.9
10,2497.5
50,2497.9
7,2498.1
6,2498.4
34,2498.9
4,2499.0
8,2499.2
23,2499.7
33,2499.8
19,2500.0
56,2500.6
9,2500.8
5,2500.8
17,2501.4
58,2501.5
12,2502.1
31,2502.2
35,2502.8
41,2502.9
26,2503.1
61,2503.8
45,2504.0
48,2504.1
21,2504.3
47,2504.5
53,2505.3
3,2505.3
51,2505.9
25,2506.0
0,2506.5
10,2507.3
44,2507.5
50,2507.6
38,2507.7
15,2507.7
6,2507.9
29,2508.0
11,2508.3
7,2508.5
8,2508.6
36,2508.7
60,2508.9
13,2509.3
57,2509.8
9,2510.3
19,2510.9
17,2511.0
28,2511.4
16,2511.4
55,2511.5
52,2512.1
32,2512.9
34,2513.1
40,2513.3
56,2513.6
1,2513.6
58,2513.7
61,2513.9
30,2513.9
12,2514.3
33,2514.6
20,2514.7
3,2514.9
48,2515.2
5,2515.7
45,2516.4
41,2517.0
25,2517.3
31,2517.6
50,2517.8
11,2518.0
60,2518.3
46,2518.6
36,2518.9
51,2519.0
10,2519.4
35,2519.7
38,2519.7
0,2519.9
15,2519.9
53,2520.0
6,2520.1
14,2520.6
44,2520.8
29,2521.1
19,2521.6
9,2523.7
58,2523.9
13,2524.1
49,2524.2
7,2524.2
4,2524.3
57,2524.4
21,2524.5
33,2525.4
52,2525.7
26,2526.0
34,2527.5
11,2527.7
61,2528.1
5,2528.5
41,2528.9
50,2528.9
32,2529.4
51,2530.1
16,2530.4
3,2530.5
20,2530.6
40,2531.0
10,2531.3
17,2531.4
19,2531.4
15,2531.7
35,2531.7
56,2531.7
48,2531.8
45,2531.9
60,2532.0
38,2532.8
12,2533.2
9,2533.9
36,2533.9
53,2534.4
25,2534.5
42,2534.7
0,2534.8
4,2535.4
58,2535.6
46,2535.8
57,2536.0
44,2537.1
34,2537.5
11,2537.6
8,2537.7
22,2537.9
28,2538.3
29,2538.5
13,2538.8
21,2538.9
33,2539.4
6,2539.7
26,2540.1
2,2540.9
32,2540.9
17,2541.3
19,2541.4
35,2542.7
16,2543.4
15,2544.4
38,2544.6
47,2544.7
56,2545.4
52,2545.4
51,2545.4
50,2545.7
7,2545.8
53,2546.2
20,2546.6
31,2547.2
41,2547.3
5,2547.4
25,2547.7
8,2547.9
4,2548.3
36,2548.8
0,2549.1
10,2549.9
11,2550.5
57,2550.8
22,2551.5
30,2551.6
19,2551.9
3,2551.9
6,2552.1
34,2552.1
42,2552.2
49,2552.6
61,2553.6
32,2553.8
58,2554.0
21,2554.0
13,2554.1
60,2554.6
2,2554.7
50,2556.0
56,2556.0
17,2556.1
16,2556.5
51,2557.4
8,2557.8
53,2557.8
15,2558.1
35,2558.3
7,2558.3
25,2558.6
38,2558.8
26,2559.0
20,2559.8
55,2560.8
41,2561.5
10,2562.0
19,2562.3
9,2562.5
57,2562.6
34,2562.8
33,2563.1
44,2563.1
11,2563.3
36,2563.8
48,2563.9
62,2564.0
47,2565.2
6,2565.3
37,2565.9
0,2565.9
32,2566.0
60,2566.2
40,2566.3
31,2566.6
13,2566.9
27,2567.2
52,2567.3
3,2567.6
17,2567.7
21,2568.4
49,2568.6
58,2568.6
8,2569.7
26,2570.1
42,2570.3
15,2570.4
25,2570.8
45,2571.0
53,2571.5
38,2571.7
56,2571.8
2,2571.9
34,2572.2
7,2572.8
30,2572.9
48,2573.3
9,2573.3
33,2573.5
20,2574.6
41,2574.9
12,2575.7
19,2575.7
29,2575.9
51,2576.2
59,2576.3
40,2576.5
62,2577.0
17,2577.1
16,2577.8
32,2577.9
3,2578.4
55,2578.4
24,2578.5
6,2578.8
44,2579.3
1,2580.1
35,2580.6
47,2580.6
37,2580.7
46,2581.0
57,2581.3
56,2581.6
13,2581.7
15,2582.1
8,2582.1
25,2582.2
22,2582.7
42,2583.1
58,2584.1
38,2584.3
60,2584.5
10,2584.6
11,2584.7
33,2585.1
30,2585.1
5,2585.7
31,2585.8
48,2586.4
19,2587.3
12,2587.4
53,2587.6
17,2587.9
45,2588.3
27,2588.3
52,2588.5
50,2589.3
6,2589.6
40,2589.6
16,2589.7
62,2590.3
36,2590.5
35,2590.9
20,2590.9
7,2590.9
51,2590.9
47,2591.0
54,2591.1
56,2592.0
46,2592.0
41,2592.1
32,2593.0
34,2593.3
59,2593.6
21,2593.9
9,2593.9
25,2594.0
37,2594.1
3,2594.7
15,2595.0
42,2595.4
8,2596.3
13,2596.4
38,2596.7
22,2597.1
48,2597.4
19,2597.5
44,2597.5
10,2598.1
61,2598.6
4,2599.6
49,2599.6
16,2600.2
45,2600.4
1,2600.6
12,2600.6
29,2600.9
5,2601.7
46,2602.7
34,2602.7
51,2603.0
17,2603.7
36,2603.8
6,2603.8
52,2604.5
32,2604.7
30,2605.3
47,2605.5
35,2605.5
8,2605.6
27,2605.8
3,2605.8
62,2606.0
7,2606.9
53,2607.0
56,2607.4
54,2607.5
19,2607.6
57,2608.4
37,2608.5
4,2609.1
9,2609.3
38,2610.2
61,2611.4
40,2611.9
34,2612.2
58,2612.3
42,2612.6
16,2612.8
25,2613.2
21,2613.6
55,2613.6
59,2613.7
13,2613.9
50,2613.9
33,2614.0
44,2614.1
15,2614.3
41,2614.3
17,2614.5
48,2614.5
1,2614.6
29,2614.8
12,2615.1
49,2616.1
46,2616.6
35,2616.8
5,2617.2
52,2617.3
6,2617.3
9,2618.2
57,2618.8
37,2618.9
47,2619.2
53,2619.3
36,2619.8
3,2620.4
19,2620.6
62,2620.6
14,2621.6
32,2622.1
20,2622.4
60,2622.5
24,2622.5
38,2622.6
4,2622.9
51,2623.0
34,2623.9
40,2625.0
58,2625.1
17,2625.3
8,2625.9
12,2626.2
27,2626.5
59,2626.8
15,2626.8
10,2627.3
1,2627.5
9,2627.5
48,2629.2
29,2629.4
21,2629.4
23,2629.5
49,2629.7
5,2629.9
33,2630.5
36,2630.6
54,2630.9
46,2631.3
41,2631.4
6,2631.8
3,2631.8
19,2631.9
4,2632.2
61,2632.5
0,2632.5
34,2632.8
47,2633.2
13,2633.3
16,2633.6
57,2633.8
37,2633.8
2,2634.4
38,2634.6
32,2634.7
51,2634.8
35,2634.8
31,2635.3
58,2635.6
25,2635.7
14,2636.8
56,2636.9
7,2637.1
15,2637.5
53,2637.8
52,2637.9
40,2638.2
8,2639.0
12,2639.1
9,2639.3
33,2639.8
42,2639.8
23,2639.9
55,2640.1
59,2640.4
17,2641.2
62,2641.7
6,2641.7
26,2642.5
19,2642.7
48,2643.0
10,2643.3
4,2643.8
54,2643.9
5,2644.5
3,2644.6
57,2644.9
38,2645.7
58,2645.7
1,2646.6
31,2647.4
36,2647.7
47,2648.1
25,2648.1
13,2648.5
29,2648.6
53,2648.8
8,2648.9
14,2649.4
11,2649.5
9,2649.8
49,2650.0
44,2650.4
15,2651.0
33,2651.1
17,2652.2
52,2652.5
19,2652.6
6,2652.7
34,2653.3
26,2653.5
40,2653.5
12,2653.7
21,2654.0
23,2654.0
4,2654.1
51,2654.4
55,2655.4
16,2656.0
10,2656.1
38,2656.5
32,2656.6
7,2657.3
48,2657.7
47,2659.5
25,2659.7
58,2659.8
37,2660.0
31,2660.1
36,2660.7
29,2661.4
50,2661.9
14,2661.9
42,2662.4
17,2662.5
60,2662.6
13,2662.7
19,2663.4
49,2663.5
59,2663.7
53,2664.7
12,2665.0
57,2665.1
54,2665.4
61,2665.5
41,2665.5
34,2665.6
4,2665.9
46,2666.0
23,2666.1
62,2666.5
40,2666.6
2,2667.3
45,2667.8
44,2667.9
33,2668.2
32,2668.6
9,2668.7
3,2668.9
6,2669.3
55,2669.5
15,2669.7
38,2669.9
10,2670.3
48,2671.0
47,2671.0
16,2671.9
51,2671.9
7,2672.0
35,2672.3
25,2672.9
1,2673.1
26,2673.6
14,2674.8
21,2675.0
52,2675.1
29,2675.1
50,2675.6
31,2675.6
13,2675.7
12,2676.0
19,2676.1
36,2676.3
4,2676.4
34,2676.7
60,2676.8
61,2677.2
3,2679.1
49,2679.3
6,2679.3
44,2679.3
53,2679.3
58,2679.9
42,2680.1
8,2680.2
10,2680.8
38,2681.4
15,2681.6
45,2681.7
16,2682.0
51,2682.3
46,2682.5
23,2682.7
0,2683.2
17,2683.3
40,2683.9
22,2684.0
7,2684.6
5,2685.9
19,2686.4
25,2686.9
2,2686.9
50,2687.1
11,2687.3
47,2687.5
62,2687.9
14,2687.9
32,2688.2
20,2689.4
52,2689.5
21,2689.5
37,2690.2
44,2690.3
8,2690.4
12,2690.5
13,2691.7
6,2691.8
3,2692.1
29,2692.5
38,2692.6
48,2692.8
51,2693.3
31,2693.4
17,2693.5
57,2693.6
34,2693.8
58,2693.8
55,2694.6
23,2694.7
16,2694.8
61,2695.5
42,2696.0
45,2696.0
30,2696.0
15,2697.2
25,2697.8
35,2698.0
19,2698.4
54,2700.0
5,2700.1
50,2700.3
1,2700.4
9,2700.5
10,2700.7
60,2701.1
14,2701.5
8,2701.6
33,2702.3
6,2702.4
52,2702.5
57,2702.7
21,2703.0
58,2703.1
37,2703.4
51,2703.9
11,2704.0
17,2704.1
36,2704.5
59,2704.7
34,2705.1
12,2705.3
7,2705.4
44,2705.4
16,2705.8
47,2706.1
24,2706.6
53,2706.6
15,2708.1
25,2708.4
19,2708.6
38,2708.7
42,2708.7
4,2708.8
20,2709.1
9,2709.4
50,2709.5
26,2709.6
55,2710.1
49,2710.1
13,2710.2
29,2710.8
23,2711.1
30,2711.2
8,2711.8
10,2712.3
5,2713.4
48,2713.8
17,2713.9
51,2714.1
52,2714.3
14,2714.8
35,2715.0
3,2715.2
58,2715.6
54,2715.6
61,2715.6
2,2715.9
7,2716.1
16,2717.3
47,2717.4
32,2717.6
37,2718.1
40,2718.3
19,2718.4
6,2718.8
15,2719.3
12,2719.4
34,2719.6
41,2719.7
38,2719.8
21,2719.9
11,2720.4
42,2720.8
59,2720.9
8,2721.2
26,2721.2
23,2721.3
20,2721.9
50,2722.1
25,2723.1
3,2724.2
45,2724.2
29,2724.3
17,2724.4
10,2724.8
51,2725.4
13,2727.0
16,2727.3
27,2727.5
52,2727.5
49,2727.5
5,2727.7
48,2727.8
55,2727.8
14,2727.9
19,2728.3
6,2728.7
2,2728.7
32,2728.7
47,2729.1
7,2729.1
38,2730.4
37,2730.7
15,2730.9
30,2731.2
44,2731.5
12,2731.8
8,2732.1
61,2732.3
24,2732.6
31,2732.7
40,2732.8
4,2733.1
59,2733.2
25,2733.5
26,2733.6
41,2735.2
11,2736.0
58,2736.0
34,2736.1
21,2736.3
3,2737.5
48,2737.5
35,2737.6
45,2737.7
23,2737.7
19,2738.2
29,2738.3
9,2738.9
13,2739.4
17,2739.7
6,2740.0
10,2740.3
50,2740.5
38,2741.0
16,2741.1
5,2742.4
51,2743.0
52,2743.0
47,2743.3
15,2743.5
20,2743.7
54,2744.0
25,2744.0
32,2744.5
55,2744.8
4,2745.4
41,2746.1
44,2746.5
2,2746.6
57,2747.0
53,2747.2
3,2747.6
49,2747.7
11,2748.0
8,2748.5
9,2748.7
27,2748.7
24,2748.8
34,2748.9
14,2750.2
26,2750.5
37,2750.9
29,2751.0
7,2751.0
40,2751.2
10,2751.4
38,2751.5
48,2751.7
42,2751.9
50,2752.0
12,2752.6
13,2752.7
60,2753.0
23,2753.0
21,2753.3
35,2753.3
59,2753.8
22,2754.3
15,2755.0
1,2755.3
58,2756.3
4,2757.1
5,2757.1
19,2758.0
51,2758.1
45,2758.4
53,2758.4
8,2759.1
17,2759.5
30,2759.5
47,2760.1
11,2760.7
48,2760.8
49,2761.1
9,2761.6
10,2761.7
44,2761.7
55,2761.7
16,2762.4
38,2763.0
60,2763.4
40,2763.5
41,2763.6
0,2763.6
12,2763.6
7,2764.0
61,2764.6
52,2765.4
57,2766.4
13,2766.8
2,2766.9
15,2767.1
25,2767.4
21,2768.4
51,2768.5
8,2768.7
46,2768.8
53,2769.7
42,2770.0
50,2770.2
32,2770.6
26,2770.9
45,2771.5
5,2771.7
19,2771.9
58,2771.9
9,2772.1
3,2772.4
29,2772.5
10,2772.5
1,2773.0
49,2773.1
37,2773.2
35,2773.3
30,2773.8
6,2774.2
55,2774.2
44,2774.4
17,2774.6
12,2774.8
20,2774.9
22,2775.3
40,2775.4
60,2775.6
16,2776.1
61,2776.4
47,2776.6
34,2776.9
52,2778.3
8,2780.0
57,2780.0
25,2780.4
15,2780.5
38,2780.6
31,2781.0
41,2781.2
11,2781.4
53,2781.8
7,2781.9
10,2782.6
37,2782.9
19,2783.4
0,2783.6
46,2783.9
51,2783.9
58,2784.0
49,2784.4
45,2784.8
48,2784.9
29,2785.0
5,2785.1
1,2785.5
32,2785.7
12,2786.6
42,2786.7
16,2787.3
44,2787.4
27,2787.4
40,2787.7
4,2787.8
47,2787.9
34,2788.0
61,2788.2
9,2788.2
26,2788.4
35,2788.9
52,2789.5
2,2789.6
56,2789.9
17,2790.0
25,2791.3
53,2792.4
37,2792.6
15,2792.7
13,2792.9
22,2792.9
57,2793.1
30,2793.9
55,2795.6
58,2795.8
6,2796.1
51,2796.3
41,2796.6
38,2796.8
8,2797.2
5,2797.5
10,2797.6
4,2798.3
49,2798.4
40,2798.6
24,2799.1
7,2799.1
34,2799.3
45,2799.4
20,2799.4
60,2799.4
42,2800.0
16,2800.3
46,2800.4
29,2800.6
54,2800.9
1,2800.9
12,2801.0
31,2801.1
47,2801.5
44,2801.8
19,2802.0
25,2802.1
17,2802.5
36,2803.5
53,2804.0
15,2804.5
61,2805.2
52,2805.4
0,2805.5
50,2806.4
21,2806.6
58,2806.6
48,2806.8
56,2807.3
6,2807.5
51,2807.8
27,2807.9
8,2808.6
30,2809.1
34,2809.3
41,2809.4
9,2809.5
7,2810.4
16,2810.7
38,2811.1
40,2811.8
46,2812.8
25,2813.1
42,2813.2
32,2813.6
17,2813.9
19,2814.1
12,2814.1
60,2814.6
4,2815.7
44,2816.1
53,2816.3
36,2816.6
0,2816.6
13,2816.8
54,2816.9
37,2816.9
62,2817.3
29,2817.3
6,2817.4
35,2817.5
45,2817.7
23,2818.4
26,2818.6
52,2819.0
48,2819.1
5,2819.2
31,2819.3
59,2820.0
50,2820.1
58,2820.5
15,2821.4
57,2822.0
33,2822.9
16,2823.0
9,2823.0
40,2823.2
38,2823.4
49,2823.5
21,2823.8
41,2824.0
34,2824.3
1,2824.3
7,2825.4
10,2825.5
51,2825.7
32,2826.0
17,2826.2
36,2826.4
12,2826.6
37,2826.7
8,2827.2
6,2827.7
30,2827.9
19,2828.6
4,2828.8
26,2828.9
11,2828.9
46,2828.9
60,2829.1
45,2829.1
50,2829.5
13,2830.0
61,2830.6
59,2831.1
62,2831.5
5,2831.8
52,2832.2
53,2832.5
9,2832.8
44,2833.4
15,2833.6
22,2833.6
42,2833.7
58,2833.8
38,2834.7
0,2835.1
7,2835.6
41,2835.8
10,2836.0
23,2836.4
17,2836.5
40,2837.0
25,2837.1
3,2837.4
33,2837.8
6,2837.8
12,2837.8
37,2838.2
51,2838.2
57,2838.3
19,2838.4
1,2838.5
21,2838.8
48,2839.0
60,2839.1
31,2839.4
26,2839.9
47,2840.2
8,2840.2
30,2840.5
36,2840.8
50,2841.9
45,2842.2
56,2842.7
61,2843.1
16,2843.3
11,2843.6
53,2844.0
39,2844.3
34,2844.4
32,2844.7
55,2844.9
15,2844.9
4,2845.0
46,2845.6
38,2845.8
7,2846.0
54,2846.2
44,2846.5
9,2846.8
52,2846.8
24,2847.2
3,2847.5
23,2847.6
25,2847.7
37,2847.9
59,2848.0
17,2848.4
12,2848.9
42,2848.9
8,2849.4
5,2849.4
0,2849.7
51,2849.8
20,2850.0
14,2850.1
6,2850.6
29,2850.9
19,2851.5
50,2852.0
21,2852.1
40,2852.1
10,2852.4
13,2853.0
1,2853.0
33,2853.2
57,2854.3
16,2854.4
60,2854.4
41,2854.9
30,2855.1
62,2855.3
53,2856.1
4,2856.2
58,2856.5
3,2857.0
54,2857.3
34,2858.0
15,2858.0
22,2858.0
47,2858.5
26,2858.9
46,2858.9
17,2859.2
25,2859.9
61,2860.4
51,2860.4
39,2860.5
7,2861.4
37,2861.4
31,2861.4
48,2861.6
6,2861.7
43,2861.8
55,2862.3
52,2862.6
44,2862.6
38,2862.7
14,2863.1
0,2863.4
32,2863.6
10,2863.7
56,2864.3
12,2864.3
40,2864.5
60,2864.6
21,2864.7
5,2865.2
29,2865.5
4,2865.5
16,2865.8
9,2866.5
33,2866.8
36,2866.8
42,2867.0
50,2867.2
13,2867.4
53,2867.7
57,2867.8
11,2868.9
15,2869.2
45,2869.2
3,2869.4
20,2870.0
23,2870.5
51,2870.6
34,2870.7
19,2870.8
46,2872.0
8,2872.1
62,2872.3
47,2872.8
6,2872.9
25,2872.9
7,2873.3
38,2873.7
17,2873.8
0,2874.1
52,2874.5
54,2874.6
61,2874.8
4,2875.2
9,2875.5
48,2875.7
31,2875.7
12,2876.3
30,2876.5
16,2876.8
10,2878.1
21,2878.2
49,2878.5
50,2878.6
3,2879.1
60,2879.7
1,2879.8
53,2880.1
56,2880.6
32,2880.8
22,2880.9
42,2881.1
45,2881.3
59,2881.9
19,2881.9
40,2881.9
14,2881.9
11,2882.0
51,2882.1
6,2882.4
23,2882.6
29,2882.8
25,2883.7
8,2883.8
7,2884.1
37,2884.3
46,2884.5
17,2885.0
15,2886.1
61,2886.2
9,2886.7
58,2887.0
12,2887.5
36,2887.8
33,2888.1
38,2888.4
16,2888.7
0,2888.7
57,2890.2
39,2890.6
53,2890.9
60,2890.9
34,2891.7
44,2892.0
50,2892.2
49,2892.3
6,2892.3
21,2892.4
10,2892.5
52,2892.9
3,2893.4
19,2893.5
45,2893.9
31,2893.9
25,2894.3
13,2894.6
30,2895.8
32,2895.8
5,2896.0
17,2896.1
46,2896.1
51,2896.3
55,2896.6
61,2896.8
9,2897.0
1,2897.2
4,2897.7
8,2897.9
58,2898.4
0,2898.7
16,2898.8
14,2899.2
48,2899.5
33,2899.8
15,2899.9
62,2900.0
26,2900.2
12,2900.3
41,2900.7
29,2900.7
7,2900.9
42,2901.7
34,2902.0
53,2902.8
57,2902.8
28,2903.1
36,2903.6
19,2903.8
49,2904.1
37,2904.2
11,2904.5
6,2905.3
52,2905.5
25,2905.7
23,2905.8
10,2906.0
17,2906.1
3,2906.1
24,2906.3
44,2906.4
32,2906.6
9,2906.9
31,2907.1
47,2907.1
8,2907.4
4,2907.5
21,2907.5
60,2908.5
38,2908.7
54,2909.1
48,2910.1
46,2910.6
22,2910.6
56,2911.2
12,2912.5
61,2912.6
15,2912.8
1,2913.0
53,2913.2
36,2913.5
16,2913.8
45,2914.0
26,2914.1
50,2914.8
13,2915.1
34,2915.7
58,2916.0
17,2916.5
19,2916.5
42,2916.6
25,2916.6
40,2917.0
8,2917.0
9,2917.7
47,2918.1
32,2918.2
60,2918.4
33,2918.6
37,2919.0
29,2919.6
62,2919.8
28,2920.2
44,2920.2
38,2920.9
52,2921.2
51,2921.2
3,2921.3
49,2921.5
24,2921.9
5,2922.0
31,2922.5
21,2922.7
4,2923.1
46,2923.5
27,2923.9
0,2923.9
15,2924.3
30,2924.7
45,2925.0
53,2925.0
57,2925.3
61,2925.7
56,2925.8
48,2926.9
58,2927.0
6,2927.2
19,2927.7
1,2927.7
50,2927.8
36,2928.0
25,2928.0
42,2928.3
10,2928.7
26,2929.4
13,2930.3
23,2930.4
51,2931.5
17,2931.7
38,2931.9
32,2932.2
12,2933.0
29,2933.1
4,2933.1
60,2933.4
2,2933.5
5,2933.9
28,2934.1
7,2934.2
52,2934.8
47,2935.1
53,2935.4
14,2936.1
61,2936.1
6,2936.8
15,2937.3
45,2937.5
0,2937.6
3,2938.1
34,2939.0
56,2939.4
9,2939.8
8,2940.2
25,2940.4
44,2940.6
11,2940.8
26,2940.9
42,2941.0
31,2941.1
46,2941.1
41,2941.5
50,2941.7
16,2941.9
21,2942.2
24,2942.4
38,2942.7
30,2942.9
59,2943.6
23,2944.5
58,2944.6
37,2945.0
36,2945.3
27,2945.4
2,2945.5
19,2945.7
53,2946.1
51,2946.5
61,2947.6
57,2947.6
1,2948.8
12,2948.9
6,2949.1
34,2949.2
0,2949.6
28,2950.0
14,2950.2
15,2951.4
16,2951.7
5,2952.1
41,2952.3
11,2952.3
56,2952.4
45,2952.8
13,2953.2
52,2953.2
38,2954.1
42,2954.1
21,2954.2
25,2954.2
60,2954.2
37,2956.0
29,2956.2
8,2956.2
44,2956.5
19,2956.5
9,2956.6
30,2956.6
32,2956.8
53,2957.3
33,2957.4
26,2958.0
61,2958.6
49,2958.6
50,2959.0
48,2959.4
31,2959.4
17,2959.5
47,2959.6
36,2960.0
46,2960.1
59,2960.2
6,2960.8
23,2961.0
7,2961.2
28,2961.9
12,2962.4
41,2962.6
51,2964.6
4,2964.7
52,2964.8
34,2964.9
25,2966.0
38,2966.9
60,2967.1
0,2967.1
19,2967.2
37,2967.6
2,2967.9
9,2968.0
8,2968.3
29,2968.7
53,2968.8
58,2969.0
48,2969.0
15,2969.2
17,2969.4
30,2969.6
44,2969.9
11,2970.1
23,2970.6
46,2971.3
1,2971.5
13,2971.6
50,2971.7
62,2971.7
61,2972.0
21,2972.1
47,2972.3
31,2972.7
7,2973.3
4,2974.1
56,2974.2
14,2974.5
12,2975.1
51,2975.5
6,2975.6
41,2976.7
45,2976.7
25,2977.2
52,2978.1
0,2978.2
38,2978.3
53,2979.6
37,2979.7
15,2980.2
5,2980.4
22,2980.4
50,2980.9
17,2981.1
33,2981.2
48,2981.3
8,2981.3
28,2981.4
19,2981.7
44,2983.5
16,2984.0
58,2984.1
47,2984.3
29,2984.9
40,2985.2
4,2985.4
9,2985.4
23,2985.5
11,2985.7
13,2985.8
56,2985.8
36,2986.0
31,2986.1
51,2986.2
1,2987.3
60,2987.3
14,2987.9
25,2988.0
3,2988.2
21,2988.5
34,2988.5
30,2989.8
12,2989.8
61,2990.5
17,2990.5
0,2990.6
10,2990.7
15,2991.1
37,2991.5
59,2991.7
27,2991.7
32,2991.8
46,2992.0
33,2992.0
19,2992.0
38,2992.6
8,2992.7
62,2992.7
7,2992.7
48,2993.0
47,2994.1
53,2994.1
45,2994.1
52,2994.2
50,2994.5
44,2994.7
58,2998.5
2,2998.6
34,2998.8
60,2998.8
31,2998.8
6,2999.4
56,2999.6
1,2999.9
