23,13.9
15,14.9
21,15.6
19,15.9
22,16.0
12,16.5
28,19.9
2,20.2
10,20.3
3,20.6
6,20.8
0,20.9
9,21.1
26,21.7
20,22.2
23,22.5
10,23.9
18,24.0
17,24.3
1,24.3
28,24.5
2,24.9
29,26.1
0,26.7
8,26.8
9,27.1
15,27.4
20,27.8
10,28.1
26,28.5
28,28.7
2,28.9
6,29.1
18,29.4
21,30.1
12,30.1
3,30.8
1,31.4
29,31.9
10,32.1
2,32.6
28,32.6
5,32.9
9,33.6
26,33.8
27,33.8
25,34.0
20,34.4
14,35.5
6,35.7
18,35.8
11,36.0
2,36.7
1,37.2
10,37.5
28,38.3
19,38.4
8,38.6
9,38.7
26,38.8
12,39.0
3,39.0
4,39.3
7,39.9
15,39.9
21,40.2
20,40.2
2,41.1
6,41.1
22,41.3
0,41.4
25,41.8
28,42.1
14,42.5
19,42.7
1,42.7
5,42.8
18,42.8
9,43.1
10,43.3
3,43.5
31,44.1
29,44.1
7,44.3
27,44.7
30,45.0
17,45.1
20,45.2
2,45.4
16,46.0
28,46.4
10,46.8
26,46.8
6,46.9
14,47.1
25,47.2
9,47.3
11,47.6
19,47.7
1,47.9
3,48.2
18,49.1
8,49.3
7,49.4
20,49.7
5,49.7
28,49.9
22,50.3
17,50.6
29,50.7
2,50.8
10,50.9
16,51.2
6,51.4
15,51.5
14,51.7
4,51.8
3,52.4
9,52.5
31,52.5
12,52.5
0,52.8
25,53.0
1,53.2
28,53.2
19,53.8
30,53.9
17,54.8
10,55.1
20,55.1
26,55.7
16,56.3
11,56.4
13,56.8
2,56.9
5,57.1
6,57.4
28,57.5
7,57.6
3,58.2
9,58.3
14,58.6
1,59.2
29,59.5
25,60.0
4,60.0
17,60.1
19,60.6
15,61.0
22,61.0
10,61.7
16,61.9
30,62.6
26,62.7
7,63.5
28,63.6
20,64.2
3,64.3
13,64.5
18,64.9
9,65.1
1,65.1
21,65.5
11,65.6
2,65.8
23,65.9
22,66.0
15,66.1
19,66.3
6,67.0
12,67.7
25,67.9
4,68.0
28,68.6
3,68.7
17,69.1
26,69.1
9,69.3
10,69.4
0,69.6
21,70.1
16,70.3
20,70.4
2,71.6
15,71.7
22,71.7
23,71.7
7,71.7
25,71.8
3,72.1
19,72.3
28,72.8
1,73.0
9,73.2
6,73.3
30,73.6
26,73.8
10,74.1
21,74.2
14,74.3
0,74.9
20,75.2
11,75.4
17,75.4
5,75.6
4,75.8
3,76.6
12,76.9
31,77.0
25,77.4
28,77.6
9,77.7
2,78.0
21,78.5
19,78.6
16,79.0
15,79.0
23,79.0
22,79.5
10,79.9
26,80.0
6,80.2
1,81.1
20,81.2
0,81.6
3,82.1
14,82.2
28,82.5
17,82.9
21,83.0
9,84.4
31,85.0
2,86.1
23,87.0
19,87.2
10,87.3
25,87.6
21,88.3
12,88.7
15,88.7
20,88.8
3,89.9
22,90.0
14,90.4
13,90.5
27,90.7
28,90.7
5,90.8
6,91.5
18,92.5
26,93.0
4,93.4
7,94.4
0,94.8
17,95.0
31,95.5
21,95.8
5,95.9
23,96.1
20,96.4
15,96.5
16,96.5
10,96.5
30,96.9
14,97.3
7,97.9
19,97.9
13,98.0
27,98.7
9,99.1
22,99.2
12,100.0
5,100.1
6,100.1
17,100.4
20,100.6
1,100.6
23,100.8
21,100.8
18,100.9
7,101.0
30,101.2
11,101.5
15,101.7
25,102.1
31,102.2
4,102.5
10,103.0
16,103.5
5,103.6
14,104.0
17,104.2
9,104.5
13,104.5
7,105.1
3,105.5
28,105.6
30,105.8
20,105.8
11,106.4
1,106.9
18,107.0
15,107.1
25,107.1
23,107.2
21,107.3
2,108.6
5,108.6
10,108.9
29,109.0
16,109.0
17,109.7
9,110.0
26,110.8
28,111.1
7,111.4
4,111.4
6,111.6
0,111.7
11,112.4
25,112.8
30,113.1
3,113.3
31,113.5
10,114.0
15,114.3
20,114.3
16,115.6
9,115.9
13,116.7
24,116.7
5,117.3
10,118.5
7,118.5
17,118.7
26,119.0
30,119.5
31,119.6
18,119.6
14,119.8
1,119.9
25,120.5
11,120.7
21,120.7
28,121.0
9,121.0
20,121.7
10,121.7
23,122.2
16,122.4
0,122.6
17,122.9
7,123.0
2,123.5
29,123.5
24,123.6
18,123.7
5,123.9
9,124.7
10,125.5
8,125.5
11,125.9
31,126.0
1,126.3
20,126.4
25,127.4
30,127.4
18,127.5
7,127.8
17,128.0
21,128.1
6,128.7
9,129.1
5,129.6
10,129.6
2,129.9
31,130.1
11,130.5
3,130.5
29,130.9
20,130.9
28,131.1
18,131.2
15,131.6
1,132.1
16,133.0
17,133.0
21,133.3
7,133.4
10,133.5
30,133.8
20,134.3
8,134.5
28,134.5
24,134.8
31,134.9
9,134.9
13,135.1
5,135.3
0,135.3
26,136.3
18,136.8
14,137.3
17,137.4
11,137.4
10,137.5
29,137.5
1,137.6
30,137.6
22,137.7
20,137.9
7,138.0
28,138.3
2,138.5
31,138.7
21,138.8
6,139.8
16,141.2
30,141.7
10,141.8
15,141.8
17,141.8
20,142.0
5,142.0
7,142.3
13,142.4
26,142.9
31,143.0
28,143.0
25,143.1
24,143.3
1,144.3
14,144.3
0,144.5
9,145.6
18,146.2
22,146.3
10,146.4
21,146.5
30,146.6
11,146.7
16,146.7
20,146.7
17,147.0
28,147.5
3,147.5
13,149.3
7,149.3
31,149.5
5,149.8
25,150.6
29,151.4
20,151.6
24,152.0
16,152.3
10,152.3
17,153.3
28,153.3
30,153.6
0,154.5
2,154.6
11,154.7
26,154.8
3,155.5
21,155.8
25,155.9
20,157.2
13,157.6
14,158.1
1,158.4
31,158.6
28,159.3
16,160.1
24,160.2
30,160.5
21,160.8
2,160.9
25,161.5
26,161.6
10,162.2
7,162.6
3,163.8
11,164.2
4,164.2
17,164.8
20,165.1
14,165.6
28,165.6
31,165.7
9,165.7
6,165.8
2,165.9
24,166.1
21,166.1
10,167.0
16,167.8
26,168.0
25,168.0
13,168.4
3,169.2
0,169.3
5,169.5
28,170.3
2,171.0
10,171.4
24,172.4
6,172.7
9,173.4
26,173.5
21,173.8
28,174.5
15,174.6
29,174.8
31,175.2
30,175.4
25,175.5
2,175.7
14,176.1
3,176.4
13,177.3
10,177.5
16,177.6
26,177.8
11,177.9
17,178.3
28,178.5
20,179.2
0,179.4
24,180.1
13,181.2
21,181.3
30,181.6
18,181.6
25,182.3
7,182.5
26,182.7
28,183.0
1,183.2
14,183.4
31,183.5
2,183.6
4,183.9
6,184.0
9,184.0
5,184.4
10,184.8
13,185.2
30,185.4
3,185.5
22,185.5
11,185.6
20,185.9
21,185.9
26,186.8
1,187.4
24,187.4
14,187.6
15,187.7
31,187.7
7,188.1
6,188.8
16,189.0
0,189.1
30,189.2
28,189.4
18,189.8
5,189.9
17,190.2
13,190.3
21,190.7
29,191.2
20,191.4
11,191.7
4,191.8
26,192.1
31,192.6
7,192.9
14,192.9
1,193.0
22,193.6
10,194.6
30,194.7
9,195.2
6,195.5
20,196.0
25,196.1
28,197.2
21,198.3
17,198.3
5,198.8
0,198.8
7,198.9
13,199.2
19,200.0
31,200.7
20,200.8
26,201.5
10,201.6
2,202.7
14,202.7
18,202.9
9,203.2
1,204.1
11,204.3
28,204.7
30,204.8
27,204.8
5,205.0
13,205.1
25,205.3
3,205.7
22,205.9
19,206.3
17,207.5
20,208.6
6,208.6
28,209.2
21,209.9
3,210.1
19,210.6
22,210.7
7,210.8
23,210.8
9,210.8
15,211.0
18,211.4
2,211.7
5,211.7
13,211.9
31,212.5
12,212.8
28,213.0
27,213.1
3,213.9
30,214.1
0,214.2
19,214.5
6,215.2
22,215.3
25,215.6
21,215.7
9,215.9
1,216.1
10,216.3
4,216.4
26,217.0
28,217.1
3,217.4
20,217.8
23,217.9
31,218.0
19,218.6
2,218.7
7,218.7
17,219.3
5,219.4
16,219.9
22,219.9
9,220.0
15,220.2
21,220.5
1,220.7
3,220.8
28,220.9
25,221.5
26,221.7
30,222.0
6,222.1
10,222.4
19,224.1
4,224.1
3,224.2
22,224.2
16,224.9
28,225.1
5,225.3
2,225.5
17,225.8
1,225.9
25,226.0
9,226.2
21,226.3
13,226.3
26,226.3
31,226.8
23,227.0
12,227.4
11,227.4
20,227.5
22,227.6
15,227.8
3,228.3
7,228.6
19,229.1
10,229.6
30,229.8
16,230.0
25,230.6
26,230.6
28,230.9
21,230.9
2,231.0
22,231.0
6,231.1
23,231.2
5,231.2
15,231.3
13,231.8
1,231.8
4,232.4
17,232.5
7,232.9
3,233.1
20,233.3
30,234.0
21,234.1
26,234.4
5,234.9
14,235.1
15,235.1
22,235.2
16,235.3
9,235.3
19,235.3
23,235.4
31,235.6
25,235.8
13,236.0
10,236.1
11,236.1
2,236.5
1,236.7
28,236.7
3,236.8
12,236.8
6,237.1
17,237.3
7,237.7
21,238.2
30,238.2
4,239.0
8,239.4
16,239.6
5,239.7
22,239.8
31,239.9
26,239.9
20,240.1
15,240.6
28,241.0
3,241.1
2,241.6
1,241.6
13,241.7
23,242.0
30,242.2
14,242.2
19,242.3
21,242.5
6,242.7
7,243.0
17,243.1
31,244.1
28,244.4
25,244.6
22,244.7
10,244.9
5,245.3
3,245.4
16,245.4
30,245.8
4,246.0
21,246.1
13,246.5
26,246.7
20,246.8
18,247.1
24,247.2
12,247.6
11,247.6
9,247.8
1,247.8
6,247.9
28,248.0
2,248.1
17,248.5
14,248.5
27,249.1
8,249.2
7,249.3
10,249.7
31,250.0
15,250.0
3,250.2
21,250.2
30,250.4
20,250.9
19,251.0
28,251.0
16,251.2
25,251.4
5,251.4
13,251.7
26,251.7
0,251.8
18,251.9
9,251.9
22,252.1
17,252.5
11,252.6
6,253.5
21,254.0
10,254.2
28,254.2
7,254.2
2,254.3
14,254.3
29,254.6
1,255.2
12,255.5
20,255.6
31,255.8
9,256.1
18,256.3
3,256.4
24,256.4
26,256.4
30,256.6
23,257.1
28,257.2
8,257.3
15,257.4
21,257.7
10,257.7
5,257.8
6,257.8
27,258.0
13,258.0
11,258.2
25,258.2
2,258.4
16,258.6
17,258.8
20,258.9
9,259.6
3,260.0
4,260.0
1,260.3
7,260.5
18,260.6
26,260.6
14,260.8
29,260.8
28,260.9
21,261.4
0,261.5
30,261.7
10,261.8
25,262.2
20,262.7
9,262.9
13,263.1
2,263.4
3,263.7
31,264.0
11,264.2
5,264.3
1,264.4
6,264.5
16,264.9
12,264.9
8,265.0
26,265.1
18,265.2
28,265.2
10,265.8
21,265.9
24,266.2
30,266.5
25,266.6
9,266.7
20,266.7
4,267.0
2,267.8
13,267.9
3,267.9
29,268.4
1,268.5
22,268.7
28,269.2
17,269.2
21,270.7
10,271.3
20,271.4
6,271.4
5,271.5
11,271.6
18,271.7
30,271.8
7,271.9
9,271.9
26,272.2
14,272.7
16,272.8
31,272.9
25,273.0
15,273.1
3,273.7
13,274.0
21,274.1
2,274.2
1,274.7
28,275.1
0,275.8
8,276.3
11,276.7
31,277.2
24,277.3
30,277.3
4,277.4
18,277.4
22,277.5
21,277.7
5,277.7
6,278.1
10,278.2
20,278.4
7,278.6
9,278.7
14,279.8
26,279.9
15,280.6
3,280.6
28,281.0
2,281.2
21,282.6
31,283.3
10,283.5
17,283.5
6,283.7
30,283.8
20,283.9
0,283.9
22,284.2
18,284.2
1,284.5
25,284.6
13,284.7
9,284.8
27,284.9
11,285.0
7,285.2
28,285.7
2,285.7
29,286.2
3,287.4
8,287.4
10,287.6
20,287.8
5,288.3
15,288.6
21,288.7
30,289.2
28,289.2
16,289.2
6,289.9
26,290.1
24,290.3
2,290.5
17,290.9
18,291.0
13,291.2
22,291.8
20,292.0
9,292.0
1,292.3
0,292.5
7,292.9
3,293.0
28,293.3
21,293.5
23,293.7
25,293.8
10,293.8
14,294.0
30,294.0
15,294.1
11,294.2
19,294.8
12,295.0
31,295.1
6,295.5
16,296.4
22,296.6
20,297.8
3,298.1
28,298.4
2,298.5
13,298.5
21,298.6
24,299.1
15,299.7
14,299.8
23,299.9
25,300.5
30,300.5
19,300.6
22,301.0
7,301.1
6,301.7
20,302.0
11,302.4
28,302.4
3,302.4
10,303.2
26,303.3
13,303.6
9,303.6
17,303.9
16,304.3
21,304.9
18,305.0
0,305.5
22,306.4
7,306.7
20,306.7
12,307.6
28,307.6
26,308.0
19,308.0
13,308.4
3,308.5
14,309.3
10,309.6
30,309.8
9,310.3
24,310.7
15,310.9
25,311.1
21,311.9
20,311.9
26,312.5
7,312.8
17,313.0
23,313.4
1,313.7
3,313.8
6,313.9
0,314.9
9,315.4
28,315.6
22,316.2
5,316.2
13,316.3
20,316.4
25,316.8
10,317.0
21,317.3
26,317.7
2,319.4
24,319.6
28,319.8
17,319.8
20,320.6
10,320.6
3,320.6
0,320.7
9,320.8
7,321.0
29,321.6
15,321.9
26,322.0
13,322.9
30,323.2
31,323.2
28,323.9
10,324.8
4,325.4
17,325.4
1,325.6
24,325.9
6,326.3
21,326.3
20,326.5
3,326.6
5,326.9
25,327.0
2,327.1
26,327.1
13,327.2
30,327.3
28,327.6
7,327.9
0,328.2
31,329.0
16,329.1
9,329.7
10,329.7
17,330.3
11,331.1
28,331.7
30,332.3
1,332.4
18,332.4
20,332.8
3,332.9
13,333.2
4,333.3
6,333.7
25,334.2
2,334.3
17,334.7
9,334.8
15,335.0
26,335.1
19,335.2
11,336.0
23,337.1
5,337.3
21,337.3
16,337.4
28,337.6
18,337.7
10,337.7
22,337.8
31,338.6
13,338.7
12,339.2
3,339.2
7,339.4
27,339.5
25,339.6
17,340.5
0,340.6
30,340.9
24,341.5
9,341.6
15,341.6
11,341.8
5,342.9
19,343.1
18,343.5
20,343.8
23,343.8
13,344.1
2,344.3
25,344.4
16,344.4
26,344.7
29,345.0
21,345.1
22,346.9
3,346.9
1,347.6
7,347.8
27,347.9
28,347.9
6,348.9
20,349.1
15,349.5
5,349.9
2,350.0
25,350.1
23,350.4
17,350.9
21,351.0
26,351.1
11,351.1
13,352.0
7,352.2
28,352.5
20,352.6
30,353.2
9,353.4
18,353.9
15,354.1
21,354.4
24,354.6
3,355.0
25,355.2
12,355.3
10,355.6
20,355.7
23,355.9
28,356.1
26,356.3
29,356.3
6,356.7
5,357.1
13,357.4
7,357.6
21,358.0
9,358.1
4,358.5
2,358.7
1,358.9
19,359.1
20,359.6
15,359.8
25,360.6
28,360.9
30,360.9
3,361.8
26,362.0
21,362.0
31,362.2
16,362.7
9,362.9
23,363.9
12,364.0
5,364.2
6,364.3
18,364.4
10,364.5
27,364.7
24,364.9
1,365.1
11,365.1
20,365.2
14,365.2
15,365.7
4,365.7
19,365.8
13,365.8
21,365.9
22,366.1
7,367.4
8,367.8
17,368.0
25,368.0
16,368.1
26,368.7
9,368.7
28,368.7
3,369.7
1,370.0
21,370.5
12,370.7
5,371.1
23,371.3
6,371.5
11,371.6
4,371.7
30,371.8
10,372.1
14,372.1
2,372.3
18,372.8
19,373.6
16,373.6
13,373.7
31,373.9
27,374.1
3,374.2
28,374.2
25,374.3
1,374.5
21,374.6
20,374.7
26,374.8
15,374.9
4,376.4
9,376.5
6,376.6
5,376.7
17,377.1
30,377.3
8,377.8
1,378.0
13,378.1
11,378.2
2,378.4
16,378.4
12,378.5
14,378.6
21,379.1
3,379.3
28,379.8
26,380.0
31,381.1
10,382.1
19,382.5
4,382.7
25,382.7
1,383.0
13,383.1
17,383.2
6,384.2
16,384.7
18,385.1
9,385.2
21,385.2
22,385.3
14,386.1
26,386.1
30,386.2
5,386.3
8,388.3
3,388.5
28,388.8
13,389.6
2,390.0
1,391.0
23,392.1
17,392.9
31,394.0
11,394.3
20,395.5
4,395.6
21,395.6
9,395.7
18,396.1
25,396.2
30,397.3
26,397.9
13,398.0
16,398.0
1,398.2
17,398.3
15,398.6
5,398.8
10,399.1
24,399.6
9,399.6
19,399.9
11,400.6
25,401.7
4,402.2
18,402.4
30,403.0
6,403.2
1,404.3
17,404.8
9,405.0
14,405.2
10,405.6
13,405.6
7,405.6
24,406.1
19,406.8
31,406.8
25,408.1
30,408.1
4,408.4
1,408.5
28,408.7
8,408.9
9,409.0
16,409.3
5,409.3
17,410.5
14,410.6
21,410.6
31,410.8
11,410.8
18,411.2
7,411.2
3,411.7
2,412.0
10,412.2
9,412.3
30,412.4
26,412.5
19,412.8
1,413.0
6,413.2
0,414.2
28,414.5
25,414.7
31,414.7
4,414.8
14,415.0
9,415.6
17,415.9
7,416.6
16,416.6
11,416.7
2,416.8
3,416.9
30,417.0
18,417.3
21,417.4
26,417.6
6,417.8
10,418.5
31,418.5
13,418.6
25,418.7
14,418.7
8,418.9
1,419.2
5,419.5
9,419.8
22,420.0
27,420.3
15,420.8
17,421.1
16,421.1
7,421.5
28,421.6
30,421.8
2,421.9
11,422.5
18,422.6
3,422.7
25,422.8
24,422.9
26,423.2
14,423.5
6,424.0
31,424.1
13,424.3
19,424.7
21,424.9
9,425.5
5,425.8
0,425.8
16,426.5
10,426.8
7,427.4
1,427.7
22,427.8
25,428.1
2,428.2
26,428.4
27,428.5
4,428.5
30,428.6
8,428.7
17,430.1
11,430.6
18,431.1
14,431.5
15,431.5
3,431.9
9,432.5
31,433.4
20,434.1
13,434.3
28,435.6
6,435.7
16,436.4
26,436.5
25,436.8
10,437.5
5,438.0
2,438.5
7,438.9
21,440.3
30,441.3
22,443.6
0,443.9
1,445.0
7,445.5
26,445.7
15,445.7
9,446.3
14,446.4
30,447.1
31,447.3
20,447.7
22,447.9
18,448.7
7,449.2
13,449.6
1,450.1
30,450.3
28,450.5
4,451.0
24,451.6
21,451.8
5,451.9
26,452.3
20,452.3
7,452.8
22,453.0
30,453.1
31,453.1
13,453.2
15,453.7
17,454.9
1,454.9
20,456.4
7,456.4
13,456.7
30,456.7
21,457.4
23,457.7
26,457.8
28,457.9
6,458.1
5,458.4
4,458.5
15,459.1
22,460.1
1,460.7
7,460.7
20,460.8
16,461.3
21,461.5
30,461.6
13,461.7
8,461.8
17,461.8
24,462.0
25,462.1
31,462.1
11,463.0
9,463.5
3,463.5
26,463.5
5,463.9
6,464.1
23,464.2
21,464.5
18,464.9
20,465.0
15,465.1
7,466.1
21,467.4
13,467.6
31,467.8
28,467.8
30,468.0
25,468.1
1,468.4
20,468.9
5,469.2
16,469.5
26,469.6
11,469.6
8,469.8
6,470.1
17,470.3
3,470.5
21,470.9
24,470.9
9,471.3
4,471.3
23,471.8
28,472.1
13,472.1
2,472.1
30,472.2
1,472.3
22,472.5
15,473.2
20,473.5
26,474.0
21,474.1
7,474.4
18,474.7
31,475.0
5,475.1
10,475.1
6,475.3
14,475.7
1,476.0
3,476.1
28,476.2
30,476.6
9,476.8
13,476.9
2,477.2
0,477.2
23,477.3
22,477.3
21,477.4
8,478.1
4,478.2
20,478.2
19,478.4
26,478.4
15,479.0
12,479.0
16,479.0
10,479.4
25,479.5
1,479.5
18,480.5
21,481.0
29,481.2
9,481.4
24,481.6
31,481.7
2,482.1
28,482.3
14,482.8
30,483.1
6,483.1
20,483.3
1,483.5
22,483.6
23,483.7
10,483.8
5,484.2
26,484.3
11,484.6
3,484.8
8,484.9
13,485.0
21,485.4
7,485.8
31,486.1
18,486.7
9,487.0
15,488.2
17,488.3
2,488.5
0,488.8
30,488.8
1,489.1
20,489.7
10,489.8
31,491.0
28,491.2
16,491.6
21,492.0
17,492.2
19,492.3
5,492.7
8,493.1
10,493.9
14,493.9
29,494.3
7,494.4
20,495.0
23,495.0
1,495.0
22,495.1
26,495.9
17,496.0
4,496.1
16,496.1
9,496.3
13,496.5
0,496.9
5,497.0
18,497.0
12,497.2
30,497.2
15,497.3
10,497.9
21,498.1
28,498.3
27,498.6
31,499.0
8,499.3
17,499.3
2,499.5
20,499.6
13,499.9
3,500.3
25,500.4
19,500.7
26,500.8
23,500.9
16,501.0
5,501.4
21,501.7
1,501.8
9,502.4
24,502.5
22,502.7
28,503.1
13,503.2
10,503.4
20,503.5
17,503.5
6,503.5
30,504.0
3,504.7
18,504.9
15,505.5
21,505.5
26,505.7
2,506.4
25,506.9
28,507.1
13,507.2
27,507.5
5,507.6
16,507.7
20,508.2
17,508.3
10,509.0
0,509.3
8,509.8
3,509.8
9,510.1
6,510.1
12,511.1
21,511.2
23,511.3
26,511.7
28,511.9
24,512.5
13,513.2
2,513.4
30,513.4
16,513.5
10,513.9
31,514.2
25,514.3
5,514.3
3,514.6
1,514.6
17,514.6
20,515.0
11,515.7
15,516.3
7,516.3
9,516.7
21,516.8
22,517.1
0,517.4
16,517.6
8,517.6
6,517.6
26,517.9
23,518.1
28,518.9
20,519.6
10,519.6
30,519.6
13,520.2
19,520.2
25,520.2
15,520.6
3,520.6
7,520.7
5,520.8
21,521.0
17,521.9
24,522.3
16,522.6
22,523.4
14,524.0
20,524.3
23,524.4
21,524.7
28,524.9
31,524.9
30,524.9
11,525.1
6,525.2
1,525.5
18,526.1
9,526.2
13,526.2
15,526.3
7,526.7
25,527.6
26,528.7
8,528.7
21,529.2
10,530.0
22,530.2
20,530.3
3,530.5
30,530.7
19,530.7
16,531.3
14,531.4
2,531.5
5,531.7
24,531.9
31,532.3
15,533.0
7,533.1
21,533.6
9,534.0
28,534.0
25,535.5
13,535.6
11,535.7
6,536.4
31,537.4
17,537.5
5,537.5
21,537.7
18,537.8
30,538.4
19,538.5
23,538.9
10,539.2
16,539.3
1,539.5
4,540.1
20,541.4
5,541.8
22,541.8
21,542.0
14,542.1
11,542.2
9,542.3
13,542.4
31,542.4
30,542.6
7,542.7
15,543.0
23,544.9
19,545.3
12,545.8
17,545.9
1,545.9
10,546.0
21,546.1
6,546.1
7,546.2
5,546.2
30,546.4
31,546.6
22,546.6
20,546.8
15,546.9
25,547.0
16,547.2
18,548.0
26,548.1
4,548.3
0,549.2
23,549.3
9,549.3
11,549.3
7,549.5
21,549.6
5,550.3
10,550.5
15,551.3
31,551.3
20,551.4
30,551.5
6,552.4
13,553.5
7,553.5
21,553.8
22,554.0
23,554.4
17,554.8
19,555.2
5,555.5
26,556.2
10,556.5
9,556.8
15,557.0
20,557.3
16,557.7
0,558.1
1,558.7
31,558.7
30,559.4
21,559.4
7,559.5
5,560.1
4,560.9
10,561.0
25,561.3
3,561.6
17,561.8
11,561.8
26,561.8
9,562.0
18,562.1
13,563.0
6,563.0
23,563.2
20,563.5
21,563.9
30,565.0
1,565.1
5,565.3
16,566.9
15,567.3
21,567.8
4,567.9
25,568.1
10,568.1
26,568.7
9,568.7
22,568.9
31,569.4
23,569.7
14,569.8
12,569.9
3,570.0
19,570.5
17,570.9
7,570.9
5,571.1
21,572.0
13,572.4
30,572.4
20,572.5
1,573.9
10,574.2
16,574.3
21,576.4
31,576.8
15,576.9
14,577.1
5,578.5
23,579.2
10,580.1
20,580.5
21,580.7
24,580.7
6,581.0
7,581.6
17,581.9
9,582.4
15,582.9
25,583.2
26,583.6
21,584.1
3,584.7
23,584.9
20,585.3
22,585.5
5,585.5
10,585.8
24,587.5
31,588.2
9,588.9
21,589.0
4,589.2
25,589.4
19,590.0
30,590.6
7,590.9
14,590.9
6,591.3
15,591.4
13,592.5
20,592.7
1,592.8
5,593.0
26,593.4
17,593.9
10,594.0
16,594.3
23,594.7
9,595.7
30,596.1
7,596.2
4,596.2
13,596.8
21,596.9
25,597.0
5,597.9
26,597.9
28,598.4
19,598.4
22,598.5
10,598.6
20,598.6
1,598.7
15,599.5
17,599.7
0,599.8
9,600.1
3,600.1
7,600.2
13,600.8
30,601.0
2,601.1
27,601.8
4,601.8
26,601.9
5,602.4
18,602.6
25,603.2
1,603.5
19,603.7
9,603.8
10,603.9
21,604.2
22,604.3
23,604.6
15,604.8
13,605.3
26,605.4
7,605.4
20,605.6
16,606.0
12,606.3
5,606.5
17,607.2
25,607.4
9,607.4
2,607.5
10,607.6
21,607.6
3,607.8
27,608.2
19,608.2
4,608.3
6,608.6
30,608.6
26,608.6
18,609.1
1,609.3
11,610.2
23,610.3
9,610.4
22,610.4
14,610.6
15,610.6
5,610.8
25,611.1
28,611.5
21,611.6
12,611.9
17,612.0
2,612.2
10,612.3
13,612.3
19,612.6
3,612.8
26,612.9
0,613.0
20,613.0
9,613.6
18,613.8
6,614.0
7,614.4
25,615.2
11,615.6
16,615.7
4,615.9
21,616.1
22,616.1
5,616.2
27,616.4
15,616.5
17,616.8
1,616.9
30,617.0
23,617.3
28,617.4
9,617.5
10,617.5
12,617.6
26,617.7
2,618.2
18,618.4
19,618.6
6,619.1
3,619.2
14,620.1
22,620.8
21,620.8
7,621.0
15,621.5
25,621.7
11,622.0
9,622.8
5,623.4
12,623.7
28,623.8
17,624.0
2,624.1
30,624.3
6,624.5
13,624.7
26,624.7
10,625.0
20,625.1
23,625.3
3,625.5
18,625.8
31,625.9
21,626.1
24,627.2
27,627.2
22,627.9
19,628.3
28,628.3
15,629.3
1,629.6
9,629.7
2,630.0
20,630.0
7,630.2
30,630.3
13,630.5
10,631.0
18,631.2
29,632.0
21,632.1
8,632.5
6,632.6
28,633.2
25,633.4
12,633.7
11,633.7
26,634.1
22,634.2
20,634.3
3,634.3
5,634.4
2,634.6
4,634.6
10,634.7
17,634.9
14,634.9
1,635.3
15,635.3
23,635.4
18,635.8
9,635.9
30,636.3
21,636.5
27,637.3
19,637.4
7,637.6
28,637.6
0,637.7
24,637.7
20,637.9
6,638.1
10,638.2
22,638.2
1,638.8
2,639.1
26,639.1
12,639.3
9,639.6
13,640.1
15,640.5
8,640.7
29,641.1
18,641.2
23,641.5
25,641.5
19,641.7
21,641.7
17,641.9
22,642.1
4,642.6
1,642.6
20,642.9
9,643.0
3,643.1
10,643.1
30,643.4
26,643.8
28,644.0
5,644.4
7,644.7
16,645.0
25,645.3
11,645.4
21,645.7
6,646.1
12,646.2
9,646.3
2,646.4
1,646.6
10,646.6
19,646.7
22,646.7
18,647.3
26,647.3
17,647.4
15,647.5
3,647.6
14,647.7
20,648.1
27,648.5
25,649.1
21,649.5
5,649.6
23,649.7
16,650.1
9,650.5
10,650.9
19,651.8
11,651.9
12,651.9
22,652.0
4,652.4
26,652.5
1,652.7
3,652.8
17,653.3
25,653.8
15,654.2
21,654.2
16,655.2
5,655.5
23,655.7
6,656.0
20,656.1
10,656.2
9,656.6
18,657.0
7,658.0
30,658.0
28,658.2
19,658.2
22,658.4
12,659.4
17,660.4
21,660.6
26,660.6
25,660.8
16,660.9
1,661.1
8,661.2
10,661.6
3,661.9
0,662.0
2,662.2
15,662.7
11,662.8
9,663.2
20,663.2
13,664.0
23,664.7
17,665.6
5,665.6
10,666.0
28,666.2
26,667.3
0,667.6
20,668.0
16,668.0
7,669.2
9,669.4
14,670.9
21,671.1
8,671.2
10,671.5
1,671.7
22,672.1
19,672.1
17,672.1
20,672.9
12,673.1
23,673.5
31,673.7
15,673.8
16,674.4
11,674.6
6,674.8
7,675.2
21,675.4
0,675.5
25,675.6
18,675.6
26,675.7
5,675.7
9,676.7
3,676.9
28,677.1
22,677.2
10,677.4
19,677.7
27,679.2
21,679.2
5,679.6
13,679.8
8,680.0
23,680.0
18,680.0
12,680.0
31,680.0
11,680.1
20,680.7
6,681.0
17,681.3
26,681.4
15,681.9
4,682.4
10,682.4
22,682.5
3,683.1
28,683.1
1,683.2
16,683.7
5,683.7
14,683.8
19,683.9
21,684.1
27,684.4
18,684.9
11,685.8
13,686.4
25,686.6
8,686.7
9,687.3
7,687.6
12,687.7
0,688.4
10,688.8
26,688.8
16,688.8
5,689.0
6,689.2
3,689.4
21,690.0
17,690.6
18,690.7
27,690.9
11,690.9
22,691.7
14,692.0
31,692.7
25,692.8
9,693.4
10,694.2
26,694.3
6,694.3
16,694.6
1,694.8
28,694.8
18,695.3
12,695.3
11,695.5
23,695.6
5,696.0
17,696.1
20,697.0
19,697.2
3,697.4
14,697.4
9,698.0
21,698.2
25,698.4
15,698.6
8,699.1
28,700.2
7,700.2
6,700.3
29,700.4
18,700.8
13,700.9
11,700.9
17,700.9
16,701.1
20,702.1
0,702.2
10,702.4
23,703.1
15,703.2
26,703.4
9,703.5
21,703.5
27,703.7
5,703.9
1,704.5
7,704.6
22,705.8
12,705.9
6,706.0
20,706.3
14,706.4
23,706.8
15,707.0
28,707.1
19,707.2
21,707.4
18,707.6
25,707.7
8,708.0
17,708.5
5,708.6
13,708.6
9,708.9
26,709.8
3,709.8
7,710.0
16,710.1
27,710.4
20,710.8
11,710.9
10,711.0
21,711.1
23,711.9
15,712.2
25,713.0
9,713.9
5,714.0
18,715.0
22,715.3
13,715.3
6,715.4
21,715.6
26,716.2
28,716.6
20,716.9
3,717.0
27,717.1
12,717.3
29,717.5
19,718.1
14,718.2
15,718.4
31,718.8
0,718.9
5,719.4
21,719.5
7,719.6
23,719.9
20,721.1
28,721.2
25,721.6
9,722.2
17,722.5
3,722.6
10,722.9
22,723.0
15,723.2
16,723.3
21,723.6
13,723.6
5,723.7
6,724.1
7,724.7
14,725.4
19,725.4
28,725.4
18,725.6
20,725.7
31,726.0
23,727.6
21,728.2
7,728.2
29,728.4
3,728.6
5,728.8
10,729.4
15,729.5
26,729.5
30,729.5
17,729.6
20,730.2
27,730.3
16,730.3
22,730.4
14,730.9
28,731.5
31,731.6
7,732.2
6,732.7
21,733.3
5,733.9
23,734.6
1,735.4
13,735.7
20,735.8
7,736.2
30,736.4
22,737.1
10,737.3
26,737.5
14,737.6
15,737.6
25,737.7
18,737.9
27,738.3
19,738.5
31,738.5
5,738.7
9,739.7
17,739.9
3,740.1
7,741.4
21,741.7
13,741.8
28,741.9
22,742.6
20,742.7
16,742.8
1,742.9
5,744.8
26,745.5
3,746.3
27,746.6
19,746.8
22,747.1
23,747.3
6,747.4
7,747.5
15,747.7
28,747.9
18,748.4
20,748.6
21,748.6
1,750.6
5,751.5
14,752.6
13,752.7
31,752.8
22,752.8
7,753.4
26,753.8
23,753.9
20,754.4
3,754.4
15,754.4
30,754.6
21,754.7
10,755.4
6,756.0
28,756.3
1,758.3
7,758.8
22,759.4
19,760.4
5,760.7
31,761.1
14,761.5
30,763.3
26,763.4
21,763.9
7,764.0
20,764.2
23,764.6
17,765.1
15,765.2
5,765.7
31,765.8
11,765.8
16,766.1
10,766.2
18,766.3
6,766.7
9,767.0
25,767.8
22,768.8
1,769.0
21,769.0
17,769.2
26,769.8
11,770.0
5,770.2
18,770.6
31,770.9
2,771.2
14,771.7
9,772.0
10,772.0
7,772.4
25,772.5
16,772.7
28,773.7
17,774.0
11,774.7
21,774.7
6,775.0
5,775.2
19,775.4
26,775.7
2,776.0
18,776.0
3,776.2
30,776.4
31,776.7
15,777.1
28,777.2
25,777.3
29,777.5
22,777.7
9,777.7
1,779.3
3,780.1
2,780.3
21,780.3
6,780.4
28,780.4
19,780.5
26,780.6
11,781.5
17,781.8
22,782.1
14,782.2
31,782.3
10,782.5
25,782.9
5,783.1
9,783.3
18,783.4
23,783.8
15,783.9
28,784.1
21,784.1
20,784.7
12,784.8
19,785.0
3,785.2
2,785.2
26,785.9
1,785.9
6,786.0
11,786.2
22,786.6
10,786.6
18,786.8
29,786.9
14,787.1
9,787.2
17,787.6
7,787.6
31,787.6
21,787.7
8,788.1
27,788.3
25,789.0
5,789.1
16,789.3
28,789.7
30,789.8
12,789.9
10,790.0
18,790.1
23,790.5
19,790.7
2,790.7
11,790.7
9,790.8
15,790.8
14,791.1
21,791.3
26,791.6
17,791.7
20,791.9
6,791.9
1,792.2
31,792.7
22,793.4
10,793.5
18,793.7
3,793.9
5,793.9
7,794.0
13,794.1
25,794.3
30,794.3
28,794.5
29,794.6
9,794.7
21,795.4
24,795.5
14,795.8
2,796.2
20,796.4
8,796.4
1,796.4
4,796.8
12,797.1
19,797.2
17,797.2
11,797.3
10,797.6
16,797.8
30,797.9
5,798.2
31,798.2
18,798.8
13,798.8
9,799.1
23,799.3
21,799.3
26,799.4
27,799.5
15,799.7
28,800.3
25,800.9
22,801.0
1,801.1
6,801.2
14,801.3
10,801.3
17,802.0
19,802.3
20,802.4
30,802.4
7,802.5
13,802.9
5,803.2
0,803.2
21,803.4
9,803.6
31,803.8
26,803.9
4,804.4
12,805.4
10,805.5
2,805.8
24,806.0
18,806.9
26,807.0
13,807.3
21,807.4
14,807.4
28,807.6
11,808.0
30,808.1
25,808.1
1,808.2
17,808.3
5,808.6
16,808.6
9,809.1
23,809.2
20,809.3
6,809.4
10,809.9
26,810.7
27,810.8
29,810.9
3,810.9
2,811.1
15,811.1
19,811.5
18,812.1
8,812.1
12,812.4
13,812.4
21,812.4
1,812.9
31,813.0
28,813.5
0,813.9
9,814.0
20,814.2
10,814.2
2,814.5
22,814.7
17,814.9
26,815.2
25,815.2
16,815.4
6,815.5
30,816.4
14,816.6
24,816.7
5,817.4
3,817.5
2,818.2
10,818.3
28,818.4
18,818.4
8,818.4
21,818.6
1,818.8
26,819.3
9,819.5
11,820.0
6,820.1
20,820.5
12,820.7
25,820.8
13,821.5
27,821.8
10,822.0
24,822.4
3,822.4
16,822.5
21,822.7
17,822.8
26,823.4
2,823.7
8,824.4
28,824.8
5,824.9
9,824.9
29,824.9
7,825.2
18,825.2
14,825.7
1,825.7
6,825.8
10,826.7
25,826.8
3,827.2
20,827.4
13,828.1
27,828.2
26,828.3
21,828.5
2,829.5
5,829.6
24,830.2
9,830.3
18,830.3
28,830.7
31,830.8
11,830.9
0,831.3
6,831.6
10,831.8
16,832.5
21,832.7
12,832.9
26,833.0
4,833.1
13,833.3
30,833.8
25,834.2
2,834.3
5,834.3
20,834.6
3,835.1
27,835.3
17,835.6
18,835.7
8,835.9
28,836.0
9,836.4
21,836.5
24,836.6
11,836.7
31,836.7
10,837.4
26,837.8
13,838.0
6,838.5
23,839.1
15,839.4
5,839.9
21,840.1
22,840.3
19,840.4
1,840.7
20,840.9
0,841.0
18,841.3
13,841.5
2,841.5
12,842.1
30,842.1
26,842.3
28,842.4
31,842.5
27,842.7
11,843.0
25,843.3
14,843.7
7,843.9
21,843.9
17,844.1
10,844.3
9,844.3
6,844.4
5,844.6
3,844.9
13,845.3
23,845.5
2,845.8
26,845.8
24,846.0
16,846.3
31,846.6
15,847.1
14,847.2
18,847.4
21,847.6
28,847.6
8,848.5
30,848.5
5,848.5
17,848.6
6,849.0
10,849.3
13,849.6
27,849.6
7,849.9
22,850.7
14,850.8
1,850.9
26,851.0
31,851.1
0,851.3
16,851.4
19,851.7
2,852.2
21,852.2
5,852.6
17,852.8
9,853.2
20,853.3
11,853.3
18,853.4
25,853.7
10,854.1
13,854.3
23,854.6
14,854.8
3,855.1
6,855.1
12,855.7
21,855.9
31,856.0
15,856.1
17,856.3
27,856.5
28,856.7
16,856.8
9,857.0
8,857.0
5,857.1
26,857.1
30,857.4
18,857.9
25,858.1
7,858.5
20,858.7
21,859.1
11,859.1
23,859.5
1,859.5
22,859.5
17,860.5
14,860.8
6,861.0
13,861.0
9,861.1
3,861.3
15,861.6
19,861.9
10,862.1
5,862.2
21,862.4
26,862.7
25,863.1
20,863.2
2,863.5
16,863.5
31,864.2
23,864.5
18,864.6
7,865.0
1,866.2
21,866.2
22,866.6
8,866.8
17,867.1
9,867.1
14,867.7
26,867.8
15,868.3
6,868.4
11,868.8
20,869.2
5,869.3
21,869.4
25,869.6
3,869.7
23,870.6
31,871.0
22,871.9
12,872.4
28,872.7
21,872.8
26,872.9
14,873.2
9,873.3
1,873.4
19,873.6
15,873.8
6,874.2
27,874.4
20,874.7
13,874.9
7,875.0
18,875.5
25,875.5
23,875.7
21,875.9
11,876.3
31,876.4
5,876.5
3,876.6
29,877.2
22,878.2
28,878.2
14,878.5
6,878.7
15,878.9
26,879.2
21,879.2
20,879.5
10,879.9
7,880.5
17,880.5
9,880.8
16,881.6
31,882.1
21,882.4
11,883.0
18,883.3
25,883.6
14,883.7
12,883.9
23,884.3
5,884.6
28,884.9
3,884.9
20,885.3
6,885.5
21,886.0
26,886.0
31,886.0
19,886.0
15,886.2
30,886.5
7,886.6
9,887.6
29,887.6
31,890.3
28,890.5
1,890.6
20,890.6
21,890.7
13,890.8
14,891.1
5,891.3
25,891.6
27,891.8
17,891.9
18,892.0
10,892.1
7,892.5
2,892.9
22,893.1
3,893.2
0,893.3
26,893.4
30,893.4
9,894.6
31,894.6
15,894.7
20,895.1
28,895.1
21,895.8
14,897.3
13,897.4
5,897.4
25,897.4
29,897.6
7,897.8
11,898.1
19,898.5
30,899.2
31,899.2
9,899.4
17,899.9
6,900.2
28,900.2
27,900.5
1,900.7
18,901.2
4,901.4
10,901.9
20,902.0
7,902.8
9,902.8
21,903.4
31,903.5
15,903.6
19,903.8
30,903.9
25,904.0
26,904.1
14,904.2
1,904.4
2,904.5
28,904.6
13,904.6
3,904.7
29,904.8
8,905.1
20,905.2
5,906.1
24,906.3
9,906.5
23,906.5
21,906.7
18,907.2
7,907.6
10,908.1
31,908.1
20,908.5
30,908.9
6,909.0
1,909.3
15,909.4
28,909.6
4,909.6
21,910.2
13,910.3
0,910.5
19,910.7
9,910.7
14,910.8
2,910.9
20,912.1
29,912.3
23,912.4
5,913.0
22,913.2
18,913.2
25,913.2
3,913.3
8,913.5
7,913.8
1,913.9
28,914.0
10,914.5
9,915.0
31,915.3
21,915.3
19,915.4
26,916.3
2,916.5
6,916.5
24,916.9
20,917.2
30,917.2
4,917.4
3,917.5
22,917.6
28,917.6
15,917.6
17,917.8
1,917.9
9,919.2
10,920.0
19,920.0
23,920.2
0,920.7
13,920.8
21,920.9
28,920.9
26,921.2
22,921.3
2,921.5
3,921.6
1,921.8
14,922.4
6,922.5
12,923.2
15,923.4
9,923.4
20,924.2
19,924.3
18,924.6
4,924.8
7,924.8
28,925.1
10,925.2
23,925.5
22,925.9
5,926.7
3,926.9
21,926.9
0,927.1
26,927.3
17,927.4
1,927.4
31,927.8
2,928.6
28,928.8
19,929.2
20,929.4
9,929.6
25,930.1
22,930.9
10,931.0
3,931.6
16,932.2
15,932.5
26,932.6
8,932.9
11,933.4
29,933.6
2,934.0
28,934.0
6,934.0
23,934.2
25,935.3
0,935.5
21,935.6
12,935.9
17,935.9
26,936.6
10,936.8
19,936.9
18,936.9
1,937.2
3,937.3
9,937.4
20,937.4
22,937.8
11,937.8
5,938.0
14,938.2
13,938.3
27,938.7
16,938.8
25,939.4
17,939.9
15,940.0
26,940.6
23,940.8
2,940.9
21,941.2
18,941.6
28,941.8
9,941.8
6,942.0
11,942.3
12,942.3
10,942.6
30,943.0
4,943.2
3,943.7
26,944.2
13,944.2
17,944.6
25,944.7
0,945.0
14,945.3
21,945.4
31,946.0
5,946.1
2,946.3
19,946.5
18,946.7
6,946.8
9,947.0
28,947.1
10,947.7
22,947.8
11,947.8
27,947.8
7,947.9
26,948.3
12,948.8
3,949.1
17,949.9
20,950.1
21,950.8
13,951.3
0,951.5
28,951.7
16,951.7
10,952.0
14,952.0
9,952.6
2,952.6
26,953.0
6,953.0
31,953.6
25,954.3
18,954.9
17,955.1
15,955.4
21,956.1
1,956.2
23,956.2
20,956.3
5,956.4
30,956.8
4,957.1
3,957.4
28,957.5
10,957.6
11,958.0
0,958.1
13,958.2
14,959.3
7,960.3
26,960.7
20,961.5
9,962.0
1,962.3
30,963.0
17,963.4
31,963.8
21,963.9
4,964.4
5,964.6
12,965.0
2,965.6
6,965.6
23,966.2
7,966.3
13,966.6
19,966.7
22,966.7
10,966.7
15,966.8
20,967.6
28,967.9
26,969.3
21,969.9
17,971.2
3,971.2
7,971.9
13,972.1
30,972.2
31,972.7
2,973.0
23,973.1
1,973.4
6,973.5
28,973.7
20,974.0
12,975.4
15,976.2
26,976.7
7,977.2
22,977.4
3,977.7
19,978.0
31,978.5
30,978.8
18,979.0
28,979.4
14,979.9
13,980.0
2,980.1
21,980.2
6,981.2
17,981.6
1,982.3
26,982.6
9,983.5
29,983.9
28,984.0
22,984.1
15,984.5
25,985.6
20,985.6
7,985.8
6,986.2
3,986.5
14,986.5
2,987.4
28,988.1
31,988.9
4,989.0
26,989.7
5,989.8
1,990.8
30,991.5
6,991.9
28,993.5
22,994.2
14,994.4
3,994.7
2,995.0
13,995.8
21,996.4
20,996.9
28,997.6
24,997.9
10,998.1
6,998.1
15,999.0
23,999.1
30,999.3
3,1001.1
28,1001.4
13,1001.9
19,1002.5
22,1002.9
20,1003.5
9,1003.7
21,1004.1
25,1004.6
28,1005.0
2,1005.2
24,1005.5
3,1006.4
26,1006.4
30,1007.2
19,1008.2
13,1009.4
28,1009.9
22,1010.6
6,1010.9
9,1011.2
25,1012.9
20,1013.0
17,1013.1
26,1013.3
7,1013.8
13,1014.5
24,1014.9
19,1015.0
3,1015.1
21,1015.2
2,1015.2
10,1015.5
26,1017.2
9,1017.3
29,1017.4
25,1017.5
23,1017.9
28,1018.2
15,1018.2
12,1018.6
21,1018.6
22,1018.9
10,1019.8
26,1020.3
20,1020.4
24,1020.7
14,1020.7
5,1021.0
19,1021.0
3,1021.1
2,1021.2
18,1021.2
6,1021.3
13,1021.7
25,1021.8
21,1022.3
9,1022.4
27,1022.6
11,1022.9
1,1023.1
26,1023.8
23,1024.0
12,1024.2
17,1024.5
15,1024.5
19,1025.0
28,1025.3
4,1025.7
10,1026.1
25,1026.1
22,1026.2
9,1026.3
21,1026.4
14,1027.0
6,1027.1
26,1027.3
3,1027.9
13,1028.1
20,1028.7
29,1028.8
1,1029.0
12,1029.5
21,1029.6
5,1029.7
18,1029.8
19,1029.8
15,1030.1
9,1030.2
28,1030.7
14,1030.8
26,1030.9
25,1031.1
23,1031.2
17,1031.2
2,1031.3
8,1031.7
16,1031.7
27,1032.1
31,1032.3
6,1032.4
10,1032.5
24,1032.8
11,1033.0
21,1033.1
22,1034.5
1,1034.9
13,1034.9
4,1034.9
14,1035.3
26,1035.3
9,1035.6
15,1035.9
12,1036.0
19,1036.1
3,1036.3
21,1036.6
28,1036.6
25,1037.3
6,1038.0
26,1038.5
20,1038.6
14,1039.2
29,1039.3
31,1039.7
1,1040.0
23,1040.0
17,1040.1
22,1040.2
2,1040.2
21,1040.4
16,1041.2
8,1041.5
9,1041.7
26,1042.3
25,1043.0
30,1044.0
10,1044.3
1,1044.5
13,1045.0
3,1045.0
5,1045.1
4,1045.4
14,1045.5
28,1046.0
18,1046.1
21,1046.2
15,1047.0
26,1047.5
20,1047.9
2,1047.9
1,1047.9
9,1048.4
8,1048.4
19,1048.7
6,1049.0
22,1049.4
30,1049.6
17,1049.8
29,1050.2
10,1050.3
16,1050.3
31,1050.6
12,1051.2
1,1051.8
4,1052.0
13,1052.3
25,1052.6
18,1053.1
2,1054.0
9,1054.6
5,1054.6
20,1054.9
26,1055.1
8,1055.5
21,1055.8
1,1055.9
10,1056.1
14,1057.7
2,1058.4
30,1058.5
29,1058.7
18,1060.2
25,1060.7
10,1060.9
24,1061.4
1,1061.7
9,1062.0
26,1062.0
20,1063.0
13,1063.2
2,1063.8
8,1064.5
10,1064.7
17,1064.9
1,1065.7
26,1066.2
22,1066.3
18,1066.3
28,1066.6
4,1066.8
24,1067.4
29,1067.6
9,1069.1
13,1069.2
10,1070.2
1,1070.5
2,1070.6
26,1070.7
20,1071.5
21,1072.6
3,1072.8
25,1073.1
9,1074.2
22,1074.4
18,1074.5
26,1075.2
1,1075.5
8,1075.7
10,1075.8
11,1076.0
31,1076.1
20,1076.4
21,1076.4
5,1076.5
2,1076.9
6,1077.2
17,1077.4
25,1077.6
3,1077.8
29,1078.1
13,1078.2
30,1078.5
16,1078.6
9,1078.6
4,1079.5
21,1079.5
18,1079.6
1,1079.7
26,1079.9
15,1080.3
23,1080.3
20,1080.5
25,1080.9
7,1081.0
5,1081.1
11,1081.1
19,1082.1
2,1082.4
3,1082.7
9,1082.8
21,1082.8
31,1082.8
13,1082.9
24,1083.0
6,1083.4
10,1083.4
26,1083.5
1,1084.3
30,1084.4
25,1084.5
20,1084.9
23,1085.0
16,1085.4
15,1085.5
21,1086.1
5,1086.5
17,1086.6
22,1086.9
9,1087.0
26,1087.0
19,1087.3
18,1087.4
25,1087.6
4,1087.7
11,1087.8
2,1087.8
13,1088.0
3,1088.1
12,1088.3
23,1089.4
21,1089.8
20,1090.4
7,1090.6
15,1091.0
26,1091.4
1,1091.8
25,1092.0
9,1092.3
8,1092.6
28,1092.8
6,1093.1
19,1093.6
2,1093.9
21,1093.9
3,1094.0
29,1094.7
31,1095.1
5,1095.5
14,1095.7
30,1095.8
22,1096.1
25,1096.2
23,1096.3
28,1096.4
15,1096.7
16,1096.7
11,1097.3
13,1097.5
9,1098.0
26,1098.1
3,1098.2
21,1098.6
2,1098.9
20,1099.2
7,1099.2
31,1099.3
6,1099.3
17,1100.0
30,1100.2
25,1100.4
18,1100.6
28,1100.7
19,1100.7
14,1101.2
10,1101.7
11,1102.1
15,1102.4
9,1102.4
31,1102.7
4,1102.8
7,1102.9
22,1102.9
3,1103.0
30,1103.1
13,1103.2
21,1103.4
1,1103.5
17,1103.5
16,1103.7
26,1104.0
25,1104.2
28,1105.4
14,1105.6
20,1105.6
5,1105.8
30,1106.2
31,1106.3
12,1106.3
7,1106.5
18,1106.6
10,1106.8
0,1107.0
17,1107.1
2,1107.2
29,1107.4
11,1107.4
13,1107.5
24,1107.5
9,1107.8
1,1108.6
15,1109.5
4,1109.6
16,1109.8
25,1110.0
30,1110.0
8,1110.1
21,1110.1
22,1110.2
3,1110.5
6,1110.5
17,1111.1
26,1111.2
31,1111.2
7,1111.7
10,1111.8
28,1111.9
14,1112.5
20,1112.7
13,1112.9
5,1113.7
24,1114.1
1,1114.1
23,1114.3
30,1114.3
18,1114.8
16,1115.2
17,1115.5
27,1115.7
9,1116.0
31,1116.2
8,1116.2
13,1116.6
11,1116.9
7,1117.6
19,1118.0
26,1118.2
14,1118.6
5,1118.8
25,1118.8
6,1119.2
30,1119.7
10,1120.1
22,1120.3
15,1120.8
13,1121.3
17,1121.4
1,1121.9
4,1122.0
21,1122.2
18,1122.4
16,1122.8
28,1123.3
8,1123.4
7,1123.5
27,1123.6
31,1124.2
14,1124.3
30,1125.7
26,1125.7
2,1126.0
13,1126.0
6,1126.4
22,1126.7
17,1127.0
3,1127.6
5,1127.7
20,1127.7
15,1128.7
7,1130.5
24,1131.0
16,1131.4
9,1131.4
1,1131.7
13,1132.0
26,1132.5
10,1132.5
30,1132.7
0,1133.4
14,1133.4
28,1133.5
21,1133.8
8,1133.9
17,1134.8
20,1135.2
13,1136.0
26,1137.3
22,1137.9
24,1138.4
9,1138.6
30,1139.2
10,1139.4
13,1140.3
18,1140.5
28,1140.6
25,1142.0
21,1142.6
0,1142.7
17,1143.1
26,1143.2
6,1143.4
20,1143.7
16,1145.9
8,1146.0
13,1146.2
7,1146.4
31,1146.6
1,1146.8
9,1147.6
2,1147.6
5,1147.6
26,1147.6
25,1148.4
27,1149.3
17,1149.4
19,1149.5
13,1150.3
18,1151.0
26,1152.1
10,1153.0
30,1153.0
2,1153.6
5,1153.7
25,1154.1
9,1154.8
1,1155.3
13,1155.4
22,1155.7
26,1156.5
28,1156.5
16,1157.0
19,1157.3
27,1157.5
8,1159.3
1,1159.6
20,1159.7
3,1160.1
9,1160.3
22,1160.6
7,1160.6
28,1160.7
4,1160.8
2,1161.1
19,1161.4
21,1161.5
26,1161.7
15,1161.8
17,1162.0
25,1162.1
6,1162.5
23,1163.1
28,1163.5
1,1163.5
13,1164.0
3,1164.1
22,1164.1
18,1164.5
29,1165.0
19,1165.2
12,1165.3
5,1165.7
9,1166.2
20,1166.2
2,1166.4
15,1166.7
7,1166.7
28,1166.8
26,1167.9
21,1168.3
22,1168.7
3,1169.4
1,1169.5
4,1169.7
23,1169.9
19,1170.6
13,1170.8
6,1170.9
28,1171.1
17,1171.8
26,1173.4
10,1173.9
9,1174.2
16,1174.2
14,1174.9
15,1174.9
5,1175.1
1,1175.2
7,1175.6
20,1175.8
22,1175.8
2,1176.1
24,1176.4
13,1176.9
19,1177.0
4,1177.2
17,1177.4
28,1177.6
3,1178.5
10,1178.6
21,1179.2
26,1179.4
9,1180.0
25,1180.7
17,1180.9
18,1181.0
5,1181.2
31,1181.3
11,1181.5
6,1181.5
1,1181.5
28,1181.5
16,1181.8
13,1181.9
19,1182.1
22,1182.1
14,1182.7
2,1182.9
10,1182.9
24,1182.9
3,1183.0
27,1183.3
7,1183.5
9,1184.1
4,1184.5
17,1184.7
29,1184.9
18,1185.3
21,1185.4
28,1185.6
5,1185.8
23,1186.4
13,1186.6
20,1186.6
15,1187.3
19,1187.6
12,1187.7
22,1188.2
11,1188.6
25,1188.7
3,1188.8
6,1188.9
31,1189.2
26,1189.3
14,1189.5
9,1189.8
10,1189.8
1,1189.9
21,1190.1
2,1190.1
17,1190.2
27,1190.8
28,1191.8
18,1191.9
5,1192.3
13,1193.2
16,1193.8
24,1195.4
19,1196.0
10,1196.5
23,1196.7
21,1197.7
27,1197.8
5,1198.1
22,1198.7
18,1198.9
15,1198.9
3,1198.9
13,1199.1
9,1199.5
7,1199.7
6,1199.9
17,1200.0
25,1200.0
11,1200.1
20,1200.1
31,1200.8
14,1201.0
10,1201.4
16,1201.5
12,1201.6
26,1201.8
21,1201.8
5,1202.0
30,1202.2
28,1202.5
23,1202.7
24,1202.7
27,1203.0
4,1203.9
7,1204.8
18,1205.0
15,1205.2
6,1205.6
1,1206.1
20,1206.1
3,1206.1
11,1206.2
25,1206.3
31,1206.4
21,1206.8
10,1206.9
5,1207.0
26,1207.2
2,1207.6
22,1207.6
13,1207.7
16,1208.0
30,1209.7
12,1209.9
23,1210.2
14,1210.2
24,1210.4
27,1210.4
6,1210.6
7,1210.7
10,1210.9
18,1211.5
31,1211.9
1,1211.9
26,1212.0
28,1212.1
3,1212.2
21,1212.4
17,1212.6
8,1212.8
5,1212.9
11,1213.0
16,1213.5
2,1214.2
30,1214.5
7,1215.2
6,1215.6
15,1215.6
22,1216.1
14,1216.4
31,1216.4
10,1216.9
25,1216.9
20,1217.1
9,1217.7
28,1217.8
3,1218.1
18,1218.9
17,1219.1
26,1219.6
30,1219.6
1,1219.7
11,1219.9
7,1220.0
24,1220.3
16,1220.8
19,1220.9
31,1220.9
8,1221.4
12,1221.6
9,1221.8
25,1221.9
21,1222.1
2,1222.4
6,1223.5
17,1223.5
5,1224.0
27,1224.1
14,1224.2
18,1224.6
30,1225.7
9,1226.4
7,1226.5
31,1226.6
11,1226.7
28,1227.0
10,1227.1
25,1227.5
1,1227.8
16,1228.2
17,1228.7
19,1229.0
26,1229.0
22,1229.1
3,1229.7
5,1231.5
13,1232.2
9,1232.9
8,1233.0
10,1233.4
1,1234.3
17,1234.7
18,1234.9
16,1235.0
26,1235.9
25,1236.4
22,1237.0
31,1237.2
20,1237.4
10,1237.6
5,1238.0
28,1238.4
7,1238.5
30,1238.6
17,1238.9
0,1240.1
16,1240.3
11,1241.0
10,1242.4
1,1242.5
8,1242.7
3,1242.8
17,1243.2
25,1243.2
20,1243.9
19,1244.2
9,1244.3
16,1244.5
24,1245.1
21,1246.1
28,1246.4
10,1246.8
2,1248.0
5,1248.6
17,1249.0
11,1249.3
16,1249.5
0,1249.7
25,1250.0
3,1251.3
24,1251.5
28,1251.8
26,1252.0
10,1252.3
20,1253.1
6,1253.4
15,1253.7
29,1253.9
14,1255.4
31,1255.5
21,1255.5
1,1255.7
11,1256.1
16,1256.1
28,1256.6
17,1256.9
25,1257.5
7,1257.6
8,1257.8
5,1258.0
18,1258.4
10,1258.6
20,1258.8
21,1259.0
30,1259.1
31,1259.2
3,1259.7
6,1259.8
15,1260.2
23,1260.8
14,1260.9
0,1261.0
11,1261.2
7,1261.6
5,1261.9
21,1262.1
31,1262.1
13,1262.5
27,1263.0
28,1263.7
30,1263.8
20,1263.9
18,1264.0
16,1264.4
31,1265.0
7,1265.5
14,1265.5
5,1265.9
21,1265.9
6,1266.1
15,1266.2
17,1267.0
23,1267.6
31,1268.9
25,1268.9
30,1269.3
13,1269.3
11,1269.5
28,1269.9
29,1270.0
10,1270.0
7,1271.0
27,1271.0
21,1271.2
5,1271.8
20,1271.9
24,1271.9
18,1272.2
15,1272.9
14,1273.4
31,1274.4
28,1275.3
1,1277.5
26,1277.5
22,1277.8
9,1278.7
6,1278.9
7,1279.4
30,1279.6
10,1279.6
21,1280.2
24,1280.5
31,1281.0
29,1281.5
14,1281.8
5,1283.1
15,1283.5
28,1285.0
10,1285.2
13,1285.4
22,1285.7
26,1285.9
16,1286.0
17,1286.1
1,1286.1
7,1286.2
3,1286.3
31,1286.8
30,1286.9
14,1286.9
24,1287.3
6,1287.4
19,1288.9
5,1289.8
28,1290.5
10,1290.7
22,1291.1
31,1292.0
3,1292.1
14,1292.5
7,1292.7
23,1293.2
30,1293.2
17,1293.4
16,1293.5
6,1295.4
10,1296.2
20,1296.4
31,1296.5
5,1296.5
14,1298.4
7,1298.5
28,1298.7
30,1299.4
26,1300.4
19,1300.8
25,1300.8
21,1300.8
2,1301.0
22,1301.1
17,1301.7
13,1302.7
31,1303.5
3,1303.6
28,1304.0
16,1304.5
14,1304.7
7,1305.0
26,1305.1
15,1305.5
6,1305.8
29,1305.9
30,1306.5
10,1306.7
5,1306.9
2,1307.3
21,1307.5
22,1308.0
28,1308.0
20,1308.1
25,1308.2
31,1308.5
3,1308.6
13,1308.8
23,1308.8
26,1308.8
17,1308.9
19,1309.1
11,1309.2
9,1309.6
14,1310.0
6,1310.1
7,1310.2
21,1310.3
18,1310.4
15,1310.7
5,1311.2
20,1311.9
26,1312.0
28,1312.1
10,1312.5
21,1313.1
3,1313.1
12,1313.1
31,1313.3
25,1313.4
6,1313.6
17,1314.1
11,1314.3
14,1314.5
27,1314.6
13,1315.1
5,1315.7
26,1315.7
7,1315.7
20,1315.8
23,1315.8
18,1315.9
0,1316.2
21,1316.3
22,1316.4
30,1316.6
10,1316.9
28,1317.0
9,1317.2
2,1317.3
6,1317.7
31,1318.2
15,1318.3
14,1318.8
3,1318.8
12,1319.7
17,1320.0
19,1320.0
26,1320.3
21,1320.7
11,1320.9
20,1321.3
25,1321.6
28,1321.8
5,1321.9
7,1322.2
10,1322.9
22,1323.3
18,1323.4
3,1324.2
6,1324.3
17,1324.8
13,1325.1
9,1325.3
11,1325.7
14,1325.8
31,1325.9
28,1326.2
25,1326.3
27,1326.4
16,1326.4
30,1326.7
20,1326.8
0,1326.9
21,1327.2
19,1327.8
26,1327.8
17,1328.7
18,1328.7
29,1328.7
3,1329.1
10,1329.7
11,1330.1
9,1330.2
22,1330.3
25,1330.6
28,1331.3
5,1331.8
6,1332.7
20,1332.8
12,1332.8
16,1332.8
17,1333.5
18,1333.6
21,1333.8
19,1334.0
11,1334.3
14,1334.4
26,1334.7
9,1334.7
7,1334.9
10,1335.0
25,1335.2
3,1335.4
23,1336.0
31,1336.3
1,1336.5
27,1336.8
5,1337.4
4,1337.5
9,1338.6
11,1338.7
21,1338.8
19,1338.9
6,1338.9
18,1338.9
0,1339.1
15,1339.8
28,1340.0
25,1340.2
16,1341.4
1,1341.7
17,1341.9
26,1342.2
31,1342.5
22,1342.5
3,1342.7
11,1343.0
12,1343.6
9,1344.0
21,1344.4
5,1344.5
20,1344.5
10,1344.8
19,1345.8
18,1346.2
25,1346.4
4,1346.8
6,1346.9
1,1347.2
26,1348.4
11,1348.4
14,1349.1
31,1349.4
21,1349.7
22,1349.9
28,1350.1
20,1350.7
17,1350.9
16,1351.7
30,1351.9
13,1352.0
5,1352.2
10,1352.8
0,1352.8
9,1353.1
24,1353.6
3,1354.5
18,1354.5
28,1354.7
21,1354.9
20,1355.0
11,1356.1
1,1356.7
22,1357.3
6,1357.7
19,1357.8
25,1358.1
17,1358.4
30,1358.5
13,1358.7
28,1358.8
7,1359.1
31,1359.3
20,1359.8
26,1360.0
3,1360.2
22,1360.7
15,1360.8
21,1362.5
7,1363.3
28,1363.6
10,1364.0
30,1364.3
22,1364.6
1,1364.6
20,1364.7
24,1364.7
19,1365.3
3,1366.0
5,1366.5
31,1366.6
17,1367.0
26,1367.2
7,1367.3
16,1367.5
22,1368.6
28,1368.9
30,1369.7
10,1370.3
20,1372.0
31,1372.0
7,1372.3
3,1372.5
15,1372.6
22,1373.1
5,1373.3
19,1373.4
17,1373.5
13,1373.7
1,1373.8
28,1374.6
16,1374.6
10,1374.8
21,1375.6
9,1375.7
24,1376.2
26,1376.4
30,1377.3
25,1377.4
3,1377.8
14,1378.0
31,1378.1
28,1378.2
20,1378.3
21,1379.1
22,1379.3
10,1379.6
7,1379.8
15,1380.2
11,1380.2
29,1380.4
0,1380.5
24,1380.7
13,1380.9
30,1381.3
28,1381.6
9,1382.5
21,1382.6
31,1382.7
20,1382.9
26,1383.0
5,1383.0
17,1383.7
3,1383.7
25,1383.9
22,1384.6
7,1384.7
14,1385.2
30,1385.5
16,1386.1
15,1386.2
10,1386.3
28,1386.5
24,1386.5
21,1386.6
31,1387.9
19,1388.6
26,1388.8
13,1388.8
25,1388.9
9,1389.3
3,1389.4
20,1389.7
2,1390.5
11,1391.1
7,1391.2
0,1391.8
30,1392.2
10,1392.4
22,1392.5
21,1392.7
16,1392.9
26,1393.1
25,1393.3
15,1394.0
28,1394.3
9,1394.6
13,1394.8
31,1394.9
7,1395.2
5,1395.2
1,1395.6
6,1395.6
20,1395.9
3,1396.1
23,1396.3
4,1396.5
2,1396.6
17,1396.7
26,1396.7
30,1397.1
14,1397.2
27,1397.3
18,1397.6
21,1397.8
19,1398.3
13,1398.4
15,1398.6
22,1398.7
25,1399.0
7,1399.1
9,1399.5
5,1399.5
10,1400.2
24,1400.2
1,1400.6
26,1400.6
23,1401.0
20,1401.7
21,1402.1
31,1402.3
15,1402.6
16,1402.6
22,1402.7
11,1402.8
30,1403.2
13,1403.3
12,1403.8
19,1404.1
7,1404.1
6,1404.2
26,1404.4
0,1405.0
27,1405.0
2,1405.0
4,1405.4
23,1405.5
28,1405.6
1,1405.8
5,1406.0
25,1406.4
21,1406.5
22,1406.8
15,1407.0
9,1407.1
20,1407.1
18,1407.7
13,1407.8
17,1408.3
26,1408.8
29,1409.0
30,1409.0
7,1409.0
24,1409.2
10,1409.3
3,1409.3
28,1409.6
2,1409.7
1,1409.9
20,1410.4
19,1411.3
21,1411.5
9,1411.6
15,1412.1
8,1412.3
23,1412.5
22,1412.9
13,1413.0
4,1413.5
7,1413.9
28,1413.9
20,1414.1
1,1414.2
18,1414.4
31,1415.2
26,1415.3
2,1415.4
30,1415.5
29,1415.5
10,1415.6
9,1416.2
25,1416.5
1,1417.9
5,1418.3
20,1418.4
7,1418.8
19,1419.0
21,1419.0
15,1419.3
2,1419.8
12,1419.8
30,1420.1
22,1420.3
24,1420.4
18,1420.6
4,1420.6
28,1420.8
9,1420.9
31,1420.9
8,1421.1
13,1421.2
6,1421.6
26,1421.8
1,1421.8
10,1422.2
17,1423.0
7,1423.1
25,1423.4
11,1423.5
30,1423.6
29,1424.4
20,1424.6
9,1425.0
18,1425.5
1,1425.7
5,1425.9
15,1425.9
4,1425.9
22,1426.1
2,1426.1
30,1427.5
13,1427.6
7,1428.3
31,1428.7
17,1428.8
16,1429.7
9,1429.9
11,1430.2
25,1430.5
18,1431.1
1,1431.1
10,1431.6
28,1431.7
30,1432.0
26,1432.3
23,1432.3
4,1432.3
20,1432.4
21,1432.8
17,1433.1
0,1433.2
5,1433.5
9,1433.9
13,1434.8
19,1435.2
27,1435.3
10,1435.3
22,1435.4
18,1436.1
14,1436.2
12,1436.3
11,1436.4
7,1436.5
6,1436.9
1,1437.0
15,1437.1
26,1437.2
30,1437.3
17,1438.0
9,1438.2
20,1438.3
0,1438.6
4,1438.7
25,1438.7
28,1438.9
5,1439.1
21,1439.2
10,1439.2
2,1439.7
31,1440.3
26,1441.5
18,1442.0
14,1442.1
11,1442.2
21,1442.7
9,1443.0
13,1443.2
10,1443.3
6,1443.3
28,1443.4
19,1443.5
30,1443.6
5,1443.7
29,1443.9
1,1444.2
17,1444.3
31,1444.4
12,1444.4
25,1444.5
20,1444.8
27,1445.2
0,1445.5
18,1445.6
2,1445.7
15,1445.7
26,1445.9
21,1446.0
9,1446.6
11,1446.7
7,1446.9
10,1446.9
14,1447.4
31,1447.7
1,1448.3
8,1448.5
25,1448.5
28,1448.5
22,1448.8
20,1448.9
26,1448.9
5,1449.1
21,1449.1
30,1449.5
6,1449.6
3,1449.8
18,1450.0
2,1450.1
9,1450.2
4,1450.3
29,1450.3
10,1451.2
17,1451.2
19,1451.3
31,1451.6
26,1452.2
21,1452.5
25,1452.6
1,1452.7
20,1453.0
0,1453.8
11,1453.8
9,1453.9
18,1454.4
14,1454.7
2,1454.8
28,1455.3
7,1455.5
10,1455.6
12,1455.9
31,1456.1
22,1456.2
21,1456.2
5,1456.4
26,1456.7
30,1457.3
1,1457.4
8,1457.5
20,1457.6
29,1457.7
6,1457.7
3,1458.0
25,1458.5
9,1458.8
31,1459.3
18,1459.4
21,1459.6
15,1459.9
11,1460.2
14,1461.3
2,1461.7
10,1461.8
17,1462.8
13,1463.2
26,1463.4
31,1463.9
21,1464.3
7,1464.5
1,1464.9
20,1465.2
30,1465.4
27,1465.7
9,1466.5
5,1466.7
28,1466.7
18,1467.8
25,1468.1
2,1468.6
26,1469.3
31,1469.4
21,1469.5
11,1469.6
6,1470.2
19,1470.3
4,1470.4
10,1470.9
22,1471.0
30,1471.3
20,1471.4
1,1471.5
5,1472.1
28,1472.4
17,1472.5
3,1472.6
0,1472.7
13,1473.1
14,1473.3
2,1473.3
21,1474.9
6,1475.0
18,1475.1
26,1475.8
10,1476.0
31,1476.2
12,1476.3
11,1476.6
28,1476.7
30,1477.0
5,1477.0
1,1477.3
4,1477.4
29,1477.6
20,1477.7
2,1478.4
27,1478.9
3,1479.3
25,1479.4
17,1479.4
6,1480.0
10,1480.4
21,1480.8
9,1480.9
28,1481.6
14,1481.7
5,1481.7
0,1481.7
26,1481.8
16,1482.6
18,1483.0
31,1483.1
2,1483.3
6,1484.2
10,1484.2
20,1484.5
13,1484.6
12,1484.7
11,1484.7
17,1484.7
21,1485.0
14,1485.7
25,1485.8
30,1485.9
7,1486.0
5,1486.1
15,1486.4
26,1486.7
3,1486.7
16,1487.4
22,1487.4
27,1487.7
1,1487.9
6,1488.0
23,1488.1
10,1488.3
17,1489.3
21,1489.3
28,1489.7
20,1489.8
5,1489.9
14,1490.3
8,1490.5
7,1490.6
15,1490.8
16,1490.8
2,1490.9
11,1491.1
30,1491.2
4,1491.5
18,1491.6
25,1491.7
6,1492.1
31,1492.3
10,1492.9
1,1493.1
3,1493.7
17,1493.9
21,1493.9
5,1493.9
26,1494.2
20,1494.3
22,1494.5
13,1494.6
23,1494.7
0,1495.1
14,1495.4
12,1495.6
16,1495.7
11,1496.2
30,1496.2
6,1496.4
7,1496.7
1,1496.9
15,1496.9
4,1497.1
2,1497.2
25,1497.4
21,1497.7
9,1497.7
5,1497.8
28,1497.9
31,1498.2
19,1498.6
18,1498.7
10,1499.0
8,1499.1
17,1499.4
26,1499.9
6,1500.2
23,1500.2
20,1500.5
16,1500.5
14,1500.5
1,1500.6
11,1500.7
12,1500.9
21,1501.0
22,1501.4
27,1501.9
5,1502.0
4,1502.0
30,1502.3
15,1502.3
31,1503.5
7,1503.5
10,1503.8
13,1503.9
19,1504.1
9,1504.3
1,1504.5
14,1504.6
18,1504.7
6,1504.8
21,1504.9
17,1505.1
0,1505.1
23,1506.1
2,1506.1
28,1506.2
20,1506.4
30,1506.6
5,1506.8
8,1506.9
26,1507.1
4,1507.3
11,1507.4
12,1507.5
10,1508.0
1,1508.1
25,1508.2
16,1508.3
31,1508.8
3,1508.8
7,1509.0
14,1509.4
9,1509.5
18,1509.7
15,1510.0
22,1510.1
29,1510.2
21,1510.9
20,1511.1
30,1511.5
6,1512.2
2,1512.6
1,1512.7
10,1513.2
19,1513.5
7,1513.5
5,1514.4
8,1514.4
18,1514.8
9,1515.0
17,1515.0
26,1515.1
20,1515.2
13,1515.6
31,1516.1
4,1516.6
2,1516.9
14,1516.9
25,1517.5
1,1517.8
7,1518.3
30,1518.7
23,1518.7
10,1519.2
29,1519.2
26,1519.4
12,1520.4
11,1520.6
20,1520.6
16,1520.7
21,1520.9
13,1521.3
2,1521.6
3,1521.8
28,1522.1
25,1522.4
9,1522.5
17,1522.5
18,1523.1
15,1523.3
26,1524.0
24,1524.2
22,1524.3
10,1524.6
23,1525.5
19,1525.5
7,1525.7
21,1525.8
6,1525.9
1,1526.0
8,1526.0
20,1526.1
25,1526.1
2,1526.4
3,1526.7
9,1527.0
30,1527.4
16,1527.5
26,1527.7
10,1528.4
13,1528.8
31,1529.0
11,1529.0
18,1529.0
15,1529.1
5,1529.7
22,1529.7
25,1530.0
29,1530.0
24,1530.5
21,1530.6
20,1530.9
7,1531.2
12,1531.3
2,1531.3
9,1532.0
3,1532.4
26,1532.6
1,1532.8
14,1533.0
10,1533.9
30,1534.8
25,1535.6
17,1536.4
15,1537.0
22,1537.1
9,1537.2
7,1537.3
19,1537.4
31,1537.4
4,1537.6
1,1538.2
8,1538.3
16,1538.4
21,1538.5
20,1538.6
2,1539.1
23,1539.3
3,1539.3
18,1539.7
28,1540.6
30,1540.7
26,1540.7
19,1542.4
22,1542.5
9,1542.7
10,1543.2
31,1543.2
7,1544.1
1,1544.1
3,1544.6
4,1545.6
25,1546.1
24,1546.2
30,1546.7
15,1546.8
22,1546.8
28,1547.0
20,1548.2
11,1548.3
21,1548.4
7,1548.6
26,1549.0
23,1549.6
6,1549.6
5,1549.7
1,1549.8
19,1550.2
22,1550.7
15,1551.5
7,1551.9
9,1551.9
13,1552.0
20,1552.3
14,1552.8
30,1553.3
3,1553.4
16,1554.0
8,1554.1
31,1554.2
21,1554.5
1,1554.5
6,1554.7
5,1554.9
17,1555.2
22,1555.4
7,1555.5
26,1555.5
27,1555.7
23,1555.9
18,1556.1
20,1556.8
15,1557.4
13,1558.1
14,1559.0
5,1559.3
28,1559.4
1,1559.6
6,1559.9
2,1560.2
7,1560.3
21,1560.4
30,1560.8
4,1560.9
11,1561.3
22,1561.4
31,1561.9
18,1562.2
16,1563.2
5,1563.3
8,1563.4
26,1563.5
13,1563.5
1,1563.7
20,1563.8
27,1563.8
9,1564.0
19,1564.1
15,1564.4
25,1564.5
6,1564.5
28,1564.9
21,1565.2
14,1565.3
17,1565.4
29,1565.8
30,1566.0
4,1567.8
10,1567.9
7,1568.1
11,1568.2
5,1568.3
1,1568.8
31,1568.9
13,1569.0
18,1569.5
23,1570.6
26,1570.7
9,1571.4
28,1571.5
6,1571.7
16,1571.8
19,1572.1
22,1572.2
21,1572.4
17,1572.7
25,1572.9
15,1573.4
8,1573.7
13,1573.9
30,1574.1
5,1575.7
31,1576.8
1,1577.1
11,1577.2
20,1577.3
14,1577.9
21,1578.1
26,1578.4
18,1578.9
7,1579.0
6,1579.7
4,1580.7
9,1580.7
30,1580.8
3,1581.0
13,1581.3
31,1581.5
19,1581.9
1,1583.1
5,1583.7
17,1583.9
28,1584.2
26,1584.3
21,1584.6
25,1584.6
11,1584.8
2,1585.1
31,1585.8
29,1586.5
9,1586.8
7,1587.3
4,1587.4
13,1587.5
18,1587.6
6,1588.7
26,1588.9
30,1588.9
1,1589.2
19,1590.3
2,1591.0
21,1591.9
10,1592.4
25,1592.4
31,1592.4
17,1592.5
24,1593.0
5,1593.6
26,1594.1
13,1594.6
11,1594.7
14,1595.3
6,1595.6
9,1596.6
16,1596.6
10,1596.7
18,1597.4
7,1597.7
12,1597.7
3,1597.9
21,1598.5
25,1598.5
30,1598.7
27,1598.8
31,1598.8
14,1599.0
26,1599.4
24,1599.9
2,1600.4
6,1600.5
11,1600.9
1,1601.1
4,1601.5
5,1601.5
10,1602.1
7,1602.4
20,1602.6
14,1602.9
16,1603.3
25,1603.3
6,1603.7
21,1603.8
26,1603.9
3,1604.1
15,1604.4
23,1604.8
31,1604.8
28,1605.0
2,1605.0
12,1605.1
18,1605.3
30,1605.3
7,1606.0
24,1606.7
6,1606.8
5,1606.8
20,1607.0
11,1607.0
10,1607.0
14,1607.1
27,1607.9
21,1608.5
3,1609.5
7,1609.7
26,1609.9
2,1610.1
28,1610.6
6,1610.8
25,1611.2
15,1611.2
23,1611.4
20,1612.2
14,1613.4
13,1613.5
10,1613.7
5,1614.4
9,1614.6
16,1615.3
31,1615.3
7,1615.3
21,1615.3
26,1615.6
6,1616.0
12,1616.3
18,1616.4
11,1616.7
0,1617.2
30,1617.3
10,1618.0
17,1618.2
3,1618.6
2,1618.7
9,1619.0
27,1619.1
25,1619.6
14,1619.9
26,1620.3
28,1620.4
20,1620.9
18,1621.1
7,1621.4
11,1621.9
5,1622.2
6,1622.6
21,1622.9
31,1623.3
9,1623.4
10,1623.6
24,1623.9
17,1624.1
30,1624.5
14,1626.8
12,1627.1
0,1627.3
18,1627.4
15,1627.4
26,1627.5
25,1627.5
23,1628.0
9,1628.3
7,1628.3
19,1629.2
11,1629.7
1,1630.3
4,1631.3
6,1631.9
21,1632.1
2,1632.4
9,1632.6
3,1632.6
28,1632.7
31,1633.4
10,1633.5
19,1633.6
22,1634.0
5,1634.1
23,1634.2
15,1634.7
18,1635.1
25,1635.5
11,1635.5
12,1635.6
17,1635.8
21,1636.3
1,1636.6
6,1636.7
9,1636.8
20,1636.8
7,1637.2
24,1637.9
19,1638.2
2,1638.4
28,1638.4
3,1639.2
31,1639.3
4,1639.3
10,1639.6
30,1639.7
21,1641.3
23,1642.0
14,1642.1
5,1642.4
11,1642.4
7,1642.8
18,1643.0
6,1643.0
9,1643.4
26,1643.4
20,1643.6
24,1644.4
19,1645.4
15,1645.5
10,1645.7
22,1645.8
28,1646.2
25,1647.0
17,1647.3
1,1648.5
0,1648.7
20,1648.7
7,1649.6
21,1649.7
31,1650.1
3,1650.6
22,1651.0
2,1651.1
28,1651.3
30,1651.4
10,1652.0
19,1652.7
15,1652.9
20,1653.8
24,1654.0
23,1654.5
22,1654.5
13,1654.5
9,1654.8
7,1654.8
21,1654.9
12,1655.0
28,1655.0
6,1655.6
17,1655.7
3,1655.9
19,1656.1
4,1656.5
30,1656.7
25,1657.1
1,1657.2
20,1658.1
22,1658.2
15,1658.4
21,1658.5
9,1658.6
26,1658.8
28,1658.9
11,1659.4
19,1659.5
3,1659.9
13,1660.3
23,1660.5
4,1661.0
30,1661.1
5,1661.1
25,1661.3
1,1661.3
24,1661.6
7,1661.8
21,1662.5
9,1662.6
22,1663.0
20,1663.1
16,1663.3
31,1663.8
19,1663.9
3,1663.9
14,1664.1
28,1664.2
10,1664.4
30,1664.6
12,1665.0
0,1665.6
18,1665.7
1,1665.9
4,1666.0
25,1666.2
15,1666.3
13,1666.3
26,1666.8
7,1667.1
11,1668.1
30,1668.2
9,1668.4
20,1668.6
21,1668.7
3,1668.9
5,1669.3
1,1669.8
19,1669.9
16,1670.0
22,1670.4
17,1670.5
13,1670.5
31,1670.6
4,1670.6
7,1671.1
23,1671.3
14,1671.4
25,1671.9
20,1672.5
30,1672.7
26,1672.7
6,1673.1
28,1673.2
15,1673.5
24,1673.8
21,1674.1
10,1674.7
7,1674.8
9,1674.9
1,1675.2
3,1675.4
13,1675.4
5,1675.8
20,1676.4
23,1677.1
4,1677.5
17,1678.2
26,1678.8
19,1678.9
7,1679.4
15,1679.5
21,1679.6
30,1679.6
24,1679.8
10,1680.8
31,1680.9
13,1681.0
16,1681.4
25,1681.6
11,1681.6
20,1681.7
6,1681.8
23,1682.5
22,1682.8
28,1683.2
21,1683.9
12,1684.6
15,1684.9
1,1685.4
24,1685.5
30,1685.7
19,1685.9
5,1685.9
13,1686.0
14,1686.2
9,1686.2
20,1686.5
7,1686.8
26,1687.0
23,1687.3
21,1687.3
3,1687.4
17,1689.1
25,1689.1
28,1689.8
13,1690.4
30,1690.7
31,1690.7
22,1690.7
21,1691.2
20,1691.4
26,1692.0
15,1692.5
9,1692.6
7,1692.7
24,1693.4
3,1693.9
14,1694.2
4,1694.5
10,1694.5
23,1695.1
25,1695.2
21,1696.7
2,1696.8
30,1697.0
26,1697.0
19,1697.0
13,1697.7
31,1698.1
20,1698.4
7,1698.4
14,1699.9
21,1701.4
25,1701.7
12,1702.0
28,1702.1
26,1702.4
9,1703.0
2,1703.0
31,1703.7
17,1703.8
20,1704.4
30,1705.4
10,1705.5
14,1706.4
0,1706.5
3,1706.6
6,1706.7
1,1706.8
21,1707.0
4,1708.1
7,1708.2
19,1708.4
9,1709.6
26,1709.8
31,1709.9
28,1710.1
17,1710.5
22,1710.5
13,1710.7
20,1711.0
25,1711.5
15,1711.7
21,1712.1
1,1712.9
2,1713.3
18,1713.8
9,1713.8
14,1713.9
10,1714.0
26,1714.1
11,1714.1
5,1714.5
31,1714.7
20,1714.8
21,1715.2
6,1715.4
3,1715.7
7,1715.8
17,1716.4
8,1716.4
1,1716.5
13,1716.6
4,1716.7
23,1716.7
25,1716.7
30,1716.8
26,1717.1
9,1717.7
2,1717.7
16,1717.9
29,1717.9
21,1718.2
14,1718.2
20,1718.6
10,1718.8
15,1718.9
18,1718.9
5,1719.0
31,1719.1
22,1719.3
19,1719.4
1,1719.5
6,1719.6
26,1720.2
17,1720.7
7,1720.8
9,1721.1
21,1721.3
11,1721.5
8,1721.8
20,1721.9
25,1721.9
2,1722.2
3,1722.6
1,1722.7
23,1722.7
14,1722.8
13,1722.9
10,1723.1
16,1723.8
28,1723.9
18,1723.9
26,1723.9
5,1724.1
4,1724.2
6,1724.4
30,1724.5
21,1724.6
9,1724.7
31,1725.2
20,1725.3
17,1725.3
7,1726.0
24,1726.1
1,1726.3
15,1726.5
29,1727.2
14,1727.2
22,1727.3
25,1727.3
19,1727.3
10,1727.4
8,1727.6
21,1727.7
23,1727.9
13,1728.0
9,1728.1
16,1728.2
11,1728.4
18,1728.4
6,1728.6
2,1728.7
20,1728.7
17,1728.8
5,1728.9
28,1729.4
30,1729.4
26,1729.5
3,1730.1
1,1730.7
12,1730.7
15,1730.9
21,1730.9
7,1731.1
23,1731.9
9,1732.0
31,1732.2
14,1732.5
6,1732.7
17,1732.9
20,1733.0
25,1733.1
19,1733.6
10,1733.7
2,1733.7
22,1733.8
28,1733.9
18,1733.9
4,1734.2
13,1734.2
11,1734.6
21,1734.7
3,1734.9
26,1735.0
16,1735.0
8,1735.2
5,1735.9
9,1736.1
24,1736.3
30,1736.9
15,1737.2
1,1737.3
6,1737.3
17,1737.7
20,1738.1
23,1738.1
21,1738.1
31,1738.8
25,1738.9
13,1739.4
7,1739.5
18,1739.5
26,1739.8
28,1740.2
11,1740.3
2,1740.7
3,1741.2
5,1741.3
21,1741.8
17,1741.9
10,1741.9
14,1742.0
16,1742.3
9,1742.3
6,1742.6
31,1744.1
19,1745.0
12,1745.1
20,1745.2
13,1745.4
15,1745.4
22,1745.4
21,1745.5
23,1745.6
18,1745.8
5,1746.6
30,1746.8
11,1746.8
28,1746.9
26,1747.1
24,1747.4
17,1747.9
31,1749.1
10,1749.5
21,1749.6
7,1749.7
25,1749.8
1,1750.1
13,1750.2
6,1750.6
30,1750.6
20,1751.2
4,1751.4
5,1751.6
3,1752.1
16,1752.3
12,1752.8
9,1753.0
18,1753.1
28,1753.2
21,1753.4
26,1753.4
14,1753.4
31,1753.8
8,1753.9
11,1754.0
23,1754.0
13,1754.1
30,1754.1
17,1754.7
27,1755.3
10,1755.5
15,1755.7
2,1756.0
1,1756.0
24,1756.0
5,1756.2
21,1756.5
6,1756.9
18,1757.0
31,1757.5
11,1757.6
19,1757.8
26,1758.0
7,1758.0
22,1758.2
9,1758.2
4,1758.3
14,1758.4
13,1758.4
25,1758.5
30,1758.5
20,1758.8
12,1758.8
17,1759.0
10,1759.7
21,1759.8
18,1760.0
1,1760.6
5,1760.9
31,1761.8
11,1761.9
9,1762.4
2,1762.5
29,1762.6
6,1762.9
21,1763.2
10,1763.4
26,1763.6
8,1763.6
18,1763.6
14,1763.7
13,1763.7
24,1764.1
17,1764.4
28,1764.9
20,1765.4
30,1765.5
1,1765.9
31,1766.1
5,1766.5
27,1766.7
11,1766.7
10,1766.9
9,1767.0
21,1767.2
2,1767.4
18,1767.4
25,1767.9
26,1769.1
12,1769.5
24,1770.1
8,1770.4
6,1770.9
17,1771.0
1,1771.1
2,1771.5
16,1771.6
10,1771.6
29,1772.1
3,1772.5
14,1772.6
31,1772.7
18,1772.7
20,1772.8
13,1772.8
28,1773.2
21,1773.3
9,1773.5
26,1774.6
11,1774.7
2,1775.1
25,1775.4
4,1775.8
6,1776.5
7,1776.8
5,1777.1
8,1777.5
28,1777.6
30,1777.7
24,1778.5
1,1778.5
10,1778.9
3,1779.0
17,1779.4
20,1779.7
21,1779.8
2,1779.9
13,1779.9
16,1780.0
18,1781.1
9,1782.1
23,1782.2
28,1782.4
31,1783.1
26,1783.2
30,1783.4
11,1783.6
25,1783.6
14,1784.1
8,1784.2
17,1784.3
7,1784.7
21,1784.9
24,1785.5
6,1785.6
15,1785.6
22,1786.4
18,1786.5
20,1786.8
12,1786.8
13,1786.8
19,1786.9
1,1787.1
9,1787.4
2,1787.5
23,1788.0
30,1789.0
28,1789.3
31,1789.4
16,1789.6
17,1789.6
21,1790.2
10,1790.3
11,1790.7
7,1790.8
14,1790.9
24,1791.0
25,1791.7
15,1792.4
19,1793.6
13,1793.6
23,1793.8
9,1793.8
20,1793.8
3,1794.0
18,1794.1
22,1794.3
30,1794.5
6,1795.2
24,1795.8
12,1796.0
21,1796.0
14,1796.1
10,1796.5
28,1796.8
31,1799.0
17,1799.4
25,1799.4
9,1800.4
19,1800.7
24,1801.2
13,1801.5
20,1801.7
7,1801.8
30,1801.9
14,1802.0
6,1802.1
21,1802.7
8,1803.0
10,1803.6
28,1803.7
15,1804.2
23,1805.5
9,1805.9
18,1805.9
2,1806.1
1,1806.1
31,1806.3
24,1806.5
5,1806.9
30,1807.1
20,1807.2
26,1807.8
10,1808.2
11,1808.3
25,1808.5
13,1808.8
29,1809.4
19,1809.6
7,1809.7
21,1810.2
28,1810.5
9,1811.2
20,1811.9
31,1812.0
8,1812.2
30,1812.4
18,1812.6
24,1812.8
1,1813.0
2,1813.3
3,1813.4
10,1813.5
14,1814.1
22,1814.3
26,1814.3
25,1814.4
13,1814.4
21,1814.9
9,1815.3
17,1815.5
30,1816.0
20,1816.1
4,1816.1
7,1816.3
5,1816.5
15,1817.2
1,1817.5
16,1817.6
31,1817.7
10,1817.7
13,1818.3
6,1818.6
29,1818.9
21,1819.0
30,1819.2
26,1819.3
18,1820.3
22,1820.7
17,1820.8
9,1821.0
14,1821.1
7,1821.1
2,1821.4
25,1821.6
3,1821.9
5,1822.0
28,1822.3
31,1822.5
20,1822.7
10,1822.9
1,1823.0
30,1823.3
13,1823.4
21,1823.6
26,1823.9
4,1824.2
8,1824.6
16,1824.9
7,1825.9
15,1826.7
17,1826.9
14,1827.3
31,1827.4
2,1827.5
24,1828.0
20,1828.2
30,1828.3
5,1828.6
26,1828.7
25,1828.7
10,1829.2
7,1829.6
21,1829.9
1,1830.0
22,1830.0
9,1830.4
13,1832.3
31,1832.6
26,1833.1
14,1833.3
7,1833.4
30,1833.6
2,1834.5
20,1834.8
1,1836.2
22,1836.7
17,1838.1
7,1838.5
16,1838.5
26,1838.6
10,1838.8
31,1838.8
5,1839.0
18,1839.1
21,1839.3
14,1839.8
25,1840.1
6,1840.5
30,1840.9
12,1840.9
9,1842.1
10,1842.5
11,1842.6
26,1843.0
1,1843.3
27,1843.4
5,1843.6
20,1843.6
4,1844.0
7,1844.3
15,1844.5
21,1844.6
23,1844.9
0,1845.5
19,1845.7
10,1846.4
17,1846.4
6,1846.4
9,1846.8
26,1847.3
14,1847.7
18,1847.7
5,1848.0
16,1848.5
12,1848.5
1,1848.8
21,1849.0
20,1849.3
2,1849.6
31,1849.7
7,1850.1
6,1850.4
10,1851.0
11,1851.2
23,1851.2
15,1851.3
22,1851.4
4,1851.6
9,1852.6
5,1852.7
14,1852.8
26,1852.9
21,1853.0
27,1853.4
18,1854.0
6,1854.2
20,1854.6
7,1855.4
31,1855.6
11,1856.7
21,1857.3
30,1857.4
10,1858.1
5,1858.3
1,1858.6
14,1859.0
6,1859.1
0,1859.2
20,1860.5
7,1860.6
18,1860.8
12,1861.3
31,1861.6
21,1861.9
19,1862.0
11,1862.4
26,1862.4
9,1863.1
6,1864.0
5,1864.0
14,1864.1
10,1865.0
7,1865.4
23,1865.5
17,1865.5
18,1865.5
30,1866.3
31,1866.7
11,1866.8
27,1866.8
21,1867.0
25,1868.0
9,1868.4
15,1868.4
14,1869.5
12,1869.5
26,1869.6
18,1869.9
7,1870.3
2,1870.8
17,1871.0
20,1871.2
6,1871.3
11,1872.0
5,1872.0
31,1872.3
30,1873.2
25,1874.1
9,1874.8
10,1874.9
4,1875.4
26,1875.6
21,1875.8
18,1876.3
7,1876.5
2,1876.9
14,1877.4
22,1877.6
17,1878.5
1,1878.5
13,1879.1
30,1879.5
15,1879.5
9,1880.3
26,1880.4
19,1880.8
11,1880.9
7,1881.9
25,1882.4
4,1882.6
31,1882.6
1,1884.6
22,1884.9
13,1886.0
17,1886.4
26,1886.7
9,1887.3
2,1887.6
6,1888.1
30,1888.5
18,1890.3
7,1890.7
15,1892.3
5,1893.4
1,1894.0
20,1894.4
10,1894.4
9,1894.6
2,1894.6
21,1895.0
3,1895.8
6,1895.9
28,1896.5
4,1896.6
18,1896.6
8,1897.0
25,1897.1
23,1897.2
19,1897.6
16,1897.7
7,1898.1
29,1898.1
11,1898.1
20,1898.8
2,1899.0
15,1899.1
26,1899.2
10,1900.0
1,1900.3
3,1900.5
6,1900.5
28,1900.9
9,1901.0
17,1901.1
21,1901.4
5,1902.0
20,1902.3
18,1902.4
16,1903.6
2,1903.6
10,1903.8
23,1903.8
25,1903.9
0,1904.0
29,1904.5
28,1904.7
15,1904.8
14,1905.0
7,1905.0
17,1905.5
8,1905.9
1,1905.9
22,1906.3
20,1906.6
31,1906.7
30,1906.9
13,1907.1
3,1907.3
6,1907.6
26,1907.8
5,1907.8
11,1908.0
10,1908.1
21,1909.0
28,1909.2
18,1909.8
16,1909.9
9,1910.0
12,1910.1
15,1910.2
2,1910.2
23,1910.6
7,1910.7
14,1910.7
17,1910.8
22,1911.3
10,1911.4
26,1911.5
1,1911.5
20,1912.0
5,1912.4
25,1912.7
19,1912.7
31,1913.1
21,1913.1
27,1913.4
29,1913.7
30,1913.8
6,1914.6
28,1914.7
0,1914.8
14,1915.1
10,1915.4
2,1915.8
12,1915.9
15,1916.0
26,1916.0
17,1916.1
23,1916.4
1,1916.4
7,1916.5
21,1916.6
20,1916.8
31,1916.8
9,1916.9
18,1917.0
4,1917.2
11,1917.4
22,1917.6
5,1917.6
16,1918.0
30,1918.3
10,1918.6
19,1918.8
13,1919.0
28,1919.1
24,1919.7
25,1919.8
2,1919.9
14,1920.0
1,1920.0
21,1920.1
20,1920.4
9,1920.4
26,1920.5
31,1920.7
17,1920.7
18,1920.8
8,1920.9
10,1921.7
7,1921.7
6,1921.8
30,1922.0
12,1922.3
29,1922.4
11,1923.0
15,1923.1
22,1923.4
27,1923.5
9,1923.8
21,1924.0
14,1924.0
1,1924.4
28,1924.5
24,1924.6
4,1924.7
18,1924.9
17,1925.0
20,1925.0
10,1925.3
31,1925.4
25,1925.8
2,1926.0
0,1926.0
19,1926.2
30,1926.2
5,1926.2
7,1926.3
13,1926.5
26,1927.0
6,1927.3
9,1927.4
3,1927.5
14,1927.7
10,1929.0
23,1929.1
21,1929.6
11,1929.7
31,1929.8
22,1929.8
15,1929.9
1,1930.2
24,1930.4
7,1930.5
30,1930.5
18,1930.7
17,1931.4
9,1931.4
20,1931.8
14,1932.3
28,1932.6
26,1933.0
10,1933.2
0,1933.7
4,1934.0
25,1934.6
12,1934.7
16,1935.1
2,1935.3
6,1935.6
9,1936.3
21,1936.9
7,1937.0
31,1937.0
26,1937.1
30,1937.2
13,1937.4
19,1937.6
22,1937.6
11,1937.8
15,1937.9
3,1938.0
23,1938.1
17,1938.4
10,1939.3
14,1939.8
2,1939.8
18,1940.0
25,1940.0
28,1940.6
26,1941.4
6,1941.5
24,1941.8
16,1942.0
1,1942.1
3,1942.6
13,1943.0
5,1943.5
2,1943.7
20,1944.3
9,1944.5
12,1944.8
25,1944.9
28,1945.2
21,1945.2
26,1945.8
11,1945.8
15,1946.3
17,1947.0
29,1947.6
2,1947.9
6,1947.9
3,1948.0
22,1948.2
30,1948.5
28,1948.7
7,1949.0
23,1949.0
0,1949.2
10,1949.7
16,1951.1
25,1951.9
19,1952.7
26,1952.9
28,1953.1
9,1953.2
20,1953.5
18,1953.7
31,1953.8
2,1953.8
13,1953.9
11,1953.9
17,1953.9
15,1954.0
7,1954.9
3,1955.6
6,1956.5
4,1956.9
14,1957.0
30,1957.3
1,1957.5
25,1958.3
9,1958.4
5,1958.6
17,1959.5
18,1959.7
29,1959.9
28,1960.2
20,1960.4
11,1960.6
13,1961.1
21,1961.3
7,1961.6
30,1963.0
26,1963.4
4,1963.7
1,1963.8
5,1964.7
2,1965.2
31,1965.3
13,1965.6
17,1965.7
11,1966.0
6,1966.2
18,1966.3
21,1966.9
9,1967.0
10,1968.7
30,1969.1
5,1970.0
26,1970.1
25,1970.1
1,1970.8
17,1970.9
13,1971.1
16,1971.4
4,1971.9
31,1972.1
11,1972.3
21,1973.2
20,1973.7
18,1973.8
15,1973.8
5,1974.7
7,1974.8
6,1975.0
28,1975.1
10,1975.5
17,1976.9
30,1977.3
13,1977.3
3,1977.6
21,1978.1
20,1978.1
26,1978.3
9,1978.4
16,1978.6
24,1979.0
10,1979.3
0,1979.5
31,1979.6
5,1979.7
11,1979.8
28,1980.1
7,1981.3
20,1981.4
17,1981.6
21,1982.3
23,1982.8
13,1982.9
10,1983.0
15,1983.1
6,1984.2
30,1984.5
20,1984.6
18,1984.6
0,1984.7
22,1985.0
5,1985.2
26,1985.3
28,1985.4
9,1985.5
19,1985.6
12,1985.7
7,1985.8
21,1985.9
23,1986.6
15,1987.3
17,1987.6
20,1988.1
10,1988.2
1,1988.7
24,1989.5
7,1990.1
21,1990.4
22,1990.5
9,1990.8
30,1991.0
2,1991.3
23,1991.5
15,1991.6
20,1991.7
31,1991.7
18,1991.7
1,1992.1
6,1992.3
4,1992.5
5,1992.5
10,1992.7
26,1992.7
16,1992.8
19,1992.9
13,1993.2
8,1993.6
29,1993.7
7,1993.9
22,1994.5
9,1995.2
0,1995.2
28,1995.3
1,1995.4
30,1995.7
20,1996.3
15,1997.1
31,1997.3
10,1997.5
21,1997.5
18,1997.6
2,1997.8
7,1998.5
9,1998.9
1,1999.0
26,1999.3
19,1999.5
22,1999.6
17,1999.8
4,1999.8
23,2000.4
25,2001.0
6,2001.4
30,2001.9
3,2002.0
28,2002.0
20,2002.1
2,2002.4
8,2002.7
12,2002.8
29,2003.3
11,2003.5
9,2004.0
1,2004.4
10,2004.6
14,2005.3
15,2005.5
6,2005.7
19,2005.9
7,2006.2
31,2006.5
22,2006.6
18,2006.6
21,2006.7
23,2007.4
28,2007.9
2,2008.1
5,2008.5
30,2008.7
4,2009.1
1,2009.6
9,2009.6
25,2009.8
3,2009.8
13,2010.1
6,2011.0
20,2011.8
14,2011.8
19,2012.2
15,2013.0
30,2013.8
26,2013.9
21,2014.1
23,2014.1
5,2014.7
1,2014.9
7,2014.9
4,2015.7
12,2015.8
6,2016.7
22,2017.1
20,2017.9
10,2017.9
15,2018.7
2,2019.1
28,2019.3
9,2019.4
23,2019.4
21,2019.5
24,2020.2
13,2020.2
5,2020.8
8,2021.2
1,2021.3
16,2021.3
17,2021.9
7,2021.9
31,2022.0
6,2022.3
30,2022.3
11,2022.6
18,2023.2
10,2023.9
21,2024.0
20,2025.7
24,2026.6
5,2026.8
15,2026.9
14,2027.1
22,2027.2
1,2027.7
23,2028.3
19,2028.5
26,2028.6
31,2028.7
7,2029.0
21,2029.4
6,2029.6
11,2029.8
30,2029.9
16,2030.8
8,2030.9
22,2031.4
15,2032.4
18,2032.5
4,2032.5
1,2032.5
17,2032.8
10,2033.3
21,2033.5
28,2033.6
2,2033.7
3,2033.8
5,2034.3
6,2034.5
23,2034.6
31,2035.3
22,2035.5
7,2035.7
12,2035.9
26,2036.5
9,2036.6
19,2036.9
1,2037.1
11,2037.1
20,2037.3
15,2037.6
8,2037.6
2,2037.7
18,2037.7
21,2038.5
10,2038.9
30,2039.3
28,2039.5
29,2039.9
16,2040.4
6,2040.6
3,2041.2
23,2041.5
22,2041.5
1,2042.7
20,2042.8
9,2042.8
2,2042.9
7,2043.1
10,2043.4
18,2043.8
26,2044.0
8,2044.0
24,2044.5
21,2045.2
28,2045.6
17,2046.0
0,2046.1
13,2046.3
20,2046.4
15,2046.5
2,2046.9
25,2047.0
1,2047.3
16,2047.4
30,2047.4
9,2047.6
10,2047.8
31,2048.3
7,2048.6
26,2048.8
29,2049.3
21,2050.2
8,2050.2
20,2050.3
28,2050.5
2,2050.5
3,2050.7
6,2050.7
5,2051.1
18,2051.4
19,2051.8
9,2051.9
22,2052.0
25,2052.0
23,2052.0
24,2052.1
26,2052.6
12,2052.9
13,2053.5
21,2054.0
3,2054.2
10,2054.2
15,2054.3
20,2054.5
28,2054.7
2,2054.9
1,2055.1
22,2056.8
30,2056.9
16,2057.3
17,2057.4
9,2057.4
3,2057.5
7,2057.6
6,2057.6
25,2057.6
26,2057.7
19,2057.8
28,2058.1
10,2058.5
0,2058.5
21,2058.8
5,2059.1
2,2060.0
24,2060.3
11,2060.7
20,2060.8
3,2061.2
31,2061.6
23,2061.7
18,2062.0
28,2062.5
21,2062.5
22,2062.7
10,2062.7
9,2063.4
26,2063.5
25,2063.6
6,2063.7
5,2064.4
19,2064.6
17,2064.7
8,2064.7
16,2064.8
3,2065.4
24,2066.1
21,2066.3
20,2066.4
11,2066.8
10,2066.9
7,2067.7
28,2067.7
31,2068.1
2,2068.1
22,2068.4
9,2068.5
1,2068.6
25,2068.6
15,2068.6
18,2068.8
17,2069.0
3,2069.0
16,2069.4
26,2070.0
5,2070.6
30,2070.9
11,2071.0
21,2071.3
13,2071.6
20,2071.7
8,2071.8
19,2072.0
7,2072.1
22,2072.4
6,2072.5
17,2072.6
25,2072.7
9,2072.8
10,2073.0
3,2073.4
28,2073.9
18,2074.0
16,2074.0
26,2074.1
1,2074.8
11,2075.6
15,2076.1
22,2076.4
7,2076.6
24,2076.8
17,2076.8
25,2077.0
13,2077.4
26,2078.2
20,2078.3
21,2078.4
3,2078.6
30,2078.7
9,2079.0
16,2079.4
22,2079.8
23,2079.9
5,2080.0
31,2080.1
18,2080.6
19,2081.0
15,2081.0
1,2081.4
27,2081.8
11,2081.8
13,2082.1
7,2082.1
10,2082.2
12,2082.2
26,2082.4
21,2082.5
25,2082.9
9,2083.0
2,2083.1
17,2083.2
28,2083.3
22,2083.9
3,2084.3
5,2084.3
0,2084.6
20,2084.7
6,2084.9
18,2085.1
15,2085.6
4,2085.7
26,2085.7
10,2085.8
21,2086.0
19,2086.2
24,2086.3
23,2086.5
9,2086.5
25,2086.6
1,2086.6
16,2086.6
11,2086.8
8,2087.1
31,2087.1
28,2087.4
13,2087.5
29,2087.5
17,2088.3
3,2088.5
20,2088.7
30,2088.8
26,2089.1
2,2089.2
5,2089.2
10,2089.4
21,2089.4
7,2089.8
0,2089.9
27,2090.1
9,2090.3
15,2090.4
25,2090.4
22,2090.5
18,2090.8
6,2091.4
23,2092.0
11,2092.0
28,2092.1
24,2092.5
20,2092.6
1,2092.8
21,2092.8
26,2093.2
31,2094.0
10,2094.0
19,2094.1
4,2094.2
5,2094.6
15,2094.6
3,2094.7
16,2094.8
25,2095.3
17,2095.4
9,2095.5
2,2095.5
7,2096.0
13,2096.1
29,2097.0
21,2097.0
28,2097.1
23,2097.2
20,2097.2
6,2097.5
26,2099.3
0,2099.6
11,2099.6
18,2099.7
15,2100.2
22,2100.4
12,2100.7
9,2100.9
10,2101.0
5,2101.1
25,2101.2
17,2101.8
21,2102.0
28,2102.7
1,2103.0
20,2103.5
31,2103.6
18,2104.0
11,2104.3
6,2104.5
27,2104.6
26,2104.9
30,2105.0
7,2105.0
24,2105.1
9,2105.4
23,2105.4
3,2105.5
15,2105.9
14,2105.9
2,2106.3
12,2106.6
21,2106.7
10,2106.8
17,2107.0
25,2107.0
29,2107.1
19,2107.3
5,2107.9
22,2109.0
28,2109.1
31,2109.2
18,2109.3
7,2109.3
20,2109.5
11,2110.1
26,2110.5
23,2110.8
16,2110.9
21,2110.9
4,2111.0
15,2111.1
1,2111.6
12,2111.6
6,2111.9
30,2112.0
9,2112.2
10,2112.7
8,2113.2
17,2113.2
7,2113.4
27,2113.4
22,2113.6
5,2114.8
26,2115.1
18,2115.3
20,2115.6
14,2115.9
19,2116.2
21,2116.4
15,2116.5
13,2116.6
1,2117.0
31,2117.2
25,2117.3
7,2117.6
22,2117.6
11,2117.6
10,2117.8
30,2118.1
12,2118.7
16,2118.8
9,2119.4
26,2119.5
23,2119.7
24,2119.8
0,2120.1
28,2121.7
10,2121.9
21,2122.0
17,2122.4
1,2122.8
22,2123.0
8,2123.1
6,2123.1
7,2123.2
14,2123.3
15,2123.4
30,2123.6
31,2123.7
5,2123.9
26,2124.2
4,2124.2
18,2125.3
16,2125.6
20,2125.8
21,2126.0
9,2126.0
13,2126.1
11,2126.1
24,2126.4
10,2126.6
1,2126.6
31,2128.4
30,2128.6
5,2128.9
22,2129.0
14,2129.0
6,2129.2
21,2129.3
0,2129.6
26,2129.9
4,2131.6
1,2131.7
11,2132.4
17,2132.5
18,2132.5
10,2132.8
8,2132.9
31,2133.2
7,2133.4
16,2133.5
14,2133.5
21,2133.9
5,2133.9
6,2134.4
3,2137.1
30,2137.1
13,2137.5
9,2137.9
26,2138.0
1,2138.3
22,2138.4
10,2138.6
15,2138.9
17,2139.6
14,2139.8
5,2139.9
21,2140.6
16,2140.7
31,2141.1
6,2142.6
11,2142.7
20,2142.8
10,2142.9
18,2143.0
17,2143.1
25,2143.3
28,2143.5
9,2144.4
0,2145.6
26,2146.4
17,2146.5
5,2146.7
1,2146.9
24,2147.6
10,2148.1
22,2148.3
18,2148.7
11,2148.9
20,2148.9
9,2149.3
28,2149.4
25,2149.6
16,2149.9
21,2150.0
2,2150.2
17,2151.1
26,2151.2
3,2151.6
15,2152.4
29,2152.4
28,2153.0
20,2153.3
13,2153.3
30,2153.5
9,2153.9
21,2154.2
12,2154.2
25,2154.3
14,2154.7
1,2155.1
26,2155.2
4,2155.8
17,2156.1
24,2156.3
10,2156.3
28,2156.6
20,2157.2
13,2157.2
19,2157.3
0,2158.2
22,2158.3
9,2158.8
21,2159.3
31,2159.4
18,2159.6
26,2160.0
25,2160.0
3,2160.0
17,2160.9
11,2161.0
28,2161.3
5,2161.7
20,2161.8
30,2162.0
13,2162.4
10,2163.5
9,2163.5
19,2164.0
6,2164.3
1,2164.4
15,2165.6
4,2166.1
25,2166.3
17,2166.9
20,2167.4
28,2167.5
26,2167.8
9,2167.9
0,2167.9
21,2167.9
16,2169.6
19,2170.2
24,2170.3
1,2170.4
3,2170.4
13,2171.3
11,2171.8
25,2171.8
10,2172.3
9,2172.7
26,2174.8
4,2175.2
0,2175.8
16,2176.3
30,2177.2
1,2177.4
25,2177.8
3,2177.9
9,2178.0
20,2178.1
17,2178.2
10,2178.6
28,2178.6
5,2179.0
13,2179.5
4,2181.1
11,2181.4
30,2181.8
22,2182.5
26,2182.5
1,2182.7
7,2182.9
19,2183.1
15,2183.8
21,2185.3
9,2186.2
28,2186.6
0,2186.8
30,2186.9
16,2187.1
25,2187.8
29,2188.7
10,2189.0
1,2189.0
13,2189.1
8,2189.3
3,2189.4
15,2189.6
22,2189.6
17,2189.9
26,2190.1
7,2190.2
5,2190.4
9,2190.4
20,2190.5
4,2191.0
21,2191.4
19,2192.2
25,2192.4
28,2192.4
30,2194.5
16,2194.7
15,2195.2
9,2195.3
21,2195.3
23,2195.5
31,2195.6
14,2195.8
3,2195.9
24,2195.9
7,2196.2
10,2196.3
22,2196.6
26,2196.6
25,2196.7
17,2197.0
1,2197.2
12,2197.4
8,2197.7
11,2198.4
19,2198.4
20,2198.4
18,2198.4
21,2198.7
9,2199.0
31,2200.6
25,2200.6
30,2200.7
14,2200.8
15,2200.9
28,2200.9
16,2201.5
17,2201.7
7,2201.9
24,2202.2
23,2202.5
21,2202.6
9,2202.8
29,2203.1
10,2203.1
13,2204.3
19,2204.7
20,2205.0
18,2205.2
28,2205.3
31,2205.3
14,2205.6
11,2205.7
22,2205.8
30,2206.0
25,2206.0
3,2206.2
21,2206.4
26,2206.5
24,2207.1
15,2207.7
8,2208.1
9,2208.3
17,2208.5
1,2208.9
10,2209.5
28,2209.7
12,2210.4
21,2210.5
13,2210.9
23,2211.0
20,2211.3
31,2211.8
7,2211.9
18,2212.3
19,2212.3
29,2212.4
24,2212.9
30,2212.9
9,2213.3
15,2213.4
11,2213.4
21,2213.7
5,2213.7
2,2213.7
22,2214.1
10,2214.2
14,2214.2
6,2214.3
1,2214.9
23,2215.2
20,2215.4
25,2215.4
28,2215.8
31,2216.0
8,2216.4
18,2216.4
21,2216.6
7,2216.6
16,2216.7
3,2216.8
13,2217.0
5,2217.5
26,2217.5
10,2217.6
19,2217.6
9,2217.7
15,2217.8
27,2218.0
30,2218.0
24,2218.8
22,2219.0
20,2219.1
0,2219.2
11,2219.3
12,2219.4
31,2219.5
23,2219.7
18,2219.8
21,2219.9
1,2220.0
6,2220.2
2,2220.3
29,2220.5
7,2220.6
28,2220.6
14,2220.8
17,2221.0
10,2221.1
8,2221.3
5,2221.7
9,2221.9
13,2222.7
30,2223.0
15,2223.0
3,2223.2
31,2223.5
20,2223.8
16,2223.9
19,2223.9
18,2224.5
21,2224.6
26,2224.8
10,2225.7
7,2225.8
1,2225.9
22,2225.9
9,2226.1
23,2226.3
11,2226.6
27,2226.7
17,2227.1
25,2227.4
5,2228.0
28,2228.2
8,2228.4
18,2229.0
31,2229.2
24,2229.3
6,2229.7
2,2229.9
30,2230.4
9,2230.4
0,2230.7
20,2231.1
21,2231.4
13,2231.5
14,2231.6
1,2232.3
17,2232.3
11,2232.5
15,2232.7
4,2232.7
10,2232.9
3,2234.0
7,2234.3
5,2234.4
18,2234.6
30,2235.5
25,2235.8
9,2236.0
6,2236.0
1,2236.5
22,2236.6
29,2236.6
26,2236.7
16,2236.8
14,2237.3
13,2238.2
31,2238.4
19,2238.6
4,2240.0
23,2240.6
2,2240.8
1,2241.2
26,2241.2
28,2241.4
17,2241.7
25,2242.1
30,2242.3
9,2242.7
21,2243.1
22,2243.1
11,2243.1
5,2243.3
20,2243.4
18,2244.0
6,2244.1
10,2244.8
26,2245.0
12,2245.1
14,2245.4
19,2246.4
1,2246.6
25,2246.8
2,2246.8
7,2246.9
27,2247.3
9,2247.3
15,2248.1
17,2248.2
20,2248.3
11,2248.3
6,2248.4
3,2248.7
18,2248.7
21,2248.7
26,2248.8
5,2249.0
28,2249.1
22,2249.4
23,2249.8
9,2251.2
25,2251.2
2,2251.2
6,2251.3
7,2251.3
19,2251.4
14,2251.7
31,2251.9
21,2251.9
11,2252.1
18,2252.3
10,2252.4
20,2252.4
28,2252.4
3,2252.6
5,2252.9
12,2253.2
13,2253.3
26,2253.3
15,2253.6
17,2253.8
6,2254.2
22,2254.6
1,2254.7
21,2255.3
8,2255.3
28,2255.4
23,2255.8
11,2256.0
16,2256.1
2,2256.3
7,2256.4
18,2256.4
9,2256.5
27,2256.5
29,2256.5
3,2256.8
30,2256.9
14,2257.0
6,2257.3
25,2257.4
5,2257.5
20,2257.6
19,2257.7
31,2258.0
10,2258.4
28,2258.8
26,2259.1
15,2259.2
2,2259.5
1,2259.7
21,2259.9
18,2260.3
17,2260.7
8,2261.1
6,2261.2
9,2261.4
11,2261.6
29,2262.3
28,2262.3
20,2262.8
22,2262.8
3,2263.0
2,2263.6
12,2263.7
14,2263.8
25,2264.2
10,2264.2
7,2264.7
26,2265.0
5,2265.0
18,2265.1
1,2265.3
6,2265.9
28,2266.1
19,2266.2
15,2266.3
9,2266.6
21,2266.7
16,2267.3
22,2267.5
8,2267.9
2,2268.0
20,2268.3
3,2268.4
31,2268.7
29,2268.8
30,2269.5
1,2269.7
23,2269.8
28,2270.2
10,2270.3
14,2270.4
26,2270.5
7,2270.6
18,2270.8
22,2270.8
11,2271.5
17,2271.7
15,2272.1
6,2272.4
16,2272.6
25,2272.7
3,2273.1
8,2273.1
9,2273.4
19,2273.4
1,2273.7
28,2273.9
2,2273.9
22,2274.5
26,2274.9
13,2275.5
29,2276.2
20,2276.3
5,2276.4
21,2277.2
3,2277.3
6,2277.6
7,2277.7
16,2277.7
28,2277.8
30,2277.8
11,2277.8
17,2278.0
15,2278.7
25,2278.9
18,2279.0
2,2279.3
31,2279.4
26,2279.7
1,2279.9
22,2280.1
13,2281.3
10,2281.4
3,2281.6
8,2282.1
28,2282.3
6,2282.4
21,2282.6
11,2282.6
17,2283.9
9,2284.1
5,2284.2
18,2284.4
16,2284.6
14,2284.8
25,2285.3
26,2285.5
31,2285.7
2,2286.1
11,2286.9
28,2287.6
13,2287.6
17,2287.8
3,2287.9
20,2288.2
21,2288.3
22,2289.0
16,2289.1
30,2289.1
18,2289.2
9,2289.2
6,2289.3
10,2289.9
25,2289.9
5,2290.2
24,2290.2
11,2291.2
1,2291.9
17,2292.3
28,2292.4
13,2292.6
19,2293.1
26,2293.2
7,2293.3
9,2294.2
20,2294.2
21,2294.3
15,2294.5
16,2294.6
10,2294.7
0,2295.6
3,2295.8
25,2295.9
5,2296.4
31,2296.5
18,2296.8
17,2297.2
30,2297.3
11,2298.0
9,2298.2
10,2298.9
28,2299.1
26,2299.6
13,2300.4
24,2300.6
2,2300.9
19,2301.0
16,2301.5
25,2302.0
29,2302.3
9,2302.9
28,2303.9
15,2304.3
21,2305.0
17,2305.0
6,2305.0
5,2305.1
20,2305.1
22,2305.2
10,2305.5
0,2306.2
16,2309.6
28,2309.7
7,2309.8
3,2309.8
19,2309.8
9,2309.9
8,2310.1
1,2310.2
26,2311.0
25,2311.3
14,2311.4
20,2311.8
17,2312.6
22,2312.6
18,2312.6
6,2312.7
4,2313.0
11,2313.4
19,2313.7
9,2314.1
28,2314.4
1,2315.2
3,2315.5
29,2315.5
7,2315.8
16,2316.8
13,2317.4
14,2317.7
8,2317.8
19,2318.5
10,2318.7
9,2319.5
20,2319.5
6,2320.4
25,2320.6
22,2320.7
1,2320.7
15,2320.9
17,2321.0
28,2321.2
30,2321.5
4,2321.9
31,2324.3
7,2324.5
21,2324.7
5,2324.7
16,2324.8
3,2325.0
9,2325.8
20,2325.9
30,2326.6
28,2326.8
13,2326.8
26,2326.8
19,2326.9
24,2327.2
25,2327.4
8,2328.3
3,2329.0
21,2329.1
22,2329.8
31,2330.2
14,2330.2
20,2330.3
1,2330.5
28,2331.2
9,2331.4
25,2331.7
7,2331.9
30,2332.0
16,2332.1
26,2332.8
13,2332.9
3,2332.9
11,2333.0
21,2334.0
17,2334.8
19,2335.1
20,2335.9
25,2336.1
3,2337.3
26,2337.7
9,2337.9
13,2337.9
24,2338.0
28,2338.0
16,2338.3
21,2338.9
22,2339.3
6,2340.1
23,2340.1
30,2340.4
25,2340.5
15,2340.7
31,2340.9
20,2341.1
19,2341.4
13,2341.8
3,2342.1
12,2342.2
11,2342.2
10,2342.2
26,2342.2
21,2342.6
9,2342.7
24,2342.9
17,2343.1
28,2344.6
25,2345.4
22,2346.2
13,2346.6
20,2346.8
23,2346.8
21,2346.8
24,2347.2
19,2347.3
30,2348.3
10,2348.7
16,2349.2
26,2349.2
14,2349.4
9,2349.4
15,2349.5
31,2350.1
7,2350.3
3,2350.4
21,2350.9
1,2351.3
28,2351.3
13,2351.9
20,2352.0
18,2352.4
2,2352.8
25,2353.1
4,2353.3
30,2353.5
10,2353.5
5,2353.7
24,2353.8
14,2353.9
6,2353.9
9,2353.9
8,2354.1
19,2354.9
29,2355.0
1,2355.4
13,2355.6
31,2355.7
21,2355.8
30,2356.9
27,2356.9
18,2357.1
20,2357.1
14,2357.1
7,2357.3
5,2357.9
10,2358.1
28,2358.3
9,2358.3
12,2358.7
13,2358.9
17,2359.2
6,2359.2
2,2359.2
1,2359.2
26,2359.3
21,2359.6
4,2360.1
14,2360.4
31,2360.4
24,2360.5
11,2360.5
30,2360.9
18,2361.0
22,2361.4
25,2361.7
19,2361.7
20,2362.2
13,2362.2
27,2362.2
8,2362.3
9,2362.6
5,2362.6
10,2362.8
1,2363.1
7,2363.6
26,2363.9
21,2364.4
29,2364.7
14,2364.8
2,2364.8
23,2365.4
12,2365.9
17,2365.9
4,2365.9
6,2366.1
18,2366.2
5,2366.4
16,2366.4
10,2366.4
15,2366.5
30,2366.5
31,2366.6
13,2367.0
19,2367.0
9,2367.8
21,2367.9
1,2368.0
26,2368.1
28,2368.8
27,2368.8
14,2368.9
3,2369.0
25,2369.0
11,2369.9
2,2370.3
22,2370.5
20,2370.6
10,2370.9
5,2371.2
12,2372.1
21,2372.4
17,2372.6
26,2372.7
31,2372.7
18,2373.2
23,2373.3
16,2373.7
19,2374.4
14,2374.5
13,2374.7
15,2375.0
7,2375.1
6,2375.1
30,2375.4
10,2375.7
9,2375.8
4,2375.8
1,2375.9
5,2376.1
2,2376.8
21,2377.4
25,2377.5
22,2377.8
24,2379.2
12,2379.9
17,2380.1
26,2380.2
23,2380.4
3,2380.6
14,2380.6
19,2380.7
27,2380.8
28,2380.9
30,2381.1
31,2381.2
1,2381.3
13,2381.4
21,2381.4
5,2381.5
4,2382.0
22,2382.3
15,2382.4
10,2382.8
16,2384.2
18,2385.1
19,2385.6
28,2386.3
21,2386.4
23,2386.5
3,2386.6
22,2387.1
30,2387.7
12,2387.9
14,2388.2
1,2388.7
5,2389.4
15,2389.7
2,2390.0
9,2390.2
20,2390.2
13,2390.7
31,2390.9
19,2391.7
4,2391.8
11,2392.0
26,2392.3
21,2392.4
23,2392.9
22,2393.1
6,2393.2
14,2394.7
3,2395.6
25,2395.9
9,2396.0
1,2396.1
28,2396.1
12,2397.0
19,2397.0
21,2397.0
17,2397.3
15,2397.8
4,2398.6
26,2399.1
20,2399.4
10,2399.4
9,2400.1
6,2400.1
14,2400.6
30,2401.3
1,2401.4
3,2401.6
25,2401.9
21,2402.1
22,2402.1
23,2402.6
2,2403.1
18,2403.1
19,2403.5
9,2404.0
28,2404.3
20,2404.9
10,2405.4
3,2405.5
8,2405.6
29,2405.7
6,2406.3
1,2406.5
2,2407.5
4,2408.0
28,2408.5
5,2408.6
9,2408.8
3,2409.0
26,2409.3
25,2409.4
18,2409.4
14,2409.5
22,2409.5
16,2409.9
21,2410.6
20,2410.8
6,2411.0
10,2411.0
19,2411.5
1,2411.6
11,2411.7
2,2411.8
3,2413.4
9,2413.9
28,2414.1
8,2414.6
29,2415.0
25,2415.6
22,2415.8
30,2416.2
13,2416.3
10,2416.4
16,2416.7
20,2416.9
26,2417.1
0,2417.3
3,2417.4
7,2417.5
15,2417.9
28,2417.9
24,2418.2
18,2418.2
14,2418.2
6,2418.3
2,2418.4
21,2418.4
19,2419.2
9,2419.3
22,2419.9
1,2420.4
10,2420.7
30,2421.0
11,2421.9
28,2421.9
3,2422.1
20,2422.3
13,2422.4
24,2422.8
7,2423.7
21,2423.8
26,2424.0
15,2424.0
5,2424.7
10,2424.8
6,2424.9
23,2424.9
22,2425.3
25,2425.4
28,2425.4
13,2425.7
27,2426.2
18,2426.2
20,2426.6
9,2426.7
17,2426.8
12,2426.9
30,2426.9
21,2427.1
26,2427.5
24,2427.5
3,2427.8
14,2427.8
29,2427.9
15,2428.3
5,2428.3
16,2428.7
10,2428.8
28,2428.8
13,2428.9
19,2429.1
7,2429.4
20,2430.3
21,2430.3
6,2430.5
0,2431.0
23,2431.1
11,2431.1
25,2431.3
27,2431.4
22,2431.4
26,2431.6
18,2431.8
5,2431.9
2,2432.0
30,2432.0
17,2432.2
9,2432.4
13,2432.6
10,2432.7
15,2432.8
28,2433.0
3,2433.2
24,2433.2
21,2433.8
20,2434.3
12,2434.8
5,2435.3
7,2435.4
16,2435.6
10,2435.8
26,2435.9
17,2436.3
6,2436.4
14,2436.8
27,2437.5
28,2437.5
13,2437.6
22,2437.9
30,2438.1
21,2438.2
20,2438.3
18,2438.4
15,2438.5
10,2439.5
25,2439.5
0,2439.8
5,2440.1
24,2440.3
11,2440.4
9,2440.9
29,2441.2
17,2441.3
3,2441.5
7,2441.6
26,2442.0
28,2442.1
20,2442.7
13,2442.8
21,2443.5
10,2443.6
30,2443.7
22,2444.1
23,2444.4
15,2445.0
16,2446.3
1,2446.3
0,2446.9
6,2447.3
12,2447.5
5,2448.0
9,2448.0
26,2448.6
27,2448.7
10,2448.8
28,2448.8
7,2449.0
20,2449.2
18,2449.3
17,2449.8
13,2450.9
30,2452.0
14,2452.1
25,2452.3
9,2452.4
11,2452.5
21,2452.7
22,2452.8
24,2453.0
17,2454.9
18,2454.9
0,2454.9
10,2455.2
15,2455.4
26,2456.7
9,2457.0
2,2457.7
11,2459.6
25,2460.2
20,2461.4
17,2461.9
28,2462.1
31,2462.1
3,2462.1
5,2462.4
9,2462.6
18,2462.9
10,2463.1
26,2464.2
21,2464.7
0,2465.1
25,2465.7
16,2465.8
13,2466.0
8,2466.2
30,2466.2
9,2466.3
6,2467.0
1,2467.0
20,2467.0
12,2467.4
19,2467.5
24,2467.6
10,2467.8
17,2468.2
14,2468.2
11,2468.2
26,2468.3
21,2468.5
27,2468.5
28,2468.8
3,2468.9
5,2468.9
18,2469.7
25,2470.5
9,2470.6
16,2471.1
7,2471.6
20,2472.0
13,2472.1
10,2472.3
21,2472.8
26,2473.4
30,2474.1
5,2474.2
17,2474.5
12,2474.9
6,2475.3
19,2475.4
9,2475.4
16,2476.1
25,2476.1
8,2476.3
10,2476.3
18,2476.8
11,2476.8
28,2476.9
24,2477.0
14,2477.2
1,2477.3
27,2477.4
21,2478.3
31,2478.6
5,2479.1
3,2479.4
4,2479.4
30,2479.6
17,2479.8
9,2479.8
20,2480.0
26,2480.1
1,2480.3
13,2480.4
10,2480.5
16,2480.5
7,2481.6
19,2482.0
18,2482.0
25,2482.1
2,2482.2
8,2482.4
5,2483.0
1,2483.4
30,2483.6
9,2483.7
4,2483.9
29,2484.3
11,2484.5
13,2484.5
31,2484.6
27,2484.7
10,2485.1
16,2485.6
18,2486.0
12,2486.3
20,2486.4
5,2486.5
21,2486.5
6,2486.8
1,2486.8
3,2486.9
26,2487.9
25,2488.0
9,2488.1
2,2488.5
14,2488.7
30,2488.8
10,2488.9
8,2489.0
13,2489.4
27,2489.6
17,2489.6
18,2490.0
4,2490.4
11,2490.6
22,2490.6
5,2490.7
1,2491.1
16,2491.5
19,2493.5
29,2493.7
20,2493.9
9,2494.1
28,2494.2
10,2494.4
21,2495.6
2,2495.7
3,2495.9
12,2496.0
18,2496.1
6,2496.1
7,2496.3
25,2497.1
5,2497.2
13,2497.3
31,2497.3
1,2497.6
30,2497.9
26,2498.4
27,2498.4
28,2499.8
2,2500.8
3,2501.7
16,2502.1
8,2502.4
6,2502.4
10,2503.6
11,2503.6
14,2503.6
9,2504.8
4,2505.1
26,2505.1
25,2505.3
2,2505.6
28,2506.9
18,2507.9
3,2509.0
5,2509.5
17,2509.8
25,2510.3
16,2510.3
1,2510.7
26,2510.8
2,2510.9
20,2511.0
21,2511.3
27,2511.6
11,2511.6
6,2511.6
13,2511.7
12,2512.0
10,2512.4
23,2512.9
15,2513.0
18,2513.2
5,2513.6
22,2514.5
19,2514.6
21,2514.7
14,2515.2
7,2515.4
30,2515.6
6,2516.2
11,2516.3
13,2516.4
5,2516.7
15,2516.7
27,2516.7
25,2516.7
23,2516.8
31,2517.1
3,2517.1
26,2517.3
4,2517.3
20,2517.4
16,2517.6
21,2517.8
12,2517.9
18,2517.9
1,2518.1
22,2519.4
30,2519.7
5,2519.8
2,2519.9
7,2520.0
11,2520.4
15,2520.7
6,2520.7
21,2520.8
10,2521.0
13,2521.7
23,2521.8
18,2522.3
28,2522.4
27,2522.9
20,2523.1
14,2523.2
5,2523.5
12,2523.6
26,2523.7
31,2524.2
17,2524.2
21,2524.5
25,2524.5
6,2524.6
1,2524.9
10,2525.2
15,2525.2
4,2525.3
30,2525.4
16,2525.4
9,2525.6
3,2525.9
11,2526.0
19,2526.1
7,2526.1
22,2526.3
20,2526.5
0,2526.7
28,2526.7
5,2526.9
23,2527.4
21,2527.8
29,2528.0
14,2528.4
6,2528.5
26,2529.0
17,2529.0
18,2529.0
15,2529.6
10,2529.8
25,2529.9
20,2530.4
13,2530.6
5,2531.1
28,2531.3
3,2531.7
21,2531.7
1,2532.0
9,2532.0
16,2532.6
22,2533.0
26,2533.6
12,2534.0
6,2534.0
7,2534.1
17,2534.1
27,2534.2
10,2534.4
15,2535.2
30,2535.2
23,2535.7
11,2536.0
5,2536.1
14,2536.4
20,2536.4
28,2537.0
29,2537.2
21,2537.2
13,2537.5
25,2537.6
26,2537.8
22,2538.7
10,2538.7
1,2538.8
24,2539.0
16,2539.1
17,2539.4
3,2539.7
15,2539.9
31,2540.4
19,2540.8
23,2541.6
20,2541.7
7,2541.9
28,2542.3
5,2542.5
26,2542.6
9,2542.7
6,2542.9
21,2543.1
10,2543.5
12,2543.5
13,2543.5
18,2543.7
25,2543.9
11,2544.2
2,2544.4
4,2545.0
14,2545.2
24,2545.5
16,2546.0
17,2546.7
22,2546.7
15,2546.8
3,2547.1
0,2547.2
20,2547.2
7,2547.4
25,2547.8
9,2548.1
26,2548.5
29,2548.7
10,2548.8
21,2549.1
11,2549.2
6,2550.0
18,2550.3
17,2550.4
5,2550.6
16,2551.1
28,2551.2
1,2551.3
30,2551.6
25,2551.7
14,2551.8
13,2551.9
9,2552.2
24,2552.5
3,2552.9
23,2553.3
20,2553.3
4,2553.6
10,2553.7
7,2554.0
22,2554.4
11,2554.8
17,2554.8
15,2555.0
5,2555.7
30,2555.8
26,2556.3
21,2556.8
1,2557.0
25,2557.1
16,2557.5
18,2557.6
6,2557.7
9,2558.3
11,2558.8
13,2558.8
7,2558.9
31,2559.1
19,2559.7
3,2559.8
14,2559.9
30,2560.1
17,2560.2
22,2560.6
5,2560.6
8,2560.7
4,2561.2
10,2561.6
21,2561.6
16,2561.7
15,2562.7
1,2562.9
25,2563.0
20,2563.1
11,2563.3
31,2563.4
18,2563.6
7,2563.8
6,2564.4
30,2565.0
9,2565.4
17,2565.5
14,2566.2
5,2567.1
28,2567.7
16,2567.8
11,2567.8
21,2568.0
31,2568.3
7,2568.5
8,2568.8
18,2569.1
25,2569.3
17,2569.9
1,2570.4
20,2570.6
9,2570.9
30,2571.2
15,2571.5
29,2571.6
3,2571.7
26,2572.2
22,2572.9
11,2573.2
28,2573.3
7,2573.5
13,2574.3
16,2574.4
18,2575.1
17,2575.4
14,2575.7
31,2576.0
20,2577.0
25,2577.1
10,2577.6
9,2578.6
8,2578.8
21,2578.9
6,2579.0
5,2579.3
7,2579.4
28,2581.4
4,2581.6
11,2582.3
1,2582.3
15,2582.6
18,2582.7
29,2583.1
30,2583.2
2,2583.4
20,2583.6
10,2584.4
9,2584.5
17,2584.8
8,2586.5
28,2587.2
1,2587.3
16,2588.9
20,2588.9
9,2589.1
2,2589.2
18,2589.2
29,2589.5
19,2589.6
13,2589.7
26,2590.0
4,2590.2
25,2590.2
24,2590.3
21,2590.3
10,2590.7
1,2590.9
7,2590.9
28,2591.2
30,2591.3
15,2591.6
20,2593.3
9,2593.8
2,2593.8
14,2593.9
8,2594.6
6,2594.7
1,2595.8
18,2596.2
26,2596.5
13,2596.5
28,2596.8
31,2596.9
29,2597.1
25,2598.1
10,2599.2
2,2599.2
21,2599.5
4,2599.6
20,2599.8
14,2600.0
9,2600.3
24,2600.6
19,2600.7
30,2601.1
1,2601.5
22,2601.6
6,2602.0
3,2602.3
28,2602.6
15,2603.4
7,2603.5
5,2604.4
22,2605.7
30,2606.0
31,2606.5
19,2606.6
26,2607.1
28,2608.0
9,2608.1
7,2608.4
2,2609.0
1,2609.0
3,2609.1
4,2609.3
13,2610.0
10,2610.3
24,2610.9
30,2611.1
22,2611.2
17,2611.3
14,2612.2
15,2612.3
20,2612.4
31,2612.6
19,2613.4
26,2613.6
18,2613.7
9,2615.2
7,2615.5
13,2615.8
1,2616.0
10,2616.3
25,2616.8
6,2617.0
28,2617.2
24,2617.3
21,2618.7
22,2618.9
4,2619.2
30,2619.3
14,2619.4
23,2619.6
15,2620.0
19,2620.2
7,2620.2
31,2620.7
20,2621.1
17,2621.3
12,2621.5
30,2623.2
7,2623.2
26,2623.4
22,2623.4
10,2623.5
14,2623.7
24,2624.1
6,2624.2
13,2624.2
5,2625.0
3,2625.2
15,2625.3
21,2625.6
31,2625.8
27,2626.1
9,2626.1
7,2626.3
23,2626.6
18,2626.9
20,2626.9
30,2627.3
25,2627.7
22,2628.4
14,2628.8
19,2629.0
13,2629.6
26,2629.9
21,2629.9
7,2629.9
5,2630.2
31,2630.6
3,2631.7
11,2631.9
9,2632.1
15,2632.2
6,2632.3
1,2632.4
30,2632.9
25,2632.9
18,2633.1
20,2633.2
21,2633.3
10,2633.6
16,2634.5
27,2634.5
7,2634.7
22,2635.0
31,2635.1
23,2635.2
14,2635.4
5,2635.5
26,2635.6
12,2635.7
9,2635.8
21,2636.3
2,2636.4
24,2636.7
6,2636.7
20,2636.8
3,2636.8
11,2636.8
15,2637.0
18,2637.2
10,2637.6
25,2637.6
19,2637.8
8,2638.5
1,2638.6
0,2638.8
30,2638.8
7,2638.8
29,2639.2
16,2639.3
13,2639.4
28,2639.6
5,2639.6
17,2639.7
21,2639.8
31,2639.9
23,2640.1
14,2640.1
9,2640.1
22,2640.3
20,2640.7
6,2640.9
3,2640.9
10,2641.0
26,2641.5
15,2641.9
18,2642.1
11,2642.9
2,2643.0
7,2643.6
25,2643.8
19,2643.9
1,2644.1
21,2644.2
9,2644.3
5,2644.3
10,2644.5
20,2644.7
16,2644.9
22,2645.1
26,2645.4
17,2645.6
28,2645.7
3,2645.8
23,2646.1
14,2646.4
6,2646.9
13,2647.0
8,2647.4
31,2647.7
7,2648.2
29,2648.6
10,2648.7
30,2648.8
18,2648.8
20,2649.0
1,2649.2
26,2649.2
15,2649.6
5,2649.6
22,2649.9
0,2650.2
21,2650.6
9,2650.8
17,2651.1
2,2651.3
16,2651.4
7,2653.0
13,2653.0
25,2653.1
19,2653.2
3,2653.8
26,2654.0
20,2654.1
8,2654.2
1,2654.2
10,2654.6
5,2656.1
4,2656.4
9,2656.5
30,2656.6
28,2656.6
22,2656.8
11,2656.9
16,2657.3
17,2657.3
14,2658.1
23,2658.3
1,2658.5
6,2658.6
13,2658.6
7,2659.5
20,2660.3
10,2660.4
24,2660.5
25,2661.3
19,2661.3
30,2661.9
8,2662.3
26,2662.5
21,2662.5
9,2662.9
5,2663.0
1,2663.1
31,2663.2
18,2663.5
16,2663.5
4,2663.8
17,2664.7
10,2665.7
14,2666.0
13,2666.2
7,2666.5
24,2666.7
15,2667.4
2,2667.4
1,2667.5
6,2667.7
30,2667.8
21,2668.3
20,2668.8
25,2669.7
31,2670.1
5,2670.1
26,2670.2
14,2670.3
22,2671.4
4,2671.4
16,2671.6
8,2671.7
3,2671.8
19,2672.0
21,2672.2
23,2672.6
6,2672.7
9,2673.0
7,2673.3
1,2673.8
2,2673.9
20,2674.2
10,2674.5
15,2674.5
26,2674.5
25,2674.9
14,2675.2
21,2675.6
13,2675.9
30,2676.7
5,2676.9
23,2677.3
22,2677.8
26,2678.0
31,2678.2
3,2678.6
21,2678.7
6,2678.8
9,2678.8
20,2678.9
1,2679.3
15,2679.3
28,2679.7
25,2679.7
24,2679.9
17,2680.4
7,2680.5
19,2680.6
12,2680.9
23,2681.6
2,2681.8
26,2682.2
21,2682.3
22,2682.7
14,2683.4
1,2684.6
9,2684.9
25,2685.0
4,2685.2
15,2685.5
20,2686.0
19,2686.5
26,2686.9
5,2687.3
21,2687.7
23,2688.4
3,2688.6
2,2688.7
1,2689.4
16,2689.9
22,2690.5
9,2690.5
6,2692.2
26,2692.4
4,2692.4
7,2693.1
10,2693.3
31,2693.3
30,2693.8
15,2693.9
25,2693.9
1,2694.4
19,2694.8
22,2694.9
21,2695.3
9,2696.3
26,2696.7
13,2697.0
23,2697.1
12,2697.5
20,2697.5
7,2698.0
15,2698.6
30,2698.6
3,2698.7
22,2699.1
17,2699.2
1,2699.3
21,2699.6
31,2699.7
4,2699.9
25,2699.9
26,2700.1
19,2700.9
9,2701.0
13,2701.1
28,2701.2
20,2702.3
30,2702.6
24,2702.6
7,2703.5
1,2703.5
21,2703.7
26,2703.9
22,2704.0
13,2704.4
15,2704.7
14,2704.8
4,2704.9
2,2705.2
28,2705.3
5,2705.4
9,2705.6
31,2705.7
23,2705.8
30,2706.1
20,2706.5
17,2706.5
25,2706.7
21,2706.7
3,2706.9
29,2707.2
1,2707.5
13,2708.1
6,2708.2
18,2708.4
11,2708.5
26,2708.7
7,2708.7
19,2708.9
15,2709.1
21,2709.7
9,2709.7
4,2709.9
5,2709.9
28,2710.0
12,2710.2
30,2710.3
14,2710.7
10,2711.0
20,2711.1
17,2711.4
23,2711.5
31,2711.7
22,2712.2
1,2712.5
25,2712.6
21,2712.7
24,2713.0
18,2713.0
27,2713.1
6,2713.3
26,2713.5
15,2713.5
13,2713.5
11,2713.7
9,2713.8
28,2714.2
3,2714.4
7,2715.0
2,2715.0
5,2715.1
21,2715.4
14,2715.8
23,2716.0
20,2716.0
12,2716.2
30,2716.5
29,2716.5
26,2716.7
25,2716.9
19,2717.2
6,2717.4
15,2717.5
28,2717.5
31,2717.7
17,2718.0
10,2718.1
18,2718.1
9,2718.2
22,2718.2
21,2718.2
3,2718.6
4,2718.7
1,2718.8
13,2718.9
2,2719.2
26,2719.6
27,2720.0
5,2720.0
11,2720.3
23,2721.2
25,2721.3
21,2721.4
12,2721.5
28,2721.9
20,2722.0
14,2722.4
26,2722.5
6,2722.6
15,2722.7
13,2723.1
3,2723.2
1,2723.2
9,2723.2
18,2723.4
2,2723.6
22,2723.6
19,2724.3
5,2724.4
16,2724.5
25,2725.3
27,2725.3
21,2725.8
4,2725.9
26,2726.1
7,2726.3
17,2726.6
11,2726.8
10,2727.5
1,2727.7
9,2728.1
28,2728.2
13,2728.2
30,2728.3
31,2728.3
3,2728.8
20,2729.7
25,2729.9
23,2730.3
18,2730.8
22,2730.8
26,2731.0
2,2731.0
5,2731.1
16,2731.1
12,2731.2
15,2731.4
6,2731.6
19,2731.6
24,2732.1
29,2732.3
7,2732.5
21,2732.7
4,2733.2
1,2733.6
10,2733.8
27,2733.9
11,2734.3
9,2735.1
20,2735.4
14,2735.6
13,2735.9
3,2736.0
17,2736.3
25,2736.7
16,2736.8
23,2737.4
5,2737.4
24,2738.0
10,2738.0
15,2738.3
22,2738.4
7,2738.5
21,2738.6
28,2738.7
19,2739.1
26,2739.4
12,2739.8
11,2741.2
17,2741.6
9,2741.7
18,2741.8
16,2741.9
25,2741.9
3,2743.3
10,2743.3
15,2743.8
5,2743.8
23,2743.8
1,2744.3
28,2744.4
20,2744.5
2,2744.7
29,2744.8
17,2745.3
21,2745.8
31,2746.0
9,2746.1
25,2746.6
11,2746.6
16,2746.8
22,2747.0
18,2747.4
26,2748.3
19,2748.4
8,2748.4
3,2749.2
7,2749.2
17,2749.7
30,2749.8
10,2749.9
28,2750.3
9,2750.3
25,2750.5
21,2750.8
24,2750.8
15,2751.0
4,2751.5
20,2751.7
5,2751.8
16,2752.4
26,2752.6
1,2752.6
2,2752.7
12,2752.8
22,2753.1
3,2753.3
13,2753.4
6,2754.2
19,2755.0
17,2755.0
8,2755.1
25,2755.1
28,2755.2
11,2755.2
9,2755.6
18,2756.0
14,2756.6
7,2756.6
2,2756.9
10,2757.0
31,2757.2
29,2757.2
26,2757.3
23,2757.4
1,2757.6
20,2758.0
21,2758.0
30,2758.1
16,2758.3
3,2758.5
25,2759.5
9,2759.6
17,2759.7
13,2760.0
22,2760.3
5,2760.5
19,2760.5
8,2761.2
10,2761.4
28,2761.7
26,2761.8
1,2761.8
4,2762.0
30,2762.2
2,2762.2
7,2762.4
18,2762.5
31,2763.2
14,2763.3
9,2763.7
16,2764.1
20,2764.3
13,2764.3
29,2764.4
17,2764.6
15,2765.0
25,2765.0
1,2765.4
5,2765.7
10,2765.7
2,2766.4
19,2766.7
26,2766.7
28,2766.9
30,2767.1
3,2767.7
8,2768.5
9,2768.6
4,2769.0
18,2769.5
1,2769.7
13,2770.0
14,2770.7
29,2770.8
25,2771.0
6,2771.4
21,2771.5
2,2772.0
10,2772.0
7,2772.0
5,2772.1
30,2772.2
28,2772.4
17,2772.7
26,2773.0
20,2773.2
15,2773.6
31,2774.9
16,2775.1
24,2775.2
22,2775.6
1,2775.6
14,2776.2
9,2776.3
13,2776.9
28,2777.1
10,2777.3
4,2777.6
30,2778.1
19,2778.2
6,2778.3
21,2779.0
11,2779.4
24,2779.5
20,2779.5
29,2779.6
5,2780.1
18,2780.4
1,2780.4
28,2781.3
25,2781.5
31,2781.6
2,2781.7
13,2782.0
9,2782.1
10,2782.4
17,2782.6
21,2783.2
20,2783.7
4,2783.8
6,2784.5
30,2784.6
26,2784.6
0,2785.1
24,2785.2
15,2785.3
11,2785.6
5,2785.8
28,2786.0
1,2786.1
14,2786.1
19,2786.2
7,2786.3
23,2786.6
21,2787.1
20,2787.5
31,2788.1
10,2788.3
18,2788.3
22,2789.4
17,2789.7
2,2789.8
15,2789.8
9,2790.0
13,2790.2
6,2790.4
7,2790.9
25,2790.9
30,2790.9
21,2791.6
3,2791.6
26,2791.6
5,2791.9
20,2791.9
23,2792.8
28,2793.2
4,2794.6
15,2795.2
1,2795.7
22,2796.1
7,2796.4
10,2796.5
20,2797.0
2,2797.0
18,2797.1
11,2797.2
24,2797.2
9,2797.5
13,2797.6
26,2797.9
17,2798.2
21,2798.3
30,2798.8
29,2798.9
8,2799.0
6,2799.5
25,2801.3
2,2801.4
31,2801.7
1,2801.8
15,2801.9
10,2802.5
7,2802.5
26,2802.7
20,2802.7
22,2802.8
5,2802.9
18,2803.4
13,2803.6
9,2803.8
24,2805.7
28,2806.0
2,2806.3
29,2806.5
23,2806.5
21,2806.7
10,2806.8
19,2806.8
8,2807.4
14,2807.6
17,2807.9
1,2807.9
25,2808.0
15,2808.0
30,2808.1
20,2808.2
9,2809.0
5,2809.1
13,2809.2
18,2809.3
31,2809.4
7,2809.7
26,2809.8
27,2810.4
6,2810.7
28,2811.3
21,2811.4
10,2811.9
24,2812.3
15,2812.7
22,2813.3
13,2813.3
23,2813.4
20,2813.5
5,2813.6
29,2813.7
2,2814.4
7,2814.6
9,2814.6
14,2814.7
19,2814.8
21,2815.2
25,2815.2
18,2815.7
31,2816.4
30,2816.9
15,2817.2
1,2817.4
20,2817.6
17,2817.7
10,2817.8
27,2817.8
26,2818.2
13,2818.2
5,2818.6
7,2818.8
28,2819.0
8,2819.2
6,2819.3
22,2819.9
9,2819.9
3,2820.1
2,2820.3
18,2820.3
21,2820.9
29,2821.0
20,2821.7
19,2821.8
23,2821.9
7,2823.2
28,2824.1
15,2824.7
13,2824.7
10,2824.7
1,2825.1
14,2825.3
22,2825.4
5,2825.7
3,2826.0
9,2826.8
25,2826.8
20,2827.0
27,2827.4
19,2827.8
18,2828.3
31,2829.1
24,2829.5
21,2829.6
7,2829.9
2,2830.8
11,2831.3
16,2831.7
28,2831.9
25,2832.3
3,2832.3
5,2833.4
6,2833.6
9,2833.7
18,2834.1
20,2834.5
10,2834.6
21,2835.0
1,2835.1
31,2835.3
22,2835.4
29,2835.5
30,2835.6
8,2835.8
11,2835.9
19,2836.7
2,2837.2
13,2837.6
25,2838.2
16,2838.3
3,2838.8
18,2839.1
26,2840.0
5,2840.0
9,2840.3
1,2840.6
21,2841.2
4,2841.3
11,2842.1
20,2842.2
30,2842.4
28,2842.5
10,2842.8
15,2842.8
31,2843.5
7,2843.8
22,2843.8
6,2844.1
3,2844.1
17,2844.3
13,2844.8
19,2845.0
1,2845.8
2,2846.0
5,2846.4
25,2846.5
20,2847.7
18,2847.8
28,2848.0
26,2848.5
0,2848.9
30,2849.3
4,2849.3
10,2849.4
17,2851.2
2,2851.8
21,2852.4
29,2852.9
16,2853.1
9,2853.3
3,2853.7
25,2853.9
20,2854.3
1,2854.4
28,2855.1
11,2855.3
26,2855.4
31,2855.8
14,2855.9
22,2856.5
10,2857.0
13,2857.4
0,2858.6
17,2858.6
21,2858.6
5,2859.2
2,2860.5
20,2861.5
25,2862.4
14,2863.2
28,2863.2
31,2863.4
16,2863.5
3,2863.7
21,2864.4
17,2865.1
10,2865.2
11,2865.5
8,2866.9
1,2867.4
30,2867.6
16,2868.1
25,2869.1
19,2869.6
15,2869.7
23,2869.8
3,2869.9
0,2869.9
22,2870.0
28,2870.0
20,2870.1
21,2870.2
12,2871.7
26,2872.9
29,2873.4
17,2873.6
28,2873.6
16,2874.3
31,2874.3
22,2874.5
3,2874.6
1,2874.7
19,2874.8
15,2874.8
4,2874.9
5,2875.2
13,2875.6
30,2875.6
11,2875.7
14,2875.7
8,2876.6
23,2876.8
21,2877.2
28,2878.0
1,2879.3
25,2879.4
16,2880.1
22,2881.7
30,2881.9
4,2882.0
6,2882.1
3,2882.5
14,2882.7
17,2882.9
5,2883.4
19,2883.4
13,2883.5
15,2883.6
1,2884.4
28,2885.0
10,2885.1
24,2886.3
30,2886.5
7,2887.0
14,2887.1
8,2887.1
20,2887.4
31,2887.5
21,2887.8
13,2889.0
28,2889.1
3,2889.4
22,2889.5
6,2890.0
24,2890.5
30,2890.6
10,2891.5
19,2891.7
4,2892.1
14,2892.2
16,2892.7
7,2893.1
1,2893.1
9,2893.8
31,2894.0
20,2894.0
28,2894.2
21,2895.2
13,2895.3
30,2895.7
29,2895.7
24,2896.6
23,2896.8
22,2897.3
14,2897.4
6,2897.6
15,2897.7
12,2897.8
5,2898.0
17,2898.0
25,2898.6
11,2898.8
18,2898.9
19,2899.5
7,2899.8
9,2899.9
3,2900.3
28,2900.7
31,2900.8
30,2901.3
10,2902.0
21,2902.2
14,2902.7
18,2903.8
17,2903.8
11,2904.4
15,2904.4
12,2904.7
6,2904.9
26,2905.0
29,2905.4
28,2905.5
5,2906.3
27,2906.6
9,2906.7
20,2907.0
25,2907.6
23,2907.7
22,2907.9
13,2907.9
14,2909.3
21,2909.6
10,2909.9
7,2909.9
18,2910.0
28,2910.5
30,2911.2
26,2911.4
5,2911.5
1,2911.8
11,2912.0
27,2912.1
15,2912.1
12,2912.2
24,2912.3
6,2912.7
31,2912.8
13,2913.6
22,2914.3
18,2914.9
17,2915.1
26,2915.5
29,2915.6
10,2915.7
9,2916.3
5,2916.3
19,2916.9
28,2916.9
3,2917.4
27,2917.8
14,2917.9
21,2918.1
22,2918.9
0,2918.9
26,2919.5
1,2919.6
10,2920.3
2,2920.6
20,2920.9
28,2921.0
13,2921.3
25,2921.3
18,2922.6
17,2922.8
12,2923.2
9,2923.5
26,2923.8
11,2923.8
3,2923.9
5,2924.0
0,2924.5
22,2925.0
19,2925.0
10,2925.1
6,2926.0
28,2926.0
2,2926.8
20,2927.8
26,2928.7
27,2928.9
25,2929.0
21,2930.2
10,2930.4
9,2930.9
3,2931.3
24,2931.4
17,2931.6
26,2933.5
20,2934.1
28,2934.3
25,2934.4
0,2934.6
15,2934.9
10,2935.4
21,2935.5
22,2936.2
9,2937.3
2,2937.5
3,2937.9
23,2937.9
24,2938.1
19,2938.5
13,2938.8
1,2938.9
12,2939.3
26,2939.3
21,2939.6
16,2940.1
25,2940.2
8,2940.2
17,2940.8
15,2941.5
20,2941.7
3,2943.4
22,2943.6
10,2943.7
9,2943.9
25,2944.2
21,2944.3
26,2944.8
23,2945.0
14,2945.4
5,2945.5
16,2945.5
11,2945.7
17,2947.4
13,2947.4
2,2947.6
25,2948.3
8,2948.4
26,2948.6
19,2948.8
3,2948.9
1,2949.2
16,2949.6
24,2950.3
30,2950.6
21,2950.8
20,2951.3
10,2951.3
18,2952.0
13,2952.0
15,2952.8
27,2953.3
12,2953.5
28,2953.5
25,2953.6
5,2953.6
26,2953.8
23,2953.8
9,2953.9
2,2954.3
22,2954.4
3,2954.6
17,2954.7
11,2955.0
16,2955.9
6,2956.0
13,2956.7
21,2957.5
19,2957.6
24,2957.7
10,2958.4
2,2958.6
28,2959.1
26,2959.4
23,2959.9
3,2960.0
15,2960.0
25,2960.1
8,2960.5
5,2961.0
27,2961.5
18,2961.5
6,2962.7
12,2962.8
22,2962.9
21,2963.4
20,2963.7
13,2964.4
2,2964.6
23,2964.9
7,2965.0
15,2965.5
28,2966.9
5,2967.5
1,2967.7
24,2968.4
10,2968.5
3,2968.7
21,2968.7
26,2969.1
6,2969.2
30,2969.4
20,2969.5
17,2969.7
4,2970.0
16,2970.1
23,2970.4
19,2970.5
13,2971.1
15,2972.0
25,2972.1
5,2973.1
7,2973.4
1,2973.7
11,2973.9
9,2974.4
21,2975.1
30,2975.6
3,2975.8
20,2976.0
23,2976.4
6,2977.0
2,2977.3
15,2977.3
22,2977.5
16,2977.7
4,2978.4
7,2979.0
25,2979.3
13,2980.2
5,2980.4
30,2981.0
7,2982.9
3,2982.9
19,2983.0
11,2983.0
15,2983.1
9,2983.4
14,2983.9
28,2983.9
22,2984.1
21,2984.1
31,2984.2
1,2984.4
25,2984.8
16,2985.5
20,2985.7
30,2986.1
7,2987.6
23,2988.0
6,2988.0
14,2988.4
9,2991.0
31,2991.2
25,2991.2
19,2991.4
30,2992.0
13,2992.3
26,2992.3
14,2993.0
7,2993.9
15,2994.0
17,2994.0
6,2994.9
5,2995.4
4,2995.9
1,2996.1
13,2996.8
30,2997.0
22,2997.2
26,2997.8
3,2998.9
