3,22.7
1,23.7
6,24.4
5,28.7
0,29.6
4,30.2
1,31.9
6,37.9
3,39.1
5,39.4
1,41.7
7,45.0
6,45.3
4,48.0
1,48.3
0,49.6
5,50.0
3,52.2
6,52.9
1,55.5
7,58.3
4,58.9
5,60.4
6,61.3
0,61.4
3,61.7
1,62.8
6,68.0
5,68.8
3,68.9
1,69.8
7,70.0
4,70.0
2,71.6
0,72.3
6,73.8
3,75.3
5,75.3
1,76.5
4,78.4
6,79.9
2,80.6
0,82.3
3,82.7
1,83.9
5,83.9
7,84.5
6,87.4
2,89.9
4,90.1
3,91.2
5,91.6
1,91.8
0,93.2
6,94.1
7,97.6
3,98.8
6,100.6
5,100.7
2,101.1
1,101.2
4,103.0
7,106.3
0,106.6
6,107.0
3,107.3
1,112.6
5,115.2
6,115.5
4,115.6
7,119.3
3,119.8
1,124.6
6,125.2
0,125.7
5,128.9
4,129.0
3,129.3
6,132.7
1,133.7
7,133.8
0,135.6
5,138.1
3,139.6
1,140.1
4,140.3
2,140.8
7,142.0
0,143.4
6,144.9
1,147.0
5,150.1
7,151.1
0,151.5
4,151.8
6,153.4
3,154.3
1,155.2
5,158.7
2,159.7
6,160.8
7,162.2
1,162.8
3,163.2
0,165.2
5,166.2
6,167.2
2,170.3
1,170.3
4,171.1
5,173.3
3,174.7
6,175.2
1,179.3
5,182.4
7,182.5
6,183.4
2,185.8
1,187.2
5,188.8
3,189.4
6,189.5
4,191.2
7,194.0
6,196.7
1,196.7
0,197.5
5,197.6
1,204.1
2,204.6
6,204.8
0,207.0
3,208.0
5,209.7
1,209.9
6,210.0
7,211.4
4,214.1
3,215.1
6,215.1
1,215.5
5,218.4
2,219.7
7,220.3
6,220.9
1,221.7
3,223.1
4,223.5
5,225.2
0,225.5
6,226.3
1,228.0
7,229.7
3,229.9
2,230.1
6,231.8
5,232.5
3,235.5
1,236.3
6,236.5
7,237.0
4,237.1
5,239.1
2,239.8
3,241.2
6,241.2
1,242.8
7,244.0
0,245.0
6,246.0
5,246.2
3,247.1
4,247.2
1,248.5
7,250.9
6,251.0
2,252.2
3,253.0
5,254.2
1,254.5
4,255.5
0,256.0
6,256.2
7,259.0
3,259.7
5,260.6
1,260.9
6,261.5
4,263.9
2,264.1
6,266.3
5,266.7
3,267.1
1,268.0
7,268.3
0,271.4
6,271.7
5,272.8
2,274.8
3,275.5
4,275.5
1,275.6
6,276.6
7,278.0
5,278.7
6,282.2
1,283.1
5,284.8
0,285.4
3,285.4
4,286.0
2,286.5
7,287.4
1,288.8
6,289.2
5,292.5
3,294.9
6,295.4
1,295.5
7,297.4
2,300.4
6,301.2
3,301.9
0,302.1
1,302.2
5,302.5
7,307.0
4,307.7
6,307.9
1,311.9
3,314.3
5,314.9
6,316.7
4,319.0
1,320.2
7,322.0
0,322.3
5,325.1
3,326.2
6,326.6
1,327.4
0,333.0
1,334.2
6,334.5
7,334.8
5,336.4
3,338.9
6,340.4
1,341.5
2,345.0
0,346.0
6,346.6
4,347.1
5,347.3
3,348.9
1,350.8
7,351.8
6,353.8
5,354.7
3,357.5
4,359.3
1,359.8
2,361.1
7,361.6
5,362.7
6,363.9
3,365.3
1,369.5
6,371.3
4,371.5
3,373.2
2,373.3
0,373.9
5,374.6
6,376.1
1,378.1
6,381.8
4,382.8
3,383.0
5,385.6
2,386.4
1,388.4
6,390.5
7,391.8
3,395.4
1,398.6
0,399.5
4,399.8
6,400.6
5,401.7
7,407.3
2,408.0
1,408.3
6,411.2
4,411.3
0,412.9
3,413.3
5,415.0
1,416.1
7,416.7
6,417.9
3,420.3
4,420.7
2,422.9
5,423.7
1,424.0
6,424.0
0,425.2
7,428.2
4,429.3
3,429.4
6,433.2
1,434.0
5,435.7
3,441.3
4,442.1
0,444.2
5,444.6
6,445.4
7,445.4
1,445.8
2,450.9
6,453.4
7,453.5
5,453.9
1,454.6
3,454.7
7,461.3
4,463.9
6,463.9
5,464.6
3,465.0
1,468.8
7,469.5
5,472.4
6,472.6
0,473.7
4,474.4
2,474.9
3,475.0
1,476.2
6,477.9
5,479.7
7,479.7
3,482.8
2,482.9
6,484.3
1,487.0
4,488.9
7,489.1
3,489.9
6,492.6
5,494.0
2,494.2
1,496.3
0,496.9
4,497.6
3,498.0
6,499.3
7,501.6
1,502.8
5,503.9
6,506.1
4,506.4
3,507.0
2,507.3
1,509.3
5,511.4
7,512.5
6,514.0
4,515.5
3,518.8
1,519.7
7,521.0
6,521.7
5,522.4
2,524.9
3,526.4
4,526.7
1,528.0
6,528.6
7,528.9
0,529.7
2,535.8
6,536.0
5,536.2
3,537.1
1,538.8
4,539.7
7,541.3
6,542.6
3,546.1
5,548.0
6,548.6
2,549.1
7,549.9
4,550.2
3,553.0
0,556.6
6,557.4
4,560.6
7,561.6
1,562.7
5,562.9
3,563.2
6,567.1
4,570.5
3,571.0
2,572.8
6,575.8
7,576.8
5,577.1
3,578.7
4,586.4
3,586.8
5,587.8
7,588.4
6,589.2
1,596.3
4,597.4
6,598.1
3,603.1
5,603.9
7,604.9
6,605.1
4,606.0
2,607.8
1,609.3
3,611.6
0,611.9
5,611.9
6,612.4
4,613.6
1,616.1
6,619.2
3,619.2
5,621.2
7,622.1
4,623.7
1,623.7
6,625.7
3,627.4
0,628.2
5,628.6
2,628.9
1,630.4
4,631.9
6,633.3
7,634.1
3,635.7
5,635.9
1,636.1
0,636.6
2,639.8
6,641.6
1,642.2
4,642.2
5,643.2
3,643.6
0,645.4
7,648.9
4,649.1
1,649.4
2,649.4
5,649.9
6,650.4
3,652.0
0,657.3
1,658.6
5,658.9
3,659.1
6,659.1
4,659.6
2,662.7
1,665.9
0,666.3
4,667.4
6,668.2
5,668.7
3,668.8
6,674.7
7,675.4
4,675.9
1,676.7
5,676.9
3,677.7
2,678.1
6,679.9
1,684.6
0,684.7
6,685.8
4,687.5
5,688.9
3,688.9
7,692.5
6,693.5
1,696.0
3,697.9
0,700.2
4,701.7
6,702.5
3,705.1
7,707.4
1,707.8
6,709.4
5,709.7
3,712.2
4,712.6
2,713.3
6,717.6
1,718.4
5,719.4
3,721.2
0,723.4
6,723.6
7,723.7
4,725.7
1,726.7
2,729.3
6,730.6
3,730.7
7,731.5
1,735.7
5,735.9
6,737.5
4,739.0
3,740.3
2,741.3
7,741.9
1,742.2
6,743.4
0,744.4
5,747.9
3,748.4
1,748.8
7,749.5
6,751.0
2,754.9
3,756.0
7,756.6
1,757.8
5,760.6
6,761.9
4,763.6
3,765.5
7,765.8
1,769.0
2,769.2
5,770.0
6,771.3
0,773.9
4,776.6
5,777.2
1,777.2
6,778.2
7,778.9
3,779.3
2,781.0
1,783.1
6,783.6
5,784.4
3,785.7
0,788.7
2,789.8
6,789.9
1,790.2
7,790.5
3,792.0
4,793.4
5,795.8
6,796.9
1,797.2
3,799.0
0,800.1
7,800.4
4,802.0
2,802.5
6,803.1
5,803.9
1,804.7
3,805.8
0,808.9
4,810.2
5,810.7
6,811.5
1,812.3
3,813.4
7,813.6
2,815.3
5,817.1
6,819.0
4,819.4
1,820.2
3,822.9
5,823.0
0,825.6
6,827.0
4,827.4
1,828.3
5,829.7
7,831.0
2,831.1
6,833.0
3,834.8
1,834.9
5,835.2
4,837.1
6,839.5
7,841.4
1,841.7
5,842.0
2,843.0
3,843.2
6,845.0
0,845.3
4,847.5
5,848.2
1,848.5
3,850.1
6,850.3
7,852.1
2,853.8
1,855.4
6,855.8
4,856.4
5,856.8
3,856.9
0,860.6
1,862.7
6,863.4
7,863.6
3,864.5
5,865.0
4,865.4
2,866.0
6,870.2
1,870.5
3,871.6
5,872.2
2,873.8
6,876.2
4,877.1
3,878.4
5,879.4
7,880.8
6,882.0
1,882.1
0,885.1
2,885.5
3,885.8
5,888.3
6,889.2
4,889.4
1,892.5
7,893.3
3,895.5
0,896.5
6,896.6
5,899.7
4,900.2
1,900.7
7,903.0
6,905.6
3,905.9
2,908.2
1,908.5
7,910.1
0,911.0
6,913.8
3,914.0
4,914.6
1,915.4
5,916.0
7,918.1
6,920.1
2,920.7
1,920.9
3,922.5
5,924.0
4,925.0
6,926.9
1,927.2
7,928.5
0,929.1
3,932.1
5,932.7
6,934.5
1,934.8
2,937.3
0,939.4
3,939.7
4,942.0
5,942.0
6,942.3
1,942.6
3,947.5
6,949.1
1,950.2
5,950.4
7,951.6
0,952.4
2,953.2
4,956.5
6,956.7
3,956.8
1,957.8
5,958.8
6,963.5
0,966.7
3,966.8
1,967.9
5,968.3
2,971.0
6,971.0
3,975.4
1,977.5
7,977.9
5,978.2
6,978.6
3,985.2
5,986.4
2,986.4
1,987.3
6,988.2
7,994.2
3,995.1
1,996.4
5,997.1
2,998.1
6,998.1
1,1003.5
7,1004.5
6,1008.0
1,1011.2
0,1014.8
5,1015.0
3,1015.1
4,1016.2
6,1019.9
5,1022.2
1,1023.2
3,1024.0
7,1024.3
2,1024.3
4,1028.5
3,1031.0
5,1031.7
6,1032.1
2,1036.4
1,1036.6
3,1038.7
4,1038.8
5,1038.9
6,1040.5
0,1044.8
2,1045.6
5,1045.8
4,1046.4
1,1047.1
6,1048.3
3,1049.2
5,1054.5
4,1054.9
6,1057.8
1,1059.3
5,1062.9
3,1064.1
4,1065.7
2,1066.3
0,1070.0
1,1070.5
6,1070.8
5,1070.9
5,1077.3
4,1077.3
6,1078.8
2,1081.1
3,1082.5
1,1083.6
5,1083.9
7,1084.6
6,1085.7
4,1087.4
5,1091.0
3,1091.1
0,1093.0
6,1094.4
1,1096.0
2,1096.8
5,1098.3
6,1100.4
3,1100.8
4,1101.4
7,1101.8
1,1103.3
0,1104.1
6,1105.9
5,1106.5
1,1110.4
7,1110.7
4,1111.6
2,1111.8
3,1111.8
6,1112.8
0,1113.3
5,1114.6
1,1117.2
6,1120.3
3,1120.5
7,1121.3
4,1121.3
5,1122.3
1,1124.9
0,1127.4
2,1127.8
3,1128.3
6,1130.2
7,1130.5
4,1131.3
5,1131.8
1,1134.0
3,1138.1
7,1140.1
4,1141.9
6,1143.1
0,1143.5
1,1144.5
2,1144.8
5,1147.5
4,1151.9
6,1153.6
1,1153.8
5,1156.7
7,1156.9
3,1160.6
2,1160.6
1,1161.4
6,1161.7
0,1162.3
5,1164.7
6,1167.4
1,1168.3
7,1171.5
2,1172.7
3,1173.5
4,1175.5
6,1175.9
5,1176.0
1,1179.4
6,1181.4
0,1184.5
5,1184.9
1,1185.1
2,1186.1
3,1186.2
6,1186.5
7,1186.5
4,1189.2
1,1191.8
6,1192.5
3,1194.4
5,1196.0
6,1198.5
0,1199.0
2,1200.1
1,1200.2
3,1201.1
7,1201.9
4,1202.6
6,1204.6
5,1205.2
3,1206.9
1,1207.6
7,1211.2
6,1211.4
2,1212.2
5,1212.3
3,1213.2
4,1213.8
1,1214.8
6,1219.1
7,1219.6
0,1220.7
5,1220.7
1,1221.7
3,1222.2
4,1223.7
6,1227.4
1,1228.6
7,1229.2
2,1229.9
5,1230.9
0,1232.5
4,1233.5
3,1233.5
1,1236.7
6,1239.5
0,1241.2
4,1243.5
1,1244.1
5,1245.5
2,1246.4
7,1247.6
6,1250.0
3,1250.6
0,1251.9
1,1255.0
5,1257.2
6,1257.8
2,1260.0
4,1260.6
3,1260.8
7,1261.1
6,1264.1
1,1265.1
0,1266.5
5,1268.4
3,1268.5
7,1269.1
6,1273.1
2,1277.7
1,1277.7
5,1279.0
3,1281.5
7,1281.8
6,1287.4
5,1288.2
1,1288.9
3,1289.9
7,1291.0
2,1292.0
4,1293.7
6,1299.0
3,1299.6
7,1300.0
1,1300.5
5,1302.7
7,1308.2
3,1308.5
6,1309.4
5,1310.7
1,1310.8
3,1314.5
4,1315.3
7,1316.0
6,1317.7
0,1318.0
5,1319.3
1,1319.4
3,1322.5
2,1324.5
7,1325.0
1,1326.0
6,1326.3
0,1328.6
3,1330.9
5,1331.9
1,1332.0
4,1333.1
6,1333.2
3,1337.9
7,1338.0
0,1338.3
6,1339.3
1,1339.4
2,1340.8
5,1341.4
6,1346.0
1,1347.1
3,1348.4
5,1348.8
4,1350.6
0,1351.2
2,1351.4
7,1351.6
1,1353.7
6,1354.3
5,1358.2
3,1359.7
1,1360.1
7,1360.6
6,1361.0
2,1366.0
1,1366.8
5,1367.0
6,1367.8
4,1368.5
7,1368.9
3,1369.2
1,1374.4
6,1376.0
5,1377.5
7,1378.4
3,1378.6
0,1379.7
4,1380.6
2,1380.9
1,1381.8
6,1384.3
5,1386.0
7,1386.2
3,1387.4
1,1391.7
2,1391.9
6,1391.9
4,1393.5
7,1394.9
5,1395.3
3,1395.7
6,1398.4
1,1401.2
7,1401.4
3,1402.0
2,1403.0
5,1404.3
6,1405.3
1,1408.5
7,1409.6
3,1409.7
6,1411.8
2,1411.8
5,1412.4
4,1413.6
1,1416.9
7,1418.1
3,1418.5
6,1420.1
0,1421.0
5,1421.6
1,1425.0
2,1426.1
7,1426.3
6,1426.6
3,1429.1
4,1431.2
1,1431.9
0,1432.2
6,1434.2
5,1434.2
1,1438.1
3,1439.1
0,1440.0
7,1440.1
4,1440.3
6,1441.2
2,1443.4
5,1443.4
1,1445.3
3,1446.6
6,1448.0
5,1448.8
4,1449.2
0,1449.8
2,1451.5
7,1451.7
1,1452.0
5,1454.5
3,1454.9
6,1457.3
4,1459.7
2,1460.1
1,1461.9
5,1462.0
7,1462.1
3,1462.2
0,1463.2
6,1464.0
5,1469.7
6,1470.8
1,1471.4
2,1471.7
3,1473.0
0,1474.3
7,1474.8
5,1475.8
6,1476.1
1,1477.9
4,1480.9
6,1482.4
3,1482.9
5,1483.2
0,1484.3
1,1485.1
2,1485.3
7,1487.8
6,1488.2
3,1489.0
4,1491.3
6,1494.2
5,1494.4
1,1494.6
3,1495.2
7,1495.9
0,1498.2
6,1500.2
5,1501.0
3,1501.1
2,1502.2
4,1503.7
1,1505.5
7,1506.4
6,1506.5
3,1508.6
5,1509.9
6,1513.9
0,1516.9
7,1517.2
3,1518.1
5,1518.3
6,1520.6
1,1521.1
2,1521.1
3,1525.2
5,1526.0
6,1527.2
4,1528.3
7,1528.9
2,1532.0
5,1532.8
3,1533.2
6,1535.7
1,1536.4
7,1540.0
3,1542.7
5,1542.8
6,1544.1
1,1545.4
7,1548.2
2,1552.0
5,1552.0
3,1552.1
6,1553.1
1,1554.9
4,1555.6
7,1557.1
6,1559.9
5,1560.7
3,1561.4
1,1564.6
4,1565.3
6,1566.0
2,1569.2
5,1569.9
7,1572.5
3,1573.3
6,1574.9
1,1575.8
4,1577.9
0,1581.7
5,1582.4
3,1582.6
7,1584.0
6,1585.1
2,1588.0
5,1591.0
3,1591.6
1,1592.5
6,1596.8
4,1597.0
3,1599.7
7,1600.7
5,1601.3
6,1605.0
3,1606.4
1,1608.1
5,1608.9
7,1609.8
6,1612.2
3,1615.8
4,1618.7
1,1620.1
5,1620.2
6,1622.4
7,1623.1
0,1624.0
3,1625.0
1,1630.4
2,1632.1
6,1632.2
5,1632.4
4,1633.0
3,1633.5
6,1637.4
0,1638.2
1,1638.7
5,1638.8
7,1640.5
3,1642.5
6,1643.7
5,1647.4
1,1648.0
2,1649.0
0,1650.3
4,1652.2
6,1652.6
7,1653.4
3,1653.9
1,1654.1
5,1658.5
1,1659.7
6,1660.1
3,1661.3
7,1661.7
4,1661.9
0,1662.8
6,1666.4
1,1667.5
5,1668.8
2,1669.3
7,1670.9
3,1671.0
6,1672.4
1,1678.6
5,1679.3
6,1679.9
3,1679.9
7,1680.2
4,1681.1
3,1686.2
1,1687.4
6,1687.5
2,1687.5
5,1689.9
7,1690.1
4,1691.9
0,1692.6
3,1693.7
6,1697.4
1,1699.3
5,1699.3
7,1700.8
2,1701.5
3,1702.4
6,1706.9
1,1709.0
0,1709.8
5,1712.1
4,1712.3
3,1713.5
2,1715.6
6,1715.7
7,1717.3
5,1718.0
4,1720.8
3,1721.4
1,1721.7
5,1724.8
7,1726.2
6,1727.1
2,1727.5
1,1728.7
4,1728.9
3,1729.0
0,1732.1
5,1732.8
6,1733.9
1,1735.2
7,1735.7
4,1736.8
3,1736.9
5,1738.9
6,1740.2
2,1741.4
1,1744.8
4,1745.1
5,1745.7
3,1745.9
6,1746.5
0,1748.0
7,1749.5
3,1751.8
1,1752.4
2,1753.4
6,1753.6
5,1755.1
4,1755.6
3,1757.9
7,1758.6
1,1760.1
6,1760.2
0,1760.9
5,1763.0
2,1765.1
3,1765.4
6,1767.4
5,1769.7
1,1771.6
7,1772.2
4,1772.5
6,1774.6
5,1776.2
3,1776.9
1,1779.3
0,1780.5
2,1782.6
4,1783.0
7,1783.3
6,1783.4
5,1785.1
1,1786.8
3,1787.0
6,1792.8
7,1793.6
3,1794.5
0,1794.6
5,1794.7
1,1795.1
2,1796.7
4,1800.0
3,1803.1
1,1803.7
6,1804.3
5,1806.7
7,1807.6
0,1808.7
1,1813.5
3,1814.0
4,1815.9
6,1816.5
5,1816.8
7,1819.1
3,1824.3
2,1824.4
6,1824.6
5,1826.2
4,1826.9
1,1829.5
7,1829.5
6,1833.4
5,1834.3
2,1835.1
0,1838.0
3,1838.4
7,1840.8
4,1842.2
3,1845.7
6,1846.1
1,1846.3
5,1847.2
7,1849.7
3,1851.8
2,1852.4
4,1853.7
6,1854.3
5,1857.7
3,1860.2
6,1861.4
7,1863.1
1,1868.3
3,1870.2
6,1871.3
5,1871.3
7,1872.8
0,1873.1
4,1878.7
3,1881.6
1,1883.3
5,1883.8
7,1884.6
6,1892.9
3,1893.2
7,1899.6
1,1900.0
5,1900.6
6,1901.3
3,1901.7
0,1907.1
1,1908.9
7,1910.7
5,1910.8
3,1911.4
2,1911.5
6,1912.9
4,1913.1
1,1918.0
3,1918.2
5,1919.8
7,1920.5
0,1921.3
2,1922.2
6,1923.3
1,1924.8
3,1925.0
7,1928.2
5,1928.6
3,1931.7
4,1932.3
2,1932.4
1,1932.5
6,1934.1
7,1936.0
0,1936.5
5,1936.9
3,1938.7
6,1939.7
1,1940.3
2,1942.0
5,1943.1
4,1944.9
6,1945.1
7,1946.3
3,1947.5
1,1947.7
5,1950.1
0,1950.4
6,1951.4
2,1955.0
1,1955.5
6,1958.0
5,1958.1
3,1958.3
4,1958.5
0,1960.2
7,1962.6
1,1964.6
6,1965.2
5,1966.7
3,1970.8
6,1972.3
4,1974.5
5,1975.5
0,1976.5
1,1977.1
6,1979.5
7,1983.6
4,1983.8
3,1984.2
1,1984.9
6,1987.4
0,1989.1
5,1990.4
3,1991.3
2,1992.6
7,1993.0
1,1996.1
3,2000.4
6,2000.8
5,2001.7
4,2002.4
7,2004.0
1,2004.4
2,2007.7
3,2008.0
6,2009.5
0,2011.4
5,2013.7
1,2015.6
3,2016.1
7,2017.9
6,2020.1
5,2023.3
4,2023.6
3,2025.4
5,2030.1
7,2030.2
2,2031.0
6,2031.0
1,2032.6
3,2035.8
5,2036.8
4,2038.1
6,2038.5
1,2042.8
2,2043.3
5,2046.3
6,2046.8
7,2048.2
4,2049.0
3,2050.7
1,2052.6
5,2053.1
6,2054.0
4,2058.6
1,2059.8
5,2060.2
6,2060.5
7,2060.9
3,2062.3
2,2065.4
5,2066.4
6,2067.1
1,2067.7
4,2067.7
7,2072.6
6,2073.0
5,2073.4
1,2074.3
3,2075.8
0,2076.9
4,2078.4
6,2078.5
2,2079.2
5,2079.8
1,2080.6
6,2083.1
3,2084.1
7,2084.3
5,2085.0
1,2086.1
4,2086.6
6,2087.9
0,2088.2
5,2089.4
2,2091.4
3,2091.8
1,2092.0
6,2093.0
5,2094.1
4,2094.7
7,2095.0
3,2097.4
0,2098.1
6,2099.1
5,2099.3
1,2099.6
3,2103.8
7,2104.2
4,2104.2
6,2104.5
5,2105.2
1,2105.7
0,2105.9
2,2107.3
3,2109.0
6,2110.0
5,2111.5
1,2112.2
4,2113.7
7,2114.3
0,2115.3
3,2115.6
6,2116.1
2,2116.3
5,2118.0
1,2120.5
4,2121.8
6,2123.4
3,2124.6
5,2125.1
2,2126.4
7,2126.5
0,2127.8
6,2129.1
1,2130.4
4,2131.4
5,2131.8
3,2132.5
6,2136.9
2,2137.4
5,2140.8
7,2141.9
3,2142.2
1,2142.7
4,2143.3
0,2144.7
6,2148.6
1,2149.7
5,2151.1
2,2152.3
0,2154.4
4,2154.7
1,2156.6
7,2158.9
3,2160.3
5,2162.4
6,2162.8
1,2163.6
0,2163.9
4,2168.1
6,2173.5
1,2174.3
4,2178.7
5,2179.2
3,2180.2
0,2181.4
6,2182.5
1,2185.5
7,2188.3
4,2189.6
5,2194.0
6,2194.6
3,2196.1
4,2197.7
1,2198.0
0,2198.6
2,2199.7
7,2202.6
6,2204.2
5,2204.9
1,2206.0
3,2206.2
4,2208.7
2,2211.2
6,2213.1
0,2213.7
1,2214.9
5,2215.0
3,2215.7
7,2216.2
4,2218.1
6,2218.4
1,2221.7
3,2222.5
7,2222.5
5,2223.5
6,2224.7
4,2225.1
0,2226.4
1,2229.0
7,2232.1
3,2232.2
6,2232.4
4,2234.7
2,2235.4
5,2235.4
0,2236.1
1,2237.6
6,2239.4
3,2241.1
5,2242.2
1,2244.1
0,2245.7
2,2246.6
7,2246.9
6,2247.8
4,2248.0
3,2248.6
5,2248.8
1,2249.6
6,2252.9
5,2254.5
0,2254.6
3,2254.6
7,2254.6
1,2254.7
6,2257.9
4,2258.3
2,2260.0
5,2260.9
1,2261.0
3,2261.1
6,2264.5
7,2266.4
3,2268.0
1,2268.3
5,2268.4
6,2271.2
0,2271.8
2,2272.9
4,2273.1
1,2274.3
7,2274.6
5,2275.0
3,2275.2
6,2276.4
5,2280.8
1,2280.8
6,2281.2
3,2284.3
2,2285.1
7,2286.6
1,2287.1
6,2287.2
5,2287.6
0,2287.9
4,2291.9
3,2293.2
1,2293.5
6,2294.3
5,2296.8
7,2298.5
0,2299.3
4,2299.7
1,2301.7
6,2304.0
3,2306.0
2,2308.0
5,2308.6
4,2310.6
1,2311.9
6,2312.5
0,2313.4
7,2315.8
3,2316.3
4,2320.4
1,2321.6
5,2321.7
6,2322.3
7,2328.3
3,2328.4
1,2330.3
4,2331.0
0,2331.6
5,2332.0
6,2332.6
7,2339.1
1,2341.0
3,2341.6
6,2341.8
4,2343.1
5,2343.4
1,2350.6
2,2350.7
6,2351.4
3,2352.4
0,2353.0
7,2354.8
4,2355.3
5,2356.9
6,2357.8
1,2358.4
3,2360.3
7,2364.3
2,2364.6
6,2365.3
3,2368.3
5,2368.5
1,2368.7
4,2369.1
6,2372.7
2,2375.5
3,2375.9
6,2378.9
1,2380.3
5,2380.8
7,2381.1
4,2381.7
3,2382.1
2,2383.1
6,2383.9
1,2388.3
3,2388.5
6,2389.5
2,2391.4
7,2391.7
4,2395.5
3,2395.5
6,2396.2
5,2396.9
1,2400.0
3,2404.6
6,2404.9
2,2406.0
7,2407.0
5,2407.2
1,2408.3
4,2411.5
6,2411.5
3,2415.4
1,2417.1
6,2418.5
7,2418.7
5,2419.5
1,2424.8
4,2425.8
7,2426.4
3,2426.9
6,2427.1
5,2429.7
1,2432.5
4,2434.5
7,2435.0
3,2436.3
6,2436.6
1,2439.6
0,2440.1
5,2440.3
4,2444.4
7,2444.6
6,2445.0
1,2448.1
3,2448.5
2,2452.7
0,2453.0
5,2453.1
6,2454.0
4,2455.3
1,2456.0
7,2457.3
3,2462.5
2,2462.9
0,2464.9
1,2465.0
4,2465.4
6,2467.5
5,2468.3
7,2471.9
4,2472.3
1,2472.8
3,2474.3
4,2479.7
2,2480.9
5,2482.5
0,2482.6
6,2482.6
1,2483.4
3,2484.8
7,2485.5
6,2489.6
4,2490.2
1,2494.3
3,2496.6
6,2498.1
4,2501.4
5,2501.6
1,2503.4
7,2506.0
6,2506.9
0,2508.7
3,2509.1
5,2512.3
6,2514.0
1,2514.6
2,2514.9
4,2515.4
3,2515.7
7,2517.5
6,2519.1
5,2521.2
3,2522.9
1,2524.3
6,2525.6
7,2528.1
4,2528.8
0,2529.0
5,2529.6
3,2529.9
1,2533.3
6,2535.3
5,2537.0
2,2537.6
3,2538.9
4,2541.2
6,2542.1
1,2543.7
5,2544.8
3,2546.0
7,2546.1
6,2548.0
2,2548.6
4,2551.5
1,2551.9
5,2552.6
6,2553.7
3,2554.5
0,2554.7
6,2558.9
7,2559.4
5,2560.1
1,2560.9
4,2561.2
6,2564.2
2,2564.7
0,2567.5
5,2568.3
3,2569.0
7,2569.1
6,2570.6
1,2570.7
4,2571.5
5,2578.2
6,2578.6
0,2579.4
3,2581.6
7,2584.5
2,2584.6
4,2584.9
1,2585.8
5,2589.4
6,2590.2
0,2593.8
3,2595.1
1,2595.3
5,2598.8
7,2601.1
4,2604.5
6,2605.2
1,2605.7
3,2607.6
7,2609.5
5,2614.8
3,2619.6
6,2620.3
1,2622.4
7,2622.5
5,2627.4
3,2627.8
6,2627.9
7,2631.5
4,2633.1
6,2634.7
5,2635.5
1,2636.0
2,2636.7
3,2637.2
7,2639.1
6,2640.7
4,2642.8
3,2643.6
7,2646.1
1,2646.4
5,2647.0
6,2647.4
3,2652.6
2,2653.2
4,2653.4
6,2654.5
1,2655.5
7,2656.7
5,2657.4
3,2660.2
6,2660.6
0,2661.8
4,2663.6
1,2664.5
5,2665.3
2,2665.3
6,2666.9
3,2667.1
7,2672.6
3,2672.7
5,2673.1
6,2673.7
2,2674.8
1,2675.7
0,2676.4
4,2676.9
3,2678.2
5,2679.1
2,2681.8
6,2682.1
7,2682.6
3,2684.4
1,2685.7
5,2686.3
4,2686.7
6,2692.8
2,2693.6
3,2694.2
5,2695.5
1,2697.7
7,2697.8
4,2701.0
3,2702.8
6,2702.9
5,2703.3
2,2703.9
1,2706.2
7,2706.8
3,2709.7
6,2710.3
5,2713.0
2,2713.9
0,2714.8
1,2714.8
3,2715.9
6,2716.2
4,2716.8
7,2717.1
5,2718.8
2,2721.7
1,2721.7
6,2721.9
3,2722.7
5,2724.3
4,2728.0
6,2728.1
1,2728.8
2,2730.0
5,2731.5
3,2731.6
7,2732.3
6,2734.0
1,2736.1
0,2738.8
3,2739.0
4,2739.3
6,2739.3
2,2739.6
5,2739.9
1,2743.9
6,2745.3
7,2746.0
3,2746.1
4,2748.2
5,2748.4
0,2750.6
1,2751.4
6,2751.8
2,2754.2
5,2755.0
4,2755.7
7,2756.1
3,2758.0
1,2758.5
6,2758.7
5,2762.8
4,2763.0
0,2763.4
6,2766.2
7,2766.4
1,2767.1
5,2770.3
3,2772.7
4,2774.2
6,2775.0
0,2775.6
1,2778.4
5,2779.4
7,2781.6
6,2782.9
3,2783.5
0,2784.8
4,2785.2
1,2785.8
5,2786.6
7,2791.0
3,2791.5
6,2791.7
1,2794.2
5,2794.7
0,2797.2
4,2800.9
3,2801.3
6,2803.4
7,2803.9
1,2804.4
5,2804.4
2,2805.5
3,2810.2
6,2810.7
0,2811.9
1,2812.5
7,2814.3
4,2814.8
5,2816.0
6,2817.6
2,2817.7
3,2818.5
1,2821.1
7,2823.5
6,2823.7
1,2829.3
0,2829.4
3,2830.6
6,2831.1
4,2831.7
5,2833.4
6,2837.8
7,2838.1
1,2839.6
6,2843.8
3,2844.9
5,2846.9
1,2847.3
0,2847.7
6,2852.7
7,2852.8
1,2856.4
3,2857.9
5,2859.9
2,2860.4
0,2860.5
6,2862.0
1,2867.5
6,2869.6
3,2869.6
4,2873.6
2,2875.4
6,2875.5
1,2876.3
7,2877.7
3,2880.9
6,2883.2
1,2887.2
7,2889.6
5,2891.8
6,2892.2
3,2893.2
1,2895.6
0,2900.0
7,2900.1
3,2902.0
6,2903.2
2,2904.5
1,2904.7
4,2906.1
5,2909.1
3,2912.2
6,2913.3
1,2914.4
2,2916.2
7,2917.2
6,2919.8
5,2920.5
1,2920.8
0,2922.3
4,2925.4
3,2925.8
1,2927.1
5,2929.7
6,2929.8
7,2930.9
2,2933.5
5,2937.0
4,2937.2
1,2938.1
3,2938.2
6,2941.0
5,2945.0
0,2947.0
4,2947.5
3,2950.2
6,2950.7
2,2951.5
1,2952.1
5,2953.4
6,2957.1
5,2960.0
1,2960.2
3,2961.1
4,2962.1
6,2963.7
2,2967.1
7,2968.2
5,2968.6
1,2970.6
3,2970.8
6,2970.9
4,2977.0
6,2977.4
7,2979.7
3,2981.8
5,2982.7
1,2983.5
0,2984.7
6,2985.4
7,2990.1
3,2994.1
4,2994.2
1,2994.6
6,2996.4
5,2997.7
