13,5.7
12,6.0
19,6.1
10,6.9
33,7.2
38,7.4
30,7.6
5,7.7
11,7.7
15,8.0
9,8.8
40,9.9
26,10.2
25,10.5
17,11.1
42,11.2
44,11.9
6,12.0
51,12.3
28,12.7
7,13.3
8,13.6
20,13.8
22,14.5
35,14.9
61,14.9
3,16.0
57,16.1
46,16.8
30,17.1
38,17.5
53,17.7
12,18.2
48,18.9
24,19.1
49,19.1
9,19.7
33,20.0
25,20.1
60,20.3
5,20.7
42,20.9
13,20.9
51,21.1
21,21.1
32,21.3
52,21.9
50,22.0
15,22.5
4,22.7
11,22.7
59,23.4
17,23.5
26,23.6
8,23.8
16,24.0
36,24.6
45,24.9
6,25.0
7,25.1
47,25.9
34,26.0
0,26.0
10,26.0
14,26.1
58,26.1
56,26.1
18,26.1
41,26.1
54,26.1
43,26.1
55,26.1
27,26.1
29,26.1
2,26.1
37,26.1
1,26.1
62,26.1
23,26.1
31,26.1
39,26.1
44,26.2
22,26.5
53,26.9
40,27.0
20,27.0
28,27.1
38,27.2
57,29.3
3,29.4
61,29.5
30,30.6
42,30.8
9,30.9
35,31.2
4,31.3
21,32.1
46,32.1
12,32.2
17,32.6
32,33.8
45,33.9
60,34.2
6,34.3
11,34.3
7,34.4
16,34.6
19,34.9
47,35.2
36,35.3
13,35.6
48,35.7
59,35.9
24,36.2
49,36.5
52,36.6
58,36.7
31,36.9
22,37.1
38,37.2
5,37.2
27,37.5
50,37.9
10,38.2
15,38.6
0,38.6
40,39.0
25,39.2
26,39.2
8,39.4
34,39.5
61,39.8
33,40.0
37,41.2
42,42.1
23,42.8
17,43.5
9,43.7
56,43.9
13,45.2
6,45.6
3,45.8
12,46.1
45,46.2
16,46.3
19,47.1
52,47.4
7,47.7
21,48.4
58,48.5
57,48.6
20,49.6
38,49.9
47,50.0
41,50.2
0,50.4
29,50.5
51,50.5
15,50.6
61,50.9
8,50.9
27,51.0
5,51.3
11,51.5
10,51.6
34,51.7
42,51.8
36,51.8
44,52.0
14,52.2
28,52.3
22,53.0
17,53.5
30,54.3
31,54.7
62,54.8
37,55.8
32,55.8
59,57.0
3,57.3
52,57.9
56,58.3
13,58.5
57,58.5
23,58.8
40,59.0
12,59.1
6,59.4
60,59.6
33,61.0
38,61.2
7,61.3
1,61.4
46,62.0
19,62.2
51,62.3
36,62.7
27,62.8
48,63.0
16,64.1
30,64.3
9,64.9
10,64.9
53,64.9
35,65.0
42,65.2
28,65.3
26,65.6
15,65.9
41,66.0
31,66.1
17,66.1
34,67.5
61,67.7
58,68.5
52,68.5
3,69.0
37,69.1
8,69.1
6,69.2
24,69.3
0,69.7
55,70.2
20,70.3
21,70.4
62,71.0
50,71.0
14,71.0
7,71.3
29,71.4
49,71.7
38,71.8
1,72.1
13,72.5
12,72.9
57,73.2
36,73.8
46,74.7
2,74.7
5,75.0
22,75.0
42,75.1
53,75.4
30,75.4
47,76.1
33,76.4
23,76.4
15,77.5
4,77.5
45,77.6
16,77.9
51,78.0
9,79.2
60,80.3
37,80.6
48,80.7
8,80.9
3,81.1
38,81.1
27,81.2
41,81.5
56,81.8
24,82.3
7,82.5
61,82.8
34,83.3
26,83.3
6,83.4
36,83.4
1,84.0
10,84.2
31,84.4
52,84.4
53,84.6
20,85.3
42,86.0
5,86.2
17,86.2
11,87.0
13,87.2
28,87.6
33,87.7
21,87.9
14,87.9
39,88.0
47,88.8
62,89.7
12,89.8
15,90.7
22,90.7
9,91.0
55,91.0
30,91.1
23,91.7
40,91.7
49,92.1
50,92.8
38,93.2
58,93.4
56,93.6
3,93.7
60,94.4
31,95.7
41,95.9
7,96.1
53,96.1
8,96.4
46,96.4
48,96.6
24,96.8
25,97.0
52,97.0
2,97.1
44,97.2
45,97.4
17,97.8
10,97.8
42,97.9
26,98.7
61,98.8
37,99.2
28,99.3
6,99.4
5,99.9
57,100.0
21,100.8
0,101.0
47,101.3
23,101.5
12,102.1
16,102.4
30,102.8
9,102.8
1,103.4
38,103.7
22,103.7
62,104.6
34,105.2
33,105.3
53,105.4
14,105.4
31,106.0
25,106.2
3,106.3
36,106.5
60,106.9
40,107.1
42,107.2
41,107.3
15,107.5
49,107.9
8,108.0
32,108.1
20,108.3
44,108.6
39,108.7
45,109.0
51,109.0
52,109.5
19,109.5
55,109.6
6,109.7
7,109.9
61,110.0
24,110.2
35,110.7
54,111.0
26,111.1
17,111.5
47,111.8
56,112.3
16,112.6
30,112.6
50,112.8
13,113.2
5,113.4
38,114.1
0,114.3
12,114.5
10,114.9
37,115.6
28,115.9
59,116.0
23,116.4
34,116.5
1,117.0
60,117.0
48,117.2
21,118.0
25,118.2
19,118.2
32,118.4
8,118.5
40,118.5
58,118.7
27,118.9
3,119.2
36,119.3
45,119.5
44,120.1
42,120.4
22,120.6
47,121.1
51,121.1
20,121.3
52,121.6
31,121.7
61,121.8
41,121.9
9,122.0
15,122.9
49,123.2
38,123.7
16,123.8
0,125.3
50,126.4
26,126.8
10,126.8
28,126.8
30,127.2
2,127.4
25,127.5
60,127.8
12,127.9
1,128.0
32,128.3
5,128.6
40,128.8
58,128.8
55,129.0
21,129.7
14,130.1
62,130.7
48,131.0
56,131.1
35,131.2
37,131.6
36,131.7
22,131.8
54,131.8
34,132.7
38,133.2
24,133.3
7,133.6
8,133.8
42,134.0
11,134.1
17,134.3
9,134.6
47,134.6
45,135.0
51,135.3
44,135.6
61,136.2
33,136.7
15,136.7
19,137.8
60,138.3
12,138.3
16,138.5
40,139.1
32,139.2
49,139.4
29,139.5
28,139.7
26,139.9
50,140.0
52,141.1
21,141.2
3,141.3
46,141.9
0,142.0
30,142.8
58,142.9
20,143.0
6,143.2
23,143.3
5,143.5
1,144.8
10,145.0
9,145.4
8,145.5
51,145.6
17,145.7
22,146.7
14,146.8
44,146.9
41,147.1
47,147.2
11,148.0
2,148.2
60,148.7
42,148.7
48,149.0
33,149.2
15,149.3
62,149.7
12,149.9
31,151.0
36,151.4
21,152.4
6,152.7
30,153.2
46,153.3
28,153.5
40,154.1
29,154.2
58,154.2
52,154.3
13,154.3
38,154.7
56,154.7
0,155.0
17,155.1
25,155.6
32,155.7
1,155.9
5,156.2
26,156.4
8,156.5
57,156.5
16,157.1
9,157.2
54,157.6
50,158.1
59,158.1
44,158.6
42,159.3
22,160.3
51,160.6
37,160.6
47,160.8
3,160.9
15,161.2
61,161.9
41,162.4
33,162.6
12,162.8
23,163.4
34,163.8
11,163.9
45,164.0
60,164.1
62,165.3
21,165.3
30,165.9
32,166.5
29,166.8
38,167.1
20,167.1
1,167.2
52,167.3
13,167.5
55,167.6
42,168.7
9,169.1
0,169.2
5,169.4
26,170.3
16,170.5
22,170.7
8,171.2
46,171.2
51,171.3
57,171.6
24,171.7
58,171.8
49,172.2
56,172.5
15,172.6
2,173.0
31,173.0
59,173.2
3,173.4
11,175.3
60,175.5
17,175.9
38,176.2
12,176.4
54,176.7
13,177.0
28,177.1
44,177.1
1,177.3
41,177.4
20,177.5
35,177.6
30,178.0
34,178.1
47,178.2
42,178.5
32,179.2
14,179.4
23,179.8
33,180.0
21,181.4
5,181.6
9,182.0
6,182.0
40,182.2
57,182.3
48,182.3
16,182.3
8,182.5
22,182.6
55,183.4
51,183.7
46,183.9
0,184.6
10,184.6
15,184.7
19,185.2
56,185.2
27,185.6
38,185.7
60,186.6
11,186.7
13,187.1
53,187.2
29,187.6
47,187.6
31,187.8
61,187.8
12,188.2
20,188.5
44,189.4
52,189.5
26,189.6
54,189.8
32,190.8
1,191.0
6,191.6
30,191.8
57,192.2
36,192.3
41,192.6
33,192.7
22,192.8
62,192.9
9,192.9
24,192.9
14,193.1
3,193.1
2,193.4
17,194.1
5,194.6
19,195.0
51,195.1
46,195.3
55,195.7
50,195.8
13,196.6
35,197.1
34,197.1
0,197.3
60,198.0
8,198.1
20,198.7
58,198.9
12,198.9
10,198.9
11,199.1
53,199.2
59,199.4
52,199.8
48,199.9
27,200.0
15,200.2
29,200.5
16,201.3
61,201.4
45,201.9
31,202.3
32,202.4
42,202.8
14,203.4
6,203.6
25,203.8
1,204.1
17,204.6
22,204.6
57,205.4
56,205.6
44,205.8
33,206.2
41,207.0
60,207.6
37,208.0
3,208.1
21,208.1
9,208.2
53,208.2
26,208.3
50,208.7
28,208.7
58,209.5
27,209.9
47,210.1
11,210.1
0,210.4
30,210.5
23,210.5
35,210.9
8,211.0
5,211.0
7,211.0
55,211.3
12,211.8
45,212.3
32,212.4
51,212.7
54,212.8
46,213.2
20,213.4
4,213.5
24,213.5
52,214.4
22,214.5
25,214.6
49,214.8
6,215.1
16,215.5
19,215.6
44,216.0
31,216.4
14,217.3
56,217.4
13,217.5
38,218.0
62,218.4
33,218.8
21,218.9
58,220.0
37,220.1
60,220.4
53,220.4
15,220.8
7,221.8
29,221.9
10,222.0
51,222.8
45,223.4
20,223.6
30,223.7
23,223.8
27,224.2
34,224.3
22,224.3
5,224.4
61,224.6
28,224.6
57,224.7
12,225.2
6,225.4
35,225.8
16,225.8
32,226.1
54,226.1
1,226.4
17,226.5
3,226.9
46,226.9
11,227.6
2,227.7
49,228.1
48,229.1
42,229.2
62,229.2
21,229.5
4,230.1
50,230.9
14,230.9
44,231.0
26,231.2
56,231.3
40,231.4
41,231.8
47,232.6
8,233.0
59,233.1
0,233.1
30,233.6
19,233.7
38,234.3
10,234.3
22,234.6
24,234.6
45,234.9
6,235.2
61,235.5
5,235.7
7,235.9
17,235.9
16,236.1
13,236.3
33,236.3
9,236.9
32,236.9
23,237.3
57,237.5
12,238.1
51,238.5
4,238.9
20,239.0
37,239.2
53,239.4
15,239.6
42,240.2
31,240.4
52,240.7
55,240.8
60,241.5
11,241.5
21,242.0
34,242.1
29,242.3
47,242.6
35,242.7
62,242.9
3,243.2
44,243.5
30,243.5
41,243.8
49,244.0
19,244.0
40,244.6
26,244.7
45,245.0
38,245.1
46,245.4
16,246.2
54,246.2
7,246.7
61,247.1
48,247.5
33,247.5
59,247.7
22,248.0
10,248.1
2,248.2
36,248.2
12,248.3
53,248.6
27,248.7
24,248.8
37,249.1
0,249.5
5,249.9
9,250.0
13,250.4
15,250.9
42,251.0
23,251.2
56,251.6
32,252.3
52,252.8
11,253.0
21,253.1
19,253.1
62,253.3
25,253.5
28,253.6
50,253.9
14,254.8
6,254.8
30,254.9
58,255.0
35,255.9
44,256.0
26,256.3
38,256.3
46,257.7
47,258.2
7,258.5
48,258.6
4,258.7
57,258.7
27,258.9
41,259.3
60,259.5
0,259.6
49,259.6
1,260.1
45,260.4
53,260.5
13,260.5
16,260.7
10,261.4
42,261.6
61,261.6
37,261.8
22,261.8
29,261.9
9,262.5
36,262.6
15,262.6
12,262.7
25,263.0
3,263.3
56,263.6
32,264.2
17,264.8
20,264.8
33,265.1
6,265.2
21,265.4
5,266.0
44,266.9
40,266.9
58,267.0
51,267.0
34,267.4
14,267.4
26,268.4
55,268.5
62,269.4
53,270.0
11,270.2
1,270.3
24,270.7
57,270.8
4,271.1
48,271.6
45,271.6
52,272.1
30,272.1
61,272.7
36,272.9
50,273.1
59,273.1
0,273.8
28,273.8
13,274.3
27,274.5
38,274.8
23,275.0
15,275.1
12,275.1
20,275.1
35,275.2
17,275.4
9,275.5
39,275.7
60,275.8
6,276.0
21,276.2
29,276.6
46,276.9
7,277.0
42,277.2
49,277.7
5,277.7
3,278.1
8,278.4
22,278.7
33,278.9
40,278.9
44,278.9
51,279.0
16,279.8
10,280.4
41,280.6
56,280.7
58,280.8
31,281.8
37,282.6
19,282.6
53,282.7
30,282.9
1,283.5
32,283.5
59,283.8
34,283.9
17,284.3
12,285.3
50,285.7
14,285.9
23,286.0
57,286.1
60,286.2
15,286.3
47,286.7
36,286.9
7,287.1
21,287.3
20,287.4
42,287.9
26,288.2
55,288.4
8,289.1
28,289.9
3,289.9
29,289.9
61,290.4
4,290.5
5,290.6
48,290.8
25,291.2
33,292.1
56,292.3
10,292.4
45,292.6
53,292.9
44,293.0
1,293.1
16,293.4
9,293.5
11,293.6
41,294.4
22,294.6
39,295.8
6,296.2
17,296.2
31,296.5
54,296.9
12,297.6
42,297.8
50,297.9
34,298.0
13,298.1
60,298.2
40,298.9
23,299.3
0,299.3
51,299.5
62,299.6
15,299.7
30,299.9
59,300.8
4,301.4
3,301.4
25,301.8
53,302.5
8,302.5
45,302.5
21,302.5
7,302.7
27,303.1
58,303.8
10,304.0
2,304.9
1,305.2
5,306.0
32,306.0
6,306.4
29,306.9
14,307.1
20,307.2
31,307.5
48,307.8
11,308.6
23,309.0
61,309.4
16,309.6
50,310.1
34,310.1
49,310.5
56,310.5
4,310.6
36,310.6
12,310.8
60,311.3
57,312.2
8,312.3
25,312.5
26,313.1
9,313.2
3,313.3
38,313.3
0,313.4
7,313.5
58,314.1
33,314.9
52,315.4
10,316.0
20,316.4
22,316.7
6,316.7
45,317.3
5,317.3
21,317.5
51,317.6
44,317.7
41,317.9
1,318.2
61,319.6
28,319.7
42,319.8
16,320.0
23,320.0
35,320.2
32,320.4
19,320.4
46,320.5
31,320.7
56,320.9
34,320.9
11,321.2
29,321.3
15,321.4
4,321.6
57,321.7
2,321.9
8,322.8
48,323.1
12,323.5
14,323.8
38,324.1
53,324.8
30,325.1
25,325.2
49,325.6
9,325.7
60,325.8
3,327.3
50,327.6
33,327.7
20,328.2
5,328.3
41,328.6
1,328.8
55,329.6
42,329.6
21,329.7
10,330.1
51,330.1
58,330.3
7,330.5
45,331.0
24,331.0
0,331.6
34,331.7
56,332.1
26,332.4
22,332.7
15,333.4
23,333.5
59,333.6
12,333.7
8,333.9
38,334.4
61,334.7
37,334.8
14,334.9
30,335.4
29,335.5
16,335.6
57,335.9
6,336.8
25,336.8
2,339.1
47,339.2
45,340.2
3,340.3
21,341.0
11,341.2
5,341.7
42,342.1
49,342.2
31,342.5
56,342.9
9,343.4
48,343.6
1,343.7
26,344.5
22,344.7
23,344.9
30,345.1
32,345.1
41,345.7
44,345.9
61,346.1
20,346.3
34,346.5
33,346.9
55,347.4
60,347.7
25,348.1
8,348.2
12,348.6
4,348.8
10,349.0
14,349.1
52,350.6
40,350.9
62,351.1
29,351.2
0,351.6
45,351.8
24,352.1
3,352.8
47,353.0
15,353.1
58,353.2
39,353.2
21,353.9
17,354.0
1,354.2
42,354.4
6,354.7
23,355.2
38,355.5
5,356.1
22,356.7
49,357.5
60,358.6
34,358.6
30,359.3
19,359.4
4,360.0
2,360.6
25,360.6
44,360.8
57,361.4
62,361.6
52,361.8
51,361.8
12,362.0
47,362.2
26,362.5
61,363.2
50,363.3
7,363.7
53,364.1
3,365.1
6,365.2
16,365.2
58,365.8
38,366.3
15,366.4
21,366.4
1,366.7
56,367.5
19,368.2
33,368.4
24,368.5
10,368.5
41,368.5
0,368.7
42,368.8
34,368.9
4,369.1
46,369.4
23,369.8
45,369.9
25,370.5
5,370.7
32,371.0
36,371.9
51,372.1
60,372.2
57,372.2
37,372.2
8,373.2
62,373.3
47,373.7
14,374.0
61,374.2
49,374.2
52,374.4
6,374.7
53,375.1
58,376.0
17,376.3
22,376.4
26,376.8
38,377.6
21,377.9
3,378.2
1,378.3
42,378.4
56,379.3
12,379.8
40,380.1
2,380.4
29,380.6
9,380.8
24,381.2
32,381.3
25,382.1
46,382.4
34,382.8
41,382.9
47,383.0
48,383.0
5,383.2
60,383.2
51,383.8
20,384.0
33,384.0
61,384.3
53,384.4
55,384.6
30,384.6
8,384.7
52,384.9
17,384.9
62,385.8
14,386.4
58,387.0
44,387.6
19,387.6
22,387.9
57,388.1
42,388.2
37,388.6
21,388.6
49,388.6
45,388.6
28,389.0
15,389.5
10,390.5
40,391.0
38,391.2
16,391.3
3,391.7
26,391.9
12,392.1
39,392.2
56,392.9
1,393.5
51,393.9
32,394.2
25,394.7
31,394.7
27,394.9
13,395.0
34,395.3
23,395.7
11,396.2
47,396.4
62,396.5
4,396.8
5,396.9
61,396.9
8,397.2
53,397.5
22,397.9
48,398.6
46,398.7
60,399.2
58,399.3
45,399.7
52,400.0
21,400.6
42,401.0
36,401.5
33,401.9
24,401.9
40,402.3
0,402.4
6,402.9
25,403.7
14,404.0
38,404.0
12,404.4
56,404.7
3,404.7
32,404.9
17,405.0
13,405.1
28,405.2
31,406.1
53,406.3
47,406.3
62,407.1
19,407.1
8,407.3
16,407.5
41,407.8
4,408.0
61,408.0
58,408.4
27,409.1
59,409.5
57,410.2
26,411.2
35,411.9
45,412.0
42,412.1
22,412.2
60,412.2
39,412.3
10,412.4
5,412.7
52,413.1
17,413.7
6,414.1
44,414.5
15,414.6
11,414.7
36,415.0
3,415.4
25,415.6
49,415.8
47,415.9
31,416.0
12,416.3
34,416.5
23,417.6
19,417.6
8,418.0
38,418.0
53,418.2
21,418.4
14,418.4
16,418.8
37,419.4
13,419.6
1,419.7
62,419.7
57,419.9
55,420.0
40,420.3
4,420.9
32,421.5
9,421.7
33,422.4
26,422.6
59,423.3
51,423.6
5,423.9
22,424.1
61,424.7
45,425.6
44,425.7
15,425.9
47,426.1
27,426.4
56,426.5
36,426.5
11,427.0
38,427.1
23,427.3
3,427.9
48,428.3
2,428.5
53,429.0
35,429.4
14,429.5
46,429.5
16,429.5
25,430.8
58,430.9
49,431.0
6,431.4
32,431.9
62,432.5
1,432.9
4,433.1
21,433.2
59,433.2
12,433.3
40,433.4
57,434.1
60,434.2
42,434.4
8,434.4
22,434.6
30,434.7
45,434.8
31,435.3
28,435.7
52,436.1
15,436.7
5,436.8
51,437.6
47,437.7
9,437.9
56,438.1
33,438.1
26,438.7
10,438.9
0,439.1
23,439.1
27,439.6
55,440.0
38,440.1
6,440.3
16,440.3
35,440.5
53,440.6
36,440.9
3,441.3
29,441.3
25,441.9
44,442.4
46,443.4
11,443.8
12,443.9
37,444.2
40,444.2
59,444.2
1,444.6
24,444.9
8,445.3
13,445.5
42,445.6
21,445.9
22,446.6
62,446.9
32,447.0
14,447.0
19,447.2
45,447.5
4,447.7
28,448.0
31,448.3
15,448.3
9,449.2
30,449.3
5,449.4
57,450.0
10,450.8
6,451.0
16,451.1
36,451.5
53,451.6
33,451.6
25,451.7
17,452.1
60,452.4
48,453.1
49,453.3
58,453.5
3,454.1
56,454.2
12,455.3
59,455.4
20,455.5
47,455.6
44,455.7
38,456.4
19,456.5
42,456.6
26,456.8
61,457.0
0,457.1
8,457.2
40,457.3
35,457.6
23,457.8
31,458.1
21,458.7
4,460.0
11,460.1
1,460.2
22,460.3
37,460.5
15,460.6
29,460.9
57,460.9
55,461.0
27,461.0
53,461.0
16,461.9
36,462.3
5,463.3
58,463.6
34,464.2
28,464.5
30,465.2
33,465.2
10,465.4
39,465.4
59,465.5
25,465.8
56,465.9
60,465.9
24,466.0
42,466.0
8,466.9
9,467.1
3,467.4
12,467.7
50,467.7
45,467.9
47,468.9
31,469.0
46,469.1
35,469.1
6,469.8
38,470.1
61,470.3
51,470.7
20,470.8
27,471.2
22,471.4
15,471.8
62,471.9
58,473.1
49,473.1
32,473.6
53,473.9
48,474.5
5,475.1
29,475.2
52,475.5
34,475.5
57,476.1
16,476.7
45,476.8
26,477.1
1,477.2
25,477.4
60,477.5
42,477.7
36,478.3
12,478.5
47,478.6
30,479.0
44,479.1
38,479.4
8,479.5
40,479.7
33,480.1
50,480.3
61,480.3
55,480.4
21,480.4
59,480.9
9,480.9
35,481.1
6,481.5
31,481.7
24,481.8
56,482.6
28,482.6
14,483.2
15,483.3
22,483.5
53,483.7
32,483.9
52,485.8
19,486.0
58,486.1
20,486.1
25,486.4
3,486.5
16,487.0
27,487.0
36,488.2
49,488.2
57,488.2
60,488.2
30,488.5
47,489.1
12,489.3
17,490.0
61,490.5
38,490.6
26,490.7
37,491.1
5,491.2
51,491.3
9,492.0
54,492.0
11,492.0
10,492.4
44,492.6
1,492.6
34,492.8
28,493.1
33,493.3
55,493.7
0,493.9
56,494.1
6,494.2
32,494.5
53,495.4
14,495.4
42,496.0
16,497.3
3,497.8
23,499.0
25,499.1
29,499.2
13,499.6
48,500.3
45,500.3
38,500.3
8,500.3
47,500.4
30,500.6
20,500.7
50,500.8
35,500.8
57,501.1
52,501.1
40,501.5
15,501.7
31,502.3
12,502.4
49,502.8
22,502.8
62,503.0
36,503.1
24,503.1
51,503.4
9,503.5
26,503.7
44,504.1
60,504.3
1,504.9
7,505.3
61,505.4
11,505.4
6,507.1
5,507.2
28,507.3
58,507.3
17,507.7
32,507.8
21,507.9
16,508.0
0,508.5
33,508.9
56,509.0
25,509.1
59,509.4
53,509.5
47,509.7
8,510.0
45,510.3
42,510.3
23,511.0
38,511.1
54,512.9
46,513.0
10,513.0
40,513.3
50,513.8
57,513.8
51,514.1
4,514.2
12,514.3
13,514.6
22,514.7
44,514.7
29,514.9
9,515.0
14,515.3
15,515.4
3,515.5
27,515.9
55,517.3
6,517.4
30,518.2
25,518.5
62,518.5
21,518.9
36,518.9
59,519.8
11,519.9
7,520.0
58,520.0
32,520.1
31,520.8
2,521.0
53,521.1
48,521.2
8,521.2
47,521.7
60,522.3
33,522.4
42,522.9
5,523.0
16,523.5
57,523.7
17,523.9
26,524.3
1,524.6
45,524.6
49,524.6
52,524.9
51,525.2
22,525.7
20,525.9
0,526.1
15,526.8
13,526.9
38,527.3
34,527.6
30,528.3
12,528.5
50,528.9
58,529.1
44,529.2
56,530.0
40,530.1
21,530.9
23,531.4
9,531.4
46,531.6
47,531.9
28,532.0
35,532.1
36,532.4
61,532.4
11,532.5
6,532.7
53,532.7
48,533.6
2,534.2
1,534.3
57,534.6
8,535.0
31,535.3
59,535.6
10,536.0
60,536.2
29,537.3
17,537.3
51,537.4
5,537.4
0,537.5
15,537.6
22,537.8
38,537.8
52,538.8
49,538.9
32,539.8
33,540.4
13,540.4
45,540.6
37,541.4
6,541.5
26,541.9
12,541.9
58,542.0
44,543.1
4,543.2
42,543.3
16,543.5
56,543.7
48,545.0
11,545.2
61,545.3
7,545.9
35,545.9
62,546.2
8,546.2
27,546.3
50,546.4
57,546.4
1,546.9
51,547.1
25,547.6
22,547.7
9,547.8
21,547.8
36,548.1
53,548.2
0,548.4
38,548.5
46,548.9
15,549.1
60,549.2
29,549.2
30,549.8
10,550.2
45,550.6
3,551.0
52,552.6
37,552.7
2,553.1
4,553.6
31,553.8
47,554.4
13,554.7
34,555.0
26,555.5
59,555.7
16,555.9
61,556.0
56,556.3
57,556.8
12,557.6
17,557.6
25,557.9
53,558.2
42,558.3
21,558.9
33,559.1
5,559.3
1,559.4
27,560.4
0,560.5
6,561.0
9,561.1
36,561.2
22,561.4
60,561.7
15,561.8
29,561.8
8,562.4
3,562.5
58,563.0
18,563.2
40,563.3
7,563.4
48,563.4
11,563.6
19,564.2
10,564.7
14,564.8
49,565.5
13,565.7
17,566.3
37,566.9
62,567.0
46,567.1
31,567.3
44,567.6
38,567.9
56,568.2
47,568.5
26,569.2
61,569.5
59,569.6
25,569.8
2,569.9
30,570.1
35,570.1
51,570.4
57,570.9
12,571.1
16,571.2
8,572.3
29,572.6
21,572.8
23,573.1
1,573.2
34,573.6
32,573.7
4,573.8
42,574.2
6,574.2
15,574.6
5,574.6
0,575.7
3,576.3
19,576.4
52,576.9
60,577.2
46,577.8
7,579.5
44,579.6
38,579.7
18,579.7
47,579.8
59,580.1
33,580.4
45,580.6
36,580.6
56,581.1
58,581.2
12,581.3
50,581.7
25,582.3
62,582.7
13,583.1
9,583.9
6,584.2
4,584.3
16,584.3
27,584.5
55,584.8
29,585.0
48,585.0
8,585.2
22,585.6
61,586.3
32,586.3
15,586.4
34,586.5
17,586.6
2,587.0
0,587.3
5,587.9
23,587.9
1,588.2
30,588.4
21,588.5
26,589.1
36,589.6
3,589.6
19,589.8
31,589.8
53,590.6
11,590.9
25,591.4
12,591.4
37,591.6
10,591.8
44,592.0
46,592.4
13,594.2
59,594.4
50,594.9
58,595.1
57,595.3
20,597.1
6,598.1
9,598.5
7,598.7
17,598.9
48,599.0
29,599.6
45,600.0
19,600.3
51,600.3
42,600.7
30,600.7
60,600.9
33,601.4
36,601.5
53,601.5
25,601.7
61,601.8
56,602.1
3,602.4
11,602.5
15,602.9
44,603.6
22,603.8
2,604.1
55,604.3
0,604.9
13,605.0
12,605.0
40,605.1
50,606.0
31,606.2
32,606.7
8,606.8
16,607.1
17,607.7
47,608.0
20,608.3
5,608.6
34,608.9
26,609.3
52,609.7
28,610.1
18,610.7
62,611.1
53,611.6
51,611.8
48,612.1
21,612.4
9,612.6
42,612.9
30,612.9
6,613.1
45,613.3
7,613.6
61,614.0
24,614.3
23,614.5
1,614.9
46,615.0
60,615.1
29,616.3
2,616.6
14,616.7
12,617.1
0,618.0
58,618.2
50,618.8
3,619.0
11,619.0
59,619.1
35,619.3
16,619.7
36,619.8
19,620.1
31,620.8
51,620.9
26,621.1
53,621.2
13,621.2
20,621.3
22,621.3
5,621.3
8,621.5
44,621.7
10,621.9
25,622.0
42,622.2
40,622.8
45,623.2
6,624.5
7,624.5
15,626.0
61,626.2
28,626.3
37,626.3
52,627.5
47,627.6
21,628.8
48,629.7
4,630.0
29,630.2
46,630.6
16,631.0
2,631.1
13,631.2
8,631.5
31,631.6
19,631.6
51,631.6
42,632.0
30,632.2
25,632.5
20,632.7
5,633.0
53,633.4
0,633.4
45,633.6
9,633.9
14,634.9
44,635.4
3,635.9
24,636.1
6,636.3
7,636.4
12,636.6
38,636.7
40,637.1
15,637.1
23,637.1
10,637.4
17,637.7
47,638.6
35,639.2
57,639.5
26,640.0
50,640.3
60,640.4
21,641.4
1,641.7
61,642.2
37,642.4
4,642.8
39,642.9
48,643.0
45,643.0
29,643.5
53,643.9
8,644.1
25,645.1
42,645.1
7,645.8
56,646.2
13,646.3
5,646.6
9,646.7
12,646.9
38,647.0
20,647.1
23,647.9
16,647.9
6,648.4
31,648.4
0,648.8
17,648.9
15,649.3
32,650.6
2,650.7
19,650.9
14,651.0
11,651.6
51,651.7
55,652.4
4,652.5
10,653.6
37,653.7
40,654.4
57,654.5
61,654.7
26,654.8
27,655.1
47,655.4
42,655.6
8,655.8
56,656.1
22,656.3
7,656.4
34,656.4
28,656.5
44,656.6
53,657.2
25,657.3
36,657.3
9,657.4
48,657.6
1,658.0
38,658.4
21,659.1
31,659.1
12,659.2
6,659.7
23,659.9
60,659.9
5,660.2
46,660.3
0,660.9
17,661.6
14,662.1
35,662.7
19,662.8
32,663.0
39,663.5
52,663.8
16,664.0
15,664.4
42,665.9
25,666.4
22,666.5
53,666.7
50,666.8
2,666.8
29,667.0
44,667.0
7,667.2
13,667.4
51,668.0
38,668.9
9,668.9
40,669.0
62,669.7
23,669.8
58,669.8
37,670.1
60,670.5
3,670.6
11,671.0
8,671.3
6,671.3
17,671.3
61,671.7
20,671.8
12,672.1
19,672.2
47,672.5
49,672.6
45,673.1
10,673.1
30,673.4
5,674.0
0,674.2
34,674.8
21,675.1
27,675.5
31,675.9
16,676.4
25,676.4
48,676.5
7,676.6
53,678.2
56,678.6
51,678.7
14,678.9
35,678.9
2,679.9
50,680.4
9,680.5
44,680.6
22,680.8
57,681.1
42,681.1
38,681.4
23,681.5
13,681.9
3,682.2
60,682.4
15,682.5
58,682.9
26,683.0
12,683.0
47,683.2
32,683.3
36,684.6
27,684.8
62,685.2
5,686.1
7,686.1
0,686.4
52,686.5
21,686.7
37,687.7
53,687.8
1,688.8
10,689.0
56,689.7
45,689.9
51,690.7
44,690.9
16,691.0
48,691.1
6,691.4
19,691.4
11,691.5
57,691.8
58,691.9
9,692.2
2,692.4
49,693.2
12,693.6
23,695.0
35,695.1
40,695.3
8,695.4
61,695.7
42,696.2
25,696.8
38,696.9
53,697.1
52,697.3
32,697.4
20,697.8
7,697.8
27,698.0
5,698.5
3,698.9
33,699.0
36,699.1
26,699.2
1,700.5
45,700.6
21,700.9
59,701.3
44,701.4
60,701.4
6,701.6
15,701.7
0,702.4
58,702.8
56,703.0
51,703.1
37,703.2
12,703.6
30,703.6
16,703.8
50,703.8
14,705.5
55,706.0
22,706.6
32,706.9
13,707.3
42,707.6
20,707.7
57,707.9
7,708.3
31,708.4
34,708.9
17,709.4
38,709.5
61,709.7
8,709.7
45,709.9
5,710.0
53,710.2
9,710.3
23,711.0
25,711.6
11,711.7
0,712.3
33,712.3
52,712.4
3,712.5
44,712.7
30,713.1
62,713.2
28,713.3
2,713.5
60,713.8
49,714.3
12,714.4
15,715.2
16,716.6
10,717.5
1,717.9
32,718.6
22,718.7
42,718.7
48,718.8
53,719.0
34,719.1
17,719.1
27,720.1
61,720.2
8,720.7
7,720.7
25,720.9
6,721.0
47,721.1
20,721.3
38,721.3
26,721.5
14,721.7
5,723.3
56,723.6
3,723.7
23,723.7
36,723.9
44,724.5
11,724.6
9,724.9
62,724.9
0,725.7
52,725.8
29,725.8
12,725.9
21,726.1
46,726.2
55,726.2
35,726.6
58,726.6
40,726.7
15,727.7
16,728.1
42,728.4
28,729.6
34,730.0
32,730.5
54,730.5
53,731.1
37,731.2
38,731.2
8,731.4
17,731.6
14,732.5
6,732.6
7,733.0
1,733.4
10,733.9
5,734.3
56,734.4
61,734.6
22,734.9
48,734.9
60,734.9
3,735.6
33,735.7
49,736.6
44,736.9
11,737.0
58,737.1
12,737.1
40,737.5
13,737.9
57,738.4
21,739.0
19,739.0
24,739.0
15,739.8
53,740.3
38,741.0
25,741.7
8,741.7
54,742.1
42,742.4
62,743.5
6,743.5
17,743.6
56,743.7
16,743.9
20,744.3
23,744.7
46,744.9
32,745.0
29,745.2
34,745.7
26,745.9
30,745.9
61,746.0
58,746.2
10,746.4
22,746.6
2,747.1
5,748.4
0,748.9
52,749.4
3,749.4
1,749.4
14,749.6
40,749.6
47,749.6
36,749.7
45,749.8
21,750.7
9,750.8
12,751.3
25,751.4
35,751.7
15,751.9
44,752.1
13,752.1
7,752.9
42,753.0
28,753.0
24,753.4
27,754.0
38,754.6
6,754.7
11,754.9
51,755.1
62,755.8
48,756.8
56,756.8
61,757.0
8,757.0
34,757.7
32,757.9
20,758.0
26,758.8
29,758.9
58,759.5
55,759.9
54,760.4
60,760.7
5,760.8
10,761.2
0,761.4
14,761.6
46,762.1
36,763.0
12,763.1
15,763.3
37,763.7
42,763.7
13,764.8
40,765.0
22,765.1
47,765.2
51,765.4
25,765.6
7,765.8
11,766.3
9,766.5
3,767.0
56,767.5
61,767.5
2,767.6
44,767.8
28,767.8
27,767.9
21,769.3
16,769.5
41,769.6
8,769.7
53,770.4
60,770.5
48,770.6
6,771.4
30,771.4
33,771.7
35,771.7
52,771.9
17,772.1
24,772.2
45,772.7
31,772.9
0,773.1
20,773.3
5,773.4
26,773.6
42,773.6
38,773.7
12,774.2
29,774.9
22,775.0
54,775.0
34,775.4
7,775.6
10,775.9
15,775.9
51,776.2
62,776.3
50,776.6
40,777.0
47,777.1
37,777.2
57,777.8
36,778.8
14,779.1
32,779.1
1,779.1
55,779.2
9,779.5
16,780.2
46,780.2
44,781.0
58,781.8
6,781.9
60,781.9
21,781.9
13,782.0
61,782.3
2,782.3
31,782.7
4,782.8
17,782.9
38,783.0
45,783.3
11,783.9
12,784.1
22,784.6
25,784.8
0,785.2
41,785.4
8,785.6
42,785.6
47,787.2
26,787.6
7,787.6
15,787.8
53,787.8
5,787.9
33,788.0
39,788.4
37,788.5
52,789.6
14,789.6
34,789.7
24,789.8
23,790.1
56,790.3
29,791.1
27,791.4
60,791.4
6,791.6
36,791.8
51,791.8
17,792.1
61,793.0
57,793.1
38,793.5
28,794.1
4,794.4
21,794.5
25,794.5
19,794.5
54,794.5
13,794.7
2,795.3
49,795.4
16,795.5
44,795.5
31,795.6
10,795.7
22,795.8
48,795.8
50,795.9
40,796.3
47,796.4
12,796.7
8,798.0
9,798.7
59,798.8
41,799.0
20,800.2
53,800.3
14,800.8
56,800.8
6,801.0
0,801.0
26,801.1
15,801.2
52,802.0
23,802.2
51,802.3
19,803.6
3,803.8
37,804.0
57,804.3
4,804.8
13,804.9
60,805.0
42,805.0
16,805.7
21,805.9
22,806.4
55,806.5
33,806.6
7,806.7
2,806.9
31,807.3
5,807.8
39,808.3
47,809.0
10,809.0
30,809.2
1,809.3
24,809.9
8,810.0
61,810.1
50,810.4
12,811.4
44,811.9
53,812.1
23,812.5
6,812.5
11,812.6
59,812.9
36,813.0
46,813.0
15,813.4
41,813.5
45,814.6
25,815.0
26,815.1
9,815.2
34,815.5
60,816.2
21,816.6
19,816.8
38,817.1
13,817.3
48,817.6
31,817.9
49,818.0
3,818.1
2,818.2
52,818.5
14,818.5
58,818.9
57,819.4
22,820.1
5,820.1
17,820.4
16,820.5
29,820.7
33,820.9
6,821.8
12,821.9
55,821.9
53,822.2
8,822.3
56,823.3
1,824.3
62,824.4
35,824.4
59,824.7
46,824.8
15,824.8
51,824.8
37,825.0
25,825.3
24,825.5
23,826.3
38,826.5
42,826.5
61,826.8
32,827.9
60,828.0
44,828.4
9,828.5
19,828.7
58,828.9
47,829.1
52,829.4
30,829.4
48,830.2
21,830.7
0,830.8
11,831.0
16,831.0
7,831.1
17,831.2
10,832.2
12,832.6
56,832.8
31,832.9
26,833.3
55,833.3
5,834.3
22,834.4
40,834.7
51,834.9
25,834.9
53,835.1
50,835.1
2,835.8
6,835.8
29,835.9
8,836.1
57,836.1
45,836.1
38,836.4
42,836.6
1,837.3
33,837.6
13,837.6
47,837.8
60,837.9
19,838.4
46,838.4
15,838.7
41,838.8
24,839.0
54,839.1
3,839.4
37,839.8
58,841.1
44,841.2
52,841.7
62,842.4
48,842.5
12,842.6
21,842.8
4,842.9
0,843.1
7,843.2
17,843.2
59,843.4
9,843.5
61,843.8
25,844.7
53,844.8
31,844.8
45,845.1
16,845.3
27,845.8
30,846.1
56,846.9
1,847.0
60,847.6
26,847.8
19,847.8
42,847.9
38,849.0
8,849.1
47,849.4
33,849.7
29,849.8
34,850.0
57,850.0
23,850.3
58,850.4
50,850.7
49,851.1
40,851.3
55,851.4
3,851.4
24,852.3
46,852.9
52,853.0
5,853.1
4,853.4
12,853.8
53,854.3
45,854.5
9,854.5
15,855.1
61,855.3
6,855.9
14,856.3
41,856.4
7,856.6
30,856.6
48,857.3
19,857.3
60,857.6
21,857.9
39,857.9
62,858.4
31,858.4
44,858.7
27,859.5
22,859.7
42,859.7
11,859.8
38,860.4
37,860.8
36,861.0
58,861.2
1,861.3
34,861.8
0,862.3
52,862.9
59,863.1
25,864.6
3,864.7
6,865.0
12,865.2
51,865.5
30,865.8
5,865.9
16,866.2
9,866.3
53,866.8
45,867.2
24,867.4
15,867.8
56,867.8
60,867.8
47,868.0
4,868.5
48,868.9
33,869.4
32,869.7
38,869.7
46,869.9
21,870.4
57,870.6
8,870.6
28,871.3
22,871.6
41,871.6
11,871.8
31,871.8
1,872.6
52,872.7
61,873.4
49,873.6
58,873.8
42,873.9
2,874.0
6,874.6
29,875.0
7,875.1
37,875.3
51,875.3
26,875.7
13,875.8
3,875.9
4,877.0
19,877.2
30,877.2
59,877.4
12,877.7
60,877.9
53,877.9
17,878.2
0,878.8
47,879.0
9,879.9
56,880.0
8,880.2
50,880.4
5,880.4
34,880.5
15,881.1
38,881.4
55,881.5
16,882.0
21,882.2
27,882.4
42,883.3
57,883.5
40,883.9
58,884.3
52,884.4
32,884.6
51,884.6
31,884.7
1,885.6
14,885.6
7,885.6
48,886.2
6,886.6
24,886.6
13,887.0
28,887.3
62,887.5
53,887.6
45,887.8
33,888.1
47,888.4
12,889.2
0,889.9
11,890.1
56,890.2
22,890.6
60,891.3
8,891.4
38,891.6
2,892.0
23,893.1
9,893.1
21,893.1
42,893.3
44,893.7
3,893.8
29,894.0
5,894.0
16,894.0
19,894.2
30,894.3
15,895.4
58,895.6
52,895.9
40,896.6
32,896.8
1,897.6
26,898.0
53,898.2
41,898.4
27,898.4
48,898.6
31,898.7
55,899.6
12,899.7
7,900.3
13,900.5
37,900.9
14,901.1
17,901.2
47,901.5
22,901.5
8,901.6
24,901.7
59,901.9
46,902.1
36,902.5
11,903.1
56,903.4
61,903.7
60,903.8
51,903.8
25,904.1
4,904.4
21,904.6
42,904.9
57,905.0
6,905.6
44,906.3
62,906.4
15,906.5
0,906.7
9,907.2
19,907.5
53,907.9
23,909.4
29,909.6
41,909.6
1,909.6
5,909.6
52,909.7
33,909.8
13,911.0
32,911.2
28,911.3
30,911.3
49,911.3
17,911.5
8,911.9
38,912.0
27,912.5
26,912.5
10,912.5
58,912.7
7,912.9
46,912.9
12,912.9
16,913.1
2,913.4
45,914.5
25,914.6
34,914.7
57,914.7
22,914.9
42,915.0
51,915.1
36,915.9
4,916.1
40,916.2
19,917.5
61,917.8
44,917.9
37,918.2
0,918.8
15,919.0
60,919.1
48,919.2
41,919.7
35,920.3
1,921.0
5,921.1
11,921.2
62,921.2
21,921.5
58,921.6
56,921.6
9,921.8
52,922.2
31,922.3
24,922.9
12,923.2
16,923.2
30,923.4
47,923.5
7,924.0
57,924.3
22,925.5
28,925.7
42,925.7
46,925.8
49,925.8
10,925.8
13,927.2
36,927.3
6,927.4
8,927.6
53,927.6
19,927.8
45,928.7
4,930.0
14,930.0
60,931.3
26,931.6
61,931.7
1,931.8
34,931.8
5,932.3
51,932.3
38,932.4
52,932.6
11,932.6
15,933.0
58,933.1
0,933.3
16,933.4
41,933.4
12,933.5
3,933.6
56,933.8
47,934.1
37,934.6
7,935.1
30,935.2
9,935.6
32,935.8
20,936.0
21,936.3
27,936.4
44,936.5
36,937.2
28,937.3
48,937.7
35,937.8
49,937.9
22,938.1
57,938.3
55,938.4
19,938.5
33,938.6
6,938.9
29,939.1
31,939.2
13,939.4
23,940.0
46,940.2
8,940.2
17,940.6
51,941.6
42,941.7
4,942.2
45,942.2
14,942.4
47,943.5
52,944.2
58,944.4
40,944.7
15,944.8
12,945.0
7,945.0
16,945.0
11,945.1
10,945.4
56,946.5
1,946.8
19,947.3
62,947.6
36,948.3
5,948.9
22,949.0
0,949.0
6,949.2
38,949.9
17,950.2
48,950.5
32,950.6
13,950.7
20,951.3
60,951.7
9,952.0
8,952.3
35,952.3
29,952.4
42,952.4
46,953.6
31,953.9
14,955.1
52,955.3
15,955.5
49,955.9
61,955.9
12,955.9
53,956.0
28,956.1
45,956.1
7,956.2
26,956.2
41,956.5
47,956.5
30,956.7
33,956.8
2,956.8
40,957.7
56,958.2
19,958.3
1,958.4
16,959.2
36,959.3
4,959.5
6,959.9
38,960.0
3,960.3
11,960.7
50,961.0
0,961.0
22,961.5
58,961.7
23,961.8
51,961.9
25,962.0
8,962.3
32,962.4
57,962.8
42,963.2
10,963.3
5,963.5
21,963.8
44,964.0
9,964.2
13,964.4
37,965.2
14,965.2
34,965.7
30,966.2
29,966.9
53,967.1
7,967.2
15,967.8
49,968.5
12,968.6
19,968.6
26,968.9
4,969.1
33,969.4
28,969.4
2,969.8
52,970.1
38,970.2
17,970.4
55,970.6
16,971.0
61,971.3
51,971.4
48,971.6
0,972.1
36,972.2
46,972.3
45,972.5
3,973.9
22,975.2
6,975.3
14,975.4
11,975.5
42,975.5
44,975.8
56,975.9
21,976.0
35,976.1
8,976.3
34,976.9
54,977.1
30,977.1
1,977.1
47,977.6
19,977.7
18,978.1
23,978.4
50,978.4
10,978.7
20,978.9
15,979.2
31,979.2
12,979.4
40,979.5
58,979.9
9,980.1
32,980.2
17,980.3
25,981.7
13,981.9
52,982.1
7,982.4
16,982.8
33,982.9
49,983.2
0,983.6
46,983.7
29,983.9
36,984.6
28,985.3
45,985.8
56,986.6
5,987.1
42,987.2
43,987.4
34,987.4
30,987.5
21,987.8
14,988.3
61,988.7
22,988.9
8,989.0
58,989.3
48,989.7
3,989.9
26,990.0
12,990.1
55,990.5
17,990.9
25,991.2
2,991.8
32,991.8
7,992.3
35,992.3
9,992.3
13,992.6
20,992.7
4,993.0
54,993.4
52,993.5
44,993.8
50,994.0
23,994.3
18,994.5
15,994.7
11,994.8
36,995.0
31,995.6
47,995.7
62,996.0
29,996.6
19,996.7
16,996.8
45,996.9
56,997.1
42,997.1
6,997.8
33,998.8
21,999.2
14,999.5
8,999.7
38,1000.0
27,1000.0
30,1000.7
61,1000.7
10,1000.8
49,1001.5
32,1001.6
46,1001.8
0,1001.9
12,1002.0
22,1002.4
60,1002.4
26,1002.4
34,1002.7
7,1003.2
52,1003.6
41,1004.6
44,1004.8
37,1005.0
53,1005.1
54,1005.2
47,1005.5
5,1005.7
9,1006.0
43,1006.1
3,1006.3
17,1006.4
50,1006.6
2,1007.0
62,1007.1
45,1007.8
6,1007.9
42,1008.1
20,1008.2
56,1008.3
36,1008.5
15,1008.6
13,1009.0
16,1009.5
23,1010.3
29,1010.4
31,1010.4
48,1010.6
30,1011.1
25,1011.5
58,1011.8
40,1012.1
61,1012.6
21,1013.0
27,1013.1
32,1013.8
4,1014.4
26,1014.4
28,1014.6
12,1014.7
60,1014.7
10,1014.9
14,1014.9
8,1015.7
7,1016.1
22,1016.9
52,1017.1
11,1017.3
42,1017.3
53,1017.5
47,1017.6
46,1018.1
1,1018.3
44,1019.0
51,1019.0
41,1019.5
2,1020.0
50,1020.1
15,1020.3
56,1020.5
62,1020.6
31,1021.0
25,1021.0
23,1021.1
37,1021.3
17,1021.6
9,1022.1
29,1022.5
5,1022.7
16,1022.8
48,1022.8
35,1023.1
61,1023.3
45,1023.8
40,1023.8
21,1024.0
54,1024.2
18,1025.1
30,1025.3
32,1025.7
33,1025.7
3,1026.1
4,1026.5
60,1026.8
13,1027.1
53,1027.2
12,1027.2
47,1027.6
22,1028.2
39,1029.2
38,1029.2
8,1029.2
1,1030.4
31,1030.5
34,1030.5
7,1030.9
36,1031.0
46,1031.1
17,1031.4
10,1032.2
26,1032.5
44,1033.4
58,1033.9
5,1034.0
27,1034.8
48,1034.9
25,1035.1
4,1035.3
21,1035.4
20,1035.7
50,1036.1
35,1036.1
16,1036.2
11,1036.9
28,1037.4
12,1037.6
23,1038.1
42,1038.2
15,1038.3
51,1038.8
38,1038.9
61,1039.4
3,1039.8
56,1040.0
6,1040.2
40,1040.2
49,1040.3
52,1040.6
8,1041.1
53,1041.6
31,1041.6
1,1041.6
45,1042.0
60,1042.1
29,1042.1
13,1042.2
22,1042.2
0,1042.6
2,1042.6
62,1043.4
14,1043.6
33,1043.8
55,1044.3
32,1044.4
7,1044.5
25,1045.0
30,1045.0
34,1045.3
43,1045.4
41,1045.9
5,1045.9
44,1046.2
21,1046.2
46,1047.2
26,1047.3
4,1047.3
16,1047.4
47,1048.1
59,1049.6
12,1049.8
39,1049.9
42,1050.0
36,1050.1
17,1050.3
48,1050.3
50,1050.4
6,1050.4
35,1051.3
45,1051.4
53,1051.6
61,1051.7
40,1051.7
37,1051.8
15,1052.1
49,1052.6
23,1052.6
13,1053.0
28,1053.5
31,1053.6
8,1053.8
9,1053.9
20,1054.1
60,1055.8
51,1056.0
32,1056.2
1,1056.3
52,1056.6
7,1056.8
22,1056.8
3,1057.0
21,1057.3
10,1057.8
4,1057.9
30,1058.1
57,1058.5
55,1058.8
29,1059.0
6,1059.8
25,1059.9
5,1060.2
44,1060.3
16,1060.3
38,1060.7
17,1061.4
12,1061.9
45,1062.4
13,1063.0
61,1063.1
42,1063.7
23,1063.8
58,1063.9
2,1064.0
28,1064.4
59,1064.5
15,1064.6
49,1064.7
51,1066.2
20,1066.3
34,1066.8
47,1066.8
40,1067.0
62,1067.6
21,1067.8
48,1068.0
30,1068.4
1,1068.5
8,1068.8
46,1069.2
54,1069.3
39,1069.4
33,1069.5
10,1069.8
60,1069.8
36,1070.3
25,1070.4
17,1070.4
3,1070.6
16,1070.8
32,1070.9
11,1071.2
31,1072.3
12,1072.3
9,1072.5
41,1072.6
6,1072.7
57,1073.9
52,1074.5
5,1074.6
42,1074.6
61,1074.7
7,1075.1
51,1075.5
26,1075.9
49,1076.0
50,1076.1
38,1076.5
44,1076.5
14,1076.5
15,1076.5
47,1077.2
13,1077.6
58,1077.7
34,1077.9
23,1078.1
29,1078.4
45,1078.5
21,1078.8
22,1079.1
2,1079.3
1,1079.6
55,1079.6
35,1079.7
8,1079.9
36,1080.0
56,1080.3
40,1080.7
28,1080.8
16,1081.0
25,1081.7
54,1082.4
10,1082.6
33,1082.6
19,1082.8
62,1083.0
60,1083.0
6,1083.2
17,1083.4
12,1083.5
31,1083.8
42,1084.1
46,1084.1
0,1084.2
30,1084.3
3,1084.9
61,1085.2
20,1085.5
9,1085.5
38,1086.1
5,1086.2
41,1087.7
58,1087.9
7,1088.2
37,1088.3
51,1088.5
39,1088.5
27,1088.6
34,1088.9
24,1089.2
36,1090.1
22,1090.3
56,1090.4
11,1090.5
26,1090.6
59,1091.0
15,1091.2
32,1091.2
57,1091.5
49,1091.9
25,1092.2
16,1092.6
35,1092.8
52,1092.9
40,1093.1
17,1093.2
47,1093.5
14,1094.4
28,1094.5
12,1094.8
21,1094.9
42,1094.9
19,1095.0
45,1095.9
38,1096.3
1,1096.4
8,1096.9
44,1097.2
2,1097.3
6,1097.8
46,1097.8
3,1097.8
9,1097.8
51,1097.9
10,1098.0
30,1098.0
4,1098.5
7,1099.0
18,1099.3
53,1099.9
34,1100.1
61,1100.8
33,1100.9
59,1101.4
13,1101.7
5,1102.1
36,1102.2
31,1102.2
0,1102.3
37,1102.7
23,1103.0
25,1103.0
16,1103.5
11,1103.5
22,1103.5
32,1103.5
58,1103.6
39,1103.6
19,1104.7
60,1104.7
54,1105.2
42,1105.3
45,1105.4
48,1105.5
50,1105.8
57,1105.9
56,1106.1
12,1106.6
27,1107.0
52,1107.3
6,1107.4
30,1107.5
38,1107.7
21,1107.8
26,1108.3
3,1109.4
9,1109.7
28,1110.1
44,1110.4
35,1110.4
2,1110.7
62,1110.7
53,1111.1
24,1111.6
51,1112.1
17,1113.0
32,1113.0
40,1113.1
34,1113.3
13,1113.4
10,1113.8
61,1114.0
47,1114.3
41,1114.7
5,1114.8
37,1115.2
18,1115.2
46,1115.5
19,1115.6
7,1115.9
36,1116.1
57,1116.8
12,1116.9
33,1117.1
16,1117.2
59,1117.3
27,1117.5
23,1117.6
1,1117.7
60,1117.7
11,1117.8
15,1118.8
21,1119.6
26,1119.9
48,1119.9
30,1120.8
9,1121.2
6,1121.3
28,1121.4
3,1121.5
53,1121.8
39,1122.8
61,1123.8
49,1124.0
32,1124.8
34,1124.9
50,1125.2
29,1125.2
44,1125.3
38,1125.7
36,1125.9
22,1126.1
35,1126.9
19,1127.2
12,1127.3
20,1127.5
5,1128.0
13,1128.2
27,1128.2
7,1128.7
17,1129.1
59,1129.4
52,1129.8
1,1129.8
8,1130.4
33,1130.4
37,1130.6
11,1130.7
14,1131.3
10,1131.6
15,1131.6
2,1132.3
3,1132.4
25,1132.6
58,1132.7
48,1133.6
47,1134.0
57,1134.2
23,1134.3
42,1134.4
0,1134.5
45,1134.8
56,1135.0
60,1135.6
44,1135.7
38,1135.9
34,1136.1
51,1136.5
21,1136.5
9,1136.7
4,1137.0
61,1137.3
17,1138.1
7,1138.7
26,1138.8
30,1139.2
28,1139.5
36,1139.8
59,1140.3
1,1140.4
31,1140.4
16,1141.1
13,1141.9
52,1142.0
53,1142.1
12,1142.1
5,1142.5
58,1143.0
32,1143.2
6,1143.7
15,1143.7
18,1144.0
57,1144.2
27,1144.2
3,1144.7
4,1146.0
38,1146.0
46,1146.0
54,1146.9
34,1147.2
33,1147.7
44,1148.6
9,1148.6
25,1149.0
21,1149.5
47,1149.8
36,1149.8
60,1150.0
61,1150.0
0,1150.2
11,1150.4
1,1150.8
49,1151.0
31,1151.4
30,1152.0
13,1152.4
12,1152.5
53,1153.2
48,1153.3
7,1153.5
45,1153.6
37,1154.0
55,1154.2
6,1154.3
50,1154.3
52,1155.0
2,1155.3
5,1155.3
57,1155.4
38,1156.1
59,1156.3
10,1156.7
40,1156.7
46,1156.9
15,1157.3
29,1157.6
58,1157.7
35,1159.3
34,1160.6
3,1160.7
9,1161.8
1,1161.9
44,1162.3
21,1163.2
53,1163.4
19,1164.4
36,1164.5
47,1164.8
50,1165.0
38,1165.2
39,1165.2
43,1165.3
31,1165.6
61,1165.7
48,1165.8
6,1165.8
54,1166.0
23,1166.2
26,1166.3
11,1166.6
7,1166.7
49,1166.9
58,1167.7
37,1168.2
5,1168.2
15,1168.3
13,1168.5
12,1168.5
10,1169.0
29,1169.5
52,1171.1
1,1171.6
24,1172.0
32,1172.2
45,1172.3
9,1172.3
3,1172.4
57,1172.4
35,1172.4
53,1172.8
51,1173.0
46,1173.1
30,1173.4
55,1173.8
40,1173.9
60,1174.1
27,1174.7
0,1174.7
21,1175.1
44,1175.4
36,1175.9
34,1176.1
2,1176.2
48,1176.8
58,1177.0
28,1177.1
61,1177.2
31,1177.4
6,1177.6
47,1178.6
56,1179.5
15,1179.9
23,1180.1
12,1180.6
49,1180.6
50,1180.8
5,1180.9
25,1181.4
10,1181.9
7,1182.2
1,1182.3
3,1183.1
43,1183.2
33,1183.7
30,1183.8
45,1184.1
57,1184.1
29,1184.8
53,1185.0
17,1185.2
52,1185.7
32,1186.1
36,1186.1
19,1186.2
40,1186.3
59,1186.8
58,1186.9
51,1186.9
26,1187.1
9,1187.2
60,1187.4
11,1187.5
42,1187.7
34,1188.0
61,1188.4
28,1189.4
21,1189.6
48,1190.2
0,1190.3
6,1190.3
56,1190.7
20,1190.8
25,1191.9
5,1192.3
37,1193.0
24,1193.4
27,1193.6
3,1193.9
15,1194.0
1,1194.6
57,1194.7
35,1194.8
19,1195.2
49,1195.3
10,1195.6
17,1196.0
45,1196.2
31,1196.2
46,1196.6
23,1196.9
30,1197.1
32,1197.3
51,1197.3
60,1197.7
42,1197.8
52,1198.0
44,1198.1
26,1198.3
58,1198.7
11,1199.0
9,1199.0
13,1199.3
36,1199.4
12,1199.6
53,1200.1
40,1200.1
29,1201.0
21,1201.6
47,1201.7
56,1202.5
4,1202.7
0,1203.1
5,1203.9
61,1203.9
57,1204.2
38,1204.6
1,1205.7
20,1206.2
30,1206.2
19,1206.6
15,1206.6
32,1207.0
34,1207.1
3,1207.6
49,1207.8
37,1207.8
58,1208.0
60,1208.0
27,1208.1
51,1208.6
36,1209.0
53,1209.2
26,1209.5
6,1209.6
54,1209.7
7,1209.9
46,1210.3
28,1210.4
25,1211.3
50,1211.4
45,1211.5
12,1211.7
9,1212.4
11,1212.7
40,1212.7
56,1212.8
10,1212.9
22,1213.1
42,1213.4
4,1213.8
48,1213.9
16,1214.2
21,1214.9
18,1215.9
1,1216.1
31,1216.2
57,1216.3
8,1216.8
23,1217.7
52,1217.8
61,1217.9
5,1218.1
38,1218.1
60,1218.3
58,1218.5
30,1218.7
3,1218.8
43,1218.9
15,1219.0
20,1220.6
49,1220.9
6,1220.9
32,1221.0
45,1221.1
26,1221.5
28,1221.8
12,1222.0
53,1222.0
55,1222.1
29,1222.7
4,1223.3
36,1223.5
37,1224.3
44,1224.9
0,1225.1
16,1225.5
46,1225.5
31,1225.7
42,1225.9
10,1226.6
14,1226.8
8,1227.3
22,1227.3
51,1227.8
57,1228.1
30,1228.2
33,1228.2
56,1228.3
7,1228.5
23,1229.3
9,1229.4
60,1229.5
11,1229.6
38,1229.7
15,1229.9
54,1230.3
21,1230.5
58,1230.5
52,1230.6
53,1230.8
3,1230.9
40,1231.5
18,1231.6
1,1231.6
25,1232.2
32,1232.3
27,1232.5
5,1232.8
49,1233.1
12,1233.6
2,1233.7
4,1234.1
6,1234.7
45,1235.0
20,1235.1
44,1235.3
8,1237.5
42,1237.9
0,1238.1
28,1238.5
16,1238.5
10,1238.5
31,1239.2
50,1239.6
61,1239.6
30,1239.8
57,1239.8
34,1240.3
60,1240.4
41,1240.6
29,1240.7
53,1240.8
15,1240.8
23,1241.0
7,1241.2
17,1241.3
26,1241.4
38,1241.6
56,1241.9
22,1242.0
21,1244.6
40,1244.8
59,1245.3
14,1245.5
5,1246.1
51,1246.6
32,1246.7
47,1247.4
11,1247.7
12,1247.7
8,1247.8
42,1248.2
36,1249.0
58,1249.3
0,1249.4
28,1249.9
54,1250.0
33,1250.7
3,1250.8
41,1250.9
44,1250.9
30,1250.9
45,1251.1
38,1251.2
25,1251.2
53,1251.4
7,1251.5
60,1251.9
49,1252.0
46,1252.1
34,1252.1
23,1252.9
61,1252.9
52,1253.3
57,1253.6
1,1254.5
2,1254.6
4,1254.6
27,1255.2
37,1255.2
56,1255.5
15,1256.3
55,1256.3
19,1256.4
10,1257.7
14,1258.0
12,1258.2
20,1258.4
26,1258.4
5,1259.2
50,1259.2
40,1259.4
18,1260.1
59,1260.1
0,1260.4
16,1260.5
21,1260.8
28,1261.0
8,1261.0
47,1261.4
17,1261.4
44,1261.5
45,1261.6
31,1262.2
60,1262.5
46,1263.0
61,1263.1
42,1263.1
9,1264.0
34,1264.1
51,1265.9
41,1265.9
7,1266.9
24,1267.2
1,1267.6
25,1267.6
29,1267.6
23,1267.7
30,1268.2
22,1268.5
4,1268.5
12,1268.6
20,1268.7
33,1268.8
6,1268.9
27,1269.1
45,1270.9
53,1271.3
32,1271.3
0,1271.4
5,1272.3
14,1272.6
61,1273.5
60,1274.0
17,1274.3
49,1274.5
46,1274.5
16,1275.3
21,1275.5
34,1276.1
55,1276.4
51,1276.7
15,1276.8
44,1276.9
40,1277.0
25,1277.1
57,1277.2
42,1277.5
7,1277.5
19,1277.8
56,1278.1
28,1278.3
23,1278.7
26,1278.8
12,1279.7
27,1280.1
22,1280.5
4,1280.8
32,1281.7
8,1283.7
5,1283.8
20,1284.1
0,1285.0
24,1285.1
47,1285.2
41,1285.3
62,1285.5
59,1285.6
61,1285.9
29,1285.9
46,1286.0
16,1286.5
11,1286.5
14,1286.7
58,1287.6
43,1287.7
60,1287.8
57,1288.3
42,1288.3
19,1288.4
30,1288.5
23,1289.2
21,1289.3
7,1289.4
15,1289.7
1,1289.9
44,1290.6
12,1291.1
33,1291.1
34,1291.7
51,1292.9
45,1293.2
40,1293.6
26,1294.8
8,1295.2
5,1295.7
47,1295.9
25,1296.1
9,1296.5
49,1296.7
6,1296.8
3,1297.0
4,1297.2
27,1297.3
42,1297.5
48,1297.7
19,1297.7
32,1298.1
24,1298.1
38,1298.3
60,1299.0
54,1299.1
22,1299.3
41,1299.4
7,1299.5
11,1299.9
21,1300.0
53,1300.0
61,1300.3
16,1300.5
12,1301.4
62,1301.5
30,1302.0
50,1302.6
14,1303.6
51,1303.7
40,1303.9
45,1304.0
58,1304.0
57,1304.1
46,1304.2
23,1305.2
34,1305.2
17,1305.4
43,1305.5
33,1306.4
56,1307.3
15,1307.5
1,1308.4
6,1308.6
0,1308.9
3,1309.1
26,1309.4
24,1309.4
44,1309.7
10,1310.1
7,1310.2
5,1310.3
49,1310.9
19,1311.0
48,1311.9
11,1312.2
12,1312.5
20,1313.1
50,1313.3
58,1313.4
28,1313.4
30,1313.5
8,1313.6
17,1314.9
60,1315.1
16,1315.4
34,1315.4
21,1315.6
47,1315.8
57,1316.1
23,1316.4
45,1316.7
9,1316.9
2,1316.9
15,1318.8
53,1319.0
40,1319.3
42,1319.8
35,1319.8
6,1319.9
14,1320.0
1,1320.7
56,1321.0
0,1321.5
3,1322.0
30,1323.1
8,1323.3
41,1323.3
52,1323.3
33,1324.4
20,1324.6
58,1325.1
44,1325.3
24,1325.4
25,1325.8
61,1326.0
29,1326.0
12,1326.1
10,1326.2
7,1326.2
18,1326.4
57,1326.4
4,1326.5
45,1327.5
21,1327.7
39,1327.7
34,1328.0
60,1328.2
46,1328.2
38,1328.7
50,1328.8
2,1328.8
59,1328.8
53,1329.1
17,1329.2
32,1329.4
19,1329.7
27,1330.3
26,1330.4
6,1330.9
62,1331.0
31,1331.0
42,1331.1
15,1331.3
1,1332.0
11,1332.0
13,1332.1
9,1332.2
47,1332.6
23,1333.3
22,1334.1
58,1334.2
8,1334.9
41,1335.2
55,1335.2
5,1335.3
4,1336.1
12,1336.5
0,1336.5
35,1337.1
49,1337.1
30,1337.4
48,1337.6
3,1338.0
44,1338.4
45,1338.6
17,1338.7
38,1339.1
32,1339.8
19,1339.8
60,1340.1
10,1340.1
50,1340.3
52,1340.5
43,1340.7
2,1340.9
61,1341.1
56,1341.1
16,1341.2
21,1341.8
18,1342.1
33,1342.4
36,1342.4
62,1342.9
13,1343.4
24,1343.4
59,1343.5
20,1343.5
15,1343.6
6,1344.1
25,1344.2
8,1344.6
31,1345.1
58,1345.3
29,1345.8
42,1346.1
46,1346.2
11,1346.5
47,1347.0
12,1347.3
53,1347.9
39,1348.1
17,1348.2
38,1348.6
40,1348.6
5,1348.7
34,1348.9
3,1349.0
4,1349.0
26,1349.1
9,1349.7
22,1349.8
1,1350.1
51,1350.1
57,1351.1
14,1351.4
45,1351.4
16,1351.8
0,1352.4
56,1352.6
49,1352.8
10,1352.8
35,1353.0
62,1353.1
50,1353.4
2,1353.8
52,1354.0
21,1354.2
8,1354.5
55,1354.5
41,1354.9
15,1355.3
37,1355.7
44,1355.7
30,1355.9
42,1356.1
23,1356.1
47,1356.3
6,1356.4
32,1356.4
36,1356.6
58,1357.0
7,1357.3
13,1357.4
4,1358.6
61,1358.8
38,1359.2
60,1359.5
17,1360.5
48,1361.2
5,1361.3
34,1361.5
9,1361.7
3,1362.7
19,1362.8
12,1362.8
25,1363.0
29,1363.2
24,1363.7
14,1363.7
0,1364.0
26,1364.1
46,1364.1
45,1364.2
50,1365.0
51,1365.3
6,1365.9
10,1366.3
41,1366.5
11,1366.7
16,1367.0
42,1367.3
58,1367.6
8,1367.7
62,1368.0
44,1368.1
1,1368.1
47,1369.0
59,1369.0
31,1369.1
53,1369.2
21,1369.3
30,1369.4
37,1369.7
18,1370.5
56,1370.8
61,1370.9
17,1371.4
23,1371.6
49,1371.8
33,1371.8
15,1372.0
32,1372.1
5,1372.6
12,1373.4
38,1374.8
51,1375.1
29,1375.1
19,1375.9
2,1376.2
6,1376.5
60,1376.9
26,1377.6
9,1377.6
25,1377.9
57,1377.9
52,1378.1
8,1378.6
20,1378.8
10,1379.1
22,1379.2
4,1379.3
30,1379.3
3,1379.4
13,1380.1
58,1380.5
56,1380.7
34,1380.9
16,1380.9
53,1381.0
36,1381.1
0,1381.2
41,1381.8
44,1382.0
46,1382.3
48,1382.7
14,1382.8
45,1383.5
50,1383.5
15,1383.9
61,1384.2
35,1384.2
1,1384.3
12,1384.9
5,1385.4
47,1385.7
49,1385.9
32,1386.3
42,1387.0
51,1388.2
57,1388.9
19,1389.4
38,1389.4
9,1390.4
56,1390.5
8,1390.8
29,1391.1
53,1391.3
22,1391.4
3,1391.5
33,1391.9
6,1391.9
10,1392.1
20,1392.1
16,1392.1
30,1392.4
13,1393.0
60,1393.1
7,1394.0
37,1394.2
62,1394.8
46,1394.8
23,1394.9
25,1394.9
45,1395.0
0,1395.1
55,1395.6
1,1396.1
21,1396.1
42,1396.5
5,1396.5
26,1397.1
12,1397.5
47,1397.9
58,1398.2
40,1398.8
19,1399.1
15,1399.1
61,1399.2
38,1399.4
4,1399.7
53,1400.5
56,1401.5
14,1401.5
8,1401.6
6,1402.1
49,1402.4
16,1403.1
30,1403.6
31,1404.2
25,1404.5
37,1405.2
45,1405.4
3,1406.0
33,1406.1
44,1406.5
57,1406.7
62,1406.7
46,1407.0
51,1407.2
5,1407.4
21,1407.4
12,1408.4
59,1408.8
41,1409.2
4,1409.2
23,1409.6
58,1409.8
10,1409.8
7,1410.1
60,1410.3
32,1410.8
9,1411.0
15,1411.2
55,1411.4
26,1411.5
22,1412.5
14,1412.6
56,1412.9
0,1413.0
8,1413.2
20,1414.6
13,1415.0
45,1415.0
16,1415.1
30,1415.1
1,1415.7
6,1416.5
37,1416.8
62,1417.1
47,1417.4
40,1417.9
50,1418.4
57,1418.4
61,1418.6
41,1418.7
31,1418.8
12,1418.9
51,1419.3
23,1421.1
5,1421.4
3,1422.2
4,1422.3
29,1422.4
60,1422.4
49,1422.8
21,1423.0
14,1423.3
46,1423.3
59,1423.5
8,1423.5
0,1424.3
30,1424.4
25,1424.7
55,1425.0
56,1425.5
42,1426.0
34,1426.1
16,1426.7
15,1426.8
37,1427.3
10,1427.6
58,1427.7
33,1429.0
44,1429.2
38,1430.3
6,1430.3
41,1430.6
12,1432.4
28,1432.6
62,1432.9
60,1433.0
57,1433.6
48,1433.6
46,1434.0
39,1434.2
61,1434.6
8,1434.9
5,1435.2
21,1435.6
52,1435.8
50,1435.8
2,1436.7
23,1437.1
3,1437.4
47,1437.5
51,1437.5
30,1438.3
15,1438.3
26,1438.8
16,1438.9
55,1439.4
14,1439.6
0,1439.6
49,1439.7
42,1439.9
7,1440.1
11,1440.4
34,1441.0
38,1441.4
4,1441.5
41,1441.9
22,1442.2
33,1443.0
6,1443.0
25,1443.2
35,1443.5
37,1443.5
17,1443.7
12,1444.0
31,1444.4
57,1444.7
19,1445.3
56,1445.4
24,1445.5
60,1445.7
5,1446.9
44,1447.2
9,1447.6
10,1447.6
8,1447.7
53,1448.6
59,1448.8
51,1448.9
28,1449.1
16,1450.5
46,1450.7
4,1451.2
47,1451.5
0,1451.5
61,1451.6
11,1451.8
26,1451.9
42,1452.7
48,1453.0
15,1453.1
23,1453.6
52,1453.6
25,1453.6
39,1453.8
21,1454.4
12,1454.6
37,1454.8
3,1455.5
57,1456.0
49,1456.1
22,1456.8
2,1457.6
51,1458.3
45,1458.8
58,1459.6
41,1459.8
38,1460.3
8,1460.7
31,1461.0
40,1461.6
1,1461.6
44,1462.3
4,1462.3
30,1462.6
56,1462.6
0,1462.8
34,1462.9
62,1462.9
6,1463.0
59,1463.2
46,1463.4
42,1463.6
35,1463.7
5,1464.1
11,1464.4
10,1464.4
17,1464.5
60,1464.7
55,1465.5
12,1465.9
52,1466.2
16,1466.2
48,1466.5
24,1466.8
14,1466.8
22,1467.0
26,1467.1
9,1467.3
51,1467.6
3,1468.0
33,1468.0
49,1468.1
61,1468.3
53,1468.4
23,1469.3
15,1469.6
57,1469.9
37,1471.3
8,1471.4
58,1471.8
50,1472.1
47,1472.5
38,1473.1
6,1473.9
31,1474.1
32,1475.2
5,1475.5
56,1476.3
30,1476.4
52,1477.1
16,1477.3
12,1477.5
11,1477.9
59,1478.0
60,1478.2
22,1478.6
44,1478.9
34,1479.4
1,1479.6
53,1479.7
51,1479.7
7,1480.3
28,1480.6
46,1480.6
0,1480.7
3,1481.1
20,1481.2
15,1481.6
58,1481.7
14,1482.4
49,1482.5
2,1483.4
9,1483.5
4,1483.5
19,1483.9
40,1483.9
47,1484.2
26,1484.2
42,1484.4
45,1484.7
50,1485.1
38,1485.3
56,1485.4
36,1485.8
10,1486.0
31,1486.1
52,1487.9
8,1488.2
5,1488.5
41,1489.1
60,1489.2
53,1489.2
48,1489.6
32,1489.9
30,1490.0
16,1490.0
57,1491.5
27,1492.2
7,1492.3
20,1492.5
44,1492.6
4,1492.6
46,1492.8
12,1493.5
19,1493.5
45,1493.9
6,1494.1
34,1494.4
36,1495.1
11,1495.8
38,1495.8
26,1495.9
1,1496.3
58,1496.5
42,1496.7
22,1496.9
40,1497.2
21,1497.6
14,1497.7
52,1498.0
15,1498.0
23,1498.2
10,1498.9
60,1499.7
53,1499.9
49,1500.2
61,1500.5
39,1500.6
33,1501.6
5,1501.8
30,1501.8
37,1502.7
48,1502.8
47,1502.8
41,1502.9
0,1503.0
9,1503.6
3,1503.7
25,1503.8
59,1503.9
2,1503.9
56,1503.9
57,1504.1
16,1504.3
45,1504.6
12,1504.9
20,1505.1
27,1505.1
44,1505.2
31,1505.2
55,1505.3
54,1505.6
34,1505.8
42,1506.0
7,1506.0
38,1506.5
11,1506.6
50,1506.7
6,1506.8
19,1506.8
36,1508.4
26,1508.5
29,1509.0
22,1509.4
35,1511.2
21,1511.2
30,1511.8
60,1511.8
15,1511.8
46,1512.1
4,1512.5
52,1513.1
25,1513.3
40,1513.5
57,1514.1
53,1514.4
10,1514.5
48,1514.6
14,1514.8
56,1515.0
5,1515.3
32,1515.5
1,1515.5
3,1515.6
38,1515.6
47,1516.0
44,1516.1
19,1516.3
34,1516.6
6,1516.8
27,1516.8
42,1516.8
9,1517.0
12,1517.4
49,1517.8
31,1519.4
61,1519.5
7,1519.6
58,1519.9
45,1520.3
0,1520.3
8,1520.9
55,1521.2
22,1521.2
24,1521.5
33,1522.6
11,1523.2
25,1523.9
15,1523.9
29,1524.1
54,1525.1
60,1525.5
30,1525.7
20,1525.8
53,1526.2
19,1526.5
41,1526.5
56,1526.7
38,1526.9
5,1527.1
6,1527.3
36,1527.8
14,1528.8
57,1529.2
58,1529.2
45,1529.5
12,1529.5
27,1529.7
16,1530.1
26,1530.2
61,1530.4
9,1530.5
35,1530.6
1,1531.1
32,1531.1
21,1531.9
31,1532.1
44,1532.5
34,1532.6
8,1533.7
48,1533.9
25,1534.1
7,1534.6
15,1534.9
0,1535.1
3,1535.2
49,1535.4
6,1536.4
30,1536.4
29,1536.6
38,1536.6
19,1537.5
52,1538.0
5,1538.6
33,1539.1
42,1539.2
56,1539.2
24,1539.7
12,1539.8
54,1539.9
36,1540.1
61,1540.2
22,1540.3
45,1540.4
27,1540.8
16,1542.3
1,1542.5
32,1542.6
62,1543.1
34,1543.6
21,1543.7
51,1543.9
25,1544.3
10,1544.4
53,1545.0
40,1545.3
47,1545.4
0,1546.1
15,1546.2
3,1546.3
17,1546.4
14,1546.5
8,1546.6
38,1546.7
30,1546.7
19,1548.0
44,1548.6
41,1549.1
60,1549.2
42,1549.8
12,1549.8
58,1549.9
56,1550.2
4,1550.4
5,1550.7
52,1550.7
61,1550.9
9,1551.2
45,1551.4
55,1551.4
26,1552.1
31,1552.4
25,1553.7
16,1554.1
53,1554.1
36,1554.4
23,1554.8
21,1554.9
34,1556.0
11,1556.4
24,1556.7
57,1556.7
47,1556.7
13,1556.9
29,1557.1
8,1557.2
27,1557.6
46,1558.7
62,1558.7
40,1559.0
30,1559.5
49,1559.9
15,1559.9
7,1559.9
42,1560.0
3,1560.1
1,1560.2
12,1560.3
35,1561.6
59,1562.1
0,1562.9
9,1563.0
56,1563.4
17,1563.5
19,1563.7
32,1563.8
41,1564.1
51,1564.3
61,1564.4
44,1564.7
26,1564.8
52,1565.0
55,1565.3
23,1565.9
47,1566.2
58,1566.4
16,1566.5
2,1566.9
36,1567.3
33,1567.6
57,1567.6
13,1567.7
54,1567.8
5,1568.4
21,1569.6
46,1569.6
24,1570.6
8,1571.3
15,1571.8
34,1572.0
12,1572.7
1,1573.0
7,1573.1
45,1573.2
29,1573.4
62,1573.4
19,1573.6
17,1573.7
3,1573.7
32,1573.9
25,1574.7
6,1575.1
42,1575.5
20,1575.5
49,1575.7
47,1575.7
23,1576.0
44,1576.3
52,1576.6
53,1576.7
59,1576.9
16,1577.3
38,1577.7
60,1577.8
57,1577.9
40,1578.3
30,1578.7
9,1579.4
26,1579.5
56,1579.6
10,1579.6
5,1580.3
14,1580.4
35,1580.5
48,1580.8
13,1581.6
36,1582.1
58,1582.2
21,1583.2
62,1583.5
7,1583.7
27,1584.0
1,1584.1
6,1584.4
8,1584.6
2,1584.7
22,1585.0
32,1585.4
55,1585.8
15,1585.9
25,1586.0
33,1586.1
46,1586.2
20,1586.3
17,1586.4
24,1586.9
23,1587.4
57,1587.5
53,1587.6
61,1587.9
47,1588.3
19,1588.4
34,1589.3
52,1589.4
56,1589.4
44,1589.6
42,1589.7
41,1590.6
3,1590.8
30,1591.0
13,1591.6
49,1592.0
5,1592.2
16,1592.7
38,1592.8
26,1592.9
12,1592.9
29,1593.2
60,1594.1
51,1594.3
14,1594.7
45,1594.7
10,1594.9
21,1595.0
36,1595.2
6,1595.3
31,1595.4
32,1595.5
58,1596.0
0,1596.2
17,1596.5
20,1596.8
27,1596.9
8,1596.9
53,1597.2
15,1598.0
25,1598.1
22,1598.3
62,1598.3
23,1599.0
48,1599.7
44,1599.7
7,1600.3
52,1600.4
42,1600.4
1,1601.2
2,1601.4
57,1601.6
19,1602.2
59,1602.8
13,1603.9
16,1604.1
26,1604.5
24,1604.8
45,1604.9
21,1605.2
49,1605.9
38,1606.7
17,1606.9
34,1606.9
12,1607.2
3,1607.4
51,1607.9
31,1608.2
5,1608.7
47,1608.8
58,1609.4
53,1609.5
35,1609.9
20,1610.4
15,1610.7
32,1610.7
33,1610.7
1,1610.9
30,1610.9
48,1611.1
52,1611.2
22,1611.5
6,1611.7
56,1611.8
7,1611.8
23,1612.1
9,1612.1
13,1614.2
16,1614.5
44,1614.7
36,1614.8
10,1614.8
25,1616.0
42,1616.4
8,1616.8
21,1617.3
12,1617.3
4,1617.8
27,1618.2
38,1618.8
47,1619.0
46,1619.1
34,1619.2
26,1619.8
45,1620.5
14,1621.2
60,1621.4
32,1621.5
22,1621.5
33,1622.2
19,1622.7
58,1622.7
48,1623.1
56,1623.3
15,1623.3
23,1623.4
20,1623.7
40,1624.0
13,1624.5
1,1625.2
62,1625.4
25,1625.4
17,1625.6
16,1626.2
57,1626.5
36,1626.8
2,1626.9
4,1627.1
52,1627.4
51,1628.1
35,1628.8
47,1629.0
21,1629.1
53,1629.3
31,1629.4
8,1629.6
49,1630.0
7,1630.4
6,1630.6
44,1630.9
60,1631.3
12,1631.6
22,1631.7
34,1631.8
9,1631.9
24,1632.0
10,1633.1
56,1633.1
38,1633.3
0,1633.8
45,1634.2
5,1634.3
50,1634.5
19,1634.6
46,1634.8
20,1636.6
15,1636.8
28,1637.0
32,1637.2
3,1637.3
51,1637.8
42,1637.8
33,1638.6
23,1639.0
52,1639.4
53,1639.8
13,1640.1
48,1640.3
8,1640.4
59,1640.5
6,1641.3
29,1641.9
7,1641.9
21,1642.5
16,1643.4
44,1643.7
12,1643.8
22,1643.8
58,1644.3
45,1645.4
61,1645.5
2,1645.6
36,1645.8
56,1646.1
60,1646.1
0,1646.2
17,1646.4
49,1646.6
25,1646.9
42,1647.2
26,1648.2
20,1648.6
34,1648.7
32,1649.1
40,1649.1
3,1649.8
19,1649.9
13,1650.1
5,1650.3
28,1650.3
4,1650.6
51,1650.7
15,1650.9
52,1651.0
1,1651.1
23,1651.1
8,1651.2
24,1651.9
53,1652.2
9,1652.5
14,1652.7
48,1653.3
46,1654.0
55,1654.0
50,1654.1
58,1654.4
16,1654.7
10,1655.2
59,1655.2
31,1655.2
35,1655.5
56,1655.6
21,1655.6
36,1655.9
30,1656.1
22,1656.3
17,1657.0
38,1657.0
61,1657.2
47,1657.4
45,1657.5
42,1657.6
7,1658.2
0,1658.7
19,1658.7
25,1658.8
12,1658.8
34,1659.5
62,1660.5
44,1660.5
6,1661.7
51,1661.8
52,1662.1
53,1662.3
13,1662.5
3,1662.6
5,1663.1
26,1663.1
9,1664.5
32,1664.5
48,1664.8
8,1666.0
38,1666.1
55,1666.4
30,1666.7
47,1667.4
56,1667.4
27,1667.5
21,1667.6
20,1667.9
41,1668.0
40,1668.1
2,1668.2
25,1668.2
36,1668.6
14,1668.8
15,1669.0
33,1669.1
16,1669.5
31,1669.7
1,1669.7
58,1670.0
22,1670.5
12,1670.7
23,1671.1
44,1671.1
28,1672.3
51,1672.6
6,1672.9
60,1673.0
29,1673.3
52,1673.6
34,1673.7
35,1674.4
53,1674.5
26,1674.5
32,1674.8
3,1675.0
5,1675.1
57,1675.5
61,1675.5
62,1675.9
48,1676.7
45,1676.9
21,1678.0
10,1678.1
19,1678.4
9,1679.3
55,1679.5
58,1679.7
13,1679.9
41,1679.9
0,1680.0
59,1680.5
27,1680.6
49,1680.7
36,1680.8
2,1681.0
47,1682.4
12,1682.5
42,1682.6
15,1682.9
14,1683.1
30,1683.1
23,1683.2
53,1684.5
52,1684.7
6,1685.5
50,1685.6
8,1685.7
56,1685.9
33,1686.1
32,1686.1
1,1686.2
16,1686.3
29,1686.5
62,1686.5
44,1686.8
61,1687.0
7,1687.3
3,1687.7
38,1688.1
57,1688.7
25,1688.9
19,1689.1
5,1689.2
37,1689.4
58,1689.7
48,1690.8
13,1690.9
46,1691.2
21,1691.3
27,1691.5
45,1691.5
51,1692.2
55,1692.5
26,1692.6
10,1692.6
42,1693.3
34,1694.7
31,1695.0
15,1695.3
22,1695.3
17,1695.6
8,1695.9
32,1696.1
12,1696.4
0,1697.0
16,1697.3
56,1697.4
49,1697.5
60,1697.5
36,1697.7
50,1698.0
9,1698.1
25,1698.1
41,1698.5
38,1698.9
30,1699.0
2,1699.7
19,1699.8
23,1700.0
47,1700.2
1,1700.3
61,1700.3
7,1700.4
3,1700.6
52,1700.8
4,1701.2
5,1701.7
44,1701.7
58,1702.1
29,1702.3
46,1702.8
62,1702.9
13,1703.0
45,1704.0
21,1705.4
42,1705.6
22,1706.2
37,1706.4
12,1706.9
32,1707.5
27,1707.7
25,1707.8
34,1708.0
26,1708.1
51,1708.1
48,1708.6
24,1708.8
41,1708.9
14,1708.9
11,1709.4
15,1709.4
20,1709.5
36,1709.9
19,1710.6
60,1710.6
8,1710.6
57,1710.6
16,1710.9
4,1711.1
3,1711.6
40,1711.9
9,1712.0
35,1712.2
49,1712.4
30,1713.2
13,1713.3
47,1713.6
46,1713.8
44,1714.1
0,1714.5
5,1714.7
56,1715.0
55,1715.4
45,1715.9
21,1716.1
1,1716.2
2,1716.3
6,1716.5
22,1716.9
42,1718.0
50,1718.2
31,1718.6
10,1719.4
33,1719.6
38,1719.7
8,1720.5
12,1721.2
60,1721.2
14,1721.3
15,1721.5
58,1721.9
17,1722.3
23,1722.3
16,1722.4
19,1722.4
11,1722.5
34,1723.0
7,1723.0
47,1723.0
53,1723.3
61,1723.4
51,1723.7
4,1723.7
9,1724.0
37,1724.9
41,1725.1
32,1725.2
44,1725.2
26,1725.2
62,1725.6
56,1725.6
3,1725.9
28,1727.3
21,1727.3
6,1727.5
0,1727.5
1,1727.7
5,1727.9
2,1728.7
31,1728.7
35,1729.0
13,1729.2
38,1729.4
36,1729.4
45,1729.8
46,1730.0
42,1730.1
8,1730.4
55,1730.4
22,1731.5
52,1731.9
10,1732.1
30,1732.4
29,1732.8
23,1732.8
19,1732.9
7,1733.5
16,1733.6
12,1733.7
47,1734.1
15,1734.6
49,1734.8
51,1735.1
20,1735.1
4,1735.2
33,1737.0
34,1737.0
60,1737.4
11,1738.5
3,1738.7
27,1738.8
26,1739.5
62,1740.1
21,1740.3
14,1740.6
37,1740.7
44,1741.4
42,1741.5
31,1741.7
56,1742.3
45,1742.7
22,1743.0
9,1743.2
53,1743.4
16,1743.4
28,1743.4
32,1743.9
19,1744.5
30,1745.7
15,1746.0
47,1746.2
1,1746.5
48,1746.7
51,1746.8
10,1747.0
23,1747.3
46,1748.2
2,1748.8
5,1749.1
36,1749.9
7,1750.0
55,1750.1
12,1750.1
20,1750.3
0,1750.5
8,1750.7
33,1750.8
4,1751.0
21,1751.7
56,1751.8
42,1752.4
3,1753.5
16,1754.0
45,1754.1
57,1754.4
34,1754.7
32,1754.7
14,1755.0
44,1755.3
61,1755.5
41,1755.6
6,1757.1
47,1757.7
19,1758.0
15,1758.6
13,1759.1
38,1759.2
30,1759.2
10,1759.6
17,1759.6
26,1759.7
36,1760.4
22,1760.7
5,1760.8
12,1761.1
8,1761.2
42,1762.0
4,1762.1
0,1762.2
29,1762.7
56,1762.7
21,1762.9
35,1763.1
2,1763.1
31,1763.2
45,1763.6
50,1764.4
58,1764.7
16,1764.8
62,1765.2
44,1765.7
46,1766.0
6,1766.1
14,1766.7
53,1766.9
19,1767.7
3,1767.9
30,1768.6
47,1768.9
60,1768.9
57,1769.4
37,1769.7
11,1769.7
15,1771.0
10,1771.8
49,1771.9
12,1772.1
42,1772.7
34,1772.8
61,1772.8
22,1772.9
28,1773.2
33,1773.2
56,1773.3
23,1773.5
9,1773.6
21,1773.9
8,1774.4
1,1774.9
58,1775.1
51,1775.5
32,1775.8
5,1775.9
36,1775.9
26,1775.9
44,1776.2
13,1777.4
20,1777.5
47,1778.2
24,1779.3
48,1779.5
14,1779.9
16,1780.3
3,1780.4
60,1780.7
30,1781.0
0,1781.1
7,1782.2
29,1782.4
15,1782.5
11,1783.0
22,1783.1
56,1783.4
50,1783.7
21,1784.2
2,1784.4
40,1784.8
25,1784.8
45,1784.8
61,1785.3
9,1785.5
42,1785.8
58,1786.2
32,1786.3
44,1786.7
26,1787.8
38,1788.1
54,1788.4
12,1789.4
1,1790.8
14,1790.8
34,1790.9
16,1791.5
30,1791.7
47,1791.7
10,1791.7
4,1791.9
13,1793.3
7,1793.4
3,1793.5
49,1794.8
62,1795.2
57,1796.0
22,1796.7
8,1797.0
25,1797.1
52,1797.9
46,1798.0
19,1798.4
5,1798.4
38,1798.4
42,1798.4
21,1798.6
48,1799.4
37,1799.5
12,1799.9
15,1800.0
60,1800.2
44,1800.2
55,1800.3
26,1801.0
6,1801.3
24,1801.7
30,1801.7
32,1802.4
58,1802.4
16,1802.7
4,1802.9
56,1803.0
9,1803.2
2,1804.1
36,1804.2
33,1804.3
40,1804.3
53,1804.9
11,1805.2
62,1806.6
61,1806.7
10,1807.1
17,1807.2
14,1807.7
19,1807.8
8,1808.0
38,1808.1
22,1808.2
45,1808.8
46,1809.0
54,1809.2
49,1809.2
0,1809.5
5,1809.9
31,1809.9
21,1810.6
42,1810.9
12,1810.9
25,1811.5
58,1811.5
7,1811.5
57,1811.7
15,1811.7
6,1812.2
30,1813.0
27,1813.1
4,1813.3
16,1813.4
26,1814.0
47,1814.0
9,1814.3
44,1814.5
37,1814.6
53,1814.8
1,1815.3
36,1815.7
23,1815.8
48,1815.9
52,1816.1
17,1816.2
3,1816.7
2,1818.4
31,1818.9
22,1819.0
14,1819.9
42,1820.2
38,1820.2
46,1820.5
11,1820.7
8,1820.8
10,1821.5
19,1821.6
13,1821.9
60,1822.1
21,1822.2
5,1822.3
7,1822.7
25,1822.9
33,1823.3
15,1823.5
59,1823.8
62,1823.9
27,1824.3
47,1824.5
58,1825.0
40,1825.2
53,1825.4
4,1825.6
44,1825.8
37,1826.2
0,1826.7
28,1826.8
16,1826.9
57,1827.0
17,1827.4
12,1827.8
1,1827.8
23,1827.8
34,1828.7
32,1829.1
50,1829.2
24,1829.7
31,1829.8
42,1829.8
14,1830.3
30,1830.4
9,1830.6
38,1831.0
19,1831.0
3,1831.3
45,1831.6
26,1831.7
25,1832.6
56,1832.8
13,1833.6
2,1833.6
29,1833.8
36,1834.1
6,1834.1
7,1834.1
5,1834.2
8,1834.3
60,1834.3
53,1834.4
49,1834.5
21,1835.2
11,1835.7
22,1836.0
44,1836.1
10,1836.1
52,1836.1
15,1836.3
28,1837.6
17,1837.7
12,1838.5
37,1838.7
46,1838.8
59,1838.8
61,1840.3
40,1840.7
1,1840.9
27,1841.2
42,1841.6
32,1841.9
23,1842.1
19,1842.4
24,1842.4
50,1842.7
38,1843.3
8,1844.0
45,1844.1
5,1845.4
9,1845.5
13,1845.7
14,1845.9
20,1846.2
62,1846.3
7,1846.3
29,1846.5
51,1846.7
44,1846.7
49,1846.8
21,1847.5
17,1847.7
52,1847.8
15,1847.9
60,1848.1
58,1848.1
47,1848.3
12,1849.0
48,1849.3
57,1849.7
10,1850.1
16,1850.4
61,1850.6
42,1850.8
34,1851.8
32,1851.9
56,1852.5
3,1853.0
28,1853.9
6,1854.7
11,1855.0
35,1855.0
22,1855.0
38,1855.7
40,1855.8
8,1855.9
19,1856.1
51,1857.4
37,1857.4
23,1857.9
9,1857.9
50,1858.4
14,1858.7
13,1858.9
52,1859.0
7,1859.1
60,1859.3
49,1859.6
21,1859.9
33,1860.1
31,1860.4
48,1860.7
1,1861.0
0,1861.1
62,1861.1
29,1861.2
20,1861.3
32,1861.6
4,1861.7
5,1862.0
24,1862.2
15,1862.3
44,1862.3
12,1862.4
2,1862.7
57,1863.3
6,1864.3
61,1864.3
45,1864.4
30,1865.3
59,1865.4
25,1865.5
19,1865.7
38,1865.7
3,1865.9
8,1866.5
56,1867.2
46,1867.4
13,1868.7
22,1869.2
26,1869.7
37,1870.7
34,1870.9
31,1871.0
9,1871.1
52,1871.2
21,1871.4
60,1871.8
58,1872.0
62,1872.2
36,1872.3
40,1872.4
49,1872.5
11,1872.7
1,1872.8
47,1873.1
23,1873.3
0,1873.4
6,1873.6
27,1874.0
53,1874.1
32,1874.7
35,1875.4
57,1875.7
38,1875.9
5,1876.0
50,1876.2
14,1876.2
10,1876.3
19,1876.8
24,1876.8
17,1877.2
51,1877.6
48,1877.7
13,1878.5
4,1879.9
8,1879.9
33,1880.0
12,1880.0
25,1880.1
7,1880.3
22,1880.5
56,1881.1
60,1881.5
15,1881.6
53,1883.8
42,1883.8
47,1884.4
58,1884.4
21,1884.7
23,1884.8
9,1884.9
46,1885.1
52,1885.4
28,1885.7
11,1886.1
1,1886.3
27,1886.3
49,1886.5
6,1886.7
5,1887.1
19,1887.2
3,1887.2
31,1887.3
2,1887.7
62,1887.8
17,1887.9
61,1888.2
20,1888.3
29,1888.5
25,1889.3
57,1889.7
40,1890.0
32,1890.4
22,1890.4
38,1890.6
8,1890.7
12,1890.7
44,1891.1
45,1891.3
10,1891.5
0,1892.4
60,1892.5
13,1892.8
37,1893.4
42,1893.5
16,1893.9
30,1894.4
34,1894.9
36,1895.0
51,1895.5
58,1895.8
1,1896.2
52,1896.4
23,1896.7
6,1896.9
15,1897.0
46,1897.5
47,1898.2
53,1898.7
5,1899.0
28,1899.0
26,1899.1
4,1899.2
56,1899.4
11,1899.4
49,1899.8
27,1900.3
62,1900.5
12,1900.8
57,1901.4
60,1902.0
29,1902.8
42,1903.2
21,1903.3
3,1903.4
40,1903.6
32,1903.7
44,1904.0
22,1904.6
24,1904.7
30,1905.1
2,1905.4
45,1905.5
19,1905.6
20,1906.4
8,1907.4
38,1907.5
52,1907.6
31,1907.7
34,1907.7
7,1908.1
1,1908.2
36,1908.6
28,1909.4
9,1909.4
47,1910.0
4,1910.1
62,1910.6
13,1910.7
5,1910.9
14,1911.3
27,1911.6
12,1911.7
15,1911.7
23,1912.0
16,1912.0
58,1912.4
6,1912.6
32,1912.6
42,1912.8
50,1912.9
48,1913.1
21,1913.6
10,1913.7
60,1914.3
30,1914.6
40,1915.2
51,1916.4
29,1916.5
46,1916.7
3,1917.0
38,1917.3
44,1917.4
2,1917.6
25,1917.9
57,1918.0
7,1918.9
56,1919.8
36,1920.0
47,1920.0
8,1920.5
13,1921.4
20,1921.6
26,1921.6
31,1921.7
58,1921.9
11,1922.3
12,1922.6
5,1922.7
15,1923.3
49,1923.5
52,1924.2
9,1924.4
42,1924.7
28,1924.9
19,1925.1
21,1925.3
53,1925.5
48,1925.8
60,1925.8
23,1925.9
50,1925.9
30,1926.0
62,1926.0
4,1926.4
37,1926.9
1,1927.4
38,1927.5
2,1928.5
29,1928.5
3,1929.0
25,1929.1
27,1929.1
61,1929.1
34,1929.2
45,1929.6
22,1930.4
57,1930.5
47,1930.9
13,1931.8
40,1932.0
24,1932.1
12,1932.6
58,1933.3
10,1933.6
32,1933.8
5,1934.3
6,1934.8
7,1935.2
0,1935.9
21,1936.1
51,1936.7
8,1937.0
1,1937.3
42,1937.3
50,1937.5
36,1937.6
23,1937.7
56,1937.9
4,1938.0
30,1938.2
52,1938.2
28,1938.7
26,1938.9
60,1939.0
25,1939.0
3,1939.7
16,1939.9
48,1940.0
35,1940.3
61,1940.3
44,1940.6
15,1940.9
57,1941.1
22,1941.1
53,1942.9
37,1942.9
12,1943.1
17,1944.0
47,1944.1
2,1945.1
13,1945.2
59,1945.5
31,1945.6
5,1946.6
42,1947.0
21,1947.2
29,1947.7
23,1948.5
20,1948.5
50,1948.6
25,1949.6
1,1949.7
58,1950.5
26,1950.6
9,1950.6
0,1951.0
61,1951.7
24,1951.8
57,1952.3
22,1952.3
45,1953.1
32,1953.1
44,1953.1
34,1953.2
3,1953.3
53,1953.5
62,1953.9
12,1954.0
15,1954.2
28,1954.2
60,1956.5
42,1956.7
16,1957.0
30,1957.1
13,1957.2
48,1957.3
59,1957.4
27,1957.5
46,1958.6
36,1959.3
7,1959.3
31,1959.6
5,1960.1
35,1960.1
52,1960.2
37,1960.4
49,1960.6
1,1960.9
56,1961.9
61,1962.0
22,1963.4
9,1963.4
50,1963.8
45,1963.8
21,1964.7
62,1964.7
40,1965.0
23,1965.2
29,1965.9
3,1966.3
34,1966.6
4,1966.9
15,1967.6
24,1968.3
42,1968.4
8,1968.4
28,1968.5
30,1968.8
57,1969.0
26,1969.1
53,1969.1
0,1969.2
44,1969.3
59,1969.8
19,1970.2
27,1970.6
48,1970.7
12,1970.7
60,1970.9
52,1971.8
7,1972.1
56,1972.2
51,1973.0
36,1973.0
1,1973.2
33,1973.5
5,1973.6
46,1973.9
38,1974.4
31,1974.4
32,1974.6
22,1974.6
9,1974.9
61,1975.0
6,1975.7
37,1975.8
13,1976.6
23,1977.0
25,1977.3
15,1978.5
40,1978.8
3,1978.8
42,1978.9
2,1979.2
45,1979.3
50,1979.5
35,1979.6
44,1979.7
8,1980.6
19,1981.2
57,1981.2
47,1981.5
62,1981.7
53,1982.2
49,1983.2
29,1983.3
12,1983.5
26,1983.6
48,1983.7
28,1983.9
32,1984.2
58,1984.7
0,1984.9
7,1985.0
51,1985.2
16,1986.1
13,1986.8
5,1986.9
22,1987.2
6,1987.7
30,1987.8
33,1987.9
45,1988.2
34,1988.5
54,1988.8
25,1989.0
61,1989.1
1,1989.6
59,1989.7
15,1989.9
52,1990.5
17,1990.8
53,1992.1
42,1992.2
27,1992.3
50,1992.3
46,1992.8
56,1992.9
3,1993.2
9,1993.3
12,1994.3
24,1994.3
44,1994.8
49,1995.0
58,1995.2
57,1995.3
28,1995.6
29,1996.0
36,1996.1
23,1996.4
60,1996.7
19,1997.3
6,1997.9
25,1998.0
21,1999.0
35,1999.0
13,1999.0
8,1999.6
45,2000.1
31,2000.4
5,2001.0
16,2001.9
0,2002.3
26,2002.3
15,2002.6
34,2002.8
48,2002.9
52,2002.9
37,2003.5
1,2003.7
61,2003.8
40,2004.1
51,2004.4
12,2005.1
42,2005.1
46,2005.2
3,2005.3
19,2006.0
7,2006.5
17,2006.6
44,2006.7
30,2006.7
54,2007.4
22,2007.7
59,2008.0
56,2008.5
29,2008.6
60,2008.6
62,2008.9
57,2009.0
13,2009.1
32,2009.1
25,2009.3
58,2009.9
8,2010.3
10,2010.6
6,2011.6
28,2012.5
24,2013.3
47,2013.4
49,2013.8
61,2013.9
50,2013.9
52,2014.2
33,2014.4
15,2014.5
14,2014.6
21,2014.6
9,2014.8
38,2015.1
26,2015.2
51,2015.5
0,2015.6
5,2016.3
12,2016.4
16,2016.5
56,2017.5
30,2017.6
45,2017.6
19,2017.9
17,2017.9
3,2018.0
34,2018.2
60,2018.3
22,2020.3
6,2021.2
13,2021.3
53,2021.9
42,2022.0
55,2022.3
8,2022.5
54,2022.5
59,2022.6
62,2022.8
61,2023.7
4,2025.0
15,2025.1
29,2025.1
44,2025.1
38,2025.5
46,2025.6
51,2025.8
28,2025.8
52,2026.3
12,2026.4
45,2026.5
50,2026.8
10,2027.4
24,2027.6
5,2027.8
14,2027.9
21,2027.9
19,2028.1
1,2028.3
56,2028.6
47,2028.7
49,2028.9
30,2029.1
37,2029.4
16,2030.6
13,2031.5
57,2031.6
60,2032.2
0,2033.1
9,2033.2
26,2033.2
3,2033.5
62,2033.6
39,2034.1
17,2034.3
34,2035.1
4,2035.2
58,2035.8
61,2035.8
42,2036.0
32,2036.5
15,2036.7
50,2037.3
44,2038.0
21,2038.2
7,2038.3
52,2038.4
47,2038.4
2,2039.0
23,2039.2
56,2039.3
10,2039.4
5,2040.3
12,2040.6
30,2040.7
6,2041.6
8,2042.5
22,2042.5
36,2042.9
55,2043.1
14,2043.5
57,2043.7
16,2044.0
17,2044.6
27,2044.7
40,2044.8
29,2045.0
0,2045.0
35,2045.2
38,2045.4
3,2045.5
37,2045.7
45,2046.0
13,2046.4
34,2047.4
59,2047.6
25,2047.9
44,2047.9
52,2048.3
28,2048.3
42,2048.4
9,2048.5
7,2048.7
62,2048.7
4,2048.7
21,2049.1
15,2049.2
24,2049.4
54,2051.0
48,2051.0
10,2051.7
33,2052.0
12,2052.1
53,2052.2
23,2052.6
50,2053.0
32,2053.0
31,2054.1
8,2054.1
38,2054.8
39,2054.9
16,2055.0
60,2055.1
56,2055.2
5,2055.4
61,2055.5
51,2055.6
30,2056.8
36,2056.9
2,2057.0
22,2057.1
3,2057.3
45,2057.5
55,2057.9
52,2058.2
42,2058.4
49,2058.8
44,2059.0
4,2059.0
6,2059.6
25,2059.8
28,2060.1
53,2061.9
57,2062.5
7,2062.9
29,2063.4
40,2063.5
0,2063.8
21,2064.9
51,2065.0
8,2065.1
13,2065.4
10,2065.5
31,2065.6
15,2065.7
38,2065.9
1,2066.3
34,2066.3
48,2066.5
32,2067.8
16,2067.8
39,2068.4
47,2068.4
60,2068.6
52,2068.7
30,2069.1
24,2069.4
25,2069.7
4,2070.0
12,2070.3
5,2070.4
9,2070.5
3,2070.8
42,2071.1
28,2071.6
26,2072.6
14,2073.0
44,2073.9
2,2074.0
61,2074.0
33,2074.5
22,2074.6
8,2074.7
57,2074.8
21,2075.3
6,2075.4
45,2075.6
37,2075.9
62,2076.0
23,2076.5
51,2076.5
1,2076.7
20,2076.8
15,2076.9
47,2078.0
32,2078.2
4,2079.1
25,2079.3
13,2079.7
58,2079.8
36,2080.8
53,2081.7
42,2081.7
38,2081.8
16,2082.3
5,2082.5
12,2082.5
3,2082.9
54,2083.1
31,2083.2
50,2083.2
28,2084.0
0,2084.2
52,2084.8
7,2084.9
56,2085.6
8,2085.7
21,2085.8
17,2086.0
55,2086.0
45,2086.4
62,2086.5
6,2087.0
22,2087.6
39,2088.2
9,2088.6
33,2088.6
30,2088.8
48,2088.9
4,2089.1
29,2089.7
24,2090.6
10,2090.7
13,2090.8
38,2090.9
61,2091.3
1,2091.9
60,2092.2
20,2092.4
58,2092.7
15,2093.3
32,2094.4
12,2094.4
7,2094.5
57,2094.8
5,2094.8
59,2094.9
8,2095.1
0,2095.6
16,2095.8
21,2097.0
17,2097.4
22,2097.5
50,2097.5
54,2097.7
42,2097.9
28,2098.2
45,2098.4
47,2098.9
56,2099.1
3,2099.2
40,2100.6
4,2100.8
14,2100.9
44,2101.5
58,2102.7
62,2103.1
61,2103.1
1,2103.5
23,2103.7
27,2104.5
6,2104.6
2,2105.0
48,2105.4
15,2106.4
13,2106.4
60,2106.5
12,2106.5
10,2107.0
49,2107.1
5,2107.2
51,2107.4
8,2107.8
30,2108.1
7,2108.2
35,2108.3
29,2108.5
32,2108.7
59,2109.4
42,2109.6
4,2109.6
50,2109.7
28,2109.9
34,2110.0
21,2110.2
22,2110.4
41,2110.6
3,2111.1
31,2111.3
38,2111.8
0,2112.0
56,2113.3
62,2113.7
1,2114.0
54,2114.3
61,2114.4
44,2114.5
46,2114.8
33,2114.9
6,2115.0
40,2116.3
27,2116.5
52,2116.9
13,2117.1
51,2117.1
17,2117.8
32,2118.0
15,2118.1
7,2118.3
26,2118.5
14,2118.5
45,2118.8
12,2119.2
16,2119.2
20,2119.5
5,2119.8
29,2119.9
23,2120.1
8,2120.2
30,2120.2
57,2120.2
49,2120.3
4,2121.5
38,2121.7
2,2122.1
31,2122.5
3,2122.6
34,2122.6
50,2122.7
60,2123.1
42,2123.5
25,2123.5
28,2125.5
0,2126.0
46,2126.3
41,2126.5
48,2126.8
61,2127.1
9,2127.8
17,2127.9
27,2128.5
32,2128.6
35,2128.6
6,2129.6
47,2129.6
1,2129.7
62,2129.8
45,2129.9
15,2130.1
10,2130.1
19,2130.3
29,2130.5
7,2131.1
30,2131.2
37,2131.5
20,2131.8
51,2131.9
22,2132.0
39,2132.1
49,2132.3
58,2132.8
21,2133.3
13,2133.7
42,2133.7
12,2134.2
57,2134.2
8,2134.7
59,2134.8
44,2135.2
60,2135.2
3,2135.8
38,2135.9
50,2136.4
5,2136.4
2,2136.7
34,2137.0
56,2137.4
6,2138.4
61,2139.0
4,2139.7
45,2139.8
53,2140.2
17,2140.9
26,2141.2
33,2141.4
51,2141.7
31,2142.9
30,2142.9
42,2143.0
57,2143.8
37,2143.9
46,2144.0
25,2144.3
58,2144.7
15,2145.2
8,2145.6
10,2145.8
11,2146.2
52,2146.5
54,2146.5
40,2146.6
29,2146.8
21,2147.5
27,2147.5
49,2147.8
19,2147.9
3,2147.9
38,2148.1
12,2148.1
39,2148.1
47,2148.6
16,2149.3
35,2149.3
36,2149.6
41,2149.7
44,2149.8
4,2149.8
5,2150.5
6,2150.7
61,2151.0
17,2151.1
0,2151.1
9,2151.2
23,2151.2
53,2151.4
60,2151.6
32,2151.7
50,2152.1
20,2152.1
45,2152.1
7,2152.3
51,2152.8
34,2153.4
58,2154.0
28,2154.0
14,2154.5
25,2154.5
57,2155.1
37,2155.2
22,2155.3
2,2155.5
31,2155.7
26,2155.9
46,2157.3
27,2157.9
62,2158.1
38,2158.4
21,2158.9
1,2159.3
19,2160.0
54,2160.2
47,2160.2
15,2160.4
33,2160.5
17,2160.5
3,2160.7
32,2160.9
12,2161.1
53,2161.2
8,2161.6
44,2161.6
5,2162.2
13,2162.6
60,2163.3
41,2163.5
52,2163.6
61,2163.7
36,2164.0
16,2165.1
9,2165.3
30,2165.4
7,2165.5
35,2165.6
25,2166.1
40,2166.9
49,2167.5
11,2167.8
58,2167.8
34,2167.9
0,2168.8
19,2169.1
6,2170.3
37,2170.3
47,2170.5
62,2170.9
2,2171.6
45,2171.8
15,2172.1
57,2172.3
42,2172.5
51,2172.5
22,2172.7
32,2173.0
12,2173.1
46,2173.2
8,2173.3
5,2173.8
44,2174.2
27,2174.2
3,2174.2
21,2174.5
13,2175.0
39,2176.0
50,2176.3
31,2176.6
56,2176.7
16,2177.0
52,2177.5
36,2177.6
33,2177.8
10,2177.9
34,2178.3
23,2178.3
25,2179.0
61,2179.3
29,2179.7
0,2180.1
26,2180.3
17,2181.4
6,2181.4
7,2181.5
35,2181.6
57,2182.0
60,2182.5
22,2182.7
9,2183.0
51,2183.4
8,2183.6
12,2184.3
24,2184.7
3,2184.9
5,2185.1
54,2185.4
42,2185.4
40,2185.6
15,2186.0
56,2186.8
21,2186.8
41,2187.0
13,2187.2
19,2187.5
50,2187.7
38,2187.9
30,2188.0
49,2188.1
2,2188.2
34,2188.6
33,2189.7
46,2190.0
36,2190.1
0,2191.3
61,2191.4
1,2191.4
58,2191.5
23,2191.8
39,2191.9
17,2192.0
52,2192.0
47,2192.2
32,2192.3
25,2192.4
62,2192.8
7,2193.0
51,2193.4
8,2194.1
12,2194.7
42,2194.8
44,2195.5
35,2195.6
3,2196.0
4,2196.0
20,2196.1
40,2196.1
16,2196.6
22,2196.7
57,2196.9
37,2197.7
26,2198.2
21,2198.4
6,2198.4
5,2198.6
15,2198.9
53,2198.9
56,2199.0
30,2199.1
36,2199.3
17,2200.8
49,2202.4
1,2202.4
47,2202.4
13,2202.5
34,2202.9
32,2202.9
52,2203.0
10,2203.5
42,2204.3
27,2204.8
8,2204.9
12,2205.1
50,2205.2
23,2205.5
25,2206.1
33,2206.1
58,2206.3
24,2206.4
40,2207.0
6,2207.2
57,2207.9
22,2208.1
61,2208.5
0,2208.6
16,2208.6
7,2208.8
44,2209.1
20,2209.3
2,2209.8
5,2209.9
38,2210.7
36,2210.8
15,2211.5
4,2211.8
13,2212.3
3,2212.3
51,2212.8
48,2213.3
42,2214.2
30,2214.3
35,2214.7
25,2215.4
45,2215.4
12,2215.9
8,2215.9
29,2216.2
34,2216.2
9,2216.6
21,2216.9
52,2217.1
57,2217.2
1,2217.8
50,2218.0
6,2218.3
19,2218.4
56,2218.4
23,2218.8
39,2219.4
32,2219.4
46,2219.7
10,2220.2
58,2220.4
16,2221.3
22,2221.4
38,2221.7
33,2221.9
17,2222.3
61,2223.1
51,2223.1
15,2223.3
40,2223.9
4,2224.5
45,2224.5
5,2224.6
11,2224.7
20,2224.8
27,2225.4
13,2226.0
48,2226.2
31,2226.4
60,2226.6
8,2226.7
57,2227.0
21,2227.2
44,2227.2
52,2227.3
59,2227.7
2,2228.4
1,2228.5
36,2228.5
7,2228.7
49,2228.7
56,2228.9
14,2229.0
19,2229.3
3,2229.7
12,2231.3
38,2231.4
51,2232.2
47,2232.4
17,2232.5
16,2232.7
6,2232.7
9,2232.8
22,2233.6
61,2233.7
15,2234.0
42,2234.1
23,2234.2
46,2235.1
39,2235.1
28,2235.6
26,2236.3
29,2236.3
10,2236.8
50,2237.9
52,2238.1
5,2238.1
48,2238.6
1,2238.7
20,2238.7
8,2238.7
21,2238.7
57,2239.3
34,2239.4
27,2239.7
7,2240.3
30,2241.4
47,2241.5
6,2241.6
44,2242.5
59,2242.5
2,2242.7
14,2243.0
41,2243.2
56,2243.2
17,2244.1
51,2244.2
58,2244.2
16,2244.6
0,2244.9
11,2245.1
23,2245.2
38,2245.5
25,2245.7
22,2246.7
61,2247.3
12,2247.4
42,2247.6
53,2247.8
1,2248.3
46,2248.3
45,2248.4
15,2248.8
21,2249.4
13,2249.6
3,2249.7
7,2250.0
57,2250.1
8,2251.0
32,2251.2
10,2251.7
28,2251.9
52,2252.7
26,2253.3
47,2253.3
33,2253.4
44,2253.7
17,2254.8
27,2255.2
62,2255.3
23,2255.4
40,2255.4
38,2255.6
0,2256.1
25,2256.3
58,2256.4
5,2257.7
41,2257.7
53,2258.5
35,2258.7
48,2258.8
12,2259.3
45,2259.8
11,2261.6
39,2261.6
20,2262.3
57,2263.0
30,2263.2
51,2263.3
15,2263.5
16,2263.8
42,2263.8
10,2264.1
7,2264.3
36,2264.3
9,2265.6
21,2265.6
3,2265.9
46,2266.2
47,2266.5
44,2266.6
52,2266.9
26,2267.0
14,2267.2
8,2267.2
56,2267.4
59,2267.7
4,2268.1
38,2268.2
27,2268.6
1,2268.7
22,2268.8
62,2269.3
41,2269.3
2,2269.7
19,2270.3
45,2270.6
40,2270.7
23,2270.7
58,2270.7
61,2271.1
0,2271.1
12,2271.6
25,2271.9
5,2274.4
34,2274.8
42,2274.9
7,2275.6
30,2275.8
16,2275.8
57,2276.2
50,2276.8
47,2277.1
51,2277.4
39,2277.5
28,2277.8
48,2277.8
9,2278.9
19,2279.0
59,2279.1
31,2279.3
33,2280.0
26,2280.3
3,2280.5
15,2280.7
20,2280.7
10,2280.8
44,2281.3
29,2281.6
8,2281.7
11,2281.7
38,2281.7
23,2282.3
13,2282.7
25,2282.7
17,2283.0
61,2283.0
40,2283.2
60,2283.7
12,2283.8
1,2285.6
45,2287.1
55,2287.7
41,2287.8
21,2288.0
30,2288.1
42,2288.4
53,2288.6
7,2288.7
47,2288.8
16,2289.0
24,2289.7
6,2290.3
59,2290.4
27,2290.9
48,2290.9
51,2291.3
25,2292.0
28,2292.1
52,2292.3
17,2292.8
8,2292.9
13,2293.2
34,2293.2
22,2293.4
2,2293.5
15,2293.6
62,2293.7
39,2294.0
43,2294.0
31,2294.2
12,2295.1
58,2295.2
50,2295.2
61,2295.4
38,2295.7
44,2295.7
20,2295.9
5,2297.5
10,2297.7
0,2298.0
57,2298.2
19,2298.3
53,2298.4
4,2298.4
26,2298.5
56,2298.8
3,2298.9
30,2300.3
33,2300.4
16,2300.4
60,2300.5
40,2300.5
29,2300.8
35,2301.1
51,2301.2
9,2301.4
23,2301.5
42,2301.8
21,2301.9
25,2302.2
7,2302.7
46,2303.0
11,2303.5
14,2303.7
8,2304.0
6,2304.3
52,2304.5
22,2305.2
2,2305.8
12,2306.1
38,2306.5
44,2306.6
47,2306.9
59,2308.0
50,2308.0
0,2308.2
13,2308.7
55,2308.7
19,2309.7
48,2310.0
5,2310.5
51,2310.8
41,2310.9
24,2311.4
36,2311.7
15,2311.7
33,2311.9
56,2312.1
39,2312.4
43,2312.4
26,2312.6
23,2313.0
10,2313.2
16,2314.3
25,2314.4
40,2315.0
6,2315.0
8,2315.7
61,2316.1
12,2316.6
22,2316.9
52,2316.9
28,2317.0
46,2317.3
53,2317.6
3,2318.0
44,2318.1
31,2318.6
45,2318.7
0,2318.8
14,2318.9
13,2319.4
2,2320.2
38,2320.8
1,2320.9
35,2321.4
5,2321.6
51,2321.7
30,2321.9
56,2323.0
20,2323.0
29,2323.3
11,2323.5
60,2323.6
48,2323.8
42,2324.6
49,2324.6
24,2325.1
15,2325.2
41,2325.5
27,2325.8
16,2325.8
36,2326.0
21,2326.3
26,2327.1
7,2327.1
33,2327.4
53,2327.5
58,2327.8
50,2328.4
10,2328.5
25,2328.6
12,2329.4
13,2330.1
45,2330.2
23,2330.2
6,2330.3
4,2330.4
31,2330.4
14,2330.4
1,2330.6
52,2331.8
37,2332.1
0,2332.8
34,2333.0
32,2333.1
2,2333.2
30,2333.7
8,2334.4
60,2335.7
22,2335.9
5,2336.4
44,2336.4
15,2336.7
38,2336.8
25,2338.3
26,2338.3
3,2338.4
9,2338.6
33,2338.7
21,2339.0
6,2339.1
53,2339.4
17,2339.5
56,2339.7
27,2339.8
47,2340.3
12,2340.8
16,2340.9
1,2341.1
40,2341.5
31,2341.7
58,2341.8
23,2341.8
29,2342.3
11,2343.2
59,2343.2
10,2343.4
14,2343.7
46,2344.1
8,2345.1
37,2345.7
52,2345.8
38,2346.4
0,2346.4
13,2346.6
41,2347.2
22,2347.4
61,2347.7
32,2348.0
19,2348.3
15,2348.4
49,2348.5
60,2348.7
48,2349.0
45,2349.0
21,2349.3
47,2349.4
24,2349.6
50,2349.7
17,2350.0
53,2350.2
4,2350.3
43,2350.3
42,2350.5
36,2350.6
33,2350.6
51,2350.7
39,2350.7
6,2350.9
12,2351.1
9,2351.3
57,2351.6
30,2352.1
23,2352.6
5,2352.9
28,2353.1
2,2353.5
26,2353.7
40,2354.1
27,2354.2
56,2355.1
58,2356.0
52,2356.0
14,2356.8
10,2356.8
1,2356.8
41,2357.2
19,2357.4
32,2358.3
29,2358.6
38,2358.9
31,2359.2
44,2359.3
37,2359.3
22,2359.5
61,2359.5
15,2359.6
60,2359.8
53,2360.1
3,2360.2
21,2360.4
48,2360.8
36,2360.9
17,2360.9
16,2361.1
51,2361.3
8,2361.9
13,2362.0
47,2362.4
6,2362.8
12,2362.8
49,2363.0
11,2363.1
50,2363.1
62,2363.8
42,2365.5
26,2365.6
57,2365.9
52,2367.6
27,2367.6
9,2368.3
56,2368.7
28,2369.1
19,2369.3
58,2369.3
31,2369.5
23,2369.6
41,2369.9
33,2370.1
22,2370.4
0,2370.4
29,2370.5
15,2370.7
47,2371.5
10,2371.7
21,2372.3
48,2372.6
3,2372.8
16,2373.0
8,2373.2
38,2373.4
53,2373.5
14,2373.5
37,2373.7
32,2374.3
50,2374.4
30,2374.6
61,2374.7
40,2374.9
60,2375.6
6,2375.9
42,2376.0
12,2376.4
44,2376.8
36,2376.9
13,2377.3
17,2377.3
52,2377.5
25,2377.7
26,2377.8
49,2378.2
19,2378.4
58,2379.0
62,2379.5
46,2380.0
24,2380.6
28,2381.0
47,2381.6
22,2382.1
9,2382.2
7,2383.0
29,2383.1
53,2383.3
21,2383.5
48,2383.5
38,2383.9
5,2384.0
16,2384.5
6,2384.7
31,2385.2
17,2386.1
51,2386.1
50,2386.5
25,2387.1
15,2387.3
1,2387.4
3,2387.8
12,2387.9
42,2388.3
4,2388.5
37,2388.7
8,2388.7
45,2388.9
30,2389.0
10,2389.0
27,2389.6
19,2389.9
57,2390.6
52,2390.6
41,2390.7
60,2391.3
56,2391.4
47,2392.4
46,2392.5
33,2392.8
26,2392.8
7,2393.2
38,2393.4
2,2394.4
16,2394.4
29,2394.6
22,2394.7
21,2395.1
28,2396.8
17,2396.9
36,2397.7
40,2398.1
42,2398.3
12,2398.5
44,2398.8
23,2398.9
30,2399.0
50,2399.0
48,2399.2
8,2399.3
61,2400.0
15,2400.5
3,2400.7
41,2401.3
58,2401.3
5,2401.4
39,2401.5
9,2401.8
52,2401.9
24,2402.0
62,2402.7
46,2404.0
32,2404.4
13,2404.9
6,2405.3
25,2406.0
14,2406.0
10,2406.3
17,2406.4
19,2406.6
21,2406.9
60,2407.0
36,2407.2
51,2407.4
49,2407.9
16,2408.0
47,2408.1
7,2408.1
42,2408.3
12,2408.5
11,2408.7
22,2408.9
2,2409.4
29,2409.9
40,2410.4
4,2410.9
15,2411.6
52,2411.8
61,2412.0
31,2412.2
48,2412.6
8,2412.7
62,2413.0
23,2413.5
33,2414.1
30,2414.4
35,2414.6
53,2414.6
37,2415.5
25,2415.5
17,2415.8
44,2415.8
51,2416.8
47,2417.6
34,2417.6
41,2417.8
3,2417.9
19,2418.2
60,2418.4
12,2418.9
42,2419.3
46,2419.5
16,2419.5
4,2419.6
50,2419.6
32,2420.5
9,2421.0
39,2421.1
26,2421.4
2,2421.5
61,2422.7
15,2423.2
62,2423.3
58,2423.7
6,2423.9
31,2424.6
21,2425.2
55,2425.6
52,2425.7
28,2425.8
48,2426.1
11,2426.2
8,2426.6
53,2426.9
17,2427.4
36,2427.5
18,2427.8
19,2428.6
51,2428.7
47,2428.9
34,2429.4
42,2429.8
44,2430.1
12,2430.4
32,2430.7
40,2430.8
33,2431.1
16,2431.5
45,2432.1
9,2433.0
60,2433.7
2,2433.7
22,2434.3
6,2434.3
46,2434.4
35,2434.5
56,2434.6
10,2435.1
7,2435.2
20,2435.2
53,2435.9
21,2436.5
62,2436.9
0,2438.0
52,2438.5
61,2438.9
29,2439.0
51,2439.1
23,2439.6
8,2439.6
26,2439.9
42,2440.1
15,2440.2
5,2440.2
3,2440.3
58,2440.6
44,2440.7
41,2441.2
14,2441.5
16,2441.8
38,2442.5
30,2442.6
27,2442.9
36,2443.1
49,2443.5
32,2443.6
18,2444.3
19,2444.3
12,2444.7
48,2444.9
9,2444.9
46,2445.0
31,2445.2
56,2445.5
55,2445.8
47,2446.0
22,2446.1
60,2446.3
34,2446.3
45,2446.7
54,2446.8
17,2446.9
4,2447.3
62,2447.4
51,2448.1
40,2448.6
1,2449.1
8,2449.9
58,2450.1
20,2450.5
6,2450.6
21,2451.1
33,2452.0
15,2452.1
10,2452.1
44,2452.5
3,2452.8
42,2453.6
2,2453.7
27,2453.9
5,2454.4
32,2454.7
16,2454.8
38,2455.0
41,2455.2
31,2455.5
49,2455.6
0,2455.8
37,2456.6
60,2456.8
22,2457.4
56,2457.4
47,2457.7
19,2457.8
9,2457.8
11,2458.0
48,2458.4
28,2458.6
12,2458.8
46,2459.3
14,2459.7
8,2459.8
52,2460.5
6,2460.9
36,2461.1
7,2461.4
26,2462.0
61,2462.3
30,2462.4
55,2463.0
1,2463.0
62,2463.6
44,2463.7
42,2464.0
53,2464.2
3,2465.0
56,2466.8
19,2467.0
40,2467.1
33,2467.4
54,2467.7
34,2467.7
5,2467.9
16,2468.5
60,2468.5
38,2468.5
32,2468.6
39,2468.6
27,2468.8
15,2468.9
57,2469.2
10,2469.7
12,2470.0
47,2470.6
8,2471.2
31,2471.3
36,2471.3
21,2471.5
45,2472.1
50,2472.2
49,2472.4
37,2472.7
51,2472.8
24,2473.1
48,2473.7
30,2474.4
28,2474.7
42,2475.0
22,2475.2
17,2475.3
26,2475.4
11,2475.4
18,2475.5
7,2475.5
6,2475.6
20,2478.0
60,2478.1
2,2478.2
61,2478.5
41,2479.3
5,2479.5
3,2479.7
9,2480.3
34,2480.7
47,2480.9
14,2480.9
44,2481.0
4,2481.0
12,2481.0
32,2481.2
25,2481.9
55,2482.4
15,2482.8
36,2483.5
23,2483.6
49,2483.8
57,2483.9
21,2484.2
13,2484.6
8,2484.9
16,2485.0
46,2485.1
6,2485.7
58,2485.8
17,2485.9
7,2486.1
28,2486.2
48,2486.4
1,2486.7
30,2486.8
10,2487.1
22,2487.5
42,2487.6
60,2488.8
56,2489.0
26,2490.1
61,2490.2
4,2490.4
38,2491.2
45,2491.3
5,2491.4
50,2491.6
12,2491.8
11,2491.9
14,2492.0
35,2492.1
0,2492.6
47,2492.9
3,2493.0
51,2493.9
15,2493.9
44,2493.9
62,2494.5
41,2494.5
24,2494.6
27,2495.0
16,2495.5
33,2495.8
57,2495.8
6,2496.4
58,2496.4
28,2496.4
7,2496.5
23,2496.6
42,2496.9
31,2497.0
2,2498.7
60,2498.8
25,2498.8
1,2499.2
8,2499.9
13,2500.7
45,2501.0
4,2501.2
49,2501.6
32,2501.9
61,2501.9
21,2502.2
56,2502.5
34,2502.6
48,2502.8
37,2502.9
36,2503.0
9,2503.2
53,2503.4
47,2504.1
50,2504.4
5,2504.4
41,2504.8
10,2505.0
6,2505.5
58,2505.6
35,2505.7
11,2505.9
15,2506.0
26,2506.0
7,2506.0
19,2506.1
31,2506.1
30,2506.6
3,2506.9
40,2507.1
29,2507.4
44,2507.6
12,2507.6
38,2508.0
22,2508.6
14,2508.7
0,2508.8
25,2509.2
52,2509.7
8,2509.7
42,2510.4
23,2510.6
28,2511.1
16,2511.8
36,2512.3
61,2512.3
33,2512.6
60,2513.3
51,2513.4
20,2513.5
32,2513.7
1,2513.8
21,2514.3
57,2515.1
56,2515.5
34,2515.7
19,2516.4
48,2516.5
58,2516.5
9,2516.6
5,2516.9
50,2517.0
11,2517.1
53,2517.6
41,2517.7
15,2518.0
38,2518.1
25,2518.4
31,2519.0
44,2519.3
7,2519.4
3,2519.9
29,2520.2
12,2520.2
40,2520.3
10,2520.6
13,2520.8
47,2520.9
0,2521.0
46,2521.3
51,2522.4
52,2523.1
35,2523.3
36,2523.4
60,2525.7
58,2525.8
4,2525.8
61,2525.9
57,2526.1
26,2526.3
33,2527.8
55,2527.9
20,2528.2
11,2528.2
5,2528.3
41,2528.4
32,2528.6
53,2528.6
1,2528.8
21,2529.6
15,2529.6
25,2530.1
45,2530.1
9,2530.3
6,2530.5
50,2530.7
42,2530.9
13,2531.1
16,2531.3
56,2531.8
44,2533.0
34,2533.0
0,2534.6
23,2534.8
29,2536.3
4,2536.5
58,2537.3
28,2537.6
38,2537.8
53,2538.1
10,2538.1
52,2538.2
22,2538.4
35,2538.8
32,2539.0
57,2539.3
36,2539.8
17,2539.9
20,2539.9
11,2540.2
8,2540.2
46,2540.2
26,2540.4
31,2540.6
21,2540.8
15,2541.3
48,2541.4
14,2541.5
12,2541.6
45,2541.8
49,2541.9
9,2542.2
7,2542.2
3,2542.6
25,2543.7
51,2543.8
2,2543.8
42,2544.1
40,2544.3
47,2544.4
56,2544.4
16,2544.7
41,2544.9
5,2544.9
44,2545.3
60,2546.3
30,2546.4
13,2546.5
38,2547.3
34,2547.5
53,2547.5
0,2548.0
4,2548.1
61,2549.3
32,2549.3
22,2549.3
33,2549.3
6,2549.7
36,2550.0
50,2550.1
17,2552.4
8,2552.5
21,2552.7
9,2552.7
57,2552.8
25,2552.9
51,2552.9
11,2553.5
15,2553.5
35,2553.5
56,2553.8
7,2554.4
49,2554.9
58,2555.2
42,2555.3
20,2555.4
1,2555.5
41,2555.9
3,2556.5
2,2557.4
13,2557.5
47,2557.9
26,2558.3
60,2559.5
30,2559.6
38,2559.9
16,2560.0
45,2560.3
0,2561.2
19,2561.3
5,2561.3
62,2561.5
55,2561.8
50,2561.8
44,2562.2
32,2562.6
34,2562.7
52,2562.9
6,2562.9
10,2562.9
21,2563.4
31,2563.8
8,2564.0
36,2564.5
27,2564.6
22,2565.2
17,2565.6
7,2565.7
51,2566.0
42,2566.3
37,2566.6
57,2566.9
13,2567.2
15,2567.3
9,2567.3
56,2567.5
29,2567.6
58,2568.2
20,2568.4
53,2569.3
26,2569.8
38,2569.9
40,2570.9
11,2570.9
41,2571.3
33,2571.3
45,2571.5
48,2573.1
50,2573.1
62,2573.6
19,2573.6
6,2573.9
34,2574.0
44,2574.1
30,2574.2
32,2574.4
8,2574.5
49,2574.5
59,2575.5
3,2575.6
2,2576.0
10,2576.1
60,2576.2
31,2576.3
42,2576.4
47,2576.5
56,2577.0
46,2577.4
52,2577.7
15,2578.3
12,2578.4
20,2578.5
51,2578.5
21,2578.6
27,2578.8
9,2579.0
35,2579.1
13,2579.4
24,2580.5
1,2580.5
16,2580.6
53,2580.9
38,2581.3
25,2581.4
55,2581.9
40,2581.9
58,2582.0
37,2583.0
22,2583.2
62,2583.6
30,2583.6
7,2583.6
0,2583.8
41,2584.0
19,2584.2
6,2584.5
45,2584.8
32,2585.4
47,2585.5
34,2585.6
5,2586.0
42,2586.2
33,2586.8
26,2587.3
48,2588.8
12,2589.0
46,2589.2
36,2589.5
15,2589.8
13,2590.1
50,2590.4
8,2590.4
35,2590.6
59,2591.0
57,2591.2
25,2591.4
51,2591.8
9,2591.9
44,2592.1
3,2592.4
54,2592.5
16,2592.7
62,2593.2
21,2593.3
20,2593.8
45,2594.2
7,2594.6
22,2594.6
17,2594.8
37,2595.2
4,2595.6
31,2596.2
1,2596.8
10,2596.8
56,2596.9
30,2597.1
34,2597.3
6,2597.5
33,2597.9
61,2598.6
40,2598.7
53,2599.1
32,2600.0
29,2600.1
52,2600.1
5,2600.3
8,2600.5
27,2600.5
46,2601.4
51,2601.6
12,2601.8
24,2602.1
44,2602.2
38,2603.0
36,2603.1
25,2603.3
16,2603.4
41,2604.8
4,2605.1
58,2605.2
48,2605.5
3,2605.7
47,2606.0
21,2606.0
13,2606.8
11,2606.9
62,2607.0
35,2607.1
6,2607.2
15,2607.8
42,2607.8
60,2608.2
34,2608.7
10,2609.0
17,2609.1
1,2609.1
53,2609.2
57,2609.8
33,2610.3
8,2610.3
9,2610.5
37,2611.3
61,2611.6
7,2611.7
59,2612.2
22,2612.2
32,2612.3
38,2612.5
52,2612.6
27,2612.6
54,2612.6
56,2613.6
29,2614.0
5,2614.3
25,2614.6
12,2614.8
46,2615.7
41,2615.7
49,2615.9
51,2616.4
47,2617.3
44,2617.3
36,2617.5
13,2617.9
42,2618.0
2,2618.4
17,2618.5
62,2618.5
16,2619.2
1,2619.4
45,2619.7
14,2619.8
53,2619.9
21,2620.1
10,2620.3
30,2620.4
35,2620.5
15,2620.5
34,2620.7
6,2621.4
57,2621.6
20,2621.8
9,2622.1
38,2622.2
3,2622.2
37,2622.5
8,2622.7
40,2622.9
58,2623.8
19,2624.0
24,2624.3
59,2625.1
12,2625.1
26,2625.7
5,2625.8
32,2625.8
50,2626.5
4,2626.9
51,2627.1
52,2627.3
47,2627.4
29,2627.4
36,2627.5
25,2628.5
0,2629.1
1,2629.3
46,2629.5
48,2629.9
17,2630.1
49,2630.6
33,2630.8
23,2631.0
41,2631.3
15,2631.6
34,2631.6
21,2631.7
27,2631.9
38,2632.4
6,2632.4
58,2633.1
61,2633.1
54,2633.3
42,2633.6
62,2633.6
19,2633.8
13,2634.2
2,2634.4
9,2634.4
14,2634.5
8,2634.6
3,2635.0
53,2635.7
12,2636.4
55,2636.4
59,2636.5
47,2636.7
40,2637.3
10,2637.8
51,2638.9
32,2639.3
5,2639.3
31,2639.5
57,2640.0
37,2640.5
23,2640.8
6,2641.6
36,2641.6
15,2642.3
1,2642.4
33,2642.5
17,2643.1
34,2643.2
58,2643.5
44,2643.6
25,2644.0
35,2644.6
42,2644.8
53,2645.1
8,2645.3
24,2645.4
14,2645.5
26,2645.5
4,2645.7
7,2645.7
9,2646.3
56,2646.4
21,2646.7
0,2646.9
13,2647.0
29,2647.0
52,2647.8
45,2647.8
31,2648.5
57,2649.1
48,2649.2
16,2649.4
47,2649.5
22,2649.9
54,2650.0
12,2651.1
49,2651.7
55,2652.1
40,2652.5
3,2653.1
23,2653.2
17,2653.8
44,2654.0
25,2654.1
46,2654.1
59,2654.5
34,2654.9
8,2655.0
4,2655.2
58,2655.3
5,2655.5
2,2656.2
53,2656.6
51,2656.9
26,2657.6
7,2657.7
14,2658.0
9,2658.0
10,2658.1
31,2658.2
15,2658.5
36,2658.8
47,2659.1
42,2659.5
29,2659.7
41,2659.7
13,2659.9
33,2659.9
62,2660.1
32,2660.5
12,2661.9
16,2662.0
48,2662.8
60,2663.5
23,2663.7
52,2663.8
1,2664.2
8,2664.5
50,2664.6
55,2665.1
61,2665.6
49,2665.6
6,2666.2
4,2666.3
40,2666.6
53,2667.4
45,2667.5
34,2668.2
47,2668.3
44,2668.5
21,2669.2
46,2669.6
13,2669.8
9,2670.0
57,2670.2
51,2670.5
14,2670.6
31,2670.7
38,2670.9
2,2671.4
42,2671.7
7,2671.7
12,2671.9
62,2672.1
36,2672.1
15,2672.4
32,2672.6
27,2672.9
25,2673.1
19,2673.4
29,2673.5
3,2673.5
58,2673.7
6,2676.0
4,2676.0
16,2676.3
8,2676.7
1,2677.1
26,2677.2
45,2677.3
61,2677.5
37,2677.6
10,2677.9
44,2678.6
23,2679.4
60,2680.1
9,2680.7
21,2680.8
53,2680.8
31,2680.9
47,2681.1
0,2681.4
42,2682.0
17,2682.7
54,2682.8
19,2682.9
7,2683.3
34,2683.4
14,2683.4
58,2683.6
13,2683.7
50,2684.1
5,2684.2
40,2684.4
15,2684.4
25,2684.7
12,2684.8
48,2684.8
22,2684.9
49,2684.9
52,2685.2
3,2686.3
16,2687.5
20,2687.5
45,2687.5
8,2687.7
55,2688.0
46,2688.3
44,2688.3
29,2688.7
11,2689.0
10,2689.4
57,2690.4
47,2690.6
59,2690.7
37,2691.2
23,2691.2
21,2691.7
62,2691.9
32,2692.3
42,2692.4
2,2692.6
30,2692.7
36,2694.0
13,2694.1
9,2694.4
14,2695.7
1,2695.9
0,2696.0
5,2696.1
61,2696.2
58,2696.4
31,2696.4
12,2696.5
6,2697.0
33,2697.3
52,2698.2
50,2698.7
35,2698.9
44,2699.0
15,2699.1
45,2699.5
8,2700.6
57,2701.1
19,2701.5
7,2701.6
38,2701.6
54,2701.9
20,2702.6
21,2702.6
22,2702.6
42,2702.7
16,2702.7
53,2703.0
23,2703.5
34,2704.1
10,2704.3
47,2704.7
59,2704.8
37,2705.8
4,2705.9
30,2706.5
14,2707.3
9,2707.3
5,2707.5
3,2707.8
24,2708.2
26,2708.3
12,2708.4
29,2709.1
6,2709.4
15,2709.9
13,2710.1
11,2710.1
1,2710.1
52,2710.2
55,2710.5
50,2710.7
8,2710.8
60,2711.9
38,2712.6
42,2712.6
7,2713.5
47,2714.1
21,2714.4
23,2714.5
44,2715.3
16,2715.7
61,2715.8
48,2716.1
2,2716.2
20,2716.5
32,2716.7
58,2717.4
14,2717.7
10,2717.7
30,2718.1
41,2718.5
45,2718.5
35,2718.8
9,2719.1
37,2719.3
59,2719.8
26,2719.9
52,2720.8
8,2720.9
34,2720.9
3,2721.0
12,2721.1
15,2721.1
5,2721.3
57,2721.3
54,2721.7
40,2721.8
38,2722.0
29,2722.8
25,2723.1
0,2723.1
11,2723.7
6,2724.1
7,2724.6
13,2724.8
27,2725.1
23,2725.2
31,2725.6
49,2725.9
4,2726.2
16,2726.7
32,2727.0
50,2728.0
21,2729.1
45,2729.1
24,2729.5
9,2729.7
2,2730.0
46,2730.1
55,2730.2
17,2730.3
14,2730.4
59,2730.6
20,2731.2
44,2731.3
52,2731.4
41,2731.4
57,2731.8
26,2732.3
8,2732.4
15,2732.5
61,2732.9
12,2733.4
37,2733.5
48,2734.3
42,2734.4
6,2734.5
40,2734.7
1,2735.0
3,2735.3
29,2735.4
13,2735.5
51,2736.2
4,2736.3
30,2736.4
5,2736.7
58,2737.1
62,2737.8
34,2737.9
23,2738.6
10,2739.1
22,2739.2
27,2739.5
35,2739.6
45,2739.8
32,2739.9
7,2741.4
41,2741.4
24,2741.4
16,2741.4
44,2743.2
6,2743.5
11,2743.9
47,2744.0
9,2744.6
15,2744.7
53,2744.9
50,2745.0
13,2745.1
21,2745.2
55,2746.0
49,2746.7
52,2747.4
59,2747.5
29,2747.5
17,2747.7
57,2747.8
36,2747.9
5,2748.1
2,2748.4
3,2748.6
4,2749.3
26,2749.6
8,2750.1
42,2750.3
48,2751.1
14,2751.4
34,2751.6
23,2752.3
12,2753.0
10,2753.1
53,2754.0
51,2754.1
41,2754.2
60,2754.2
40,2755.0
45,2755.1
22,2755.8
58,2755.8
13,2755.8
11,2756.1
1,2756.1
21,2756.3
15,2756.5
20,2756.5
30,2756.9
37,2758.1
47,2758.2
9,2758.3
44,2758.4
4,2758.7
35,2759.1
17,2760.0
32,2761.0
42,2761.3
24,2761.3
5,2761.4
8,2761.7
49,2761.8
7,2761.9
3,2762.0
48,2762.7
34,2762.9
51,2762.9
12,2763.2
53,2763.5
16,2763.7
55,2763.7
50,2764.0
27,2764.0
60,2765.0
29,2765.4
10,2765.4
52,2765.6
0,2766.1
61,2766.2
45,2766.3
30,2766.5
26,2767.2
57,2767.3
40,2767.7
46,2767.7
2,2768.2
13,2768.9
15,2768.9
44,2769.1
21,2769.2
54,2769.4
38,2769.4
58,2769.6
9,2770.6
25,2770.8
47,2771.0
1,2771.0
8,2771.5
22,2773.1
32,2773.2
12,2773.6
17,2773.7
20,2773.8
37,2774.0
5,2774.7
53,2774.8
42,2775.1
41,2775.1
49,2775.2
34,2775.2
35,2775.7
23,2776.0
19,2776.5
11,2776.5
45,2776.7
48,2776.9
52,2777.0
31,2777.4
7,2777.4
6,2778.0
10,2778.1
61,2778.2
40,2778.7
29,2778.7
55,2778.9
16,2779.6
60,2779.8
59,2780.1
25,2780.3
30,2780.4
58,2780.5
47,2780.5
44,2781.2
1,2781.2
38,2781.6
15,2781.8
57,2781.9
46,2783.3
37,2783.7
12,2783.9
0,2784.0
53,2784.1
8,2784.7
3,2785.1
27,2785.5
41,2786.2
22,2786.3
51,2786.7
49,2786.8
42,2786.8
5,2786.8
52,2787.2
26,2787.4
19,2787.5
45,2787.5
4,2787.8
34,2787.9
32,2788.1
17,2788.2
56,2788.5
2,2788.6
20,2789.1
61,2789.1
16,2789.8
1,2790.7
9,2791.0
13,2791.1
21,2791.3
40,2791.7
44,2792.2
31,2792.3
58,2792.8
15,2793.2
30,2793.4
37,2793.5
57,2794.0
24,2794.1
29,2794.8
38,2795.0
35,2795.3
12,2795.3
42,2796.3
6,2796.6
10,2796.6
41,2797.3
7,2797.5
22,2797.5
45,2797.6
51,2797.7
5,2798.1
46,2798.7
27,2799.7
52,2799.8
17,2800.2
47,2800.8
8,2801.0
34,2801.1
40,2801.8
36,2802.0
53,2802.6
48,2802.6
54,2802.7
56,2802.8
31,2803.0
16,2803.2
19,2803.8
49,2803.9
21,2803.9
57,2804.0
37,2804.1
1,2804.2
0,2804.5
15,2804.5
38,2804.9
44,2805.7
61,2805.7
30,2806.1
60,2806.4
29,2806.9
51,2806.9
12,2807.1
42,2807.3
50,2807.4
7,2807.4
55,2807.4
6,2807.4
26,2808.4
41,2808.7
45,2809.2
17,2810.2
46,2810.9
4,2811.4
9,2812.3
62,2812.6
58,2813.2
16,2813.6
19,2813.6
34,2814.1
32,2814.2
13,2814.4
36,2815.0
24,2815.1
22,2815.2
0,2815.5
52,2815.6
5,2815.7
21,2815.9
8,2816.0
20,2816.3
48,2816.3
40,2816.6
6,2816.7
38,2817.0
31,2817.5
42,2817.6
47,2817.8
60,2817.8
30,2818.0
25,2818.3
59,2818.7
44,2819.1
45,2819.3
23,2819.9
37,2820.0
51,2820.2
1,2820.3
41,2820.7
15,2820.9
12,2821.0
7,2822.0
26,2822.2
54,2822.5
50,2822.7
58,2823.1
62,2823.1
27,2823.8
13,2824.4
32,2824.8
53,2825.1
57,2825.3
19,2825.6
33,2826.2
38,2826.4
6,2826.6
29,2827.1
56,2827.2
4,2827.3
5,2827.5
46,2827.9
59,2828.3
52,2828.4
16,2828.5
37,2829.5
21,2829.6
9,2829.7
40,2829.8
0,2830.6
61,2830.6
42,2831.4
7,2831.5
17,2831.6
12,2831.6
41,2831.6
11,2831.8
10,2832.0
44,2832.3
1,2832.4
60,2832.9
15,2833.0
26,2833.6
25,2834.0
30,2834.0
22,2834.1
19,2834.6
53,2834.8
50,2834.8
51,2835.0
23,2835.6
31,2835.7
36,2835.9
58,2836.3
34,2836.8
62,2837.1
8,2838.1
13,2838.9
49,2839.6
5,2839.7
32,2840.3
4,2840.3
47,2840.3
21,2840.9
48,2841.1
3,2841.2
40,2841.4
12,2841.8
52,2841.9
59,2842.0
7,2842.1
0,2842.4
24,2842.6
37,2842.8
30,2843.0
25,2843.1
61,2843.1
46,2843.1
42,2843.2
44,2843.7
15,2844.1
35,2844.1
53,2844.4
57,2845.5
41,2845.5
23,2845.5
9,2845.6
51,2845.6
39,2846.0
1,2846.0
55,2846.3
60,2846.5
26,2846.5
50,2847.5
8,2847.7
6,2847.8
14,2848.1
20,2848.1
45,2849.0
34,2849.4
31,2849.4
33,2849.5
17,2851.0
22,2851.2
16,2851.3
21,2851.7
11,2851.7
10,2852.2
3,2853.5
12,2853.5
0,2853.7
47,2853.9
37,2854.0
52,2854.1
7,2854.4
4,2854.4
36,2854.7
30,2854.7
53,2854.8
44,2854.8
54,2855.0
42,2855.1
46,2855.4
62,2856.0
57,2856.4
15,2856.6
6,2856.7
19,2857.4
13,2857.5
38,2857.5
1,2857.7
5,2858.0
58,2858.4
40,2859.5
14,2859.6
60,2860.1
61,2860.4
23,2860.5
32,2861.4
17,2861.9
21,2862.0
16,2862.0
22,2862.8
29,2863.0
20,2863.2
56,2863.3
43,2863.5
24,2863.5
47,2863.6
4,2863.6
33,2864.4
48,2864.5
50,2864.9
52,2865.7
59,2865.7
0,2866.0
42,2866.0
55,2866.3
12,2866.4
39,2866.8
45,2866.8
3,2867.0
7,2867.1
10,2867.1
38,2867.5
31,2867.5
15,2867.9
34,2868.1
9,2868.6
26,2868.9
6,2869.2
41,2869.4
62,2869.8
8,2870.7
46,2870.9
37,2872.0
57,2872.1
19,2872.1
13,2872.1
44,2872.5
25,2872.7
30,2872.8
21,2872.9
40,2873.4
4,2873.6
11,2873.7
54,2873.8
17,2874.4
5,2874.7
61,2875.0
32,2875.0
16,2875.3
60,2875.5
14,2875.8
42,2875.9
45,2876.2
0,2876.5
1,2876.6
52,2876.8
56,2877.3
12,2877.4
47,2877.8
6,2878.4
34,2878.5
7,2879.4
23,2879.7
49,2880.1
3,2880.2
50,2880.3
29,2880.6
31,2880.8
9,2880.9
22,2881.4
43,2881.8
19,2882.3
8,2882.3
53,2882.5
21,2883.3
15,2883.7
30,2884.2
46,2884.3
17,2884.7
48,2886.0
36,2886.0
58,2886.3
60,2886.5
61,2886.5
45,2886.8
1,2887.4
14,2887.6
12,2887.6
16,2888.2
38,2889.6
10,2889.8
20,2889.8
42,2889.8
33,2889.9
44,2890.8
0,2891.2
34,2892.1
7,2892.3
9,2892.8
31,2893.0
51,2893.0
32,2893.0
11,2893.4
62,2893.6
4,2893.8
52,2894.2
49,2894.2
23,2895.0
29,2895.9
21,2896.2
46,2896.4
58,2896.5
61,2897.2
8,2897.6
13,2897.6
45,2898.2
15,2898.5
40,2898.7
16,2899.0
36,2899.4
50,2899.4
57,2899.5
12,2899.6
26,2899.7
3,2899.9
56,2900.9
42,2901.1
0,2901.3
25,2902.1
44,2902.6
30,2902.6
47,2902.6
37,2902.9
28,2903.0
32,2903.3
60,2903.6
31,2903.8
34,2904.0
17,2904.3
1,2904.5
62,2904.7
9,2904.8
52,2905.3
4,2905.4
10,2905.8
14,2906.5
48,2906.8
22,2906.8
38,2906.9
49,2907.3
8,2907.6
33,2907.6
24,2908.2
57,2908.8
5,2909.9
51,2909.9
21,2910.2
12,2910.4
36,2910.8
15,2911.0
58,2911.1
46,2911.3
42,2911.3
0,2912.3
6,2912.4
45,2912.6
47,2912.7
61,2913.3
13,2913.4
3,2913.6
7,2914.0
26,2914.4
44,2914.9
32,2915.0
54,2915.1
1,2915.5
16,2915.7
31,2916.3
60,2916.9
38,2917.0
9,2917.6
29,2917.6
37,2917.6
8,2917.7
4,2918.1
52,2918.9
43,2919.2
55,2920.1
28,2920.1
19,2920.6
27,2921.0
57,2921.4
42,2921.4
21,2921.5
25,2922.0
34,2922.0
5,2922.4
30,2922.4
58,2922.4
62,2922.8
24,2922.8
36,2922.9
23,2922.9
47,2923.0
15,2923.0
22,2923.8
46,2924.2
51,2924.2
56,2924.6
13,2924.9
17,2925.1
32,2925.4
0,2925.7
61,2926.0
31,2926.3
38,2926.9
12,2927.2
1,2927.6
48,2927.8
8,2928.0
50,2928.7
49,2929.0
9,2929.3
29,2929.5
26,2930.0
52,2930.2
44,2930.6
4,2931.0
6,2931.5
25,2932.2
19,2932.3
60,2933.2
5,2933.5
2,2933.6
28,2934.0
23,2934.9
15,2935.3
27,2935.4
58,2936.1
21,2936.1
61,2936.4
3,2936.5
30,2936.7
47,2938.0
56,2938.0
10,2938.6
11,2939.2
41,2940.1
42,2940.3
0,2940.6
24,2940.9
32,2941.1
31,2941.5
25,2941.6
36,2941.8
57,2941.9
13,2942.3
46,2942.3
26,2942.4
59,2942.7
44,2942.8
14,2943.3
8,2943.5
37,2943.9
17,2944.2
16,2945.0
1,2945.4
51,2945.8
23,2946.0
30,2946.1
33,2946.8
12,2946.8
34,2946.8
21,2947.2
50,2947.5
2,2947.6
52,2947.7
61,2948.0
3,2948.2
29,2948.5
9,2948.6
19,2948.6
56,2948.8
5,2949.5
41,2949.8
28,2949.9
42,2950.0
15,2950.3
11,2951.5
0,2952.2
45,2952.3
36,2953.0
25,2953.3
6,2953.5
13,2954.7
16,2955.2
60,2955.2
37,2955.3
31,2956.4
44,2956.9
22,2957.2
59,2957.3
8,2957.4
47,2957.5
21,2957.7
30,2957.7
1,2958.2
52,2959.0
58,2959.0
61,2959.0
19,2959.0
14,2959.1
41,2959.6
4,2960.0
27,2960.2
12,2960.2
24,2960.2
7,2960.2
46,2960.3
62,2960.3
3,2960.6
26,2960.6
23,2961.0
9,2961.1
28,2961.7
17,2962.2
51,2962.3
29,2962.4
50,2962.7
6,2963.1
42,2963.2
25,2963.6
34,2964.6
38,2965.3
56,2965.4
16,2965.7
31,2966.7
30,2967.5
37,2967.8
19,2967.9
15,2968.0
48,2968.3
0,2968.4
52,2969.4
44,2969.4
47,2969.6
58,2970.1
13,2970.4
60,2970.5
41,2970.6
23,2970.7
32,2970.8
36,2970.8
7,2971.0
12,2971.1
45,2971.1
8,2971.1
17,2971.3
3,2971.3
62,2971.6
4,2971.7
11,2971.8
46,2972.3
2,2972.3
61,2972.7
21,2973.2
38,2974.5
29,2974.5
25,2974.5
5,2976.9
6,2977.7
16,2977.9
50,2978.3
56,2978.7
15,2978.9
9,2979.0
31,2979.4
1,2979.5
14,2979.6
0,2979.6
52,2980.3
37,2980.3
19,2980.4
28,2980.9
47,2980.9
13,2981.3
17,2981.5
30,2982.0
44,2982.0
45,2982.1
22,2982.3
59,2982.8
8,2982.9
48,2983.4
33,2983.7
23,2984.1
58,2984.5
25,2984.6
40,2985.5
42,2985.8
3,2986.2
12,2986.4
38,2986.6
21,2986.7
41,2987.3
7,2987.4
11,2987.6
62,2988.0
27,2989.5
19,2989.8
15,2989.8
60,2990.2
31,2990.4
34,2990.5
14,2990.8
61,2991.0
32,2991.0
46,2991.6
1,2992.0
56,2992.1
44,2992.3
30,2992.5
0,2993.0
37,2993.3
57,2993.5
45,2994.0
29,2994.1
50,2994.5
53,2995.4
5,2995.5
52,2995.6
8,2995.8
4,2996.0
25,2996.0
33,2996.4
38,2996.6
12,2997.8
58,2998.0
16,2998.1
13,2998.6
62,2998.7
31,2999.4
6,2999.7
