24,36.8
305,37.0
124,38.0
303,41.1
60,42.1
368,42.2
69,42.5
104,43.3
116,43.9
6,44.0
21,44.0
351,44.8
347,45.7
163,47.0
358,47.7
219,48.2
167,48.4
73,48.7
147,50.3
68,50.5
306,50.8
249,51.2
260,51.5
348,51.5
170,51.7
220,52.0
264,52.3
12,52.4
119,52.5
268,52.8
313,53.1
76,53.1
368,53.5
300,53.6
305,53.8
303,53.9
258,54.1
64,54.3
107,54.5
262,54.6
125,54.9
116,55.1
61,56.0
54,56.8
351,56.8
67,57.1
85,57.1
3,57.1
21,57.2
59,57.3
185,57.3
312,57.5
65,57.9
316,58.0
24,58.2
315,58.4
357,58.5
176,58.9
369,58.9
210,59.0
36,59.3
124,59.8
100,59.9
307,60.3
306,61.2
127,61.4
168,61.6
368,61.8
305,61.9
73,62.8
49,63.1
10,63.4
12,63.5
60,63.8
289,63.9
68,64.3
264,64.3
107,64.4
259,65.1
249,65.3
147,65.3
163,65.5
325,65.6
170,67.3
219,67.3
76,68.1
349,68.2
260,68.5
64,68.5
21,68.9
138,69.0
67,69.4
245,70.7
167,71.1
208,71.6
176,71.7
164,71.8
345,72.1
140,72.1
348,72.4
99,73.3
368,73.7
351,73.9
210,74.2
124,75.1
73,76.8
303,76.8
107,76.8
77,77.3
363,77.5
14,78.3
21,78.3
116,79.0
159,79.7
220,79.9
259,80.6
216,80.9
61,81.0
289,81.0
168,81.1
10,81.3
305,81.4
218,81.8
173,81.9
12,81.9
115,82.1
249,82.1
181,82.8
362,83.0
69,83.3
357,83.7
306,83.9
154,83.9
368,84.5
266,84.8
37,85.2
65,85.6
339,86.0
68,86.1
366,86.4
104,86.4
264,86.5
67,87.4
124,88.0
275,88.2
197,88.9
303,89.4
3,89.5
201,89.7
21,90.0
256,91.0
245,91.6
345,92.8
100,93.0
73,93.3
316,95.5
312,96.1
260,96.6
219,97.5
24,101.3
360,103.8
76,108.2
283,108.2
376,110.0
358,111.4
77,112.3
124,113.0
306,113.0
131,115.2
348,116.2
141,117.4
275,117.4
137,117.7
59,118.4
159,118.8
31,119.5
351,119.5
104,122.5
210,122.9
355,123.1
283,123.4
160,123.7
219,124.6
247,124.9
289,127.6
298,127.9
12,129.7
159,130.3
3,130.8
358,132.7
109,133.8
351,134.0
160,134.0
50,134.5
54,135.1
185,136.6
59,136.8
348,138.7
266,139.0
247,139.2
297,140.4
210,140.6
77,140.8
290,140.9
104,141.0
320,141.3
369,141.9
137,142.0
76,142.6
60,143.5
305,144.6
80,146.1
14,146.3
232,148.4
351,148.5
324,148.6
315,148.9
275,149.3
318,149.4
67,149.5
159,149.6
322,149.6
316,150.2
121,151.1
131,151.5
170,153.1
137,153.7
61,153.7
127,154.1
270,155.4
359,155.7
177,156.0
33,156.1
265,157.6
35,157.7
225,158.0
343,158.0
179,158.2
166,158.4
305,161.6
217,162.6
121,164.8
21,166.7
312,168.5
61,168.7
180,172.5
324,172.6
10,174.2
114,177.6
306,177.7
303,177.8
125,178.2
6,178.3
312,179.2
116,180.3
24,181.8
298,182.3
159,185.2
60,185.5
219,185.6
347,187.1
355,188.9
67,190.1
137,190.9
24,192.3
114,193.1
125,195.8
315,196.1
312,196.3
85,196.7
179,197.3
289,198.1
243,198.2
368,198.2
316,198.3
130,200.7
325,200.7
358,201.5
137,202.2
224,203.0
373,203.4
80,203.6
239,204.8
303,208.2
127,208.8
318,210.8
29,211.2
77,212.6
327,213.2
224,217.6
76,217.7
68,219.8
131,220.7
38,221.7
168,222.4
316,222.9
123,223.1
24,223.7
28,224.2
260,225.1
124,225.3
33,225.4
73,225.6
368,227.1
116,228.5
107,228.7
314,228.9
76,229.0
348,229.1
271,229.7
69,229.9
36,230.1
210,230.2
259,230.3
249,230.5
216,230.6
362,230.6
100,231.2
70,231.2
264,231.4
220,232.0
65,232.1
68,232.5
359,233.6
303,234.2
12,234.4
260,235.2
10,235.2
197,235.4
61,236.0
224,236.2
21,236.4
127,236.8
306,236.8
85,237.1
73,237.5
24,238.4
283,238.9
33,239.4
36,239.7
116,239.9
163,240.0
76,240.3
38,240.5
107,240.7
319,241.4
69,241.6
28,242.0
232,242.0
131,242.5
167,242.7
47,243.0
368,243.7
289,243.9
327,244.4
10,245.4
358,245.8
219,246.3
259,246.4
218,246.7
128,247.0
376,247.0
256,247.4
343,247.6
283,247.8
99,247.9
360,248.1
211,248.3
362,248.4
36,249.1
279,250.0
61,250.0
312,250.7
232,251.2
137,251.4
24,251.7
85,251.7
324,251.9
349,251.9
113,252.6
266,253.0
116,253.8
131,254.0
185,254.4
156,254.5
33,254.8
258,254.9
88,254.9
347,255.0
231,255.2
358,256.1
179,256.1
76,256.2
305,256.4
314,256.7
230,257.7
253,258.6
75,258.7
219,258.7
348,259.1
216,259.2
327,259.2
306,259.4
224,259.6
260,260.2
320,260.2
262,260.3
232,260.5
367,260.6
3,261.3
36,261.8
185,262.7
172,262.8
362,262.8
335,262.8
315,262.8
376,262.8
351,263.1
180,263.4
364,264.1
109,264.1
159,264.5
368,265.3
104,265.3
155,265.5
358,265.9
137,266.0
47,266.0
24,266.3
126,266.3
59,266.6
116,266.7
275,266.8
125,267.0
324,267.2
380,267.4
357,268.3
355,269.7
77,269.7
10,270.4
65,270.7
232,270.8
219,270.8
306,271.0
179,271.1
210,271.2
305,271.3
14,271.5
303,272.1
362,272.2
253,272.9
247,273.0
160,273.7
351,274.0
147,274.9
188,275.1
267,275.1
256,275.2
68,275.4
377,275.6
79,276.3
259,276.5
255,277.2
270,277.3
201,277.8
358,279.4
120,279.7
172,280.8
291,282.3
315,282.5
137,282.7
179,283.8
32,284.2
327,287.9
114,287.9
322,288.1
75,289.7
3,290.3
24,290.5
316,291.4
319,295.1
179,300.6
312,300.8
140,303.3
176,304.5
245,307.2
275,307.6
177,307.8
334,309.5
14,310.4
315,312.1
121,313.8
327,314.0
21,315.0
76,315.6
348,317.2
355,319.9
154,327.3
3,329.0
259,331.2
59,331.7
243,333.3
368,333.8
303,334.0
305,335.2
362,335.4
125,335.6
159,336.8
124,338.1
68,338.9
247,339.5
355,340.0
358,340.4
232,340.4
316,340.9
67,341.2
115,341.8
219,341.9
210,342.0
104,342.3
366,343.5
201,343.8
267,344.1
168,344.2
199,345.7
357,346.2
24,346.8
124,347.1
160,348.7
351,348.8
266,350.8
259,351.5
77,352.0
116,352.4
69,352.9
169,353.1
21,354.2
306,354.8
348,356.2
358,356.5
159,356.7
31,357.3
60,358.9
59,359.0
360,361.5
69,362.8
275,363.0
170,363.6
313,363.6
259,365.1
211,365.8
283,365.9
306,367.7
124,368.1
210,369.1
255,373.4
303,373.9
10,374.1
116,376.0
73,378.7
107,378.7
167,378.8
368,379.2
172,379.6
351,379.8
249,380.6
69,380.6
21,381.7
292,382.6
31,383.3
232,383.9
219,384.4
297,385.4
3,385.7
306,385.8
336,386.3
259,386.5
64,387.4
163,388.6
345,388.8
10,389.7
17,390.2
362,390.4
99,394.9
126,397.6
185,397.7
376,398.4
36,401.1
368,402.3
77,404.0
297,412.7
358,412.7
12,413.3
109,413.3
104,413.5
137,416.8
247,417.5
351,418.0
3,418.9
312,419.4
160,419.7
274,421.0
12,422.2
297,422.5
303,422.6
131,423.1
264,423.1
109,423.4
104,423.5
253,424.0
24,425.1
358,425.2
324,425.6
283,425.7
219,426.6
368,426.7
159,426.9
210,426.9
17,427.5
86,427.9
262,428.0
99,428.0
68,428.4
176,428.7
301,429.6
137,429.8
247,430.3
3,430.3
260,430.4
201,430.6
332,430.6
65,431.3
114,431.5
291,432.2
10,432.4
100,432.9
333,432.9
236,432.9
59,433.0
312,433.9
140,434.5
216,434.9
303,434.9
155,435.2
24,435.7
33,436.5
306,437.6
298,437.9
6,438.0
279,438.1
14,438.6
160,440.5
355,444.7
64,445.0
163,447.7
76,454.4
150,457.1
35,460.6
179,460.6
324,461.3
232,461.8
327,462.9
283,463.0
185,468.3
230,469.4
275,470.2
137,470.9
224,471.4
179,472.8
323,476.5
362,476.8
283,478.6
320,478.6
327,480.2
315,480.3
232,480.6
358,481.1
137,481.4
24,482.2
367,482.5
70,482.9
316,483.1
35,483.5
179,483.8
120,484.3
319,484.7
224,485.6
253,485.6
275,486.3
219,486.9
259,487.5
312,487.6
80,487.7
376,488.8
36,489.5
85,490.2
357,490.5
362,491.6
73,492.6
137,494.5
172,494.6
283,495.0
324,495.5
322,496.3
24,496.4
319,496.5
220,498.7
346,499.1
232,499.2
320,500.3
305,503.2
201,505.2
124,506.0
253,508.1
69,508.2
360,508.4
275,509.2
65,509.8
270,510.0
115,510.1
10,510.2
359,511.6
259,511.8
174,513.2
217,513.8
305,514.1
68,515.9
201,516.3
154,517.1
28,517.2
74,517.2
220,517.5
121,517.7
21,518.2
366,518.5
289,520.5
253,522.0
306,522.1
76,522.7
10,523.2
65,524.0
219,525.5
357,527.1
100,527.8
24,528.0
124,530.9
107,531.8
36,534.9
253,536.2
275,536.3
179,537.0
324,538.0
14,543.2
327,543.5
301,545.9
137,548.0
179,550.0
88,552.2
283,552.9
327,553.8
76,555.0
12,559.1
185,559.3
104,559.3
137,562.2
136,564.7
272,564.8
283,565.4
266,566.5
253,566.6
358,568.1
316,569.8
77,572.5
362,574.2
113,576.4
288,577.3
355,586.6
210,597.3
283,604.9
12,605.9
76,607.0
259,607.8
99,608.4
303,609.0
107,609.1
3,609.4
59,609.4
306,609.5
358,609.8
24,610.1
68,610.3
1,610.4
168,610.7
104,611.1
77,611.6
211,611.7
167,611.8
362,611.9
112,612.4
100,612.8
69,612.9
210,613.1
249,613.2
31,614.2
12,614.6
179,614.8
345,614.9
73,615.6
197,615.8
113,616.2
116,616.2
346,616.3
7,616.7
76,616.8
303,617.0
259,617.0
163,617.6
65,618.1
75,618.1
107,618.1
368,618.3
253,618.3
64,618.3
306,618.5
161,618.8
289,618.8
21,619.0
36,619.1
59,619.2
10,619.3
68,619.3
54,619.5
104,619.6
260,619.8
358,619.8
57,620.4
24,620.9
176,620.9
250,621.0
351,622.3
167,622.5
157,623.0
201,623.1
258,623.1
55,623.1
210,623.5
28,623.8
69,624.2
357,624.3
99,624.3
219,624.8
297,625.1
262,625.8
12,626.3
116,627.2
362,627.7
147,628.4
73,628.6
348,628.7
124,629.4
308,630.2
249,630.2
38,631.0
179,631.8
277,633.8
368,634.5
100,635.2
104,636.5
232,637.7
109,638.2
303,638.4
120,639.6
347,640.5
36,640.8
266,641.3
176,641.9
260,643.0
319,646.1
179,646.5
35,647.1
275,647.8
73,647.9
216,648.3
220,649.0
358,649.1
9,649.2
172,649.5
264,650.1
249,650.2
21,650.8
258,651.1
368,652.2
107,652.9
127,653.4
68,653.5
260,654.2
126,654.5
116,654.6
359,655.6
61,655.6
147,655.6
168,655.8
100,656.4
380,656.8
49,657.1
217,657.5
124,657.6
12,658.3
197,658.3
210,658.8
54,658.9
64,658.9
306,659.3
10,659.5
59,662.1
319,662.1
312,662.6
107,662.9
26,663.5
277,663.8
104,664.3
21,664.3
218,666.1
343,666.1
305,666.7
80,668.4
73,672.2
3,678.4
366,678.7
17,678.8
253,679.7
201,685.6
327,687.5
76,688.7
10,689.3
355,689.3
275,689.5
348,689.7
124,691.4
175,692.6
3,692.7
266,692.8
38,693.9
36,695.3
306,695.9
69,698.4
114,699.2
123,701.5
77,704.7
159,705.9
155,707.9
348,709.0
301,709.2
355,709.9
104,710.5
3,711.3
14,711.7
278,713.2
115,713.3
291,713.4
201,713.7
109,714.1
124,715.0
306,716.0
59,716.2
69,716.7
176,718.0
259,720.0
332,720.6
368,720.7
360,722.6
76,722.8
266,724.4
348,724.9
219,725.8
77,726.1
36,726.5
68,726.7
255,726.7
265,728.3
115,728.5
124,729.2
313,729.4
69,729.8
31,729.9
201,730.3
76,730.7
159,731.7
28,732.6
306,733.0
259,733.2
65,733.3
210,733.5
327,733.9
332,735.2
348,735.7
88,736.3
268,737.1
185,737.3
363,737.6
38,737.7
36,737.8
226,738.4
335,740.1
275,740.6
219,741.2
76,741.2
131,743.4
376,745.7
85,747.3
141,747.6
312,748.0
224,748.0
283,749.0
76,752.1
268,752.4
265,753.0
36,755.0
123,756.5
323,760.8
85,760.8
181,763.1
224,763.9
131,766.5
33,766.9
45,767.5
70,770.0
312,772.8
141,773.2
127,773.7
327,778.5
264,778.6
61,783.4
318,783.8
80,784.0
54,784.5
343,785.8
137,787.4
351,787.6
166,787.9
69,788.0
358,789.2
312,789.5
260,790.1
24,790.2
85,790.6
70,790.7
68,791.2
9,791.4
316,792.0
12,792.3
104,793.3
206,793.3
327,793.4
150,793.4
305,793.5
348,793.6
219,793.9
262,793.9
159,794.3
116,794.9
54,795.4
49,795.9
57,796.1
147,796.4
347,797.0
264,797.2
205,797.7
50,798.1
351,798.4
137,799.0
210,799.5
319,799.6
266,800.0
260,801.0
36,801.1
61,801.9
312,802.0
60,802.8
270,802.8
120,803.4
368,803.5
85,803.7
290,803.9
232,804.1
315,804.4
104,805.1
54,805.5
12,805.5
99,805.8
9,806.0
358,806.7
179,806.8
253,806.9
181,807.2
324,807.2
59,807.8
367,808.0
283,808.3
137,808.4
32,808.6
49,809.9
180,810.4
319,810.7
364,811.0
310,811.1
219,812.9
24,815.2
107,815.5
172,815.7
351,815.7
113,815.7
380,816.2
232,816.8
104,817.5
99,817.6
253,818.0
1,818.4
289,818.4
211,819.4
147,819.7
167,820.6
225,821.7
179,822.1
188,822.5
303,824.3
17,825.1
116,825.3
185,825.4
213,825.5
75,826.0
6,826.1
377,826.9
322,827.8
109,828.7
262,829.9
24,830.8
358,830.9
10,831.3
3,831.5
68,831.9
232,832.7
125,834.8
310,835.2
303,835.2
116,835.5
65,836.0
362,836.4
357,836.6
258,836.9
346,839.1
28,839.8
69,839.9
347,840.0
201,840.3
24,841.5
306,841.7
120,842.2
179,842.5
253,843.3
312,844.2
6,847.0
303,848.7
315,848.8
114,849.0
69,849.1
121,850.3
68,850.3
3,850.6
259,851.4
65,851.4
119,851.5
24,852.7
137,853.6
115,854.1
167,855.0
66,855.6
312,856.5
172,857.0
179,857.0
219,857.5
253,858.4
99,859.1
332,859.4
329,859.6
316,860.0
175,860.1
247,860.4
224,860.5
104,860.9
272,861.2
86,861.3
113,861.7
258,861.9
368,861.9
306,862.0
211,862.4
10,862.4
201,863.3
176,863.3
69,863.6
124,863.7
356,864.7
38,865.4
76,866.0
373,866.9
289,867.2
210,871.8
350,872.0
259,872.6
332,873.4
115,874.1
360,874.1
28,876.1
376,877.7
266,878.2
137,879.9
88,881.9
69,882.7
26,883.7
201,883.9
283,885.3
29,887.6
368,887.6
348,887.8
70,888.7
327,889.3
59,890.8
255,890.8
210,891.4
259,892.4
226,893.7
346,893.8
270,896.4
69,896.4
185,896.5
362,897.4
199,897.9
363,898.1
124,898.7
332,899.4
154,899.6
276,899.9
219,900.1
176,901.6
137,901.8
33,902.0
259,902.8
201,902.8
68,902.9
265,903.4
305,905.3
131,906.6
31,908.0
67,908.2
369,908.2
147,908.7
110,910.3
249,911.4
168,911.9
324,912.1
351,912.6
210,912.8
335,915.0
140,915.1
137,915.4
107,915.5
64,915.5
307,916.6
124,916.7
275,916.9
320,917.0
197,917.6
283,918.0
363,919.6
17,919.7
115,923.5
260,923.7
36,923.8
12,924.1
249,925.5
216,926.5
147,927.1
73,927.8
264,927.8
368,929.1
9,929.7
24,930.9
312,932.3
303,932.8
88,933.1
260,933.7
127,933.7
33,934.5
224,934.8
85,935.0
21,935.7
79,936.2
319,937.0
351,937.5
226,939.5
104,942.1
275,942.6
116,944.6
21,945.0
61,946.8
220,947.3
114,949.0
163,949.4
124,950.0
266,951.1
260,951.2
159,952.5
24,953.4
104,953.4
303,953.6
344,954.9
306,955.8
358,956.4
160,956.7
116,957.0
289,957.2
348,958.0
14,959.0
36,964.4
358,968.1
219,970.1
24,970.8
316,974.5
21,975.2
267,975.8
185,975.9
362,976.9
77,979.1
366,981.2
126,981.7
358,982.6
73,984.3
232,986.0
368,992.3
33,996.4
176,999.1
348,1005.7
312,1007.5
125,1009.3
368,1014.1
79,1019.7
99,1024.3
116,1025.9
69,1027.9
68,1028.3
303,1028.7
161,1030.6
172,1031.4
259,1031.5
104,1032.3
210,1032.3
310,1032.6
107,1033.0
7,1033.1
249,1033.1
345,1033.3
60,1033.5
250,1033.9
197,1033.9
147,1034.2
99,1034.3
157,1035.0
368,1035.2
116,1035.4
12,1035.6
100,1035.6
69,1036.2
57,1036.3
6,1037.5
75,1038.5
115,1038.5
167,1038.5
10,1039.7
59,1039.8
306,1040.0
168,1040.1
303,1040.1
259,1040.2
68,1040.2
297,1041.2
17,1041.5
226,1041.9
56,1042.1
346,1042.3
296,1042.5
292,1042.6
210,1043.2
328,1043.3
378,1044.3
3,1044.6
344,1045.0
21,1045.1
278,1045.7
277,1045.8
368,1046.0
69,1046.7
260,1047.0
124,1047.1
99,1048.2
120,1049.3
345,1049.9
110,1050.0
116,1050.7
351,1051.3
249,1051.4
151,1051.4
313,1052.1
251,1052.4
10,1052.6
310,1053.0
363,1054.1
161,1054.5
26,1054.6
147,1057.1
100,1057.2
219,1057.2
319,1057.9
262,1058.0
259,1058.2
60,1061.1
75,1061.5
211,1061.7
6,1062.3
176,1062.4
61,1065.9
351,1070.0
24,1072.3
319,1077.3
6,1078.6
60,1079.5
61,1086.9
119,1087.5
9,1087.7
168,1089.9
256,1090.3
107,1090.9
70,1090.9
10,1092.5
319,1092.7
147,1093.1
69,1093.1
99,1093.3
116,1093.5
259,1093.5
59,1094.1
249,1094.3
211,1095.0
160,1095.1
114,1095.4
362,1095.8
283,1095.9
306,1096.6
266,1097.5
250,1097.8
351,1100.3
157,1100.4
68,1100.9
346,1100.9
75,1102.3
69,1102.9
168,1102.9
107,1104.2
301,1104.9
7,1105.0
77,1105.2
219,1105.9
21,1106.2
137,1106.3
57,1106.7
147,1106.9
358,1107.2
61,1107.5
104,1108.1
124,1108.2
316,1108.4
283,1108.7
59,1109.0
259,1109.0
303,1109.1
67,1109.2
197,1109.3
312,1109.7
313,1110.0
116,1110.6
256,1110.8
324,1110.9
99,1111.5
159,1111.7
368,1111.7
339,1111.8
266,1112.0
131,1112.5
376,1112.8
160,1112.9
168,1113.6
351,1113.7
222,1114.3
305,1114.5
24,1114.7
137,1115.0
232,1115.2
362,1115.3
68,1115.7
155,1116.3
363,1116.4
289,1116.5
166,1116.6
176,1116.7
219,1116.7
140,1116.8
10,1117.0
201,1117.5
283,1117.7
245,1118.4
279,1118.6
358,1118.6
115,1119.0
267,1119.4
327,1119.6
316,1119.6
297,1120.2
109,1120.3
262,1120.4
125,1120.5
170,1121.2
312,1121.6
131,1122.6
179,1122.7
210,1123.0
77,1123.5
124,1123.8
324,1123.9
21,1124.2
6,1125.5
259,1126.6
185,1126.8
31,1126.9
230,1127.3
176,1128.2
140,1129.2
99,1129.3
201,1130.3
291,1130.5
36,1130.6
115,1130.8
128,1131.3
3,1132.0
169,1132.4
247,1133.5
76,1135.1
301,1136.7
332,1138.8
179,1143.2
253,1149.4
29,1156.2
99,1156.6
224,1160.3
115,1160.3
112,1162.4
3,1164.9
24,1166.3
253,1168.1
73,1169.2
260,1171.0
348,1171.5
76,1171.8
368,1172.9
17,1173.1
265,1173.5
68,1173.5
69,1174.2
264,1174.6
224,1175.4
361,1176.9
259,1177.0
9,1178.2
73,1178.7
323,1179.7
358,1180.1
163,1180.2
38,1181.1
303,1181.8
12,1182.1
348,1184.2
115,1184.3
76,1184.3
260,1184.7
3,1184.9
210,1185.2
312,1185.4
219,1185.5
268,1185.7
368,1187.3
345,1187.7
124,1188.0
306,1188.5
297,1188.6
125,1188.6
305,1188.8
73,1189.4
327,1191.1
358,1191.5
161,1191.5
12,1191.5
68,1191.9
351,1192.5
259,1192.5
76,1193.5
260,1194.7
219,1195.0
24,1195.2
167,1195.8
104,1195.8
224,1196.0
348,1196.3
264,1196.4
31,1196.8
38,1196.9
210,1197.3
303,1197.5
265,1197.9
312,1197.9
258,1199.3
1,1199.3
64,1199.9
36,1202.5
350,1202.8
28,1203.1
123,1204.3
116,1205.9
247,1206.1
55,1206.6
159,1207.6
329,1208.1
376,1208.1
160,1208.6
297,1209.1
332,1212.7
36,1213.2
306,1214.0
124,1215.5
185,1216.1
68,1218.6
312,1218.8
232,1218.9
224,1219.2
215,1219.9
116,1220.1
320,1220.3
265,1220.7
258,1220.7
310,1222.2
283,1222.5
131,1223.9
298,1224.5
33,1225.7
85,1226.9
264,1227.5
312,1230.8
297,1231.1
160,1231.1
109,1231.4
47,1232.3
159,1234.6
232,1237.0
301,1238.8
104,1241.8
54,1242.1
12,1246.5
253,1247.1
170,1248.8
9,1249.1
305,1249.8
10,1252.6
343,1254.0
201,1256.2
107,1258.5
67,1259.0
6,1259.4
21,1262.2
61,1262.5
305,1262.9
124,1265.7
137,1268.4
301,1268.9
363,1269.3
316,1271.2
159,1271.7
88,1271.8
67,1273.1
219,1273.8
283,1274.8
270,1275.0
131,1275.1
324,1276.8
155,1277.5
80,1278.1
332,1278.7
124,1280.4
141,1280.7
137,1280.8
360,1280.8
312,1281.6
36,1281.9
265,1283.8
276,1286.3
335,1286.6
115,1287.0
320,1288.8
363,1289.5
69,1290.3
313,1293.0
312,1293.4
33,1295.6
131,1298.1
271,1299.2
85,1300.4
236,1303.7
127,1304.3
76,1306.3
325,1306.9
224,1307.4
33,1309.4
314,1312.5
181,1312.8
131,1315.1
271,1316.3
86,1317.3
45,1317.4
69,1318.0
313,1318.6
259,1318.8
116,1319.1
36,1319.7
344,1320.6
60,1320.7
85,1320.9
325,1321.4
130,1321.8
268,1321.8
99,1322.1
127,1322.8
278,1322.9
115,1323.1
283,1323.5
138,1324.3
137,1324.7
70,1325.4
318,1325.5
221,1325.9
316,1326.4
181,1326.9
33,1327.1
172,1327.2
170,1328.3
378,1329.1
327,1329.5
236,1329.9
116,1331.1
330,1331.1
154,1331.2
36,1331.4
306,1333.8
321,1334.3
201,1334.5
122,1334.8
348,1337.2
368,1337.5
345,1338.5
229,1338.7
21,1339.1
210,1339.4
305,1339.7
168,1340.4
275,1340.8
127,1341.2
59,1341.7
140,1342.8
107,1343.9
260,1344.5
228,1345.0
67,1345.5
266,1345.8
351,1348.2
12,1348.6
116,1349.2
160,1349.4
80,1352.0
249,1353.4
21,1354.2
318,1354.7
316,1357.1
177,1358.2
114,1358.8
120,1360.0
179,1365.9
168,1366.1
80,1367.3
327,1369.2
127,1369.4
70,1369.6
35,1370.3
76,1370.4
121,1371.1
275,1371.6
260,1372.2
359,1375.1
33,1377.0
224,1377.7
79,1378.8
76,1379.3
348,1380.8
128,1381.2
323,1381.5
36,1381.7
327,1382.5
324,1383.0
231,1383.1
185,1383.7
268,1384.3
314,1386.0
210,1388.0
125,1390.7
324,1391.4
76,1393.2
172,1393.9
137,1394.5
232,1394.6
35,1394.7
327,1394.8
116,1397.6
179,1397.7
270,1397.9
224,1398.1
176,1398.9
303,1398.9
159,1399.5
10,1399.6
306,1399.9
60,1400.3
36,1401.2
219,1402.3
180,1402.4
259,1402.5
185,1403.4
114,1404.0
94,1404.2
346,1404.5
355,1404.7
69,1404.9
298,1405.2
3,1405.4
222,1405.4
324,1405.5
24,1405.6
289,1406.1
61,1406.4
265,1406.8
107,1407.1
283,1408.1
166,1408.3
167,1409.3
76,1409.3
64,1409.3
303,1409.5
333,1409.6
68,1409.9
21,1410.1
14,1410.7
115,1411.3
12,1411.3
124,1411.9
313,1412.2
176,1413.2
179,1413.3
69,1414.0
259,1414.4
306,1415.0
345,1415.5
73,1415.6
163,1415.9
36,1416.8
211,1417.0
276,1417.0
224,1417.7
24,1417.8
363,1418.1
161,1418.2
260,1418.3
119,1418.3
275,1418.3
360,1418.6
31,1419.1
35,1419.2
61,1419.4
320,1419.5
265,1420.4
319,1420.4
64,1420.6
351,1420.6
159,1421.0
368,1421.6
307,1421.6
60,1422.6
300,1423.1
55,1423.8
348,1424.3
3,1424.3
210,1424.5
303,1426.0
99,1427.5
369,1427.9
212,1428.1
216,1428.5
77,1428.6
358,1428.8
249,1429.2
351,1429.5
73,1429.5
313,1429.8
69,1430.1
166,1430.8
211,1431.1
283,1431.2
21,1431.5
260,1432.3
310,1432.4
232,1433.7
324,1433.9
76,1434.2
259,1434.4
163,1434.5
167,1436.6
319,1437.3
358,1439.0
351,1439.8
31,1440.2
179,1440.2
344,1441.0
222,1441.7
104,1444.2
24,1444.8
297,1446.0
230,1448.0
232,1448.5
316,1450.9
137,1451.5
351,1451.7
126,1452.7
168,1453.2
75,1453.2
247,1453.3
185,1453.6
32,1453.9
12,1454.0
358,1454.3
267,1454.4
201,1454.4
318,1454.6
219,1454.8
211,1455.2
156,1455.4
6,1455.5
147,1455.6
179,1456.4
363,1457.1
69,1457.5
80,1457.8
305,1457.8
346,1458.1
159,1458.8
49,1458.9
9,1459.6
122,1460.1
24,1460.2
140,1462.0
270,1462.8
249,1463.3
116,1463.4
121,1463.5
137,1464.0
57,1464.1
221,1464.7
369,1464.8
327,1465.0
60,1465.2
70,1465.9
59,1466.7
61,1466.7
154,1466.9
21,1467.2
319,1467.9
318,1468.4
351,1468.5
54,1468.7
147,1469.4
232,1469.6
185,1474.3
205,1474.3
68,1476.4
316,1476.5
168,1479.0
80,1480.0
137,1481.4
364,1482.3
32,1482.4
220,1482.8
318,1483.3
316,1486.9
232,1487.3
358,1489.5
267,1490.8
206,1491.4
305,1492.6
219,1492.8
24,1492.9
116,1493.6
36,1496.9
10,1497.0
75,1497.5
306,1497.9
362,1500.0
328,1500.1
140,1500.2
6,1500.5
278,1501.4
21,1501.5
61,1501.6
88,1501.8
368,1502.5
179,1502.6
347,1503.3
283,1503.6
378,1503.9
376,1504.0
332,1504.4
305,1506.0
316,1506.0
187,1506.1
167,1506.2
330,1507.8
10,1508.2
321,1508.5
176,1508.5
32,1510.1
114,1510.4
137,1510.5
30,1510.6
21,1510.7
368,1511.4
177,1511.6
310,1511.6
130,1511.6
138,1512.3
318,1512.7
233,1513.0
275,1513.1
283,1513.4
266,1513.6
351,1513.7
327,1513.9
278,1514.2
325,1514.3
333,1515.0
120,1515.4
124,1516.1
69,1516.4
126,1516.5
36,1516.6
211,1517.0
107,1517.1
75,1518.2
85,1518.2
206,1518.2
170,1518.3
122,1518.9
319,1519.1
358,1519.6
168,1520.0
316,1520.1
6,1520.7
336,1521.8
127,1521.9
267,1522.2
3,1522.9
179,1524.1
77,1524.2
306,1525.3
61,1534.0
6,1534.7
116,1535.2
69,1535.4
10,1535.4
21,1535.9
306,1536.2
303,1536.7
160,1536.8
99,1538.1
60,1538.3
161,1538.9
64,1539.8
119,1541.2
344,1545.0
59,1546.7
107,1550.3
249,1550.6
56,1551.3
260,1554.5
210,1554.7
76,1557.0
33,1557.7
36,1558.7
303,1559.5
3,1561.8
327,1562.8
128,1563.2
76,1566.4
224,1566.5
73,1566.9
176,1567.4
29,1567.4
332,1569.8
283,1570.2
33,1570.5
265,1570.6
179,1573.2
323,1573.3
115,1573.5
259,1573.7
271,1573.8
31,1573.8
368,1574.2
77,1575.2
127,1575.5
175,1576.1
131,1576.8
24,1577.4
219,1577.8
351,1579.4
99,1580.2
276,1580.6
327,1582.3
222,1583.8
68,1584.2
187,1584.4
112,1586.7
115,1588.5
7,1592.5
259,1593.0
137,1593.3
99,1596.2
206,1600.3
345,1603.7
303,1604.9
116,1608.7
310,1610.6
306,1611.2
170,1612.2
161,1613.0
312,1613.1
138,1613.2
278,1613.6
274,1613.6
6,1615.5
378,1615.6
167,1616.4
56,1617.2
60,1618.2
358,1618.4
368,1619.1
355,1619.3
185,1619.4
298,1619.7
303,1620.1
116,1620.2
114,1620.4
163,1621.0
160,1621.5
315,1621.7
328,1622.9
3,1623.3
264,1624.8
125,1625.0
141,1625.8
247,1629.8
36,1631.6
306,1631.9
104,1631.9
159,1633.8
170,1635.5
358,1636.5
12,1638.1
312,1639.7
109,1640.7
376,1640.8
104,1641.6
73,1644.1
59,1645.7
297,1646.1
303,1647.3
368,1647.6
3,1647.8
68,1648.4
260,1648.7
264,1649.1
12,1649.1
266,1649.5
315,1651.1
358,1651.7
316,1655.1
161,1656.3
272,1658.1
348,1658.7
327,1659.0
104,1659.0
275,1661.4
366,1661.8
76,1663.0
170,1663.1
217,1663.6
73,1665.2
249,1665.4
260,1665.4
21,1665.7
179,1667.6
168,1668.6
107,1668.8
79,1669.3
172,1669.4
120,1669.7
367,1670.6
210,1671.5
17,1671.5
197,1671.8
283,1672.1
362,1673.3
224,1673.6
59,1673.6
124,1673.7
85,1673.8
116,1673.9
36,1674.1
131,1674.2
154,1674.2
256,1674.5
100,1674.6
12,1674.8
348,1675.0
137,1675.5
259,1675.6
368,1675.9
77,1676.2
268,1676.9
327,1677.4
69,1678.6
128,1678.7
275,1679.5
325,1680.0
351,1680.6
107,1681.0
21,1681.2
316,1681.4
168,1681.5
345,1681.6
231,1681.7
283,1682.1
76,1683.4
306,1683.9
324,1684.3
274,1685.3
249,1685.8
73,1686.1
3,1686.9
174,1688.5
315,1690.4
358,1690.5
275,1693.3
259,1695.0
319,1696.2
217,1697.3
362,1697.5
283,1698.7
367,1699.2
225,1709.8
69,1710.0
137,1712.9
303,1716.4
21,1719.3
180,1719.3
121,1719.7
344,1722.3
345,1723.0
318,1725.2
137,1725.9
6,1726.5
88,1726.9
10,1727.3
249,1727.5
99,1727.6
259,1727.8
210,1727.9
61,1728.0
80,1728.4
69,1728.7
206,1728.9
201,1729.1
351,1729.2
303,1729.5
346,1729.9
70,1730.0
100,1730.4
292,1730.6
300,1730.8
264,1731.2
312,1731.5
260,1731.9
107,1733.0
127,1733.1
86,1733.3
64,1733.5
26,1734.1
163,1734.8
368,1735.3
297,1735.7
248,1735.7
345,1737.0
167,1737.0
305,1737.3
29,1737.6
210,1737.8
54,1737.9
330,1738.0
253,1738.4
275,1738.4
197,1738.5
10,1738.5
12,1739.0
141,1739.2
73,1739.7
332,1739.8
320,1740.0
316,1740.2
322,1740.2
283,1740.4
137,1740.7
373,1740.8
201,1741.0
17,1741.1
319,1741.2
351,1741.4
233,1741.4
239,1741.6
315,1742.0
343,1742.2
133,1742.4
260,1743.1
177,1743.3
69,1743.4
33,1744.2
264,1744.3
220,1744.3
312,1745.7
266,1745.9
251,1745.9
151,1746.1
120,1746.9
368,1749.8
116,1750.8
99,1751.5
147,1751.6
376,1751.8
61,1752.4
100,1752.8
216,1756.0
130,1757.3
232,1758.5
137,1758.8
179,1758.8
120,1759.5
272,1760.1
221,1762.6
367,1763.7
185,1765.7
259,1766.3
32,1766.8
324,1767.4
351,1767.5
364,1767.6
232,1768.0
172,1768.1
315,1768.2
137,1768.5
283,1768.5
210,1769.1
179,1769.7
266,1770.1
316,1770.3
104,1770.6
358,1770.8
50,1770.9
270,1774.7
160,1775.5
126,1776.2
120,1776.5
219,1778.9
6,1779.5
322,1780.4
60,1783.1
380,1784.3
327,1786.1
116,1786.5
297,1786.5
358,1786.6
125,1791.7
347,1793.7
312,1794.1
109,1794.5
211,1796.0
262,1796.5
247,1799.3
104,1799.5
315,1800.0
217,1803.1
297,1804.2
310,1804.4
6,1805.3
160,1811.0
125,1811.1
109,1812.4
253,1812.5
225,1812.7
104,1814.0
232,1819.7
17,1821.4
324,1823.2
147,1825.9
137,1827.3
12,1829.0
367,1829.2
283,1829.9
179,1832.2
76,1834.1
259,1834.2
54,1834.9
185,1835.3
131,1835.6
232,1835.6
324,1836.0
362,1836.6
327,1837.2
306,1837.2
61,1839.0
358,1839.8
10,1840.2
249,1840.5
211,1841.1
137,1841.7
85,1844.7
312,1845.1
24,1849.9
113,1850.6
306,1855.1
180,1855.2
283,1855.8
185,1856.3
167,1856.9
36,1858.1
3,1858.6
76,1859.1
12,1859.6
303,1864.3
278,1865.3
73,1866.6
327,1871.4
264,1874.2
378,1874.4
175,1874.9
170,1875.3
138,1877.1
358,1891.9
305,1912.2
351,1912.4
67,1912.5
124,1914.3
21,1915.0
61,1915.1
321,1918.3
312,1918.5
220,1919.2
164,1919.4
64,1920.0
275,1920.2
264,1920.7
376,1921.3
305,1921.3
127,1921.8
316,1922.3
313,1922.3
69,1922.6
170,1923.1
21,1923.1
319,1923.2
359,1923.4
368,1923.5
85,1923.6
159,1924.0
283,1924.1
363,1924.2
124,1924.3
306,1924.3
167,1924.5
116,1924.9
260,1925.0
10,1925.2
121,1925.3
6,1925.3
61,1925.3
318,1925.6
60,1925.9
310,1926.3
73,1926.3
88,1926.3
360,1926.8
324,1927.0
320,1927.2
351,1927.5
137,1927.6
210,1927.6
232,1927.6
219,1927.7
122,1927.8
185,1928.1
67,1928.6
36,1929.7
217,1929.9
163,1929.9
303,1930.1
80,1930.7
312,1930.8
180,1931.1
140,1931.1
120,1931.1
161,1931.2
297,1931.5
12,1931.5
275,1931.7
166,1932.0
216,1932.1
369,1932.4
160,1932.6
300,1932.7
177,1933.4
24,1934.3
368,1934.3
64,1934.3
179,1934.4
104,1934.5
260,1934.7
274,1935.3
159,1936.0
247,1936.1
21,1936.1
29,1936.2
33,1936.4
324,1936.5
125,1936.9
86,1937.0
54,1937.1
107,1937.2
176,1937.6
170,1937.7
3,1937.8
35,1937.9
343,1938.1
283,1938.2
6,1939.0
333,1939.4
265,1940.0
328,1940.6
303,1941.3
331,1941.5
210,1941.8
137,1942.3
109,1942.3
236,1945.2
12,1945.3
60,1945.4
264,1946.5
104,1946.9
351,1947.5
116,1948.4
298,1948.7
21,1948.9
114,1950.1
24,1950.5
312,1950.6
266,1951.2
159,1952.5
355,1952.6
368,1952.6
289,1953.2
14,1953.5
160,1954.0
303,1954.2
69,1955.2
347,1957.6
358,1958.3
61,1958.5
125,1963.2
161,1964.2
348,1964.6
344,1964.9
219,1966.3
358,1966.4
176,1967.0
306,1967.3
362,1969.4
351,1969.5
59,1970.8
77,1971.3
259,1980.8
316,1981.1
358,1984.6
179,1987.3
137,1988.4
275,1989.8
327,1994.6
76,1995.3
253,1995.6
315,1996.0
366,1997.8
283,2000.9
275,2001.1
3,2003.4
73,2003.7
320,2004.6
319,2004.6
260,2005.8
9,2008.8
249,2010.7
140,2011.9
33,2013.9
368,2013.9
12,2014.4
104,2014.8
73,2018.1
319,2019.0
216,2020.2
283,2020.5
232,2021.0
24,2022.6
368,2031.9
68,2033.7
80,2043.2
179,2044.7
312,2045.6
327,2046.3
319,2049.2
3,2049.3
128,2051.8
316,2052.2
272,2052.5
24,2054.2
73,2055.2
6,2056.1
253,2056.9
69,2057.7
303,2057.8
315,2058.0
358,2058.8
346,2061.1
3,2061.1
116,2061.7
262,2061.8
362,2062.0
357,2062.3
10,2063.2
65,2064.0
306,2064.2
275,2065.6
347,2066.2
76,2066.6
172,2067.4
303,2067.8
348,2067.8
28,2067.9
120,2068.5
104,2068.5
327,2068.9
355,2069.4
70,2069.6
24,2069.7
69,2070.2
116,2070.2
68,2070.3
283,2070.6
210,2071.7
61,2071.7
125,2072.7
10,2074.3
76,2075.0
322,2075.2
362,2075.4
199,2075.5
113,2075.5
59,2075.6
306,2075.9
315,2076.0
3,2076.7
79,2076.8
109,2077.0
327,2077.6
268,2078.2
348,2078.3
6,2078.7
260,2078.7
224,2078.8
358,2079.1
128,2079.2
107,2079.4
201,2079.8
253,2079.8
116,2081.0
100,2081.6
160,2081.7
255,2081.9
297,2082.0
70,2082.8
154,2083.1
266,2083.1
159,2083.8
114,2083.8
76,2083.9
247,2084.0
305,2084.1
228,2084.2
210,2084.5
36,2084.8
346,2085.3
10,2085.4
289,2085.7
151,2085.8
59,2085.9
61,2086.1
251,2086.1
355,2086.3
306,2086.7
136,2087.6
166,2087.7
28,2087.8
77,2088.0
221,2088.2
104,2088.6
179,2088.7
155,2089.2
327,2089.3
12,2089.4
259,2089.4
357,2089.7
69,2089.8
220,2090.1
260,2090.3
124,2090.6
201,2090.9
303,2091.0
73,2091.2
115,2091.4
348,2091.7
291,2091.7
231,2091.8
256,2091.8
224,2091.9
210,2092.2
159,2092.4
3,2092.5
265,2092.6
21,2092.8
266,2093.1
176,2093.5
107,2093.6
175,2093.6
298,2093.9
114,2094.0
116,2094.0
24,2094.2
218,2094.5
297,2094.9
68,2095.1
351,2095.2
346,2095.3
318,2095.5
276,2095.5
247,2095.6
10,2095.7
306,2095.7
67,2095.8
76,2095.9
80,2096.0
161,2096.2
64,2096.3
345,2096.5
70,2096.7
359,2096.8
38,2096.9
69,2097.0
154,2097.0
305,2097.1
160,2097.3
65,2097.4
259,2097.5
26,2097.6
60,2097.6
355,2097.7
6,2097.9
31,2098.2
168,2098.2
360,2098.2
303,2098.7
124,2099.0
167,2099.4
206,2099.6
350,2100.3
109,2100.4
313,2100.5
61,2101.2
29,2101.7
12,2101.8
368,2102.2
104,2102.6
310,2102.8
21,2102.9
210,2103.4
226,2103.4
1,2103.4
99,2103.7
59,2104.1
201,2104.2
289,2104.2
159,2104.3
275,2104.7
14,2105.2
255,2105.6
265,2106.5
36,2107.3
307,2107.8
125,2108.3
243,2108.5
166,2111.2
344,2111.2
351,2111.6
69,2111.8
67,2112.3
115,2112.7
363,2117.7
348,2117.7
124,2118.0
185,2118.0
3,2118.3
127,2120.4
159,2122.3
104,2123.8
232,2127.6
3,2128.6
283,2132.5
185,2133.0
327,2133.7
247,2133.8
137,2136.0
24,2136.9
297,2137.1
36,2137.9
179,2138.5
310,2138.9
312,2139.1
32,2140.9
85,2142.2
109,2142.2
33,2144.8
80,2151.1
333,2152.2
159,2153.6
166,2154.4
127,2161.2
305,2161.5
343,2161.6
210,2162.0
201,2162.6
259,2167.0
29,2168.0
168,2169.0
177,2170.1
121,2172.0
147,2172.7
107,2174.4
275,2177.5
249,2179.8
99,2180.1
12,2180.3
154,2180.3
17,2180.5
21,2182.3
345,2182.8
59,2186.6
168,2189.8
67,2192.6
107,2197.8
359,2198.0
222,2198.1
197,2200.8
259,2201.8
168,2204.1
100,2204.1
68,2204.2
210,2205.1
253,2205.3
147,2205.4
296,2205.4
104,2205.4
69,2206.6
59,2206.9
109,2207.0
10,2207.1
297,2208.8
301,2208.9
283,2209.0
201,2209.5
351,2209.6
250,2209.8
312,2210.8
3,2211.0
159,2211.2
226,2211.6
137,2211.9
12,2212.6
125,2213.1
155,2213.3
324,2213.7
157,2214.3
219,2214.4
247,2214.5
160,2215.9
17,2216.0
348,2216.9
60,2216.9
104,2217.3
176,2217.8
217,2218.0
270,2219.7
363,2220.0
68,2220.3
210,2220.5
124,2220.6
69,2220.6
274,2220.7
137,2222.8
266,2223.6
351,2224.7
283,2225.1
131,2226.4
120,2226.6
109,2226.6
36,2227.3
179,2227.4
224,2227.7
367,2227.8
104,2227.9
147,2227.9
253,2228.1
161,2228.3
260,2228.3
320,2228.3
350,2229.1
38,2229.3
327,2229.3
247,2229.8
3,2229.9
312,2230.1
265,2230.2
181,2230.5
324,2230.6
319,2230.7
368,2230.9
6,2231.3
272,2231.9
348,2232.6
297,2232.7
225,2232.8
275,2232.9
115,2233.1
322,2233.7
66,2233.8
303,2234.2
360,2234.5
160,2235.5
315,2235.5
76,2236.1
123,2236.7
137,2237.4
159,2237.7
131,2238.9
212,2238.9
283,2240.9
33,2241.7
201,2241.9
351,2242.0
64,2243.4
49,2244.1
60,2244.1
141,2245.2
332,2245.4
104,2245.5
24,2245.6
271,2248.0
260,2248.0
85,2248.4
109,2248.6
224,2248.8
358,2250.4
325,2251.4
319,2252.9
368,2254.6
211,2254.9
24,2256.8
9,2257.5
310,2257.6
33,2257.6
358,2257.7
232,2258.8
127,2259.3
36,2259.4
59,2260.0
116,2260.1
85,2261.1
348,2261.6
262,2262.2
306,2262.3
61,2262.5
278,2262.6
260,2262.6
327,2263.2
73,2264.3
185,2264.4
368,2265.1
313,2265.6
351,2265.6
378,2265.8
361,2265.8
150,2266.4
68,2266.5
347,2266.5
271,2267.1
318,2267.1
362,2267.3
57,2267.5
70,2267.6
176,2267.7
358,2267.8
99,2267.8
76,2268.4
126,2269.0
69,2269.0
316,2269.2
376,2269.3
219,2269.7
330,2270.3
305,2270.5
166,2270.6
29,2271.8
315,2272.8
328,2272.9
49,2273.2
33,2273.7
258,2273.9
36,2274.1
75,2274.5
116,2274.7
268,2274.7
60,2276.6
167,2277.0
24,2277.1
276,2277.5
348,2277.6
327,2278.2
176,2278.3
138,2278.8
127,2279.0
128,2279.1
233,2280.6
61,2280.8
325,2281.1
76,2281.3
147,2282.8
260,2283.4
368,2283.5
159,2284.0
166,2284.5
351,2286.8
115,2287.1
80,2287.6
271,2287.7
305,2287.8
70,2288.0
187,2288.3
312,2289.9
9,2290.5
155,2291.0
369,2291.7
234,2292.8
99,2293.3
327,2293.8
10,2295.1
67,2296.1
276,2296.6
289,2297.7
266,2299.7
114,2301.0
116,2301.1
245,2302.1
160,2302.3
339,2302.4
179,2303.4
159,2304.5
253,2305.5
12,2307.2
54,2308.9
107,2310.0
104,2312.1
289,2315.3
253,2320.4
3,2321.3
12,2322.6
17,2323.2
100,2325.8
59,2326.1
76,2326.7
348,2327.1
301,2330.7
107,2331.1
368,2334.8
33,2339.8
249,2340.6
172,2341.3
296,2342.9
107,2344.5
10,2344.6
210,2345.1
292,2346.2
59,2346.4
271,2346.8
116,2349.4
256,2349.5
259,2349.7
168,2351.5
345,2351.5
79,2351.9
232,2353.3
197,2353.6
17,2353.7
217,2355.7
172,2359.0
250,2359.6
99,2361.2
367,2361.2
137,2362.2
104,2362.9
68,2362.9
324,2363.2
179,2365.8
224,2365.8
219,2366.2
249,2367.0
259,2367.1
319,2367.2
131,2367.3
232,2367.3
86,2367.6
147,2367.9
332,2368.0
211,2368.6
64,2368.6
283,2369.5
306,2370.1
130,2370.7
174,2370.9
168,2371.2
312,2371.5
112,2371.7
31,2372.1
351,2372.1
325,2372.2
85,2372.6
167,2372.9
368,2372.9
137,2373.1
364,2374.9
188,2375.0
328,2375.1
119,2375.7
180,2376.5
133,2376.7
7,2376.7
212,2376.7
120,2377.2
138,2377.2
69,2377.2
107,2377.7
36,2378.0
12,2378.6
303,2380.6
377,2381.3
75,2381.7
227,2381.9
185,2382.8
161,2382.8
211,2383.0
21,2384.1
99,2384.4
306,2384.4
167,2384.6
32,2384.9
61,2385.5
219,2385.5
319,2385.8
225,2386.0
179,2386.1
300,2386.7
367,2390.1
260,2390.7
274,2390.9
283,2391.4
137,2392.4
38,2395.5
85,2395.5
36,2396.4
131,2399.1
69,2399.8
368,2401.8
126,2401.8
324,2402.0
260,2411.4
368,2415.1
249,2415.2
319,2418.3
116,2421.1
64,2424.3
14,2426.0
303,2427.1
271,2429.9
36,2430.9
176,2432.7
298,2433.0
76,2433.4
179,2433.5
116,2433.6
79,2433.6
355,2433.9
210,2434.0
125,2434.3
172,2435.0
224,2435.0
28,2435.6
159,2435.8
259,2435.8
65,2436.7
68,2437.0
115,2437.1
36,2438.8
357,2439.8
265,2440.0
35,2440.1
327,2440.3
306,2440.3
289,2440.7
247,2440.8
275,2441.4
124,2441.8
231,2442.5
76,2442.5
128,2443.0
176,2443.0
179,2443.1
253,2443.5
305,2443.8
60,2444.3
380,2444.5
201,2444.8
160,2444.9
217,2444.9
232,2445.2
3,2445.7
227,2446.0
116,2446.2
210,2446.8
243,2447.3
172,2447.5
259,2448.4
303,2448.7
10,2449.1
276,2449.7
222,2450.0
121,2450.0
360,2450.2
174,2450.8
36,2451.1
258,2452.1
120,2452.9
140,2453.0
167,2456.3
67,2456.5
177,2459.7
179,2460.0
170,2464.0
275,2464.1
247,2469.0
104,2470.3
253,2471.8
109,2476.5
12,2476.6
201,2477.8
100,2480.9
253,2481.0
296,2482.5
107,2483.0
17,2483.2
59,2483.8
172,2483.8
10,2484.0
54,2485.6
232,2487.2
12,2488.4
249,2489.2
301,2490.3
210,2490.4
250,2491.5
306,2492.2
64,2492.4
351,2492.8
168,2493.3
3,2493.4
107,2493.7
252,2493.7
100,2494.2
147,2495.0
197,2495.5
77,2495.6
179,2496.2
292,2496.4
131,2497.0
31,2497.0
211,2498.3
167,2498.4
232,2498.4
259,2498.5
10,2499.6
364,2500.5
64,2507.9
212,2508.1
185,2508.6
256,2512.5
61,2512.9
24,2515.8
258,2516.9
116,2517.9
306,2519.1
219,2520.4
211,2523.6
69,2524.2
358,2524.5
179,2524.9
36,2525.5
347,2525.6
283,2525.8
124,2525.9
77,2526.3
167,2526.7
266,2526.8
21,2527.6
119,2527.8
114,2528.9
360,2529.8
24,2530.4
316,2530.8
176,2531.7
120,2532.0
306,2532.1
75,2533.9
69,2533.9
368,2534.1
124,2534.8
259,2535.9
31,2535.9
116,2536.4
276,2536.6
222,2536.8
219,2536.8
278,2536.9
179,2536.9
305,2537.0
275,2537.0
327,2537.0
36,2537.0
218,2537.2
76,2537.4
140,2537.7
168,2538.0
32,2538.1
67,2538.2
283,2538.3
318,2538.6
321,2539.0
332,2539.1
29,2539.2
313,2539.3
187,2539.9
201,2541.4
272,2541.5
210,2541.6
127,2541.6
10,2541.9
80,2542.1
221,2542.6
265,2544.1
176,2544.3
330,2545.0
351,2545.1
68,2545.4
226,2546.5
166,2546.6
359,2546.8
259,2546.9
124,2547.1
69,2547.1
61,2547.2
159,2547.3
115,2547.7
319,2548.0
306,2548.9
368,2549.0
21,2549.6
67,2551.2
107,2551.3
363,2551.3
305,2551.4
256,2551.9
126,2552.1
154,2552.4
348,2552.5
289,2553.1
60,2553.7
70,2554.3
210,2554.8
125,2555.3
59,2555.6
160,2556.0
362,2556.4
255,2556.4
159,2557.6
343,2557.6
355,2557.8
77,2558.3
266,2559.1
76,2559.5
116,2559.5
10,2560.5
306,2561.1
358,2561.3
298,2563.5
220,2564.6
104,2564.9
247,2565.6
351,2565.9
265,2566.1
368,2567.6
297,2568.1
155,2568.5
26,2568.8
166,2568.8
259,2570.2
327,2571.0
107,2571.2
160,2571.5
283,2571.8
176,2572.0
59,2572.8
137,2573.2
349,2573.5
266,2574.0
316,2575.2
256,2575.4
3,2575.4
210,2575.5
179,2576.5
10,2577.9
291,2578.3
358,2579.2
348,2579.9
351,2580.3
222,2581.4
109,2581.5
155,2581.6
276,2581.7
159,2583.1
297,2587.4
351,2595.9
60,2604.0
368,2607.3
300,2607.5
369,2610.9
307,2613.1
260,2613.5
64,2615.9
303,2616.2
163,2616.2
33,2617.3
271,2618.2
249,2624.1
140,2626.4
324,2627.5
76,2630.3
33,2630.7
161,2631.1
131,2632.4
283,2632.4
3,2633.1
368,2633.2
327,2633.3
236,2634.5
176,2634.6
274,2636.1
271,2636.4
36,2638.7
69,2639.2
185,2639.9
259,2640.8
306,2641.4
350,2642.2
76,2642.2
268,2643.8
179,2643.8
283,2644.5
68,2644.6
137,2644.9
38,2645.0
324,2645.7
187,2645.8
327,2645.8
175,2646.1
140,2646.7
124,2647.2
28,2647.3
266,2647.5
131,2648.1
116,2648.9
36,2649.0
332,2649.1
14,2649.3
181,2649.7
114,2650.2
355,2650.4
59,2650.5
331,2650.6
107,2650.6
10,2650.7
348,2650.9
303,2651.2
325,2651.3
289,2651.5
86,2651.7
76,2651.7
104,2651.8
130,2653.0
77,2653.2
271,2653.4
312,2653.7
33,2653.8
306,2653.9
61,2654.2
64,2654.5
70,2654.9
320,2655.1
65,2655.4
73,2656.0
170,2656.3
141,2656.4
319,2656.9
85,2657.6
260,2657.7
224,2657.8
268,2658.8
212,2659.5
272,2660.2
199,2660.5
127,2660.9
3,2661.3
327,2661.8
346,2662.6
345,2663.1
298,2663.3
24,2663.5
253,2664.1
9,2664.5
54,2665.1
99,2665.9
213,2666.0
76,2666.6
12,2667.6
59,2668.4
323,2670.1
3,2671.5
77,2672.2
301,2673.3
358,2673.4
362,2673.5
109,2673.8
252,2675.7
296,2677.6
355,2677.9
224,2678.9
100,2679.2
85,2679.7
6,2680.1
99,2680.8
168,2681.2
10,2683.4
211,2685.9
319,2686.0
24,2686.6
332,2687.2
262,2687.2
1,2687.3
283,2687.8
88,2689.0
69,2689.4
310,2690.1
330,2691.1
312,2691.4
346,2691.5
303,2691.5
180,2696.8
61,2697.0
335,2697.6
116,2699.2
26,2700.7
156,2701.6
73,2701.9
21,2703.2
260,2704.6
368,2704.7
161,2705.6
210,2709.0
259,2709.2
345,2709.6
249,2710.2
69,2711.2
35,2712.6
197,2712.7
283,2713.3
303,2713.4
324,2713.8
232,2714.0
351,2714.6
368,2716.4
179,2716.5
166,2716.5
137,2717.1
163,2717.7
31,2718.0
259,2718.0
260,2718.4
219,2718.4
210,2718.9
367,2719.1
216,2719.1
222,2719.1
36,2720.2
172,2720.8
115,2721.0
26,2721.4
358,2722.5
69,2722.5
313,2722.7
73,2723.0
75,2723.5
275,2723.6
232,2723.8
116,2723.9
159,2723.9
319,2724.5
185,2724.7
363,2724.8
362,2724.8
376,2725.2
351,2725.3
226,2725.4
24,2725.9
219,2726.0
68,2726.0
259,2726.0
270,2726.3
368,2726.3
283,2726.9
303,2727.6
176,2727.7
124,2727.7
364,2727.7
348,2728.0
125,2728.1
265,2728.5
120,2728.7
167,2729.4
264,2729.7
166,2729.9
312,2730.0
306,2730.2
31,2730.5
258,2730.5
210,2730.6
69,2730.8
201,2730.8
345,2730.8
346,2730.8
88,2731.1
115,2731.3
310,2731.9
110,2732.2
260,2732.4
163,2732.6
28,2732.6
179,2732.8
36,2733.2
220,2733.5
21,2733.9
116,2734.1
211,2734.2
73,2734.3
259,2735.5
224,2735.7
85,2736.0
65,2736.0
61,2736.3
358,2736.5
347,2736.6
64,2736.7
107,2737.1
24,2737.1
159,2738.0
297,2738.0
219,2738.5
305,2738.8
306,2739.1
10,2739.4
77,2739.5
68,2740.1
266,2740.3
59,2740.9
124,2741.4
60,2741.6
303,2741.7
180,2742.3
256,2745.8
265,2745.9
368,2746.1
161,2746.2
160,2746.7
210,2746.7
3,2747.4
67,2747.7
76,2748.6
348,2748.9
351,2749.6
73,2750.2
12,2750.5
104,2750.7
306,2751.0
159,2752.1
107,2753.1
69,2753.4
21,2753.4
10,2753.6
266,2753.9
167,2754.1
307,2755.1
59,2755.5
210,2755.9
124,2756.0
297,2756.4
289,2756.5
355,2756.7
155,2756.8
61,2757.1
305,2757.1
116,2759.0
201,2762.0
125,2762.6
10,2763.7
348,2763.9
60,2766.2
99,2766.4
54,2767.0
6,2767.2
100,2767.2
147,2769.0
358,2770.4
76,2771.0
109,2771.3
69,2771.9
259,2772.0
351,2772.5
306,2772.6
296,2773.0
131,2773.3
107,2773.4
160,2773.6
61,2774.0
115,2774.2
253,2774.7
49,2774.9
211,2775.4
85,2775.9
252,2776.3
99,2776.9
260,2777.6
325,2779.2
60,2779.7
305,2780.2
57,2780.9
68,2782.3
31,2783.4
147,2783.8
262,2784.7
168,2784.9
368,2785.6
249,2787.0
6,2787.1
351,2788.0
222,2789.0
137,2790.3
12,2791.2
179,2794.5
316,2794.5
125,2794.8
121,2795.2
210,2795.3
177,2795.5
275,2796.8
313,2798.1
318,2799.0
373,2800.6
239,2801.3
206,2804.9
54,2804.9
6,2806.4
217,2806.5
321,2807.0
140,2808.0
21,2812.7
276,2814.5
327,2816.1
36,2816.6
60,2817.2
99,2818.2
176,2819.5
344,2820.3
115,2820.4
68,2821.5
219,2821.6
259,2822.2
147,2822.9
112,2823.2
265,2823.8
332,2824.1
119,2824.3
88,2824.6
36,2825.5
76,2825.7
327,2826.9
179,2827.0
212,2828.4
313,2828.7
64,2832.1
335,2832.6
320,2833.0
149,2834.6
224,2834.6
76,2836.3
348,2839.0
49,2839.5
123,2840.3
327,2840.6
36,2843.8
77,2845.9
316,2858.5
211,2862.4
168,2865.3
21,2865.3
318,2865.8
121,2871.9
124,2878.5
67,2880.0
21,2880.0
305,2883.8
10,2885.7
348,2888.4
155,2889.1
368,2889.3
219,2889.3
363,2893.5
325,2894.1
85,2895.7
131,2896.7
137,2898.1
283,2898.9
224,2899.4
130,2899.6
69,2900.5
367,2900.8
271,2901.5
133,2904.5
225,2907.2
368,2907.7
325,2907.9
86,2908.8
312,2908.8
217,2908.8
33,2910.8
125,2911.0
104,2915.1
348,2915.3
274,2915.7
159,2917.8
85,2918.1
138,2918.4
31,2921.3
351,2921.7
265,2921.7
166,2922.1
181,2924.0
124,2925.6
224,2926.2
24,2926.5
260,2926.8
176,2927.6
36,2929.0
359,2929.8
29,2930.0
127,2930.4
69,2932.2
310,2933.6
85,2933.9
159,2934.7
167,2936.2
116,2936.3
346,2936.5
303,2937.6
201,2937.9
6,2942.7
24,2943.0
259,2943.2
69,2947.7
116,2948.8
247,2949.5
10,2950.7
201,2951.3
170,2952.4
303,2952.6
306,2953.5
210,2954.5
3,2955.0
104,2955.9
346,2956.2
161,2957.6
21,2958.2
251,2958.3
99,2958.4
6,2958.6
151,2958.6
68,2958.7
116,2960.1
69,2960.1
10,2960.5
259,2960.6
124,2961.7
115,2962.2
256,2962.5
303,2964.8
154,2965.1
306,2965.5
350,2965.6
107,2965.9
28,2966.1
201,2967.0
56,2967.2
298,2967.4
266,2969.1
24,2970.1
68,2970.2
60,2971.0
161,2972.4
65,2973.6
38,2974.4
297,2976.0
347,2976.7
308,2976.8
258,2979.0
360,2981.7
283,2982.2
116,2984.7
61,2985.6
219,2986.4
262,2986.8
77,2988.2
211,2988.5
160,2989.5
283,2993.3
358,2998.5
