57,18.8
56,18.9
59,19.0
20,19.0
54,19.0
33,19.0
62,19.0
35,19.1
53,19.1
32,19.1
48,19.4
61,19.4
50,22.7
5,23.3
26,23.4
2,23.4
28,23.4
25,23.4
46,23.4
24,23.7
47,23.8
51,24.1
12,24.1
3,24.1
23,24.2
52,24.3
31,25.6
13,25.7
10,25.7
38,25.7
9,25.7
22,25.8
11,25.8
30,25.8
34,25.8
49,25.8
21,25.8
27,25.9
4,25.9
37,26.1
6,26.1
8,26.1
7,26.1
0,26.1
40,26.1
43,26.1
55,26.1
41,26.1
14,26.1
15,26.1
16,26.1
17,26.1
18,26.1
19,26.1
36,26.1
60,26.1
42,26.1
29,26.1
39,26.1
45,26.1
58,26.1
1,26.1
44,26.1
56,43.8
53,44.3
48,46.8
31,47.9
28,49.6
12,50.1
50,50.4
35,50.7
24,52.0
38,52.3
13,52.6
55,52.8
52,52.9
11,53.1
57,54.4
54,54.5
33,54.6
9,54.9
6,56.4
47,56.6
10,58.1
30,58.4
51,58.6
23,60.3
21,60.3
25,60.5
59,61.4
7,61.6
46,61.6
44,62.7
32,62.9
29,63.2
4,63.2
3,63.9
49,64.2
26,64.7
40,65.9
56,66.6
60,67.1
16,67.9
43,68.1
27,68.2
34,68.5
31,68.7
15,69.5
1,69.6
2,71.1
53,71.8
28,73.2
14,73.6
20,75.5
48,75.7
37,76.1
12,76.5
41,77.7
5,77.9
24,78.0
50,78.7
22,78.8
36,80.3
11,82.1
9,82.7
57,83.3
0,83.4
47,84.3
52,84.6
38,84.9
25,85.4
35,86.2
17,86.6
13,87.6
56,90.4
62,90.8
54,92.8
23,93.2
4,93.4
51,93.4
6,93.4
3,95.4
55,95.5
46,96.1
61,96.6
31,96.6
32,96.7
33,97.2
59,98.1
53,100.3
30,100.6
10,100.6
29,101.5
28,103.1
58,103.1
44,105.0
27,106.0
8,106.5
26,106.7
39,106.7
14,108.2
16,109.5
40,109.9
12,111.5
48,111.9
50,112.3
13,113.5
2,114.6
9,115.0
21,117.1
37,117.5
47,118.4
25,119.2
24,120.5
54,120.6
5,121.3
34,121.4
43,121.9
56,122.1
15,122.2
57,122.5
28,123.6
60,123.7
7,124.5
31,124.6
55,124.8
4,125.5
11,125.7
38,125.9
46,126.5
3,128.3
6,128.4
62,129.5
61,130.3
29,132.6
26,132.7
20,134.4
33,136.7
9,140.0
58,140.5
40,140.6
50,142.0
2,142.3
21,143.2
32,143.2
30,143.3
16,143.6
51,144.1
54,144.3
53,144.4
12,144.9
28,145.4
1,145.5
27,145.5
13,146.8
60,147.5
14,147.5
47,147.7
57,148.4
31,149.2
56,149.4
59,149.5
38,150.1
55,150.5
25,150.8
44,151.1
11,151.3
34,153.1
37,153.4
52,153.4
7,154.1
43,154.4
5,155.3
6,156.4
4,156.5
10,157.5
41,158.0
48,159.6
62,160.0
33,160.5
24,160.9
61,161.3
46,161.9
8,162.0
49,163.6
17,164.7
3,167.1
9,168.3
28,169.3
32,171.1
13,174.3
29,174.5
18,174.9
39,175.4
53,176.6
50,178.8
40,179.8
56,180.1
11,180.7
25,181.2
47,181.9
31,182.4
52,182.5
16,182.8
2,182.9
51,183.6
26,184.2
58,184.4
36,186.0
24,186.4
38,186.4
14,188.4
12,188.5
46,189.4
7,190.8
15,191.0
28,191.2
3,191.7
54,192.8
57,193.5
59,193.8
55,194.0
5,195.0
33,197.2
6,198.8
60,199.3
61,199.5
32,199.5
30,199.7
13,200.0
34,201.0
9,201.9
21,201.9
62,203.2
23,203.5
53,205.0
27,205.9
56,206.0
8,206.2
50,207.6
37,207.7
40,208.5
11,209.3
20,211.2
39,211.4
10,211.7
43,212.5
41,214.5
31,214.6
51,215.1
28,216.4
52,216.7
12,216.8
2,217.9
47,218.0
25,218.3
38,219.4
48,220.1
24,220.8
29,220.9
54,222.2
16,222.8
13,223.7
26,223.8
59,223.8
55,225.1
58,225.2
60,226.6
57,227.3
44,228.1
53,228.7
0,228.8
14,229.5
33,229.6
9,230.6
46,231.2
56,231.6
35,232.0
4,233.0
15,233.8
34,234.4
32,234.6
3,234.8
17,234.8
50,235.8
1,237.2
6,238.1
27,238.7
51,238.8
37,238.9
21,238.9
28,239.1
23,239.7
10,240.0
20,240.3
5,243.1
47,243.1
25,243.2
11,243.2
30,243.5
43,243.9
62,244.9
13,245.0
52,245.2
2,247.5
61,247.8
31,247.9
54,248.5
40,249.0
12,249.0
24,250.2
58,250.4
57,250.8
60,251.0
53,252.2
38,253.4
14,253.8
59,254.2
55,254.2
56,257.0
46,257.1
39,257.2
16,258.4
48,258.4
18,259.0
41,259.1
33,259.4
49,259.7
29,260.5
50,261.9
17,262.2
44,262.4
28,263.2
0,263.3
9,263.4
4,264.4
32,265.1
35,265.1
15,265.6
51,266.3
30,267.4
34,268.0
13,268.7
3,268.8
47,268.8
23,269.5
26,269.8
21,270.1
11,270.5
10,271.0
7,271.2
31,271.2
12,271.6
5,271.9
6,272.4
36,272.5
52,272.6
25,273.2
8,273.8
54,274.2
27,274.5
61,277.5
2,278.2
60,278.7
62,279.2
57,279.6
14,279.6
37,280.7
38,280.7
40,281.2
56,281.7
20,281.7
58,282.1
43,283.2
24,285.5
55,285.7
22,285.7
53,286.2
50,287.5
59,288.0
46,289.3
33,290.3
28,292.2
13,293.4
39,294.7
48,296.2
30,296.9
16,297.8
17,298.8
34,299.8
32,299.8
51,301.3
52,302.2
3,302.5
26,302.7
31,303.2
12,304.0
23,305.2
56,306.7
4,306.9
57,307.0
47,307.6
9,307.6
38,307.7
25,308.4
11,308.9
41,309.3
35,309.8
15,309.8
61,310.1
5,310.3
54,310.4
49,310.4
59,311.1
21,311.7
18,312.6
62,313.0
10,313.3
50,314.5
14,315.6
60,317.6
2,318.6
27,318.9
33,319.8
20,320.2
40,320.3
28,321.2
29,321.3
24,321.9
53,322.1
55,322.6
13,322.9
8,324.0
46,325.0
58,325.5
3,329.2
30,330.1
7,330.4
52,330.8
32,331.9
37,332.9
31,334.2
12,334.8
9,335.5
38,335.7
6,335.8
56,335.9
26,336.0
57,337.0
47,337.3
25,337.7
54,338.1
11,338.2
48,338.8
17,339.4
4,339.8
51,340.2
16,340.8
60,344.6
34,345.0
14,345.1
43,346.2
28,346.3
23,346.3
0,346.6
5,346.7
24,347.8
50,347.8
2,349.2
59,352.0
10,352.4
21,352.5
53,352.9
13,352.9
29,355.6
33,357.6
35,357.9
27,358.1
58,359.5
3,361.3
32,362.4
40,362.7
54,363.4
52,363.6
62,363.6
56,363.6
12,364.2
57,364.3
46,364.4
61,364.8
55,365.2
31,365.3
9,365.8
47,367.7
38,367.8
7,369.3
41,370.7
30,370.8
37,371.4
28,371.9
6,372.0
11,372.7
20,373.7
51,374.6
26,374.7
25,374.9
4,376.5
15,376.9
14,377.1
60,377.8
16,378.7
53,379.6
13,379.8
44,380.5
8,381.4
50,383.6
23,384.7
36,385.7
56,390.3
29,390.7
12,391.5
34,391.9
31,392.7
24,393.0
39,393.8
2,395.5
3,395.6
58,395.9
46,396.0
59,397.3
35,399.0
48,400.4
0,400.6
57,400.7
27,400.8
40,401.5
61,401.6
47,401.7
52,401.8
32,403.1
30,404.4
21,406.0
17,410.0
43,410.7
51,412.4
14,412.9
54,412.9
28,413.7
13,415.0
4,415.0
38,416.1
53,416.4
5,417.1
29,417.1
25,419.7
11,420.1
9,421.4
26,421.6
60,421.7
50,425.0
2,425.2
44,425.6
24,425.6
12,425.8
47,427.1
3,427.1
56,427.6
39,428.0
46,428.5
33,428.8
58,429.1
40,429.8
16,430.1
55,430.2
7,430.3
34,430.5
41,430.7
23,431.7
57,432.0
31,434.8
28,435.8
0,437.4
59,437.7
61,437.9
6,438.2
21,439.0
8,439.2
22,439.3
13,440.1
14,440.4
42,440.6
52,441.1
17,441.2
37,441.4
62,445.1
53,445.9
51,446.8
18,448.0
15,450.6
29,453.7
25,454.7
26,456.2
50,456.2
35,456.6
9,457.0
5,459.2
12,462.1
60,462.2
32,463.3
57,464.1
54,465.4
33,466.3
34,466.6
55,468.1
40,468.2
11,468.6
58,469.1
30,470.4
28,471.0
6,471.4
14,472.7
20,473.3
13,473.4
2,474.1
47,475.2
61,475.5
38,475.7
10,476.1
17,476.5
51,476.6
56,477.2
59,478.1
52,478.4
62,478.7
3,478.7
24,480.6
46,480.8
16,480.9
4,481.2
27,482.0
43,482.6
23,483.2
0,483.3
37,483.8
50,484.2
53,485.7
7,486.9
60,487.9
21,488.3
31,488.8
44,489.2
33,489.6
39,489.6
32,489.8
57,490.9
8,491.2
34,493.3
12,493.6
54,495.5
48,495.8
30,496.2
25,496.4
41,498.0
58,498.9
26,499.0
49,499.1
22,499.9
13,500.4
14,500.5
28,501.3
5,501.6
35,501.9
40,503.3
9,503.5
2,505.2
61,506.4
56,506.6
55,507.6
51,509.2
20,509.9
15,510.5
52,510.7
46,511.2
47,511.5
50,511.7
27,512.0
11,512.2
59,512.6
38,513.1
23,513.6
4,514.6
24,514.7
62,516.4
43,516.7
42,516.9
10,517.0
3,517.6
44,518.9
17,519.6
21,519.6
18,519.7
32,519.9
33,519.9
53,520.4
0,520.7
16,522.9
57,522.9
28,524.8
25,525.5
30,525.6
48,526.0
31,526.6
12,527.8
13,528.9
2,529.1
1,529.6
34,532.0
37,532.7
5,532.8
54,534.1
60,535.0
56,535.1
46,535.4
61,535.4
26,535.5
50,536.0
35,538.5
14,540.8
38,542.9
52,543.2
58,543.6
8,544.2
40,544.3
47,545.9
59,547.5
62,547.9
22,548.6
23,550.9
17,551.5
57,551.5
27,552.8
44,553.3
43,554.7
39,554.7
13,555.2
29,555.2
20,555.3
32,555.9
33,556.2
21,556.2
60,557.6
54,557.9
28,559.0
53,560.0
2,560.4
9,560.7
11,560.8
3,561.8
25,562.1
1,562.3
56,562.8
51,563.3
4,563.7
34,564.1
30,565.1
12,566.0
0,566.0
37,566.1
46,566.4
18,566.7
50,566.8
5,567.5
16,567.8
41,569.5
61,569.7
15,570.6
14,571.9
40,574.0
47,576.3
26,576.9
58,578.5
57,580.0
55,580.6
27,584.2
6,584.3
13,585.2
31,585.8
60,586.1
59,588.7
2,589.5
54,591.9
39,592.1
25,592.2
52,592.8
28,592.8
43,593.1
44,597.9
17,598.5
4,600.5
21,601.4
7,602.0
33,602.5
9,602.5
51,602.6
3,603.5
46,603.8
61,604.2
53,604.3
30,604.7
40,606.6
14,606.8
38,607.2
24,607.5
62,607.9
1,608.4
23,609.7
5,610.0
47,610.3
16,610.3
29,612.2
2,613.1
12,613.3
13,613.4
34,614.3
57,614.8
27,615.3
56,615.4
26,615.8
50,616.4
37,616.8
60,617.1
25,617.8
28,617.9
0,620.5
43,620.6
31,621.5
58,621.6
20,622.3
54,623.5
52,623.8
6,624.9
53,625.0
44,625.5
55,625.9
4,626.1
35,627.7
15,628.8
11,629.0
51,630.5
48,631.7
21,633.1
30,633.3
32,634.9
18,636.3
47,636.7
59,636.9
41,637.2
8,638.4
24,638.8
9,639.4
14,639.4
33,642.0
12,642.7
23,643.6
17,644.1
38,645.0
29,645.8
62,645.9
56,646.2
57,646.8
61,647.0
50,647.1
53,647.3
13,647.6
31,648.8
10,649.8
28,650.0
52,651.1
46,651.5
49,651.6
11,653.2
26,653.4
34,653.6
3,653.9
5,654.8
27,656.1
35,656.3
55,656.8
4,657.4
25,657.5
51,657.7
48,658.5
32,658.7
30,659.0
6,660.4
44,661.2
20,662.0
36,662.6
21,663.1
43,664.7
47,665.0
1,667.0
2,668.1
14,669.9
54,671.1
53,671.3
33,675.0
9,675.7
59,676.1
56,676.3
60,676.9
31,677.5
28,677.9
24,678.2
50,678.5
23,679.6
38,679.8
46,680.4
29,680.9
13,682.0
12,682.7
57,683.3
10,683.4
0,684.1
11,685.1
52,687.2
22,687.5
25,689.9
41,690.2
55,691.8
26,692.4
5,692.9
3,694.0
54,695.1
37,697.2
62,697.6
48,698.1
32,698.1
2,699.1
53,700.2
34,701.4
35,701.6
50,701.7
28,701.9
44,702.1
59,702.5
20,703.2
47,704.2
56,704.9
30,705.1
15,705.2
31,705.4
7,705.9
42,706.7
60,706.8
46,706.9
40,707.2
58,708.0
6,708.2
13,709.2
61,709.4
14,710.3
12,710.6
33,712.1
38,712.7
57,713.6
9,713.8
49,715.3
11,716.6
54,718.5
29,719.1
4,719.4
55,720.2
26,720.7
23,721.3
16,721.9
25,725.0
21,725.2
28,726.2
5,726.4
37,728.4
50,728.9
10,728.9
2,730.7
62,732.7
13,732.8
59,735.3
20,735.6
40,735.7
27,736.7
56,737.1
47,737.3
31,737.4
34,737.5
53,737.9
36,738.4
12,738.7
61,739.0
7,739.3
3,739.4
32,739.5
58,739.5
15,740.4
51,740.5
41,740.6
6,740.7
54,741.1
38,741.2
17,741.2
44,741.3
14,741.5
60,741.9
52,742.1
22,742.8
55,743.4
46,744.6
43,744.9
9,745.0
30,746.2
57,747.7
33,750.5
39,753.5
28,755.4
11,755.5
37,757.5
13,758.7
10,759.1
16,765.1
20,766.0
40,767.5
55,768.4
59,768.5
4,768.7
54,769.2
60,771.7
53,772.6
50,774.2
6,774.2
34,774.5
32,775.8
61,776.3
38,777.4
51,777.5
33,778.2
58,778.3
62,778.9
15,781.6
49,781.6
9,782.5
28,783.0
13,784.7
47,785.7
21,786.7
37,787.6
43,787.7
56,789.4
2,790.0
1,790.2
25,790.6
46,791.1
5,791.3
57,792.3
12,792.4
44,792.7
55,792.9
11,793.1
26,793.4
53,794.0
54,794.4
29,794.7
10,795.1
31,795.4
27,795.8
59,796.2
52,798.3
60,799.4
33,800.4
4,800.4
17,801.1
16,801.2
20,801.9
24,802.0
14,802.9
32,802.9
35,803.1
50,803.9
48,803.9
39,804.1
38,804.2
30,804.3
7,804.4
61,804.9
6,806.0
34,806.1
13,806.8
40,806.9
36,807.0
58,807.4
51,809.0
62,809.0
28,809.7
23,810.0
41,810.1
21,811.2
49,811.6
47,815.0
43,815.9
2,817.5
0,819.2
15,819.5
53,819.9
3,820.2
56,821.1
46,821.3
5,821.4
12,822.9
9,824.0
26,825.2
27,825.3
55,825.4
25,825.6
57,825.9
1,826.6
52,827.7
31,828.0
11,828.2
59,828.4
30,828.4
50,829.0
24,830.0
37,831.5
22,831.7
33,831.9
44,832.0
14,833.4
4,833.7
13,834.2
10,834.9
23,835.1
51,837.1
38,837.3
35,837.4
32,838.3
48,839.0
34,840.6
8,842.7
28,843.5
53,843.7
47,845.6
2,845.7
21,846.4
49,847.7
29,848.1
56,850.4
3,850.6
50,850.8
12,850.8
46,851.0
60,852.1
54,852.4
61,853.1
52,853.4
59,853.4
26,853.5
7,854.5
62,855.5
41,856.3
5,856.3
13,856.5
33,857.6
25,858.1
57,858.1
30,858.2
37,858.5
24,859.7
27,861.5
14,864.0
40,864.4
43,864.4
58,864.5
0,866.6
4,866.7
44,867.3
55,868.1
9,868.4
39,868.5
34,868.6
23,869.4
28,869.5
16,869.7
20,870.5
2,870.9
36,871.5
47,871.8
11,873.7
32,873.8
42,874.4
51,876.3
53,876.4
21,876.6
35,878.1
50,880.5
38,880.8
61,881.9
22,881.9
13,883.0
54,883.7
46,883.8
59,886.1
12,886.2
33,886.9
57,888.1
52,888.4
14,889.8
56,890.2
40,890.8
6,891.4
60,891.4
15,891.6
62,892.0
29,892.1
37,892.4
17,892.6
31,892.6
30,893.9
55,894.4
10,894.6
16,894.7
26,894.8
41,894.9
9,895.7
27,896.4
48,896.9
34,897.1
7,898.0
28,898.2
25,900.6
4,901.5
58,902.3
20,902.5
23,902.7
19,903.9
11,906.0
13,906.1
54,908.8
38,908.9
36,910.1
39,911.3
33,912.9
61,913.1
47,913.9
57,915.2
50,915.2
44,915.4
53,915.7
12,915.8
51,916.3
40,916.9
32,917.4
31,917.6
59,917.7
9,918.8
14,918.9
52,920.4
56,920.9
6,921.1
37,921.9
16,922.4
60,923.2
21,923.3
24,924.5
62,924.6
55,924.7
30,926.1
29,926.5
28,926.6
34,927.1
13,928.8
26,929.5
17,929.7
58,930.1
49,930.9
10,931.2
8,932.6
41,933.4
54,933.7
20,933.9
1,934.2
3,934.5
38,934.8
48,935.2
0,935.5
15,935.5
25,936.0
43,936.7
53,938.0
4,938.0
33,939.2
11,939.2
2,941.6
50,942.3
35,943.6
23,944.2
5,944.3
32,944.3
47,944.8
61,944.9
22,945.7
46,946.2
59,946.6
51,946.8
31,946.9
56,947.4
28,947.7
52,948.2
57,950.4
12,952.2
24,952.6
13,953.0
9,953.1
55,955.2
10,959.0
21,960.4
14,960.5
6,961.2
27,961.4
29,961.6
3,963.5
26,964.0
60,964.3
53,965.7
30,966.0
40,967.6
38,967.9
11,971.3
58,971.6
48,971.8
50,972.8
41,973.0
25,973.5
36,973.5
2,973.8
43,973.9
4,974.3
39,974.5
56,974.9
28,975.2
49,975.5
16,976.5
47,977.7
31,979.3
54,979.5
34,980.2
13,980.4
5,980.5
12,980.6
51,980.9
15,982.0
9,982.2
52,982.2
57,983.3
24,984.3
35,984.4
17,987.1
55,988.4
33,988.5
7,989.8
32,991.4
61,991.6
60,991.8
20,991.8
0,992.1
62,992.6
53,994.3
59,995.8
14,995.9
6,997.3
23,998.0
40,1001.3
56,1001.7
11,1003.3
3,1004.0
21,1004.0
27,1004.2
10,1004.9
12,1005.2
16,1005.8
28,1005.9
38,1007.2
48,1009.7
54,1012.4
51,1012.8
34,1013.0
41,1014.0
50,1014.3
57,1015.4
9,1016.5
31,1016.8
52,1018.5
24,1019.8
55,1020.4
32,1021.6
33,1021.7
53,1022.1
59,1023.2
58,1023.9
13,1024.3
30,1024.9
60,1027.5
20,1028.0
62,1029.0
61,1029.9
2,1032.1
43,1032.1
47,1032.3
35,1032.6
0,1034.5
21,1035.1
14,1035.1
29,1035.2
11,1035.7
27,1035.8
4,1036.1
3,1036.1
8,1036.7
7,1039.1
38,1039.4
25,1039.7
44,1039.8
10,1040.3
6,1040.4
51,1041.1
12,1041.1
56,1041.6
57,1041.7
31,1042.5
28,1042.7
53,1042.9
49,1043.0
54,1044.1
16,1044.6
23,1044.8
46,1044.8
41,1047.6
52,1048.1
55,1048.4
36,1048.9
9,1049.8
13,1052.1
34,1052.3
59,1052.9
1,1053.0
24,1053.1
40,1053.8
15,1054.8
32,1054.8
33,1055.8
30,1056.7
17,1057.6
19,1057.7
48,1058.4
20,1060.4
58,1062.5
14,1063.6
11,1065.1
47,1065.1
50,1065.9
39,1067.2
60,1067.6
51,1068.9
26,1069.8
53,1070.2
6,1072.2
21,1072.4
57,1072.6
12,1072.6
22,1073.6
27,1074.5
31,1074.6
3,1074.8
2,1074.9
49,1075.5
4,1076.0
61,1076.2
28,1076.8
56,1078.2
10,1080.3
34,1081.4
7,1083.1
33,1083.6
32,1084.9
24,1085.8
30,1085.9
55,1086.0
23,1087.0
0,1088.0
25,1088.8
29,1091.2
13,1091.6
43,1093.8
51,1094.6
52,1095.3
11,1095.9
54,1095.9
50,1096.4
53,1096.9
14,1097.4
60,1097.4
47,1098.4
37,1100.2
57,1100.2
5,1100.4
46,1100.8
21,1101.2
38,1101.5
3,1101.6
20,1101.9
56,1102.3
27,1103.1
59,1104.6
28,1104.8
48,1107.6
4,1107.7
61,1107.8
31,1107.9
40,1108.9
12,1108.9
62,1109.5
16,1111.5
33,1113.2
58,1113.5
39,1113.9
24,1114.3
2,1114.6
13,1114.7
32,1115.4
44,1115.6
34,1116.4
9,1117.4
29,1118.6
35,1118.9
6,1119.2
55,1121.1
26,1121.3
17,1121.7
11,1122.0
57,1122.7
0,1123.1
14,1123.3
23,1123.6
25,1123.8
30,1123.8
7,1123.9
53,1124.2
41,1124.8
43,1124.9
60,1125.0
54,1125.6
1,1126.0
50,1126.2
51,1126.5
3,1126.8
52,1128.3
56,1128.4
47,1128.6
21,1128.8
36,1129.0
28,1130.6
46,1132.5
18,1133.1
38,1135.6
10,1136.8
22,1138.9
12,1138.9
5,1139.9
37,1141.0
27,1141.6
40,1141.7
2,1142.4
59,1142.9
16,1144.3
42,1144.8
24,1147.2
13,1148.4
34,1148.5
9,1149.4
4,1150.5
58,1151.7
57,1154.6
31,1154.8
33,1155.8
50,1156.7
3,1158.1
0,1158.2
61,1158.9
26,1159.3
47,1160.2
8,1160.3
62,1162.5
28,1162.9
32,1163.0
46,1163.8
44,1164.3
53,1164.4
52,1164.5
21,1166.0
17,1166.3
25,1167.7
43,1168.0
23,1171.0
51,1171.9
55,1173.5
6,1174.3
2,1175.7
29,1175.8
54,1176.4
20,1176.6
11,1176.7
12,1176.7
13,1176.8
60,1176.8
56,1178.8
10,1179.0
24,1180.3
31,1180.7
38,1180.7
30,1181.3
9,1181.8
59,1182.0
7,1182.6
57,1184.3
34,1185.1
33,1185.9
15,1185.9
53,1186.1
48,1186.7
37,1187.4
47,1188.0
4,1188.5
35,1189.2
28,1189.8
50,1190.1
58,1191.1
27,1191.7
1,1192.5
5,1193.5
16,1194.0
3,1194.1
40,1194.4
21,1194.4
32,1195.5
44,1195.6
43,1195.8
25,1195.9
0,1197.0
26,1200.6
49,1201.8
2,1202.8
14,1203.1
8,1203.3
29,1203.5
13,1203.7
12,1204.3
46,1204.9
61,1205.4
55,1206.5
24,1206.9
6,1207.3
51,1208.6
53,1210.7
56,1211.5
11,1211.8
17,1213.0
52,1213.5
54,1213.7
31,1214.7
23,1215.7
28,1216.1
39,1217.2
36,1217.9
50,1218.0
9,1218.5
7,1218.9
41,1220.1
60,1220.6
37,1221.1
3,1221.7
47,1223.1
34,1223.2
33,1224.0
38,1224.1
40,1224.1
58,1224.1
10,1225.6
25,1226.2
35,1227.5
20,1228.1
32,1228.4
4,1230.5
62,1230.8
57,1230.9
13,1232.1
44,1233.7
2,1234.8
29,1235.7
55,1236.1
53,1236.3
16,1236.3
14,1236.7
12,1237.1
26,1237.2
21,1238.7
24,1238.9
46,1239.1
48,1239.1
30,1240.1
61,1241.2
43,1242.7
51,1242.7
28,1243.3
11,1244.7
0,1245.2
49,1246.2
59,1246.5
56,1250.0
6,1250.7
9,1250.7
1,1251.5
5,1252.8
54,1255.1
33,1255.3
42,1255.8
60,1255.8
10,1258.3
50,1258.4
31,1258.5
47,1260.0
25,1260.3
23,1261.2
3,1261.6
38,1262.8
13,1263.3
32,1263.9
52,1264.6
2,1265.3
22,1265.5
27,1266.0
18,1266.6
28,1267.1
29,1267.5
46,1268.2
53,1268.7
11,1269.0
7,1269.7
24,1270.4
40,1271.9
57,1271.9
44,1273.2
16,1273.7
55,1274.3
37,1274.4
58,1274.8
56,1276.2
61,1278.2
54,1279.1
9,1280.0
12,1280.3
34,1281.1
33,1281.4
14,1281.5
39,1281.9
41,1282.4
17,1282.8
59,1283.1
26,1283.6
60,1285.0
13,1288.0
36,1288.4
6,1288.8
62,1289.4
50,1289.9
20,1291.3
31,1292.4
28,1293.1
38,1293.6
11,1296.2
53,1299.3
55,1300.4
40,1301.1
10,1302.4
7,1302.7
57,1303.5
9,1304.1
37,1304.6
25,1304.7
3,1305.0
2,1305.2
16,1305.3
32,1305.6
58,1306.7
51,1307.6
54,1307.6
33,1308.0
59,1309.2
34,1311.9
14,1312.6
60,1312.8
13,1313.2
12,1313.6
15,1313.8
24,1313.8
43,1314.1
41,1316.6
4,1317.3
46,1317.8
21,1318.0
47,1318.8
44,1319.1
17,1319.6
61,1320.3
28,1320.9
27,1321.1
38,1321.4
56,1323.6
20,1323.9
55,1324.1
11,1324.9
6,1325.0
52,1325.8
31,1326.3
10,1328.1
53,1328.3
40,1328.7
37,1329.1
9,1330.8
54,1331.1
57,1331.5
5,1332.4
30,1333.6
62,1334.5
13,1334.5
59,1334.5
49,1336.3
19,1336.5
0,1337.1
39,1338.9
16,1339.8
14,1340.9
33,1342.0
3,1342.8
29,1342.8
36,1343.1
28,1344.2
60,1344.9
2,1345.0
25,1345.3
50,1346.1
51,1346.3
58,1347.6
12,1348.2
38,1349.0
24,1349.4
11,1349.4
34,1349.7
47,1350.0
4,1350.8
31,1350.8
21,1350.9
53,1353.1
56,1353.5
43,1353.9
55,1355.9
32,1356.3
10,1357.1
41,1357.5
46,1359.3
44,1360.5
13,1361.5
6,1362.5
37,1363.3
26,1364.1
1,1364.3
54,1364.6
9,1364.7
59,1367.0
52,1368.6
33,1369.7
20,1369.9
57,1370.7
28,1371.5
60,1372.4
38,1374.6
8,1376.8
30,1377.6
11,1379.0
17,1379.4
55,1379.8
61,1381.6
15,1381.7
31,1382.4
10,1383.1
48,1383.3
58,1383.9
49,1384.8
29,1385.5
53,1385.6
62,1385.7
40,1386.1
7,1386.5
51,1387.5
25,1388.1
32,1388.3
14,1389.6
18,1390.0
54,1390.6
13,1390.7
9,1392.7
16,1393.5
2,1394.4
27,1394.8
6,1395.2
47,1396.1
56,1396.2
34,1396.7
57,1397.0
12,1397.3
4,1397.6
3,1397.9
52,1398.2
24,1398.3
28,1398.4
43,1398.7
41,1400.8
59,1401.4
38,1401.5
46,1402.2
33,1402.9
60,1403.2
50,1406.8
11,1407.0
17,1408.6
26,1409.2
5,1409.8
21,1410.0
53,1410.7
36,1411.7
31,1412.3
30,1412.6
61,1413.7
8,1414.3
25,1414.9
13,1415.0
44,1415.7
37,1416.1
55,1416.4
32,1416.9
23,1417.9
54,1418.0
51,1419.5
20,1419.8
58,1420.0
40,1420.2
6,1421.0
62,1421.1
29,1421.2
47,1422.1
57,1422.2
28,1422.3
9,1424.4
33,1426.8
34,1427.2
7,1427.6
56,1427.7
38,1427.8
2,1427.9
12,1428.2
52,1428.3
4,1429.7
3,1430.2
10,1430.6
27,1430.7
60,1431.7
59,1432.4
18,1432.9
16,1432.9
49,1435.9
0,1436.4
24,1436.5
14,1437.0
50,1437.3
53,1437.3
48,1438.2
31,1438.5
15,1441.3
11,1441.5
13,1442.0
46,1442.1
30,1442.5
26,1442.7
21,1444.4
17,1444.7
28,1446.3
57,1448.0
39,1449.5
47,1449.5
54,1450.6
51,1452.3
55,1452.8
58,1453.0
25,1453.8
38,1453.8
5,1454.0
9,1454.6
43,1455.3
56,1455.4
29,1456.0
41,1456.0
12,1456.9
52,1457.3
34,1457.8
60,1458.5
10,1459.0
33,1459.3
6,1459.8
14,1460.6
16,1461.0
53,1461.5
31,1462.4
40,1462.5
36,1463.0
32,1463.1
61,1463.4
13,1463.9
44,1464.9
50,1465.7
11,1467.4
30,1468.2
4,1468.4
37,1468.9
2,1468.9
35,1469.8
49,1469.9
3,1471.4
24,1472.9
28,1472.9
7,1472.9
27,1473.0
57,1473.6
21,1476.3
23,1476.6
59,1477.6
54,1478.6
22,1479.1
48,1479.2
17,1481.5
26,1481.7
51,1482.6
58,1483.3
56,1484.4
1,1485.0
13,1485.8
52,1486.4
55,1487.0
38,1487.0
9,1487.3
47,1487.3
60,1487.6
14,1488.0
53,1488.4
12,1488.7
46,1490.1
39,1491.4
31,1491.5
18,1491.8
34,1492.6
41,1493.5
10,1493.7
11,1494.9
33,1495.9
16,1496.0
30,1496.8
28,1498.1
50,1500.4
57,1501.7
40,1502.1
24,1502.3
25,1503.6
35,1504.8
13,1505.6
20,1507.1
36,1507.2
61,1507.2
15,1507.5
2,1509.2
56,1509.7
43,1510.3
59,1511.3
14,1511.5
44,1512.0
53,1512.1
54,1512.5
9,1513.8
12,1514.4
37,1514.5
51,1514.6
38,1515.1
32,1515.1
23,1515.2
31,1515.3
17,1515.4
60,1516.3
52,1516.9
34,1517.2
58,1517.7
3,1517.8
4,1518.1
47,1518.5
29,1518.9
46,1519.1
27,1520.4
33,1520.5
48,1520.5
62,1521.6
6,1523.2
30,1523.2
49,1523.4
55,1523.9
11,1524.1
0,1525.6
10,1525.7
39,1526.0
41,1526.0
28,1527.6
21,1527.7
57,1527.8
22,1528.8
13,1529.0
19,1530.0
50,1530.4
40,1530.9
24,1534.8
53,1538.1
25,1539.9
26,1541.1
3,1541.1
16,1542.0
31,1542.9
56,1542.9
9,1543.2
7,1543.3
2,1544.1
52,1545.2
47,1545.9
51,1546.8
54,1547.0
14,1547.4
4,1548.2
27,1549.3
32,1550.2
46,1552.6
60,1553.6
29,1553.9
17,1555.7
23,1556.2
18,1556.5
59,1556.6
30,1556.9
57,1557.7
33,1558.1
12,1558.7
8,1559.2
13,1559.4
5,1560.3
11,1560.4
34,1560.8
58,1561.3
55,1562.3
6,1564.0
20,1564.7
15,1565.5
40,1565.7
10,1565.8
38,1566.5
28,1566.7
37,1566.9
53,1567.0
9,1568.9
54,1570.3
44,1570.3
61,1572.0
50,1573.3
41,1575.2
60,1575.2
14,1576.8
16,1577.3
31,1577.8
57,1578.4
51,1578.6
56,1581.3
7,1581.7
12,1582.1
0,1583.5
13,1583.7
34,1583.8
49,1585.0
33,1586.4
2,1586.8
59,1587.0
32,1587.5
21,1587.6
43,1589.6
25,1590.9
19,1591.4
55,1593.7
11,1594.2
24,1594.7
47,1594.8
58,1595.0
3,1596.7
6,1597.1
53,1597.4
29,1598.9
9,1599.2
30,1599.3
54,1599.4
17,1599.9
28,1600.6
37,1600.8
27,1601.1
42,1601.1
40,1602.7
4,1603.7
60,1604.0
44,1605.8
46,1606.0
18,1608.4
57,1609.4
31,1609.5
13,1611.3
14,1611.4
52,1612.2
12,1614.2
41,1614.8
26,1615.5
38,1616.7
50,1617.0
1,1617.6
16,1617.6
51,1618.2
7,1618.5
11,1619.8
53,1620.0
25,1620.0
2,1620.1
59,1620.2
56,1620.4
34,1620.7
20,1621.0
55,1621.5
24,1622.2
33,1623.4
9,1623.4
8,1624.8
10,1625.6
3,1625.9
62,1626.5
61,1627.0
40,1628.3
54,1628.5
47,1628.7
39,1630.7
35,1631.1
28,1631.6
29,1636.1
37,1636.2
5,1636.3
19,1636.5
23,1639.0
13,1639.9
31,1641.0
30,1641.5
6,1642.4
21,1642.5
46,1643.1
53,1644.7
49,1645.1
60,1647.2
26,1647.3
12,1647.8
4,1649.4
36,1649.9
56,1650.7
9,1651.0
50,1651.5
59,1651.8
14,1651.9
43,1652.2
48,1652.9
57,1653.2
33,1653.3
25,1654.6
54,1654.7
24,1655.0
44,1656.1
55,1656.6
32,1657.3
7,1658.4
11,1662.2
62,1662.3
52,1662.8
47,1663.1
2,1663.5
38,1664.2
35,1664.8
40,1665.6
3,1665.7
0,1666.2
29,1666.4
8,1666.6
15,1666.7
13,1666.7
51,1666.8
61,1668.0
28,1669.6
20,1669.8
10,1670.5
31,1670.6
1,1671.8
53,1671.8
37,1673.3
59,1674.7
60,1675.8
30,1676.6
17,1677.4
56,1677.8
9,1677.9
57,1678.9
25,1680.3
4,1681.2
34,1681.3
54,1681.3
6,1681.9
33,1682.1
58,1682.3
14,1684.1
12,1685.5
55,1685.7
32,1686.5
21,1687.8
27,1689.2
39,1689.7
24,1691.6
62,1691.6
23,1691.9
3,1692.2
13,1693.7
47,1693.9
40,1693.9
7,1694.0
44,1694.5
2,1694.7
38,1696.1
61,1696.5
48,1696.8
43,1697.5
11,1698.6
29,1699.0
53,1699.9
52,1700.4
59,1701.7
8,1703.2
0,1706.0
20,1706.6
31,1707.2
46,1707.4
51,1708.3
30,1708.5
37,1709.9
9,1710.0
33,1710.7
26,1711.4
50,1711.7
54,1713.1
57,1714.0
56,1715.3
4,1715.8
15,1716.6
25,1716.6
13,1717.0
14,1718.7
28,1720.1
32,1722.9
47,1723.0
60,1723.4
24,1724.3
40,1725.4
39,1726.1
52,1726.5
27,1726.5
62,1726.7
61,1727.0
53,1727.2
35,1727.6
38,1729.0
10,1730.3
55,1730.6
33,1731.7
59,1731.9
58,1732.2
21,1732.3
34,1732.9
2,1733.1
23,1733.6
6,1733.6
51,1734.3
9,1734.5
3,1735.0
30,1735.1
31,1735.7
44,1736.1
46,1737.0
37,1737.2
50,1738.0
5,1738.1
11,1738.1
48,1738.2
43,1738.3
4,1738.3
16,1738.4
20,1738.7
0,1740.8
29,1741.2
13,1741.5
54,1742.1
41,1742.7
57,1743.8
25,1744.5
12,1744.8
22,1746.0
8,1746.1
47,1746.6
56,1746.7
49,1747.7
28,1747.9
14,1748.9
32,1750.3
26,1752.5
53,1753.1
24,1753.7
52,1755.4
62,1755.5
27,1756.0
61,1756.6
59,1758.1
33,1758.9
40,1759.7
60,1760.6
21,1760.7
35,1761.1
2,1762.3
38,1765.2
30,1765.9
34,1766.1
13,1767.5
19,1767.7
4,1768.0
43,1768.0
1,1768.2
57,1770.3
9,1771.0
14,1771.3
58,1771.8
41,1772.8
54,1772.9
3,1772.9
5,1773.5
51,1773.5
50,1774.1
37,1774.3
31,1774.7
12,1775.3
47,1775.9
16,1776.8
17,1777.2
39,1777.9
11,1778.0
56,1778.6
53,1779.2
55,1779.3
23,1781.7
46,1781.8
26,1782.5
28,1782.9
49,1782.9
29,1783.0
10,1783.3
36,1783.7
24,1783.9
0,1784.0
32,1786.8
33,1786.9
48,1787.8
52,1789.8
27,1790.9
8,1790.9
21,1791.3
22,1791.8
25,1792.9
2,1792.9
60,1793.8
59,1795.4
61,1795.5
13,1796.7
44,1796.8
30,1797.0
35,1798.4
62,1799.0
40,1800.8
38,1800.9
7,1801.7
53,1804.9
57,1806.4
9,1806.9
42,1807.3
4,1808.9
47,1811.0
50,1811.2
29,1812.7
14,1812.9
33,1813.5
3,1813.7
56,1813.9
54,1814.7
26,1815.4
34,1815.4
32,1816.0
12,1816.2
20,1816.6
43,1817.1
24,1819.5
51,1820.5
41,1820.8
59,1822.1
21,1822.1
16,1823.9
30,1824.9
28,1825.0
52,1825.1
8,1825.5
11,1825.6
61,1827.6
58,1828.0
48,1829.4
27,1829.5
2,1830.6
60,1830.8
57,1831.6
62,1831.9
23,1833.3
13,1833.8
40,1834.0
25,1834.1
17,1835.3
39,1835.4
4,1835.7
1,1836.0
14,1836.1
53,1836.3
9,1836.7
31,1836.9
0,1837.0
18,1838.4
47,1838.6
5,1838.7
33,1840.5
44,1841.9
46,1842.9
38,1843.0
55,1843.6
49,1844.8
3,1848.8
54,1848.8
22,1849.1
51,1849.3
43,1849.3
15,1849.3
32,1850.4
34,1851.1
12,1851.8
6,1854.0
7,1854.6
37,1855.9
28,1856.7
59,1857.3
11,1858.8
24,1859.3
30,1859.4
10,1859.7
21,1859.9
41,1860.1
2,1861.2
13,1861.3
53,1862.1
25,1862.6
60,1863.4
40,1863.7
61,1863.8
31,1864.0
9,1864.3
50,1865.4
47,1865.7
14,1866.1
20,1866.4
52,1866.5
27,1867.2
4,1870.4
26,1870.6
57,1871.5
55,1871.7
5,1872.7
36,1874.0
33,1874.7
54,1874.7
29,1874.7
38,1874.9
62,1875.7
16,1876.0
56,1879.0
35,1880.5
12,1881.6
46,1883.4
44,1884.3
34,1884.5
19,1886.3
37,1886.5
13,1886.6
59,1887.9
53,1889.4
28,1891.2
47,1891.4
49,1893.9
9,1894.9
21,1897.0
31,1897.0
40,1899.7
11,1900.0
30,1900.2
43,1900.6
6,1900.8
4,1901.9
24,1903.1
41,1904.0
3,1905.8
60,1907.6
51,1908.0
2,1908.0
25,1908.0
57,1908.1
14,1908.2
52,1909.2
27,1909.7
39,1910.3
10,1911.0
50,1912.7
29,1913.1
55,1913.3
56,1914.1
33,1914.7
28,1915.0
38,1916.0
17,1916.1
13,1916.5
8,1916.9
61,1917.6
32,1917.6
31,1918.6
53,1918.6
12,1919.8
54,1919.8
48,1920.3
11,1921.1
5,1921.7
46,1921.8
26,1923.0
9,1923.4
23,1925.4
62,1926.1
47,1926.2
34,1926.3
35,1926.4
0,1926.6
49,1927.2
20,1927.6
40,1928.2
37,1928.4
6,1928.6
21,1929.2
59,1929.8
30,1930.4
7,1930.5
16,1930.6
24,1932.6
14,1932.9
57,1933.2
4,1933.9
41,1933.9
36,1934.3
44,1935.4
52,1935.8
33,1937.1
25,1937.1
58,1938.1
3,1938.6
28,1939.1
53,1940.1
29,1940.3
13,1940.8
10,1940.9
43,1941.1
51,1941.7
38,1942.5
31,1942.6
18,1943.0
55,1943.1
60,1943.3
2,1943.5
50,1943.7
22,1944.5
32,1945.3
39,1945.7
61,1946.2
9,1946.6
56,1946.8
17,1947.4
11,1948.5
8,1948.6
26,1949.5
12,1950.1
27,1950.4
47,1951.3
46,1952.2
5,1953.3
24,1957.5
54,1957.6
40,1958.4
48,1962.0
21,1962.5
57,1963.6
28,1963.9
59,1965.9
52,1966.1
34,1966.2
16,1966.3
62,1966.8
53,1968.1
35,1968.6
3,1968.9
6,1969.8
14,1970.1
7,1970.6
31,1971.1
4,1971.1
13,1973.2
55,1973.5
23,1973.8
56,1974.1
51,1974.2
60,1974.5
25,1975.6
12,1976.9
33,1977.1
30,1978.6
0,1979.0
9,1979.2
29,1979.2
43,1979.7
47,1980.3
38,1980.6
50,1981.6
2,1982.7
15,1983.5
54,1987.8
5,1988.1
37,1989.3
27,1989.7
58,1992.0
11,1993.0
24,1993.1
28,1993.2
57,1993.3
21,1993.5
39,1995.6
46,1996.0
26,1997.0
59,1997.0
32,1999.7
13,2000.8
61,2001.0
52,2001.3
40,2001.7
62,2001.8
31,2002.1
34,2002.2
60,2002.6
33,2002.9
56,2003.0
3,2004.3
9,2005.2
53,2005.5
48,2007.8
6,2008.4
20,2008.4
38,2008.8
55,2009.4
4,2010.5
10,2010.6
25,2011.9
50,2012.7
30,2013.8
47,2014.1
54,2014.3
7,2015.0
44,2015.2
49,2016.8
12,2017.2
51,2017.4
8,2017.4
14,2019.7
57,2019.8
17,2020.2
18,2020.7
29,2022.4
35,2024.4
1,2024.8
41,2025.8
21,2027.4
23,2027.6
16,2027.8
24,2028.8
34,2029.5
2,2031.6
60,2033.7
59,2034.1
56,2034.3
13,2034.4
53,2034.5
43,2034.8
40,2036.3
28,2036.5
58,2038.6
33,2039.6
11,2040.1
37,2040.8
9,2041.4
50,2043.1
0,2043.7
22,2044.8
32,2045.4
54,2046.2
57,2046.7
61,2046.9
3,2047.2
26,2047.6
20,2047.7
46,2049.4
51,2050.9
48,2053.9
12,2054.8
55,2055.5
6,2055.5
7,2056.0
62,2056.7
23,2056.8
30,2057.9
52,2058.5
35,2059.1
25,2059.3
53,2059.4
31,2060.3
10,2060.6
24,2061.1
49,2062.2
34,2062.7
2,2063.0
56,2064.3
59,2064.5
47,2065.7
44,2066.3
27,2066.3
60,2066.6
38,2066.7
28,2067.7
50,2068.1
21,2068.5
13,2068.7
33,2068.8
42,2070.3
17,2070.4
4,2071.3
5,2073.0
54,2074.1
8,2074.5
18,2076.9
14,2077.6
46,2077.7
51,2078.7
15,2078.8
32,2079.6
9,2080.2
3,2081.1
37,2083.1
40,2083.1
26,2083.2
57,2085.0
55,2085.2
29,2085.8
25,2086.1
23,2086.2
11,2086.8
43,2087.0
7,2087.8
53,2087.9
2,2088.4
28,2089.3
52,2089.5
47,2090.0
20,2090.4
58,2091.4
12,2092.1
24,2092.3
56,2092.3
31,2092.7
6,2092.9
60,2093.1
30,2093.4
50,2093.8
22,2094.4
10,2094.4
27,2094.7
0,2095.0
59,2096.1
13,2096.7
4,2097.6
33,2097.6
21,2098.3
54,2098.8
34,2099.6
38,2102.9
46,2103.4
44,2104.5
5,2104.6
3,2105.3
48,2105.5
61,2106.8
51,2107.7
32,2109.0
9,2109.5
57,2109.9
28,2110.0
11,2110.3
62,2110.5
37,2110.8
25,2110.8
26,2111.1
53,2112.3
55,2114.6
29,2115.3
35,2115.6
14,2116.0
7,2116.7
31,2117.4
47,2117.4
16,2117.4
8,2118.1
56,2119.3
52,2120.2
40,2121.1
12,2121.1
54,2121.9
2,2122.0
13,2123.0
6,2123.2
60,2124.0
50,2124.4
33,2126.9
20,2127.2
10,2128.3
17,2128.7
30,2128.8
49,2130.9
58,2131.0
4,2132.1
24,2132.1
23,2132.7
57,2133.9
36,2134.4
59,2134.5
41,2134.6
28,2136.1
53,2136.2
34,2136.3
38,2136.3
46,2136.4
11,2137.5
32,2138.1
51,2140.4
9,2140.4
18,2140.5
3,2140.9
21,2140.9
26,2141.0
25,2142.1
14,2142.8
5,2143.2
15,2144.1
55,2144.7
42,2145.3
61,2146.6
13,2148.3
56,2149.7
16,2149.8
60,2150.3
39,2151.2
12,2151.3
2,2151.6
7,2151.9
47,2153.0
43,2154.2
54,2154.2
40,2154.3
37,2154.3
44,2158.1
33,2158.8
28,2159.7
27,2159.9
6,2160.3
29,2161.1
50,2161.4
31,2163.7
10,2163.7
11,2165.3
4,2165.4
38,2165.7
57,2166.4
52,2166.4
20,2166.4
53,2170.3
30,2171.3
21,2171.6
51,2171.7
34,2172.2
32,2172.2
24,2172.8
55,2174.6
59,2174.8
48,2175.2
9,2176.1
0,2178.5
14,2178.7
25,2179.5
1,2179.8
62,2180.3
5,2181.3
47,2181.4
56,2181.6
3,2182.5
13,2184.1
8,2185.4
28,2185.8
2,2186.3
43,2187.5
46,2189.9
29,2190.1
31,2191.9
44,2192.3
61,2192.3
23,2193.5
26,2193.6
6,2195.3
50,2195.8
11,2198.3
12,2198.3
57,2199.1
60,2202.9
4,2205.3
30,2205.5
16,2206.7
38,2207.6
53,2208.4
7,2208.5
51,2208.8
27,2209.2
54,2209.8
52,2210.9
14,2210.9
56,2211.1
25,2211.8
58,2212.6
33,2213.8
17,2213.8
55,2214.0
28,2214.8
21,2215.1
47,2215.7
39,2215.7
34,2216.0
59,2216.6
13,2216.8
32,2217.5
2,2217.9
62,2218.1
61,2218.5
3,2218.7
29,2218.8
0,2219.5
40,2220.4
36,2220.9
9,2221.7
26,2222.5
57,2225.1
24,2225.6
31,2226.8
8,2227.5
37,2228.5
50,2228.6
11,2230.2
5,2231.2
54,2231.3
43,2231.9
23,2232.9
22,2233.8
60,2234.2
20,2234.3
46,2235.6
33,2236.0
48,2236.1
38,2236.2
30,2236.9
12,2237.3
6,2237.4
13,2238.0
58,2239.1
53,2240.1
28,2240.7
59,2241.1
4,2242.2
41,2242.5
16,2242.6
34,2242.6
44,2242.9
56,2243.1
15,2244.0
55,2244.8
10,2245.7
7,2246.1
14,2246.2
25,2246.5
42,2246.7
47,2248.3
2,2248.5
21,2249.5
40,2249.6
61,2249.9
17,2250.0
49,2250.1
26,2251.2
9,2251.8
57,2252.6
62,2252.6
29,2254.2
18,2254.3
51,2254.4
32,2257.5
3,2258.1
39,2259.2
60,2260.2
13,2260.4
50,2260.7
37,2261.1
11,2261.1
53,2261.1
12,2261.3
54,2261.4
52,2263.8
20,2264.4
31,2265.1
33,2265.5
28,2266.1
38,2266.3
55,2266.8
6,2267.5
35,2268.7
56,2268.8
59,2268.9
30,2269.1
34,2269.2
24,2269.3
46,2272.1
23,2272.7
43,2273.4
10,2273.7
16,2274.8
0,2275.3
7,2276.6
19,2276.9
14,2276.9
57,2277.0
41,2277.0
21,2277.5
58,2277.8
15,2278.7
47,2279.5
48,2280.3
40,2280.3
4,2280.4
1,2281.1
22,2281.6
44,2282.1
5,2282.8
51,2283.8
9,2283.8
13,2286.3
26,2286.4
49,2286.4
12,2287.1
53,2287.4
36,2287.5
54,2287.5
50,2287.7
11,2287.8
60,2288.2
27,2288.8
17,2289.0
32,2289.0
28,2290.1
3,2292.0
29,2292.4
55,2292.9
56,2293.0
31,2294.1
2,2294.4
33,2294.8
37,2296.5
20,2296.6
59,2297.0
38,2298.5
24,2298.8
34,2300.9
6,2301.1
25,2302.8
52,2303.2
46,2303.9
43,2304.6
21,2304.8
47,2306.3
57,2309.1
4,2310.3
5,2310.7
28,2313.6
10,2315.1
61,2316.3
50,2316.5
0,2316.9
35,2317.0
23,2317.2
44,2319.4
26,2319.6
30,2320.0
1,2320.1
62,2321.0
54,2321.2
2,2322.6
3,2323.1
11,2323.4
12,2323.5
29,2324.1
31,2324.7
27,2324.9
53,2324.9
55,2325.3
16,2325.4
56,2326.2
32,2326.4
7,2327.9
60,2328.4
9,2328.4
59,2330.0
13,2330.2
38,2330.9
6,2331.3
40,2335.1
15,2336.6
46,2337.2
25,2337.2
14,2337.7
47,2338.7
58,2339.4
8,2339.8
21,2340.5
42,2341.3
34,2342.7
20,2342.8
57,2343.6
43,2345.2
33,2345.6
4,2346.3
52,2346.3
17,2347.2
41,2347.5
30,2350.1
3,2353.1
54,2353.2
28,2353.4
51,2353.7
27,2354.6
32,2355.3
23,2356.8
62,2357.0
61,2357.1
2,2358.5
0,2358.5
59,2358.7
53,2358.9
24,2359.1
29,2360.6
9,2361.2
50,2361.2
11,2361.9
31,2362.2
56,2362.3
60,2365.3
14,2365.6
38,2366.2
16,2366.3
13,2366.8
44,2368.2
34,2369.3
21,2370.1
12,2370.1
25,2370.1
40,2370.3
33,2371.0
58,2371.0
57,2371.8
26,2372.0
30,2372.8
7,2373.3
39,2374.1
8,2374.2
5,2374.6
37,2376.0
41,2376.2
47,2376.9
48,2377.4
55,2378.0
4,2380.1
22,2381.2
53,2381.2
52,2381.6
19,2382.1
36,2382.4
49,2383.7
28,2384.3
61,2384.5
35,2384.8
20,2386.4
59,2386.6
32,2387.1
15,2387.1
46,2387.4
43,2387.7
10,2388.2
13,2388.4
62,2388.5
1,2390.3
51,2390.4
27,2390.7
14,2391.2
17,2391.5
31,2391.5
3,2393.2
9,2395.8
2,2395.8
58,2398.7
11,2398.9
54,2399.0
57,2399.1
56,2399.2
6,2399.3
50,2400.5
12,2400.6
38,2400.9
34,2401.1
30,2401.9
60,2402.1
16,2404.0
33,2407.0
39,2407.0
40,2409.7
53,2410.6
44,2410.7
59,2414.3
25,2414.8
41,2414.9
47,2416.9
55,2417.4
4,2417.5
14,2417.8
29,2419.9
20,2420.4
48,2421.8
13,2422.4
32,2422.5
23,2422.6
52,2422.8
31,2423.3
51,2425.4
27,2425.6
50,2426.1
61,2426.7
24,2427.7
3,2428.2
35,2428.4
56,2429.0
21,2429.0
12,2429.8
9,2429.9
28,2430.3
26,2430.5
37,2430.8
30,2431.1
34,2432.1
57,2433.2
38,2434.3
46,2435.3
19,2435.8
62,2435.9
11,2436.7
2,2437.2
8,2437.5
54,2438.0
17,2439.1
10,2439.8
49,2440.2
59,2440.7
53,2441.0
25,2441.5
33,2443.7
5,2443.8
58,2444.1
15,2445.5
13,2446.3
55,2446.6
47,2446.6
4,2447.9
14,2448.2
7,2448.4
31,2449.4
16,2449.5
52,2449.6
60,2449.9
27,2450.7
43,2451.4
28,2453.2
40,2454.0
6,2454.2
44,2455.7
61,2458.1
50,2458.2
36,2458.3
38,2459.7
24,2459.9
18,2460.0
32,2460.6
3,2461.3
41,2461.9
30,2462.9
26,2463.1
12,2463.7
21,2463.7
20,2464.1
56,2464.2
2,2465.9
37,2467.2
23,2469.0
46,2469.0
57,2469.0
1,2473.2
51,2473.9
11,2474.0
5,2474.4
47,2474.5
25,2474.6
9,2475.1
29,2475.2
34,2479.5
28,2480.2
4,2480.2
14,2485.3
53,2485.4
13,2485.6
52,2485.9
30,2486.5
43,2486.7
50,2487.3
62,2487.7
31,2487.8
0,2487.8
44,2487.9
27,2488.0
38,2488.4
10,2490.1
59,2492.2
21,2493.2
2,2493.4
8,2495.0
26,2497.7
33,2497.8
55,2498.2
46,2498.5
32,2498.8
22,2498.9
12,2499.6
41,2500.0
3,2500.0
25,2501.1
58,2501.6
60,2501.8
49,2502.4
57,2502.9
61,2503.7
54,2503.7
11,2504.4
29,2504.8
23,2505.1
9,2505.4
47,2505.8
34,2506.0
56,2506.2
28,2507.8
35,2508.9
51,2511.8
50,2514.1
48,2514.8
13,2515.4
53,2515.9
4,2516.2
14,2518.3
30,2518.7
1,2519.8
37,2520.5
31,2521.6
17,2522.6
52,2524.3
24,2524.5
16,2527.0
40,2528.8
12,2529.0
57,2529.5
44,2529.6
56,2530.8
46,2531.1
11,2531.9
38,2532.0
54,2533.2
28,2533.9
34,2534.2
32,2535.2
13,2536.1
33,2536.2
60,2536.4
59,2537.2
25,2539.1
10,2540.1
3,2540.1
55,2540.5
41,2541.0
61,2541.7
20,2542.0
53,2542.1
14,2542.2
35,2542.9
62,2542.9
51,2543.5
58,2543.8
36,2544.4
18,2544.4
31,2544.5
30,2545.1
9,2545.4
27,2545.6
6,2546.0
50,2546.6
47,2547.1
4,2549.9
2,2550.7
49,2551.0
39,2552.1
43,2552.4
7,2553.2
11,2553.5
21,2553.9
12,2554.9
48,2555.0
52,2555.6
57,2556.1
28,2556.4
24,2556.4
56,2557.2
37,2557.3
16,2557.7
5,2558.0
29,2558.1
23,2559.7
26,2560.7
54,2562.5
38,2563.3
46,2564.1
40,2564.5
34,2564.9
3,2565.2
25,2565.7
60,2566.8
32,2568.6
13,2570.6
55,2570.7
14,2573.1
59,2573.9
19,2573.9
31,2574.6
9,2574.7
1,2575.5
47,2576.8
53,2577.2
33,2578.1
0,2579.0
50,2580.1
44,2581.0
2,2581.1
57,2581.3
27,2583.3
30,2583.5
4,2583.7
51,2584.1
28,2584.1
12,2585.3
56,2586.6
17,2587.3
6,2587.7
11,2587.8
7,2588.3
37,2589.4
54,2589.8
21,2589.9
43,2591.8
41,2591.8
39,2594.1
29,2596.6
16,2597.6
40,2599.7
38,2599.8
55,2600.2
31,2600.9
60,2601.0
34,2604.4
9,2607.1
26,2607.8
15,2608.3
22,2608.6
33,2609.7
47,2610.1
59,2610.6
13,2610.6
53,2610.8
32,2611.4
52,2611.9
57,2611.9
23,2612.1
62,2612.4
46,2612.8
61,2613.1
8,2613.6
25,2615.0
3,2615.0
28,2616.8
30,2616.9
12,2617.8
50,2619.1
4,2619.4
6,2621.2
14,2622.5
54,2622.8
20,2623.9
17,2625.0
58,2625.2
18,2626.8
44,2627.1
24,2627.8
60,2628.9
41,2630.3
7,2630.4
16,2631.2
9,2631.6
2,2632.7
40,2633.6
10,2633.8
57,2635.2
27,2636.3
55,2636.4
11,2636.7
59,2636.8
29,2637.2
33,2638.2
21,2639.0
53,2639.6
34,2640.6
56,2640.7
31,2640.7
37,2640.8
38,2640.9
19,2640.9
13,2642.3
3,2643.9
26,2644.8
25,2646.4
12,2646.4
62,2646.6
47,2647.0
50,2647.4
54,2647.6
28,2648.9
61,2649.6
32,2649.9
14,2650.0
51,2650.3
5,2650.6
4,2651.4
30,2652.3
48,2653.1
15,2653.4
60,2655.0
0,2655.2
46,2655.7
52,2656.4
20,2656.7
9,2657.3
23,2657.8
2,2657.9
43,2658.1
40,2659.3
17,2660.7
58,2661.0
55,2662.2
59,2662.5
27,2663.1
49,2663.9
57,2664.0
44,2664.6
33,2664.7
6,2666.3
10,2666.5
34,2666.9
21,2667.3
11,2668.5
13,2669.2
3,2669.9
37,2670.1
53,2670.6
7,2672.1
24,2673.7
16,2673.8
31,2674.0
41,2674.6
22,2674.9
50,2676.8
29,2677.1
12,2677.2
54,2677.4
56,2677.9
25,2678.6
28,2679.4
14,2680.2
39,2680.3
1,2680.8
38,2681.1
51,2681.3
47,2684.2
26,2684.2
60,2684.7
32,2685.5
30,2685.7
40,2688.3
46,2689.5
61,2689.7
2,2690.0
20,2691.2
53,2692.9
9,2693.4
58,2693.4
0,2693.7
52,2693.7
13,2693.8
57,2694.7
34,2696.1
4,2697.7
33,2698.4
59,2698.5
15,2698.9
19,2700.3
55,2700.8
62,2701.9
6,2702.1
27,2702.9
23,2703.3
11,2703.9
10,2707.0
54,2708.4
43,2709.0
51,2710.0
25,2710.9
44,2710.9
8,2712.4
14,2712.6
47,2713.1
17,2713.9
31,2714.2
28,2715.8
32,2716.1
29,2717.2
30,2717.4
60,2717.6
16,2717.9
57,2718.2
38,2718.6
53,2719.5
56,2720.4
24,2720.4
37,2720.6
21,2720.9
49,2721.3
61,2721.5
12,2721.6
52,2721.6
18,2721.8
13,2722.0
3,2722.6
40,2723.1
41,2723.7
9,2723.7
58,2723.8
4,2724.1
55,2727.3
33,2727.8
20,2728.1
11,2728.4
36,2728.8
2,2728.9
39,2729.9
5,2730.0
6,2730.0
35,2731.3
34,2731.4
51,2732.5
7,2733.1
27,2733.8
54,2734.2
0,2734.6
62,2734.8
59,2734.9
14,2735.8
31,2737.4
28,2737.7
48,2737.8
47,2737.9
10,2739.0
23,2739.1
50,2739.5
25,2739.6
53,2739.7
32,2742.0
46,2743.5
26,2744.6
29,2746.0
30,2746.3
57,2746.5
56,2746.9
12,2747.8
44,2748.6
60,2749.8
13,2750.2
3,2751.1
38,2751.5
11,2753.2
9,2753.7
4,2753.8
24,2754.7
43,2755.1
55,2755.3
15,2755.6
16,2756.5
52,2756.6
8,2758.2
2,2758.3
28,2759.6
6,2760.7
54,2761.2
21,2761.2
40,2761.5
7,2761.6
47,2763.4
37,2763.9
33,2764.6
31,2764.8
53,2765.3
27,2766.1
58,2767.4
51,2767.9
61,2768.4
5,2768.6
46,2769.1
59,2769.3
25,2769.5
23,2769.6
50,2770.5
20,2771.4
14,2772.9
13,2773.1
34,2774.3
30,2774.8
35,2776.1
57,2776.7
0,2777.1
62,2777.4
32,2777.7
1,2778.7
56,2779.1
22,2779.6
44,2779.6
12,2779.9
26,2780.0
29,2780.0
17,2780.2
4,2780.6
3,2781.3
43,2781.5
60,2781.7
49,2782.6
10,2783.6
55,2783.8
38,2784.8
2,2785.0
48,2785.1
42,2785.6
24,2786.0
28,2786.1
21,2787.3
39,2787.4
9,2787.5
11,2788.5
52,2789.6
16,2790.7
53,2791.6
54,2792.6
47,2793.1
7,2793.2
31,2793.8
6,2794.9
36,2795.6
59,2796.2
13,2797.5
33,2798.4
40,2800.3
8,2801.1
25,2801.5
41,2801.6
37,2803.6
57,2804.6
61,2804.9
27,2804.9
34,2805.0
51,2808.7
56,2809.7
30,2810.8
50,2810.8
38,2812.8
62,2814.0
46,2814.2
14,2814.4
24,2815.6
3,2815.8
20,2817.9
21,2818.1
28,2818.2
4,2819.1
29,2819.5
32,2820.8
26,2821.3
2,2821.5
53,2821.7
17,2823.0
13,2823.1
31,2824.3
60,2824.5
54,2825.0
52,2825.3
12,2825.7
0,2825.7
43,2826.8
7,2826.8
11,2826.8
44,2827.2
58,2828.4
16,2829.1
47,2829.6
55,2832.3
40,2832.4
18,2832.4
48,2833.1
9,2835.1
37,2835.2
34,2835.8
6,2836.1
22,2836.1
33,2836.7
49,2837.7
15,2837.8
61,2838.0
57,2838.3
50,2839.1
36,2841.6
1,2842.9
39,2843.6
23,2845.1
59,2845.2
10,2845.4
27,2846.6
30,2847.3
38,2847.6
3,2848.7
21,2849.1
13,2849.7
56,2849.8
28,2850.5
25,2852.3
60,2853.4
31,2853.9
54,2854.4
29,2856.4
32,2857.4
26,2861.9
11,2864.3
34,2864.4
53,2864.9
46,2866.5
12,2867.3
14,2867.8
52,2868.0
24,2869.2
58,2869.4
51,2870.2
50,2872.1
33,2872.9
13,2873.5
57,2874.1
48,2874.9
9,2877.1
28,2878.4
4,2879.0
56,2879.6
39,2881.9
38,2882.0
37,2882.6
10,2882.8
17,2883.2
31,2884.8
16,2885.2
3,2888.1
40,2888.1
22,2889.0
54,2889.2
59,2889.7
47,2890.5
30,2890.5
15,2890.6
55,2890.9
61,2891.5
32,2892.3
60,2893.0
20,2894.5
41,2895.6
12,2896.2
11,2896.4
23,2896.7
7,2897.6
34,2898.8
57,2899.0
14,2900.2
53,2900.5
13,2900.6
58,2901.8
36,2902.7
25,2902.8
62,2903.7
2,2905.1
6,2905.8
33,2906.8
9,2906.9
46,2907.6
29,2912.2
38,2912.4
51,2915.5
56,2915.6
28,2916.5
59,2916.8
8,2917.9
55,2918.6
52,2918.9
39,2920.3
26,2920.3
40,2921.1
31,2921.4
16,2921.5
24,2922.2
11,2922.5
37,2922.8
12,2923.7
19,2925.8
13,2927.3
30,2927.4
10,2927.4
21,2927.9
54,2928.9
53,2929.3
61,2929.6
47,2929.6
57,2932.6
50,2933.8
34,2933.9
7,2933.9
32,2935.7
49,2936.7
6,2937.6
14,2937.7
4,2937.9
41,2938.2
28,2938.3
20,2939.0
60,2939.3
33,2939.5
38,2940.4
3,2940.7
5,2941.7
46,2943.7
58,2944.2
2,2944.8
52,2946.0
9,2946.5
51,2946.7
25,2947.5
55,2950.4
11,2950.4
26,2952.5
44,2952.5
24,2953.0
59,2953.3
53,2953.7
56,2954.3
13,2956.3
23,2959.0
27,2960.5
10,2962.0
30,2962.4
47,2962.6
48,2963.3
31,2964.0
50,2964.1
29,2964.6
28,2964.8
32,2965.3
3,2966.0
35,2967.1
62,2967.5
37,2968.0
54,2969.6
57,2970.0
0,2970.5
2,2973.3
12,2973.9
4,2974.1
46,2975.2
7,2976.5
51,2976.9
52,2977.0
53,2980.5
24,2980.7
34,2980.9
25,2981.1
14,2982.4
20,2983.1
43,2983.1
56,2983.5
33,2984.1
61,2984.4
42,2985.9
13,2986.0
21,2986.0
11,2988.6
40,2997.3
38,2997.7
