13,5.3
33,5.7
19,6.1
12,6.5
10,6.6
5,6.8
15,7.2
11,7.5
30,7.7
38,8.1
9,8.5
40,9.1
26,9.2
25,10.4
42,10.9
17,11.4
44,11.8
6,12.3
51,12.5
28,12.9
8,13.7
7,13.7
20,13.9
35,14.4
22,14.6
61,14.8
3,15.8
33,16.1
57,16.5
46,17.0
30,17.3
53,17.8
5,17.8
48,18.5
9,18.6
49,18.8
24,19.1
13,19.2
15,19.2
12,19.4
38,19.5
25,19.8
42,19.9
21,20.6
60,20.7
26,21.1
50,21.6
52,21.8
51,21.8
32,21.9
11,22.2
40,22.5
4,22.8
16,23.7
59,23.8
8,24.3
17,24.4
36,24.8
45,24.9
10,25.1
6,25.8
44,25.8
47,25.9
34,26.0
0,26.0
1,26.1
37,26.1
23,26.1
2,26.1
58,26.1
62,26.1
18,26.1
31,26.1
27,26.1
54,26.1
41,26.1
55,26.1
43,26.1
29,26.1
56,26.1
39,26.1
14,26.1
7,26.9
22,27.0
53,27.1
35,27.6
20,28.0
3,28.3
28,28.6
61,28.6
33,28.7
9,28.7
21,30.0
38,31.0
30,31.1
4,31.7
57,32.1
26,32.2
40,32.4
48,32.9
5,33.2
16,33.3
46,33.5
11,33.5
12,33.9
17,33.9
45,34.0
49,34.2
50,34.5
13,34.6
19,34.9
15,35.5
6,35.7
52,36.4
24,36.4
47,36.6
34,36.8
31,36.8
10,36.9
53,37.0
36,37.2
0,37.6
27,37.7
60,38.2
58,38.4
22,38.5
7,38.5
25,38.6
61,38.7
32,39.3
59,39.4
9,39.5
42,40.4
8,40.5
37,41.1
4,41.7
21,41.8
51,42.1
38,42.4
3,42.9
5,43.1
23,43.3
13,43.7
56,43.8
40,45.0
34,46.2
45,46.3
17,46.4
15,46.5
19,47.1
52,47.1
29,47.9
0,48.1
12,48.5
6,48.6
10,48.7
61,48.8
33,49.1
26,49.3
42,49.7
11,49.7
35,50.0
58,50.5
41,50.5
44,50.9
27,51.2
57,51.4
14,51.6
8,52.4
51,52.5
20,52.9
47,53.8
3,53.9
28,53.9
31,54.0
36,54.4
30,55.2
53,55.3
13,55.5
37,55.5
9,56.2
16,56.3
22,56.4
17,56.4
50,56.7
7,57.0
62,57.1
52,57.6
5,57.8
15,58.0
56,58.0
38,58.7
48,58.9
34,59.4
33,60.0
21,60.1
10,60.6
23,60.9
42,61.2
6,61.4
1,62.1
19,62.2
29,62.7
58,62.9
27,63.3
61,63.4
0,64.4
12,64.6
49,64.6
57,64.7
30,64.9
31,64.9
53,65.3
3,65.4
40,65.5
46,66.2
51,66.6
26,66.7
41,66.9
16,67.7
52,67.9
7,67.9
37,68.4
36,69.0
15,69.0
14,69.1
34,69.1
28,69.3
9,69.5
24,69.8
4,70.2
13,70.5
42,70.6
20,70.9
38,70.9
21,70.9
55,71.0
59,71.1
17,71.6
8,72.1
48,72.1
58,73.0
1,73.1
33,73.1
6,73.2
3,75.3
2,75.6
53,76.1
30,76.4
60,76.4
22,76.4
5,77.0
23,77.4
49,77.6
12,77.8
45,78.1
32,78.5
4,79.2
15,79.2
37,79.3
62,79.4
36,79.4
10,79.4
7,79.6
51,80.4
11,80.8
38,81.4
61,81.4
56,81.4
9,81.8
41,81.8
16,81.9
26,82.1
31,82.2
46,82.2
33,82.3
34,82.7
27,82.8
13,83.0
24,83.1
8,83.2
52,83.5
48,84.1
21,85.0
53,85.6
47,85.8
3,86.5
1,86.5
5,86.8
20,87.2
14,87.2
58,87.2
57,87.5
29,88.2
39,88.2
36,89.1
51,89.6
15,90.3
40,90.5
50,90.6
60,90.9
42,91.4
6,91.6
10,91.6
30,91.9
22,92.3
31,92.5
56,92.8
23,93.0
26,93.7
62,93.7
55,93.8
9,94.1
21,94.3
25,94.6
28,95.1
17,95.3
52,95.6
0,95.6
61,95.7
7,95.8
38,95.9
37,96.6
53,96.8
41,97.0
44,97.0
24,97.3
45,97.8
12,97.9
3,98.7
5,98.7
47,99.6
49,100.3
48,100.3
8,100.4
42,100.5
2,100.5
31,102.0
51,102.4
34,102.7
6,102.8
13,102.9
36,102.9
14,103.3
10,103.9
26,104.0
25,104.1
30,104.2
60,104.2
16,104.3
15,104.3
40,104.3
23,104.3
50,105.4
9,106.1
53,106.2
38,106.7
52,107.2
22,107.2
0,107.4
21,107.9
41,108.0
33,108.1
44,108.2
35,108.3
54,108.4
61,108.4
17,108.7
45,109.3
39,109.3
19,109.4
5,109.5
1,109.5
28,109.7
20,109.9
12,109.9
47,110.3
55,110.6
3,110.8
56,110.8
32,110.9
24,111.0
49,111.0
7,111.9
8,112.3
58,112.5
51,112.5
6,112.7
34,113.0
16,113.3
46,113.9
26,113.9
30,114.5
40,114.7
37,115.2
62,115.4
31,115.6
4,116.0
25,116.4
60,116.5
48,116.8
0,117.3
50,117.7
19,118.2
52,118.3
21,118.7
36,119.3
44,119.7
38,119.7
45,120.1
61,120.2
1,120.6
47,120.6
10,120.7
15,120.7
23,122.0
12,122.1
22,122.4
54,122.8
6,122.9
16,123.1
42,123.2
32,123.2
35,123.4
41,123.5
27,123.6
28,123.9
34,124.1
58,124.1
8,124.3
49,124.5
5,124.7
20,124.9
3,124.9
25,125.6
9,125.7
26,127.0
51,127.7
2,128.3
14,128.5
0,128.8
60,129.4
48,129.4
37,130.4
30,130.4
56,130.9
38,131.0
17,131.1
15,131.3
55,132.1
50,132.2
61,132.9
36,133.5
11,133.7
10,133.9
22,133.9
33,134.2
1,134.2
42,134.3
44,135.1
24,135.3
12,135.3
6,135.3
16,135.4
32,135.4
5,135.6
52,135.7
47,135.8
45,136.2
9,136.4
29,137.5
19,137.8
51,138.3
26,138.3
21,138.4
31,138.5
28,138.7
58,139.6
49,139.9
34,140.9
8,141.5
60,141.6
38,141.7
50,142.4
7,143.0
14,143.1
46,143.2
30,143.6
48,143.8
0,143.9
15,144.0
13,144.5
33,144.9
17,145.9
44,146.3
5,146.8
11,146.9
9,146.9
6,147.3
52,147.5
54,147.5
21,148.1
42,148.1
12,148.4
47,148.5
3,149.7
35,150.0
26,150.3
29,150.9
22,150.9
51,151.0
62,151.1
2,151.2
58,151.2
41,151.3
20,151.7
1,152.1
28,152.7
30,153.7
56,153.9
25,153.9
16,153.9
61,153.9
8,154.0
13,155.2
38,155.2
40,155.3
32,155.4
15,155.4
17,155.8
46,156.0
60,156.0
10,156.6
0,157.2
5,157.3
44,157.5
54,157.6
37,157.7
6,157.8
57,157.8
50,158.1
42,158.1
9,158.3
36,158.4
23,158.7
52,158.7
21,159.5
59,160.1
12,161.4
26,162.0
3,162.0
22,162.8
1,162.8
11,163.1
41,163.3
47,164.6
17,165.4
16,166.0
33,166.0
45,166.8
30,167.0
15,167.2
8,167.4
13,167.5
20,167.9
51,168.5
5,168.7
49,168.8
21,169.0
48,169.3
0,169.3
38,169.5
9,169.5
14,169.5
32,169.9
58,170.0
55,170.3
60,171.5
62,171.5
29,171.8
24,171.9
54,172.0
56,172.1
23,172.3
34,172.4
31,172.6
3,173.2
22,173.3
2,174.1
11,174.2
52,174.6
1,174.8
44,175.0
16,175.1
26,176.5
35,176.5
57,176.5
12,176.6
15,176.7
42,176.9
46,177.2
28,177.6
6,177.8
40,178.3
30,178.5
20,178.6
5,178.8
17,178.8
33,178.9
41,179.3
59,180.2
47,180.2
38,180.6
8,181.0
9,181.4
51,181.8
54,182.8
21,183.1
34,183.8
32,183.8
0,184.0
60,184.2
56,184.4
48,184.8
19,185.2
11,185.4
27,185.8
55,185.9
13,186.1
22,186.3
15,186.6
61,187.0
31,187.1
50,187.1
16,187.3
44,188.3
57,188.6
53,188.7
5,189.0
33,189.3
10,189.5
20,189.6
12,189.6
1,189.7
26,189.7
46,189.9
6,189.9
47,190.2
3,190.6
38,190.7
29,191.2
35,191.7
9,191.8
14,191.9
30,192.8
51,193.0
41,193.2
52,193.5
24,193.5
19,195.0
0,196.0
54,196.3
32,196.7
11,196.7
22,196.7
23,196.8
2,196.8
8,196.9
60,197.1
42,197.6
55,198.3
61,199.5
33,199.6
58,200.2
27,200.6
38,200.6
17,200.7
15,200.7
12,200.8
20,200.9
25,201.1
53,201.4
57,201.7
47,201.8
48,201.9
14,201.9
45,202.0
29,202.0
34,202.0
31,202.1
6,202.9
1,202.9
50,203.5
56,203.9
5,203.9
26,204.7
52,204.8
44,205.0
9,205.2
46,205.5
3,206.3
21,206.6
16,206.7
10,206.9
11,207.2
0,207.4
35,207.7
37,207.8
22,208.0
41,208.4
33,208.7
60,208.7
8,209.4
28,209.4
53,210.6
17,210.6
27,210.7
51,210.8
25,210.8
30,211.1
58,211.6
32,212.0
45,212.4
7,213.0
49,213.3
24,213.8
12,214.0
38,214.9
44,215.0
6,215.0
5,215.4
14,215.4
19,215.6
21,215.7
31,216.0
16,216.4
55,216.7
56,217.0
42,217.0
20,217.7
33,218.2
54,218.4
50,218.6
22,218.9
29,219.1
15,219.3
62,219.6
37,219.6
61,219.7
47,220.1
51,221.5
35,221.8
4,221.8
52,222.2
11,222.3
58,222.6
34,223.1
17,223.2
45,223.5
23,223.6
57,223.8
3,223.8
53,224.0
30,224.8
10,224.9
60,225.1
7,225.3
0,225.6
46,225.6
49,225.6
27,225.7
1,225.9
6,226.0
5,226.1
28,227.1
14,227.1
26,227.2
48,228.1
12,228.1
40,228.1
9,228.2
2,228.8
32,228.9
13,228.9
54,229.1
44,229.3
22,229.4
20,230.2
56,230.6
8,230.6
33,230.8
59,231.8
62,232.2
58,232.5
35,233.2
61,233.5
19,233.7
15,234.3
38,234.6
4,234.6
11,234.7
17,234.9
45,235.1
30,235.2
24,235.2
41,235.7
5,235.8
10,236.3
6,236.3
3,236.3
34,236.7
40,237.2
42,237.5
23,237.8
37,237.9
51,238.0
57,238.0
47,239.5
31,239.5
29,239.9
26,240.2
33,240.8
49,241.2
44,241.2
53,241.6
12,241.8
22,242.7
7,242.9
48,243.5
19,244.0
46,244.4
17,244.7
30,244.7
50,244.8
61,245.3
15,245.4
32,245.5
45,245.5
54,245.7
14,246.1
9,246.2
38,246.5
6,246.5
58,246.6
41,246.7
37,248.0
0,248.2
62,248.4
5,248.5
59,248.6
13,248.6
52,248.7
42,248.8
11,249.1
36,249.2
24,249.3
26,249.5
35,250.0
40,250.4
10,250.6
53,250.9
20,251.2
56,251.2
2,251.3
27,251.8
44,252.5
23,253.0
19,253.1
29,253.5
48,254.0
12,254.1
17,254.2
22,254.5
7,254.7
50,255.3
16,255.4
47,255.6
4,255.7
49,255.9
15,256.0
60,256.3
30,256.7
6,256.9
55,257.4
9,257.7
3,257.8
0,257.8
46,257.8
61,258.0
25,258.3
13,258.5
38,258.6
34,259.2
32,259.5
37,259.9
1,260.7
5,261.2
45,261.2
35,262.0
28,262.3
44,262.7
56,262.7
10,263.2
11,263.2
27,263.6
48,263.7
53,263.9
57,264.0
41,264.1
52,264.9
62,265.0
33,265.1
14,265.4
17,265.4
58,266.0
36,266.3
4,266.9
6,267.3
25,267.5
15,268.1
3,268.2
20,268.4
61,268.6
34,269.1
40,269.2
51,269.3
49,269.4
38,269.7
26,270.0
0,270.1
13,270.3
42,270.4
12,271.4
55,271.4
50,271.5
24,271.7
1,271.7
9,271.9
45,272.0
29,272.1
5,272.1
60,272.9
16,273.2
22,273.6
7,274.0
30,274.2
53,275.0
28,275.4
33,275.5
39,275.8
44,276.1
57,276.9
54,277.0
17,277.3
48,277.6
59,277.6
15,277.7
8,277.9
36,278.2
6,278.2
37,278.6
20,278.7
46,278.8
38,279.8
56,280.1
23,280.3
40,280.3
51,280.5
10,281.1
58,281.5
35,281.5
14,281.6
31,281.7
32,281.9
3,282.0
41,282.0
50,282.2
19,282.6
12,282.6
16,282.7
27,282.7
61,283.1
34,283.3
42,283.5
5,283.8
4,284.3
29,284.6
1,284.9
47,285.4
33,285.4
53,285.5
7,285.7
9,285.9
26,286.3
30,286.5
60,286.5
22,286.6
25,287.0
15,287.6
17,287.7
11,287.8
44,288.2
13,288.8
8,288.9
0,289.7
51,290.1
38,290.2
6,290.2
56,291.2
21,291.5
23,291.9
48,292.3
50,292.3
3,292.5
10,292.6
45,293.2
49,293.3
20,293.7
28,293.8
42,294.1
34,294.3
59,294.3
29,294.8
55,294.9
5,294.9
4,295.3
52,295.7
16,295.8
1,296.0
12,296.1
31,296.2
39,296.5
40,297.2
53,297.3
41,297.3
36,297.7
33,298.3
62,298.3
17,298.8
11,298.8
57,299.5
15,299.6
38,300.2
6,300.4
60,301.2
8,302.6
21,303.1
23,303.3
45,303.4
10,303.6
7,303.7
51,303.7
3,304.0
50,305.1
14,305.4
2,306.0
61,306.2
30,306.4
34,306.7
58,306.9
5,306.9
4,307.0
31,307.3
1,307.6
25,307.9
48,308.1
44,308.2
56,308.4
17,308.5
32,308.8
9,309.1
16,309.2
22,309.3
12,309.6
26,310.0
6,310.1
29,310.2
0,311.8
20,312.0
49,312.4
38,312.5
8,312.6
42,313.8
3,314.2
60,314.8
10,315.0
11,315.0
21,315.3
23,315.6
61,315.6
50,316.4
5,316.8
57,316.9
7,317.0
56,318.0
25,318.1
53,318.2
37,318.8
45,318.9
15,319.0
4,319.3
33,319.3
6,320.1
29,320.3
19,320.4
31,320.4
14,320.4
58,321.2
41,321.5
48,321.6
22,321.9
9,321.9
20,322.3
27,322.4
1,322.6
35,322.6
2,323.2
42,323.3
8,323.5
12,323.8
38,324.6
26,324.7
49,325.6
21,326.3
30,326.3
5,326.4
13,326.6
51,326.6
3,327.3
59,327.3
23,327.4
0,327.6
10,327.9
61,327.9
53,328.0
25,328.3
4,328.6
15,328.6
33,328.8
40,329.4
11,329.7
6,330.5
56,330.5
16,330.8
32,331.0
57,331.1
24,331.2
45,331.4
14,331.5
55,331.9
29,332.9
28,332.9
50,334.2
8,334.6
41,334.8
12,335.0
60,335.5
21,335.5
9,335.6
26,335.9
38,336.0
1,336.1
51,336.3
5,336.8
22,337.3
30,337.4
20,337.6
48,338.2
3,339.4
47,340.2
45,340.5
7,340.7
49,341.3
25,341.4
56,341.6
31,341.7
61,342.1
15,342.5
36,342.6
2,342.6
23,342.7
14,343.1
33,343.2
29,343.8
44,344.8
42,345.2
6,345.6
34,345.7
26,345.9
38,346.7
58,346.9
10,346.9
4,348.0
17,348.1
30,348.1
1,348.1
22,349.3
8,349.7
0,349.8
52,350.3
16,351.1
3,351.2
25,351.2
5,351.4
12,352.1
45,352.4
24,352.7
60,352.7
55,353.0
62,353.3
23,354.1
47,354.5
21,354.9
42,355.3
49,355.6
57,356.2
61,356.5
34,356.5
11,356.7
41,357.3
44,358.8
1,358.8
58,358.8
4,359.2
19,359.4
38,359.5
9,359.6
15,360.0
29,360.1
6,360.3
51,360.5
26,360.8
52,361.3
14,361.4
3,361.6
2,362.1
25,362.3
10,363.3
5,363.3
56,364.0
0,364.2
30,364.4
33,364.4
47,364.4
22,365.1
12,365.4
21,365.5
62,365.9
60,365.9
20,366.2
61,367.8
17,368.0
19,368.2
4,368.7
42,368.8
24,368.8
53,369.0
49,369.1
23,369.1
48,369.6
50,369.7
46,369.7
41,370.2
58,370.3
51,370.7
45,371.1
26,371.4
37,372.0
3,372.2
57,372.2
6,372.4
25,372.8
32,373.4
52,374.0
5,374.1
1,374.4
38,374.6
15,375.0
8,375.2
21,375.6
33,376.7
42,377.9
61,377.9
4,378.0
62,378.1
47,378.2
40,378.3
56,378.4
53,379.2
60,380.4
14,380.6
17,380.8
49,381.5
24,381.6
6,382.2
48,382.9
44,382.9
46,383.2
25,383.3
51,383.6
52,384.3
2,384.3
58,384.6
5,384.7
22,385.8
41,386.1
12,386.1
34,386.2
33,386.3
32,386.4
8,386.5
26,387.0
3,387.2
4,387.3
19,387.6
1,387.7
37,387.9
10,388.1
38,388.4
16,388.7
45,388.7
0,389.5
28,389.8
53,389.9
17,390.3
47,390.4
31,390.6
29,390.8
57,391.2
56,391.3
6,391.6
39,391.8
51,394.4
62,394.4
13,394.7
27,395.2
25,395.7
30,395.9
5,396.2
22,396.2
48,396.3
23,396.5
14,397.0
4,397.3
58,397.4
3,397.5
34,398.0
42,398.8
60,399.1
8,399.3
52,399.3
26,399.5
49,399.7
45,399.9
32,400.3
33,400.7
61,400.8
12,401.1
53,401.3
46,401.4
17,401.4
15,402.1
36,402.6
6,402.6
16,402.7
24,402.9
56,404.1
13,404.2
38,404.4
47,404.7
21,404.8
31,405.3
10,406.7
19,407.1
62,407.4
28,408.0
58,408.0
40,408.2
14,408.2
3,408.6
4,409.2
35,409.8
8,410.0
27,410.0
42,410.5
22,410.6
5,410.6
1,411.2
59,411.6
17,411.7
39,411.9
52,411.9
61,412.0
45,412.4
12,412.4
57,412.4
16,412.8
26,413.5
11,413.7
15,414.2
44,414.3
6,414.8
41,415.0
31,415.0
60,415.0
47,415.6
34,416.6
25,416.6
36,416.7
13,417.1
37,417.2
19,417.6
23,418.3
3,418.5
58,418.8
48,418.9
21,419.0
33,419.3
38,419.5
55,419.9
32,420.0
5,420.4
9,420.4
14,420.8
17,421.3
49,421.7
4,421.8
8,422.4
16,422.5
26,423.0
62,423.2
22,423.8
15,423.9
1,424.8
57,425.0
35,425.1
44,425.1
53,425.2
11,425.5
56,425.8
45,425.8
59,426.3
40,426.4
47,426.8
27,426.9
51,428.0
23,428.4
33,429.6
61,430.1
3,430.1
12,430.2
42,430.6
38,430.7
21,431.1
25,431.1
36,431.2
5,431.8
14,432.7
16,432.9
46,433.1
6,433.1
52,433.3
15,433.7
31,434.4
32,434.4
22,434.8
30,435.0
45,435.1
4,435.1
35,435.2
53,435.3
58,435.3
26,436.0
9,436.2
62,436.5
56,436.9
10,437.2
40,437.2
59,437.7
0,438.1
13,438.3
29,439.1
51,439.6
49,440.2
47,440.2
21,440.4
8,440.7
27,440.8
55,441.1
1,441.3
23,441.5
44,441.6
5,441.7
12,441.8
25,442.2
33,442.3
11,442.4
16,443.3
42,443.4
3,443.4
6,443.4
36,443.8
28,443.8
37,444.0
15,444.4
53,444.8
24,445.1
57,445.9
9,446.2
60,446.3
35,446.4
31,446.8
19,447.2
22,447.6
45,447.9
10,448.3
38,448.4
4,448.8
51,449.0
59,449.2
21,449.9
30,450.0
8,450.8
48,451.1
14,451.4
46,451.5
25,451.7
17,452.7
16,452.9
29,453.3
56,453.4
26,453.5
34,453.5
6,453.7
33,453.7
12,453.7
42,453.8
0,453.9
44,454.3
36,454.6
5,454.6
49,454.8
3,455.5
1,455.7
20,455.9
15,456.2
53,456.3
19,456.4
57,456.4
11,456.9
31,457.1
40,457.3
32,457.4
62,457.4
28,458.2
58,459.3
60,459.9
37,459.9
35,460.4
10,460.6
9,460.8
51,460.9
38,461.0
59,461.2
22,461.3
4,461.4
17,461.8
55,461.8
8,461.8
21,462.1
47,463.0
27,463.6
6,463.9
23,464.0
34,464.1
56,464.3
29,464.4
33,464.8
39,465.0
5,465.4
30,465.5
25,465.6
61,465.6
50,466.0
24,466.5
15,466.5
12,466.6
26,467.2
48,468.0
3,468.1
53,468.3
31,468.3
45,468.5
36,468.7
35,471.3
17,471.4
58,471.8
20,472.4
8,472.4
22,472.5
57,472.6
60,473.0
34,473.5
49,473.7
6,473.8
47,474.0
40,474.8
52,475.3
27,475.3
5,475.5
16,475.6
50,475.7
38,475.8
1,476.1
61,476.1
44,476.1
15,476.3
25,476.8
33,477.3
45,477.4
59,478.0
29,478.0
9,478.1
53,478.2
12,478.2
30,479.7
51,479.8
31,480.5
28,480.8
21,481.2
56,481.3
10,481.3
35,481.9
24,482.1
55,482.5
0,483.2
32,483.2
11,483.8
26,483.8
60,484.4
16,484.9
57,485.0
47,485.1
36,485.3
52,485.4
42,485.8
3,485.8
19,485.9
22,485.9
34,486.1
58,486.3
61,486.4
38,486.9
20,486.9
49,487.5
53,487.7
15,488.0
44,488.1
13,488.4
8,488.5
14,488.6
6,488.7
37,488.8
9,489.0
30,489.1
33,489.1
54,489.3
50,489.6
12,489.8
5,489.9
46,491.6
56,491.8
1,492.0
28,492.3
51,493.9
27,494.2
17,494.5
47,495.7
3,495.9
48,496.2
32,497.0
26,497.2
25,497.9
55,497.9
35,498.0
38,498.3
61,498.4
29,498.5
11,498.9
40,499.1
6,499.6
9,499.8
31,500.0
13,500.0
52,500.2
36,500.9
57,501.0
49,501.1
53,501.4
30,501.7
45,501.8
60,501.9
44,502.1
20,502.8
14,502.8
5,502.9
12,503.5
54,503.6
24,503.9
62,504.5
16,504.6
15,504.8
1,504.9
8,505.1
23,505.4
51,505.8
21,506.0
50,506.2
22,506.4
34,506.7
42,506.9
7,506.9
28,507.1
0,507.3
56,507.6
47,507.6
25,507.9
26,509.4
38,510.0
40,510.1
29,510.3
3,510.5
11,510.7
48,511.0
59,511.1
10,511.5
6,511.5
45,511.8
9,511.8
32,511.9
33,512.0
53,512.1
44,512.1
58,512.2
5,514.0
46,514.2
13,514.3
57,514.9
16,516.0
12,516.0
56,516.2
4,516.3
42,516.8
25,517.4
8,517.5
61,517.5
15,518.1
17,518.5
30,518.9
51,518.9
49,519.2
22,519.3
36,519.5
50,520.0
31,520.6
47,521.2
2,521.7
40,522.1
53,522.9
33,523.2
0,523.3
23,523.4
60,523.8
58,523.9
52,524.2
59,524.5
9,524.9
62,525.1
1,525.2
13,525.5
11,525.5
6,525.6
7,525.6
4,525.9
57,525.9
48,526.2
44,526.3
45,526.9
56,527.6
35,527.8
55,527.8
54,528.0
14,528.0
15,528.1
38,528.8
30,529.0
51,529.2
29,529.2
26,529.3
8,529.5
17,529.6
22,530.1
50,530.2
5,530.9
42,531.4
10,531.8
20,532.0
32,532.1
47,532.3
12,533.0
0,533.1
27,533.4
49,533.5
16,533.6
28,533.9
31,534.9
21,535.2
46,535.3
2,535.4
1,535.6
36,535.6
53,535.8
58,536.0
61,536.4
35,537.0
6,537.2
48,537.3
57,537.5
4,537.6
3,537.6
33,538.0
52,538.1
44,538.2
13,539.1
29,539.1
60,539.1
38,540.0
11,540.3
51,540.6
26,540.8
40,540.9
45,541.2
37,541.2
56,542.5
22,542.8
47,542.8
8,543.9
9,544.3
5,544.4
0,544.6
16,544.7
50,545.1
12,545.6
6,546.8
27,546.9
4,547.2
15,547.3
17,547.4
10,547.8
61,548.1
1,548.3
21,548.3
59,548.4
48,549.0
53,549.8
36,550.0
34,550.0
51,550.3
33,550.4
46,550.5
35,550.5
45,551.0
52,551.1
30,551.3
26,551.3
38,551.4
13,551.6
37,552.5
49,552.6
57,552.9
31,553.6
56,554.2
11,554.4
3,554.6
9,554.8
22,554.8
42,554.9
16,555.4
58,555.7
2,556.4
4,556.5
60,557.3
0,557.3
15,557.4
44,557.8
61,558.0
6,558.2
8,559.0
47,559.0
29,559.8
23,560.1
10,560.4
53,560.4
12,561.0
17,561.1
13,561.3
59,561.4
34,561.7
27,561.8
7,561.8
51,562.6
38,562.7
1,562.8
19,564.1
18,564.6
26,564.7
37,566.3
36,566.5
57,566.7
31,566.8
3,566.8
25,566.9
48,567.2
42,567.2
56,567.3
5,567.5
62,568.2
16,568.4
0,569.3
21,569.8
53,570.0
8,570.1
33,570.3
15,570.4
17,570.4
46,570.6
47,570.8
9,570.9
6,571.1
50,571.6
2,571.7
61,571.9
60,572.3
30,573.3
52,573.5
35,573.7
38,574.0
22,574.0
51,574.0
12,574.7
13,575.2
1,575.3
44,575.3
23,575.4
19,576.3
34,576.7
32,576.8
26,577.6
25,577.7
3,577.8
16,578.3
59,578.4
40,579.1
7,579.5
56,579.6
11,579.9
4,580.0
33,580.5
21,580.5
5,580.8
45,581.2
53,581.5
10,581.5
15,582.0
47,582.1
46,582.1
58,582.1
8,582.2
17,583.3
51,583.4
0,583.5
6,583.5
48,584.0
36,584.0
18,584.5
38,585.2
55,585.8
44,586.1
12,586.1
61,586.7
42,586.9
25,587.1
27,587.8
50,588.0
13,588.5
2,588.6
31,588.6
30,588.7
62,588.8
4,588.9
34,588.9
29,589.1
19,589.8
37,589.8
3,590.6
57,591.2
45,591.9
47,592.0
53,592.4
11,592.6
1,592.8
23,593.1
5,593.2
15,593.5
16,593.5
17,594.8
36,594.9
59,595.0
38,595.3
9,595.4
33,595.7
49,595.8
51,595.8
32,596.4
21,596.7
48,597.1
0,597.5
44,597.6
20,597.7
12,598.1
25,598.2
6,598.4
13,598.5
56,598.8
58,599.0
26,599.0
29,599.4
60,600.1
19,600.2
7,600.4
50,600.6
46,600.7
30,601.0
45,601.2
61,601.7
8,601.8
3,602.0
47,603.4
40,603.4
42,603.4
22,603.5
11,603.7
53,604.5
38,605.2
17,605.5
51,606.0
31,606.0
9,606.8
55,607.2
2,607.9
34,608.2
20,609.1
52,609.4
0,609.4
26,609.4
48,609.4
13,610.8
28,610.9
36,611.4
15,611.6
12,611.9
29,612.5
44,612.6
21,612.7
61,613.3
30,613.5
47,613.6
5,613.8
53,613.9
6,613.9
42,614.3
24,614.5
45,615.1
16,615.4
14,615.9
38,616.1
60,616.5
35,617.4
3,617.7
40,617.7
51,618.1
46,618.5
7,619.2
19,620.0
2,620.1
11,620.3
31,620.6
10,621.0
8,621.3
50,621.8
22,621.9
29,622.0
48,622.7
33,623.1
53,623.3
20,623.3
5,623.6
13,623.6
0,624.7
9,624.8
47,624.9
45,625.0
61,625.5
6,625.7
44,625.9
21,626.0
37,626.1
25,626.2
15,626.3
16,626.7
52,626.8
4,627.5
59,627.5
40,627.5
38,627.9
1,628.2
51,628.9
28,628.9
23,629.0
12,630.1
31,631.1
8,631.5
58,631.6
19,631.6
3,631.9
26,632.4
35,632.5
14,632.6
29,633.0
18,633.3
5,633.7
7,633.7
30,633.9
20,634.2
13,634.4
45,634.7
10,635.1
21,635.4
0,635.5
47,635.8
15,636.1
24,636.6
53,636.7
48,637.1
17,637.4
9,637.4
2,638.2
56,638.3
46,638.4
16,638.8
51,638.8
25,638.8
6,639.2
38,639.3
4,639.6
23,639.9
61,640.1
57,640.9
50,641.3
37,641.8
40,641.8
44,642.5
1,642.9
39,643.1
12,643.1
36,644.0
45,644.0
7,644.3
8,644.4
42,644.6
26,644.6
29,645.0
5,645.4
53,646.6
15,647.2
31,647.5
34,647.7
9,648.4
25,648.5
32,648.6
21,648.9
4,649.2
17,649.3
51,649.7
0,649.7
56,649.9
13,650.1
14,650.2
20,650.3
6,650.4
60,650.7
19,650.9
10,652.2
48,652.6
23,652.6
47,652.9
38,653.0
11,653.2
37,653.2
61,653.6
2,653.8
40,654.0
42,654.6
12,655.9
8,656.3
7,656.7
3,657.4
34,657.6
5,657.7
31,657.8
22,657.9
35,657.9
16,658.0
15,658.6
9,658.7
53,659.1
44,659.3
25,659.3
26,659.6
57,659.7
21,660.2
56,660.3
14,660.6
0,661.0
1,661.4
52,661.5
6,661.7
17,662.5
19,662.8
32,663.5
60,663.5
23,663.8
29,663.8
39,664.0
38,665.0
48,665.2
50,665.3
40,665.9
51,666.3
28,666.4
13,667.8
12,668.1
53,668.4
5,668.5
22,668.8
37,668.9
16,669.0
61,669.0
2,669.4
7,669.7
9,669.8
10,669.9
35,670.3
44,670.5
11,670.7
49,671.5
56,671.5
62,671.5
19,672.1
58,672.3
8,672.4
34,672.5
17,672.6
47,673.1
0,673.5
21,673.6
6,673.7
31,673.8
45,675.0
60,675.2
27,675.3
14,675.7
50,675.8
23,675.9
3,676.5
42,676.9
15,677.0
38,677.1
4,677.7
25,677.8
16,678.4
51,678.8
5,678.9
30,680.0
48,680.3
12,680.4
20,680.4
9,680.6
7,680.6
53,680.8
35,680.9
13,681.7
44,682.6
21,683.2
10,683.2
6,683.3
40,684.2
2,684.3
47,684.5
27,684.8
22,685.4
0,685.4
36,685.6
26,686.2
52,686.3
56,686.6
23,687.1
37,687.2
58,687.4
3,688.4
49,688.9
5,689.0
15,689.1
57,689.6
11,690.2
50,691.3
19,691.3
9,691.4
17,691.4
16,691.5
53,691.6
45,691.7
7,691.7
51,691.9
46,692.1
62,692.3
12,692.4
32,692.8
44,693.2
60,693.2
61,693.6
47,694.0
42,694.2
35,695.3
48,695.6
38,695.8
33,696.0
1,696.1
4,696.2
8,696.5
52,697.0
6,697.2
26,697.6
58,697.8
56,698.0
25,698.2
27,698.4
20,698.5
34,699.1
2,700.1
0,700.1
5,700.9
37,702.1
29,702.2
45,702.3
53,702.5
16,702.7
14,702.8
3,702.8
36,703.0
12,703.1
44,703.4
31,703.6
30,703.8
47,704.1
51,704.2
23,704.9
13,704.9
32,705.2
42,705.7
33,705.7
7,706.2
55,706.4
10,706.6
21,706.7
6,706.8
61,707.2
57,707.3
9,707.9
15,708.2
60,708.5
58,708.6
20,708.8
0,709.6
38,709.7
5,710.5
34,711.0
11,711.1
1,711.7
52,712.0
8,712.0
49,712.2
25,712.2
30,713.3
53,713.5
17,713.5
51,713.6
47,713.7
26,714.0
28,714.1
44,714.4
16,714.8
22,714.8
12,714.8
3,715.1
56,715.6
23,715.7
14,715.8
42,716.8
61,717.6
6,718.5
33,718.9
62,719.6
32,719.9
9,720.0
50,720.3
35,720.5
7,720.6
15,720.7
0,720.9
40,721.2
27,721.4
25,721.4
5,722.0
10,722.0
11,723.3
58,723.5
8,723.5
38,723.6
48,723.8
20,723.9
17,724.0
47,724.0
29,724.2
52,725.0
16,725.8
44,726.0
3,726.2
56,727.0
12,727.1
46,727.3
55,728.0
14,728.1
37,728.3
54,728.3
22,729.0
21,729.5
6,729.6
61,729.8
60,730.3
49,730.3
2,731.1
40,731.4
5,731.7
15,731.9
23,732.1
28,732.4
1,732.6
58,734.8
11,734.9
7,735.2
48,735.5
8,735.7
53,736.0
38,736.1
10,736.6
32,737.0
42,737.1
13,737.2
3,737.2
36,737.5
0,737.9
16,737.9
29,738.4
19,739.0
24,739.2
44,739.2
56,739.3
12,739.9
62,740.1
17,740.1
9,740.4
33,740.7
34,740.9
21,741.1
26,741.2
14,741.8
25,741.8
61,742.1
5,742.5
6,742.8
22,743.0
57,743.8
15,743.9
47,744.0
51,744.4
58,745.7
30,747.0
52,747.4
8,747.8
46,748.3
10,748.4
54,748.7
38,748.8
2,748.9
1,749.2
17,749.3
3,749.4
35,749.7
56,750.0
42,750.2
40,750.7
21,750.7
26,750.7
32,750.9
13,751.0
36,751.3
20,751.4
11,753.0
44,753.0
5,753.0
34,753.4
62,753.6
24,753.6
45,753.7
12,753.8
61,754.2
27,754.2
48,754.3
6,754.5
28,754.6
29,755.0
9,755.1
15,755.4
16,757.4
14,758.1
0,758.8
47,759.9
55,760.7
26,760.7
22,760.9
7,761.3
58,761.5
10,762.0
51,762.0
13,762.1
60,762.2
20,763.0
40,763.5
46,763.6
37,763.6
11,763.9
23,764.1
56,764.5
35,764.6
61,764.8
21,764.9
15,765.1
25,765.1
3,765.1
53,765.3
12,765.6
5,765.8
48,765.9
8,766.0
34,766.1
54,766.7
36,767.8
29,768.0
27,768.7
49,768.9
0,768.9
33,769.0
44,769.0
17,769.3
41,769.8
38,770.6
9,770.8
47,771.0
16,771.5
52,771.7
51,771.8
28,771.9
22,772.0
2,772.4
6,772.8
24,772.8
31,772.8
7,773.3
32,773.4
14,773.4
26,773.5
40,773.5
60,773.9
30,774.0
50,774.9
5,775.6
15,775.7
21,775.9
10,776.3
54,776.6
37,776.7
12,777.2
61,777.6
29,777.6
62,777.7
34,777.8
13,779.1
45,779.1
57,779.4
11,779.4
8,779.9
38,781.1
36,781.2
16,781.2
44,781.3
1,781.3
53,781.8
55,781.9
0,782.1
17,782.1
22,782.2
20,782.2
31,782.5
4,782.7
33,783.3
48,783.7
14,784.1
46,784.2
25,784.4
56,784.9
6,785.0
47,785.1
26,785.2
9,785.3
2,785.9
60,786.1
15,786.3
7,786.3
41,786.4
51,786.5
40,787.2
12,787.9
45,788.0
61,788.0
37,788.1
39,788.6
5,788.8
52,789.0
21,789.2
13,789.8
24,790.0
50,790.0
42,790.1
34,790.8
35,791.0
58,791.1
8,791.3
29,791.5
54,792.0
17,792.0
23,792.1
53,792.2
22,792.9
38,793.4
27,793.7
25,793.9
33,794.2
14,794.4
49,794.6
3,794.6
0,794.7
4,794.7
16,794.9
10,795.3
47,795.4
31,795.4
6,795.7
44,795.8
26,797.7
36,797.8
15,798.5
56,798.7
57,798.7
21,799.0
2,799.1
13,799.2
41,799.4
60,799.6
50,800.6
9,800.8
52,801.0
59,801.1
61,801.4
51,801.5
17,802.4
8,802.6
37,803.0
19,803.4
16,804.0
23,804.0
12,804.1
22,804.2
38,804.6
6,805.5
4,805.6
28,806.2
5,806.4
31,806.9
55,807.5
53,807.6
14,807.6
10,807.7
45,807.9
7,808.3
11,808.6
39,808.8
47,809.3
33,809.3
30,809.4
15,809.9
1,810.0
24,810.2
40,810.2
26,810.5
3,811.2
2,811.3
51,811.3
42,811.4
44,811.8
57,812.0
34,812.0
48,813.8
49,814.2
41,814.7
23,814.8
4,815.1
29,815.3
50,815.5
0,815.7
60,815.8
12,815.8
16,815.9
59,816.0
46,816.2
53,816.6
5,816.6
19,816.6
31,817.3
9,817.6
52,817.7
6,817.9
8,817.9
30,818.5
22,819.1
54,819.5
56,819.6
15,819.9
58,820.5
38,820.9
13,821.4
33,821.4
17,821.6
26,822.0
11,822.8
61,823.0
55,823.1
45,824.2
37,824.4
25,824.4
20,824.5
2,825.2
29,825.3
1,825.4
51,825.5
48,825.6
24,826.2
42,826.4
16,826.9
12,827.1
46,827.7
44,828.0
52,828.2
10,828.3
21,828.5
19,828.6
53,828.9
9,829.4
60,829.5
36,829.6
15,829.7
3,829.7
30,829.9
14,829.9
56,830.2
5,830.3
8,830.3
47,830.4
23,831.0
6,831.0
58,831.4
31,832.4
38,832.5
7,832.9
59,832.9
22,833.4
25,833.6
57,834.0
17,834.1
33,835.2
40,835.3
55,835.7
48,835.8
50,836.0
42,836.0
61,836.1
51,836.1
26,836.3
29,837.4
16,837.6
12,838.3
37,838.4
19,838.4
53,838.8
1,839.4
21,839.5
0,840.0
24,840.1
45,840.3
47,840.5
52,840.9
60,840.9
44,840.9
8,841.2
41,842.1
3,842.3
9,843.1
56,843.1
13,843.2
5,843.3
25,843.7
15,843.8
31,843.9
62,844.1
46,844.2
38,844.8
4,845.1
17,845.2
7,845.7
48,846.0
58,846.2
51,846.5
27,846.5
30,847.2
34,847.5
19,847.7
57,848.6
49,848.8
12,849.0
29,849.3
40,849.4
11,849.5
50,849.6
26,849.9
53,850.3
2,850.6
1,850.7
45,851.1
61,851.3
52,851.6
47,852.0
60,852.1
21,852.1
6,853.0
3,853.2
16,853.2
9,853.6
24,854.1
17,854.6
15,855.5
0,855.8
33,855.8
58,856.6
34,856.7
41,856.8
55,856.8
46,857.1
51,857.1
4,857.2
19,857.2
31,857.9
8,857.9
44,858.0
42,858.2
30,858.3
48,859.0
22,859.4
37,859.8
38,859.9
12,860.9
5,860.9
27,861.1
53,861.3
21,861.6
52,861.6
59,861.9
47,861.9
45,862.2
11,862.6
23,862.7
6,862.8
7,863.7
56,864.0
9,864.1
39,864.3
60,864.4
62,865.2
3,865.9
61,866.1
15,866.8
49,867.0
17,867.1
16,867.3
30,867.4
1,867.8
29,867.9
24,868.4
34,869.1
51,869.5
48,870.0
42,870.3
38,870.3
5,870.9
31,870.9
21,871.0
4,871.0
53,871.1
52,871.2
57,871.4
47,871.7
22,872.1
58,872.1
28,872.1
50,872.5
32,872.6
41,872.8
40,873.2
37,873.2
26,873.3
6,873.6
33,873.9
56,873.9
11,874.6
8,874.7
12,875.8
13,876.3
3,876.4
60,876.5
0,876.9
19,877.1
9,877.7
15,878.2
59,878.5
46,878.5
7,878.7
45,879.1
30,879.5
42,880.2
21,880.8
51,881.6
16,881.7
1,881.7
53,882.0
52,882.2
55,883.6
58,883.9
38,884.4
31,884.4
8,884.5
14,884.7
47,885.0
48,885.5
5,885.7
33,886.0
27,886.1
6,886.2
13,886.8
0,887.0
56,887.3
57,887.3
17,887.5
12,887.5
24,888.5
34,888.7
15,888.9
28,890.1
9,890.6
53,891.4
44,891.5
22,891.6
29,891.6
16,891.7
51,891.8
2,892.1
60,892.1
61,892.1
3,892.5
52,892.7
40,893.2
7,893.4
1,893.9
11,894.0
19,894.0
23,894.0
32,894.1
38,895.0
26,895.5
48,895.8
37,896.3
58,896.8
8,896.9
47,897.8
5,897.9
31,898.0
56,898.7
30,898.8
14,898.9
27,898.9
12,899.0
13,899.2
15,899.6
4,900.3
33,900.7
0,901.0
41,901.8
29,902.7
24,902.7
51,903.0
17,903.4
36,903.5
44,903.6
53,903.7
22,903.7
9,904.0
55,904.7
1,904.9
49,905.2
38,905.5
61,905.6
60,906.3
7,906.3
6,906.9
46,906.9
16,907.1
40,907.2
11,907.3
19,907.4
8,907.6
62,907.6
52,907.6
13,908.8
26,909.0
57,909.2
15,909.2
5,909.8
4,910.2
42,910.3
21,910.4
32,910.8
45,911.4
48,911.5
10,911.6
59,911.7
30,911.9
23,912.2
53,912.6
12,913.0
28,913.1
41,913.1
0,913.3
27,913.7
17,913.7
44,913.9
34,914.4
51,914.9
2,915.2
1,915.9
58,916.0
49,916.1
56,916.2
9,916.3
22,916.4
38,917.1
19,917.5
16,917.6
36,917.6
37,917.9
35,918.5
61,918.8
7,919.1
25,919.1
29,919.2
47,919.3
5,919.7
46,919.9
52,920.4
31,920.8
57,921.1
15,921.2
8,921.3
26,921.9
13,922.6
21,922.8
60,922.9
11,923.1
45,923.4
17,923.5
14,923.5
41,923.6
30,923.9
10,923.9
12,924.1
3,924.6
4,924.9
24,925.0
33,925.9
56,925.9
9,927.0
62,927.1
19,927.8
34,928.0
58,928.0
49,928.1
28,928.1
6,928.2
0,928.6
22,928.6
38,928.7
5,929.5
1,929.6
44,929.7
52,930.2
40,930.8
42,931.0
53,931.8
36,931.9
35,932.0
46,932.4
61,932.6
15,932.6
51,933.4
37,933.7
7,933.8
47,934.0
11,934.5
48,934.5
4,934.9
21,935.4
12,935.4
30,935.8
57,935.9
20,936.6
33,937.2
13,937.6
19,938.5
8,938.6
58,938.7
31,939.0
41,939.5
27,939.6
0,939.9
50,939.9
49,940.0
45,940.1
56,940.2
22,940.4
14,940.4
6,941.1
60,941.2
5,941.8
35,942.3
28,942.4
15,942.4
52,942.4
9,942.8
51,943.1
10,943.3
26,943.4
36,943.8
40,944.1
1,944.2
47,944.5
46,945.1
7,945.1
32,945.3
48,945.4
17,945.9
11,946.0
29,946.5
16,946.6
38,947.1
42,947.1
19,947.3
12,949.0
13,949.0
56,949.3
4,950.2
23,950.2
34,950.5
6,951.2
8,951.4
22,951.5
15,952.0
33,952.1
45,952.6
20,953.3
31,953.6
14,953.6
52,953.8
0,953.8
5,954.0
36,954.2
9,954.4
40,954.6
58,955.4
26,955.5
17,955.6
21,955.6
1,955.8
61,956.2
49,956.3
42,956.4
35,957.1
30,957.6
32,957.6
2,957.7
7,957.8
19,958.2
10,958.3
16,958.8
3,958.9
38,959.0
29,959.0
50,959.4
44,959.6
47,959.6
12,960.0
48,960.2
13,960.9
11,961.5
8,961.7
56,962.1
33,962.5
37,962.7
4,962.7
57,962.8
14,963.5
23,963.5
46,963.6
22,963.6
6,963.6
26,965.5
28,965.8
51,966.3
0,966.7
9,966.7
30,967.0
17,967.4
52,967.6
49,967.9
29,968.4
42,968.4
19,968.5
21,969.3
16,969.5
44,969.6
40,969.7
5,969.8
41,969.8
36,969.9
53,970.4
55,970.5
38,970.5
61,970.8
45,970.9
15,971.6
2,971.9
7,971.9
4,972.0
3,972.3
34,972.8
14,973.4
1,974.3
12,974.3
54,974.4
50,974.8
25,975.1
62,975.3
11,975.4
51,975.9
8,976.0
46,976.1
10,976.4
0,976.6
35,976.8
17,977.6
19,977.7
42,977.8
56,978.0
30,978.5
32,978.5
31,978.7
52,978.8
13,979.0
22,979.6
18,979.6
58,979.9
26,979.9
28,980.1
21,980.4
16,980.6
9,980.7
38,980.7
49,981.7
33,982.1
23,982.2
29,982.3
60,982.4
36,982.5
45,983.1
15,983.2
4,983.7
6,983.8
44,983.9
25,984.6
48,984.6
14,984.8
20,985.1
12,985.4
50,985.5
3,985.6
51,985.7
7,986.5
61,987.2
47,987.3
13,987.8
17,987.8
5,988.1
42,988.2
43,988.3
56,988.3
30,988.5
54,988.6
8,988.8
0,989.5
58,990.5
35,990.6
46,990.7
22,991.2
21,991.5
52,991.6
55,991.6
9,992.1
16,992.1
29,992.8
32,993.1
38,993.2
33,993.5
26,993.8
11,993.8
2,994.2
36,995.1
10,995.3
15,995.6
31,995.6
23,995.8
45,996.0
20,996.5
19,996.7
49,996.8
12,996.8
14,997.2
54,997.3
40,997.6
44,997.8
61,997.9
62,998.6
48,998.6
47,998.8
7,999.0
18,999.3
53,999.5
56,999.6
8,999.8
6,999.9
13,1000.4
50,1000.6
4,1001.6
16,1001.7
21,1001.8
52,1001.8
27,1001.8
58,1001.9
30,1002.4
17,1003.0
3,1003.5
26,1003.8
38,1004.2
5,1004.6
37,1004.8
51,1004.8
9,1005.0
41,1005.2
28,1006.0
29,1006.2
45,1006.5
32,1006.5
34,1006.7
22,1006.8
15,1007.9
54,1008.3
44,1008.6
12,1008.7
53,1009.1
47,1009.1
43,1009.2
56,1009.5
60,1010.1
6,1010.2
31,1010.2
14,1010.5
61,1010.8
0,1010.9
36,1010.9
62,1011.1
33,1011.2
40,1011.2
2,1011.4
7,1011.7
16,1011.8
21,1012.4
30,1012.5
50,1012.8
23,1012.8
10,1013.5
26,1013.6
35,1014.1
52,1014.1
25,1014.4
46,1014.5
1,1014.6
38,1014.7
20,1015.0
29,1015.1
51,1015.5
27,1016.4
48,1016.5
8,1016.6
11,1016.7
4,1016.8
15,1018.1
22,1019.0
3,1019.1
9,1019.3
58,1019.6
32,1019.6
40,1020.5
37,1020.6
5,1020.6
31,1020.8
13,1020.8
61,1020.8
41,1021.0
47,1021.0
12,1021.1
17,1021.6
21,1021.6
45,1021.7
56,1022.2
53,1022.3
50,1022.7
54,1024.2
16,1024.7
51,1024.7
25,1024.8
44,1024.9
49,1024.9
23,1025.8
29,1026.5
48,1026.6
33,1026.7
60,1026.7
35,1027.0
26,1027.3
38,1027.5
30,1027.5
2,1028.0
10,1028.8
46,1029.1
39,1029.4
8,1029.6
4,1030.0
7,1030.1
31,1030.2
34,1030.3
1,1030.4
5,1030.6
62,1030.7
13,1031.0
6,1031.2
47,1031.4
15,1031.9
21,1031.9
17,1032.0
22,1032.0
14,1033.1
3,1033.3
40,1033.6
53,1034.2
52,1034.3
12,1034.5
61,1034.8
11,1035.4
16,1035.7
44,1035.7
51,1035.8
50,1036.2
25,1037.3
35,1037.5
28,1037.9
26,1038.0
38,1038.7
48,1038.8
4,1039.9
36,1040.1
32,1040.3
5,1040.7
33,1040.9
31,1041.4
45,1041.5
17,1041.6
27,1042.0
8,1042.1
34,1042.2
1,1042.2
47,1042.6
56,1042.7
40,1043.5
29,1043.9
49,1044.2
22,1044.6
46,1044.7
9,1044.7
7,1045.2
60,1045.4
61,1045.7
16,1045.8
30,1046.0
12,1046.3
13,1046.7
18,1047.2
6,1047.2
23,1047.9
50,1048.1
25,1048.2
42,1048.3
53,1048.5
15,1048.9
38,1049.1
44,1049.4
37,1049.6
41,1049.8
39,1050.5
3,1050.6
5,1050.7
35,1050.8
45,1051.0
48,1051.0
20,1051.2
17,1051.7
59,1051.9
36,1052.1
51,1052.6
40,1052.7
31,1053.2
26,1053.4
54,1054.2
4,1054.3
8,1054.5
10,1054.8
28,1055.7
52,1056.0
61,1057.1
29,1057.1
58,1057.2
49,1057.3
13,1057.3
6,1057.8
53,1057.8
16,1058.0
55,1058.1
32,1058.4
1,1058.5
15,1059.3
60,1059.5
2,1059.5
47,1059.6
30,1059.7
42,1059.9
57,1060.2
7,1060.4
23,1060.7
12,1060.8
3,1061.0
34,1061.2
44,1061.5
22,1061.8
45,1061.9
36,1062.1
20,1062.2
4,1063.1
25,1063.2
51,1063.6
33,1064.4
17,1064.6
38,1064.9
5,1065.3
40,1065.5
10,1065.6
48,1066.5
50,1066.8
61,1067.5
49,1067.6
16,1067.7
28,1067.7
13,1068.1
62,1068.7
46,1068.8
58,1069.1
11,1069.4
39,1069.6
15,1069.7
1,1070.2
8,1070.3
6,1071.0
30,1071.0
29,1071.1
34,1071.1
9,1071.3
31,1071.8
12,1072.0
59,1072.2
42,1072.4
41,1072.9
0,1072.9
35,1073.0
52,1073.2
47,1073.3
60,1073.8
23,1073.9
33,1074.3
51,1074.5
25,1075.1
3,1075.5
17,1075.6
14,1075.7
36,1076.1
54,1076.1
2,1076.4
5,1076.7
16,1077.1
10,1077.4
61,1077.9
49,1077.9
45,1077.9
44,1078.3
40,1078.5
7,1078.7
38,1079.1
20,1079.3
55,1079.4
57,1079.6
15,1079.6
32,1080.4
26,1081.5
42,1081.7
6,1081.8
22,1081.8
8,1081.9
4,1082.1
58,1082.4
19,1082.7
9,1082.8
1,1082.9
31,1082.9
56,1083.7
12,1084.1
13,1084.2
46,1084.4
0,1084.7
25,1084.8
33,1086.1
5,1086.4
11,1086.4
3,1086.8
28,1087.7
37,1088.2
36,1088.2
51,1088.3
62,1088.7
35,1088.7
41,1088.8
30,1088.8
39,1089.0
24,1089.4
38,1089.6
61,1089.7
47,1089.7
54,1090.1
17,1090.2
21,1090.5
26,1091.3
14,1092.1
52,1092.6
2,1092.8
22,1092.8
60,1093.3
49,1093.3
7,1093.6
10,1093.7
15,1093.8
9,1093.9
57,1094.1
25,1094.2
4,1094.2
29,1094.6
19,1094.8
16,1095.5
48,1095.5
56,1095.5
45,1095.9
12,1096.1
32,1096.4
23,1096.7
44,1097.6
6,1097.7
58,1097.8
51,1098.7
46,1098.7
3,1098.8
30,1099.5
28,1099.9
5,1099.9
33,1100.0
17,1100.0
59,1100.0
21,1100.2
38,1100.4
31,1100.6
18,1100.7
8,1100.7
36,1100.8
40,1100.8
0,1101.4
50,1101.8
11,1102.2
37,1102.2
42,1102.3
61,1103.1
4,1103.4
13,1103.8
35,1103.8
39,1103.9
1,1103.9
25,1104.3
19,1104.6
9,1104.6
16,1104.9
45,1105.3
26,1106.1
52,1106.6
27,1106.7
6,1108.0
22,1108.3
10,1108.4
12,1108.4
2,1109.0
30,1109.4
53,1109.4
57,1109.6
32,1109.7
3,1109.7
7,1110.3
44,1110.5
60,1110.7
17,1111.0
5,1111.3
48,1111.8
24,1112.2
33,1113.0
21,1113.1
54,1113.3
20,1114.0
47,1114.1
35,1114.1
56,1114.3
51,1114.6
37,1114.9
50,1114.9
28,1115.1
9,1115.4
26,1115.5
19,1115.6
13,1116.0
61,1116.1
11,1116.4
38,1116.5
36,1116.7
16,1117.3
27,1117.4
23,1117.7
41,1117.8
46,1118.3
1,1119.1
59,1119.1
15,1119.3
18,1119.8
12,1119.9
34,1120.2
53,1120.3
3,1120.6
5,1121.1
10,1121.4
40,1122.7
49,1122.7
33,1123.0
14,1123.2
39,1123.5
32,1123.5
30,1123.6
47,1123.7
6,1123.8
21,1123.9
48,1124.5
57,1125.3
44,1125.3
61,1125.6
58,1126.0
9,1126.4
19,1127.1
17,1127.6
26,1128.0
11,1128.1
36,1128.1
27,1128.3
13,1128.8
7,1129.1
52,1129.3
35,1129.6
37,1129.8
42,1130.0
3,1130.5
15,1130.6
34,1130.6
2,1130.8
28,1130.8
59,1131.7
60,1132.2
12,1132.3
38,1132.3
33,1132.4
4,1132.6
0,1132.7
1,1133.0
25,1133.6
45,1134.9
5,1135.3
44,1135.5
31,1135.8
23,1135.8
47,1136.0
21,1137.0
50,1137.1
16,1137.4
22,1137.8
17,1137.8
48,1139.3
61,1139.3
30,1140.5
53,1140.7
52,1141.0
15,1141.1
7,1141.2
34,1141.3
57,1141.9
13,1141.9
3,1142.4
8,1142.5
9,1142.8
38,1142.9
58,1142.9
36,1143.5
4,1143.9
1,1144.1
10,1144.1
51,1144.5
54,1144.9
27,1144.9
0,1145.7
6,1145.8
33,1145.9
59,1146.2
12,1146.2
60,1146.8
11,1147.1
5,1147.1
32,1148.2
21,1148.3
44,1148.4
26,1148.6
46,1148.6
49,1149.5
62,1149.8
25,1150.2
61,1150.4
31,1150.5
53,1151.3
13,1151.6
15,1151.9
34,1152.0
9,1152.7
29,1153.0
37,1153.3
56,1153.4
50,1153.5
38,1153.8
57,1153.9
45,1154.0
48,1154.2
30,1154.5
52,1154.5
1,1154.7
55,1155.0
40,1155.8
47,1156.0
2,1156.0
3,1156.2
6,1156.5
36,1157.5
35,1157.9
5,1158.0
10,1158.4
54,1158.6
21,1159.2
12,1159.8
28,1160.0
58,1160.1
11,1160.2
7,1160.8
53,1160.9
46,1161.2
34,1161.5
18,1161.6
44,1162.0
15,1162.0
50,1162.8
29,1163.7
19,1164.3
38,1164.9
31,1164.9
9,1164.9
49,1165.0
26,1165.0
48,1165.4
61,1165.5
43,1166.0
13,1166.1
37,1166.7
1,1167.1
47,1167.5
3,1167.6
0,1168.2
21,1168.3
5,1168.5
39,1168.8
35,1168.8
33,1169.0
36,1169.4
40,1169.7
52,1169.8
10,1169.9
6,1170.4
53,1171.3
15,1171.5
24,1172.1
45,1172.4
59,1172.6
58,1172.7
57,1173.4
23,1173.5
51,1173.8
60,1174.1
34,1174.3
7,1174.5
44,1174.7
50,1174.7
9,1174.9
48,1175.1
29,1175.2
38,1175.7
31,1176.1
32,1176.2
55,1176.3
61,1176.7
27,1177.2
12,1177.5
1,1177.6
3,1177.7
30,1178.0
49,1178.2
2,1178.8
5,1179.2
0,1179.3
40,1179.4
56,1179.7
26,1180.6
6,1181.0
15,1181.2
54,1181.2
46,1181.7
10,1182.1
28,1182.4
53,1183.0
11,1183.2
25,1183.2
16,1183.5
36,1183.8
45,1184.2
34,1184.5
35,1184.6
47,1184.6
58,1184.8
52,1185.3
43,1185.5
29,1185.7
57,1185.9
48,1185.9
19,1186.0
38,1186.1
23,1186.3
61,1187.1
3,1187.5
51,1188.4
1,1188.4
40,1188.8
5,1189.4
60,1189.6
21,1189.6
30,1189.7
37,1189.7
9,1190.0
42,1190.4
56,1190.7
20,1191.2
17,1191.5
13,1191.7
26,1192.0
49,1192.4
25,1192.7
0,1192.9
6,1193.1
50,1193.4
24,1193.8
15,1193.8
31,1193.8
27,1193.9
11,1195.0
19,1195.0
10,1195.2
32,1195.5
12,1195.9
44,1196.3
45,1196.4
38,1196.9
58,1197.2
52,1197.3
57,1197.4
36,1197.7
34,1197.8
3,1198.3
29,1198.8
21,1199.1
53,1199.1
46,1199.2
7,1199.4
5,1199.8
30,1200.1
28,1200.3
40,1200.6
17,1200.7
51,1200.8
42,1201.2
9,1201.3
4,1201.4
48,1202.3
26,1202.4
56,1202.4
61,1202.5
1,1202.9
60,1203.3
6,1203.5
49,1204.5
15,1204.6
11,1206.3
19,1206.4
0,1206.6
37,1207.4
20,1207.9
32,1207.9
58,1208.2
53,1208.4
27,1208.7
23,1208.8
36,1208.9
57,1209.0
3,1209.6
5,1209.9
30,1210.2
51,1211.1
40,1211.3
10,1211.4
38,1211.4
12,1211.5
21,1211.6
25,1211.7
45,1211.7
46,1212.5
56,1212.6
9,1212.9
1,1213.0
16,1213.2
6,1213.3
4,1213.5
35,1213.7
22,1213.9
61,1214.6
15,1214.8
31,1215.8
60,1216.1
49,1216.3
52,1216.3
8,1217.1
18,1217.3
42,1217.6
47,1218.2
29,1219.1
3,1219.7
34,1219.8
58,1219.9
28,1220.3
23,1220.4
57,1220.7
53,1221.2
5,1221.3
20,1221.4
51,1221.5
45,1221.5
21,1222.6
12,1222.6
16,1223.2
37,1223.3
38,1223.3
4,1223.4
30,1223.6
11,1223.9
33,1224.3
44,1224.7
10,1224.7
15,1225.3
31,1225.3
36,1225.8
14,1226.2
54,1226.7
0,1227.0
42,1227.1
40,1227.4
56,1227.6
6,1227.7
49,1227.8
32,1227.9
8,1227.9
1,1228.0
22,1228.2
52,1228.4
9,1228.9
60,1229.5
7,1229.6
53,1230.1
29,1230.7
46,1230.7
43,1230.7
3,1231.0
51,1231.0
23,1232.2
25,1232.2
21,1233.0
50,1233.5
30,1233.6
4,1234.5
27,1234.6
2,1234.7
12,1234.8
15,1234.8
38,1234.8
44,1234.9
61,1234.9
58,1234.9
48,1235.2
5,1235.7
45,1235.7
10,1235.7
18,1236.4
57,1236.9
11,1236.9
20,1237.2
28,1237.4
26,1237.5
40,1237.6
8,1238.1
6,1238.3
33,1238.5
31,1238.5
42,1238.9
54,1239.7
34,1239.9
0,1240.4
53,1240.4
17,1240.8
41,1240.8
49,1241.2
56,1241.7
60,1242.1
32,1243.2
30,1243.3
14,1243.4
22,1244.5
50,1245.1
7,1245.3
21,1245.7
61,1246.1
23,1246.4
40,1247.1
38,1247.2
59,1247.2
5,1247.4
16,1248.0
42,1248.3
8,1248.5
3,1248.6
47,1248.8
52,1248.8
29,1249.1
28,1249.4
12,1249.5
44,1250.0
51,1250.4
25,1250.8
57,1251.0
0,1251.1
53,1251.3
45,1251.3
41,1251.5
10,1251.8
37,1252.3
1,1253.2
56,1255.1
27,1255.4
26,1255.4
46,1256.0
4,1256.2
19,1256.3
55,1256.4
30,1256.6
14,1256.6
61,1256.6
60,1257.2
2,1257.8
38,1257.9
5,1258.2
23,1258.3
36,1258.9
9,1259.1
7,1259.1
21,1259.2
51,1259.9
11,1259.9
15,1260.1
20,1260.1
44,1260.2
40,1260.2
12,1260.7
6,1260.7
31,1260.7
0,1260.9
54,1261.1
28,1261.1
42,1262.0
58,1262.0
45,1262.0
33,1262.2
17,1262.5
8,1262.6
50,1264.4
49,1264.7
47,1265.7
1,1266.2
29,1266.8
59,1266.9
24,1267.4
25,1267.4
41,1267.5
61,1267.8
34,1268.0
38,1268.0
51,1269.4
4,1269.4
5,1269.5
27,1269.5
46,1269.8
26,1270.5
0,1271.2
16,1271.3
60,1271.3
14,1271.3
53,1271.4
12,1271.6
45,1271.6
20,1272.1
21,1272.1
7,1273.2
32,1273.6
33,1274.0
23,1274.4
22,1274.5
17,1275.4
40,1275.5
44,1275.6
15,1276.3
57,1276.6
42,1276.6
25,1276.8
56,1276.9
49,1277.5
18,1277.6
19,1277.7
55,1277.9
38,1277.9
30,1279.0
61,1279.3
5,1279.7
34,1279.7
28,1280.1
29,1280.7
46,1280.8
27,1281.0
16,1282.0
21,1282.2
26,1282.3
6,1283.0
51,1283.0
4,1283.0
10,1283.7
0,1283.7
14,1283.8
24,1285.3
7,1285.4
23,1285.5
12,1285.5
41,1285.9
60,1286.2
3,1286.5
17,1286.6
8,1287.4
38,1287.9
15,1288.0
62,1288.2
44,1288.2
19,1288.3
40,1288.5
43,1288.6
1,1288.9
32,1289.0
5,1289.4
22,1289.4
47,1289.5
61,1289.5
57,1289.7
30,1290.2
20,1291.0
34,1291.6
21,1291.7
33,1293.2
16,1294.3
45,1294.4
42,1295.3
9,1295.5
25,1295.7
26,1296.2
48,1296.4
11,1296.6
46,1296.8
12,1296.9
17,1297.1
19,1297.6
3,1298.1
40,1298.2
7,1298.3
24,1298.3
4,1298.5
49,1299.2
5,1299.3
27,1299.3
60,1299.4
38,1299.9
53,1300.4
47,1300.4
23,1300.6
8,1300.7
41,1301.0
51,1301.5
14,1301.5
50,1301.7
15,1302.1
52,1303.0
30,1303.2
34,1303.6
16,1304.0
33,1304.0
29,1304.1
0,1304.2
45,1304.7
58,1304.8
61,1305.1
56,1307.1
48,1308.0
44,1308.1
43,1308.2
6,1308.4
26,1308.7
12,1308.8
1,1309.0
3,1309.1
11,1309.2
54,1309.2
57,1309.7
24,1309.7
17,1309.7
38,1310.0
62,1310.4
7,1310.5
19,1310.8
51,1310.9
50,1311.0
47,1311.0
49,1312.8
21,1313.1
15,1313.1
9,1313.5
5,1313.6
23,1314.8
42,1315.0
58,1315.2
14,1315.5
30,1315.6
0,1315.8
59,1316.8
45,1317.2
8,1317.3
60,1317.5
2,1317.6
22,1317.7
35,1317.8
20,1317.8
16,1318.5
33,1318.8
31,1319.5
53,1319.6
32,1319.8
6,1320.5
56,1320.6
3,1321.1
51,1321.5
38,1321.5
12,1321.8
1,1322.0
44,1322.0
57,1322.4
21,1322.6
17,1322.8
40,1323.0
50,1323.2
15,1323.3
52,1323.7
28,1323.8
41,1324.5
25,1324.6
10,1324.8
46,1325.3
30,1326.0
24,1326.0
11,1326.2
48,1326.2
47,1326.7
26,1327.6
18,1327.8
45,1327.9
39,1327.9
42,1328.3
8,1328.9
33,1329.0
58,1329.3
19,1329.6
4,1329.6
53,1329.6
2,1330.5
7,1330.5
9,1330.7
13,1331.4
59,1331.6
60,1332.0
0,1332.1
23,1332.1
57,1332.6
6,1332.7
31,1332.7
50,1333.0
35,1333.1
12,1333.1
20,1333.7
34,1333.9
15,1334.0
61,1334.4
1,1334.9
3,1335.3
5,1335.4
17,1335.8
55,1336.0
27,1336.2
38,1336.7
22,1337.0
49,1337.3
44,1337.3
62,1337.3
10,1337.4
41,1337.8
8,1339.0
32,1339.2
45,1339.3
4,1339.5
19,1339.6
14,1340.1
26,1340.5
52,1340.6
42,1340.7
56,1340.9
16,1341.4
25,1341.6
46,1341.8
30,1342.0
58,1342.2
13,1342.4
2,1343.0
29,1343.1
0,1343.7
24,1343.7
35,1343.8
36,1343.8
21,1344.4
33,1344.6
50,1344.6
15,1344.6
11,1344.9
12,1345.2
6,1345.7
3,1345.7
61,1346.2
47,1346.9
18,1346.9
17,1347.1
5,1347.4
57,1347.7
31,1347.8
9,1347.8
38,1347.9
53,1348.5
39,1348.6
40,1349.7
60,1349.7
8,1350.2
10,1350.5
16,1350.9
51,1351.3
49,1351.5
45,1351.8
59,1351.9
62,1352.0
42,1352.2
56,1352.3
44,1353.6
21,1353.8
58,1353.8
43,1353.9
4,1354.1
52,1354.2
50,1354.3
34,1354.3
15,1354.8
13,1354.8
37,1355.5
22,1356.0
23,1356.4
3,1356.4
29,1357.0
1,1357.1
30,1357.1
47,1357.2
55,1357.2
48,1358.0
2,1358.0
5,1358.4
26,1358.8
0,1359.0
6,1359.3
9,1359.5
38,1359.8
17,1359.9
41,1360.4
35,1360.6
14,1361.1
36,1361.2
8,1361.5
32,1361.8
12,1361.9
19,1362.5
25,1362.6
4,1362.9
20,1362.9
11,1363.2
10,1363.4
16,1363.5
46,1363.9
24,1364.3
45,1364.9
34,1365.3
61,1365.3
21,1365.5
29,1366.6
51,1366.8
58,1367.4
44,1367.4
5,1368.5
15,1368.5
33,1369.0
6,1369.1
37,1369.2
1,1370.1
62,1370.1
49,1370.1
56,1370.4
53,1370.7
42,1370.8
30,1371.6
17,1371.8
47,1371.9
26,1371.9
41,1372.0
0,1372.7
9,1372.7
3,1372.7
12,1373.2
23,1373.4
48,1373.9
4,1374.1
8,1374.5
31,1374.6
13,1374.7
29,1375.8
19,1375.8
10,1376.0
57,1376.1
32,1376.5
25,1376.7
60,1377.1
14,1377.7
52,1378.0
61,1378.1
5,1378.4
51,1378.4
16,1378.4
50,1378.5
38,1379.3
15,1379.4
56,1380.4
44,1380.8
20,1381.7
53,1381.8
49,1382.0
33,1382.0
6,1382.2
58,1382.6
34,1382.6
30,1382.6
46,1383.2
3,1383.4
4,1383.5
21,1383.5
26,1383.8
45,1383.9
22,1384.3
0,1384.7
13,1384.9
12,1385.8
2,1386.6
1,1386.7
9,1386.9
47,1387.9
18,1388.3
5,1388.5
8,1388.5
29,1388.6
57,1388.7
61,1388.8
10,1389.0
16,1389.1
19,1389.3
15,1390.0
56,1390.2
51,1390.6
41,1391.0
38,1392.2
53,1392.5
37,1392.5
35,1393.6
4,1394.2
30,1394.2
3,1394.3
25,1394.3
7,1395.1
45,1395.6
36,1396.2
23,1396.4
40,1396.9
46,1397.0
60,1397.2
20,1398.0
5,1398.1
21,1398.6
49,1398.8
19,1398.9
12,1399.0
55,1399.1
62,1399.4
6,1399.4
32,1399.6
33,1399.7
16,1399.8
13,1399.9
0,1399.9
26,1399.9
8,1400.0
14,1400.1
58,1400.5
56,1400.9
1,1401.1
22,1401.3
53,1401.7
51,1402.1
15,1402.4
11,1402.5
38,1403.1
47,1403.2
9,1403.3
10,1403.4
25,1403.5
44,1403.6
37,1403.9
48,1403.9
31,1404.2
50,1404.2
30,1405.1
61,1405.6
45,1406.4
4,1406.7
3,1406.9
21,1407.8
29,1409.4
46,1409.6
57,1409.9
59,1410.2
12,1410.4
14,1411.0
8,1411.1
40,1411.2
51,1412.5
56,1412.6
33,1412.6
60,1412.7
15,1412.7
26,1413.2
38,1413.2
23,1413.4
62,1413.5
6,1413.6
0,1413.7
49,1414.1
55,1414.5
37,1414.7
7,1415.4
41,1415.6
58,1415.7
45,1415.8
34,1416.6
30,1417.0
31,1418.9
4,1419.0
16,1419.2
50,1419.3
5,1419.4
61,1419.6
21,1420.3
14,1421.3
8,1421.3
12,1421.5
3,1422.1
57,1422.4
25,1423.3
0,1424.2
10,1424.5
56,1424.7
37,1424.7
23,1425.6
46,1425.7
60,1425.9
42,1426.1
13,1426.3
15,1426.8
41,1427.0
38,1427.4
30,1427.4
1,1427.4
55,1428.0
51,1428.6
20,1428.7
44,1428.9
34,1429.2
16,1429.2
59,1429.5
6,1430.2
47,1430.9
62,1431.1
8,1432.2
21,1432.2
5,1432.7
48,1432.7
33,1432.9
28,1433.4
50,1434.3
39,1434.4
9,1435.3
45,1435.3
61,1435.4
14,1435.6
40,1435.6
52,1435.6
22,1435.7
26,1435.8
12,1435.8
49,1436.1
3,1436.2
15,1436.5
41,1437.0
2,1437.8
57,1438.0
60,1438.1
0,1438.3
46,1438.5
4,1438.8
42,1438.9
37,1439.3
38,1440.1
11,1440.6
16,1441.0
51,1441.4
35,1441.5
10,1442.1
47,1442.4
30,1443.2
5,1443.2
34,1443.3
58,1443.4
56,1443.9
6,1444.0
31,1444.3
33,1444.9
19,1445.1
21,1445.2
45,1445.7
24,1445.7
55,1445.7
23,1445.9
44,1446.4
8,1446.4
12,1447.7
17,1447.9
4,1448.0
9,1448.4
22,1448.6
48,1448.6
26,1448.8
0,1448.9
53,1449.6
38,1450.4
15,1450.4
61,1451.3
11,1451.6
42,1451.8
16,1451.8
28,1451.8
41,1452.2
25,1452.4
49,1452.5
37,1453.0
52,1453.1
57,1453.4
3,1453.4
39,1454.4
51,1454.8
10,1455.2
5,1455.9
35,1456.8
29,1456.8
60,1457.6
23,1457.9
12,1458.7
8,1458.8
46,1458.9
0,1459.1
17,1459.6
26,1459.6
22,1460.5
4,1460.7
14,1460.9
31,1461.0
2,1461.0
47,1461.0
50,1461.0
45,1461.4
38,1461.4
34,1461.9
44,1462.0
48,1462.2
56,1462.4
42,1462.4
15,1462.9
59,1463.2
58,1463.3
49,1463.5
11,1464.0
33,1464.2
6,1464.4
3,1465.3
16,1465.6
51,1465.6
52,1466.0
21,1466.2
61,1467.0
9,1467.1
24,1467.4
62,1467.6
57,1467.7
5,1467.8
37,1468.1
53,1469.3
17,1469.4
8,1469.9
22,1470.8
12,1470.9
60,1471.6
14,1472.5
30,1472.5
0,1473.5
46,1473.8
15,1473.9
31,1474.0
49,1474.3
34,1474.5
26,1475.6
6,1475.6
16,1475.7
3,1475.9
56,1475.9
47,1476.1
58,1476.6
52,1476.8
11,1476.8
10,1477.3
38,1477.3
23,1477.6
5,1477.8
51,1477.9
32,1478.3
44,1478.5
48,1478.9
1,1479.9
41,1480.3
50,1480.6
7,1481.4
53,1481.4
59,1481.6
40,1481.7
4,1481.9
55,1482.6
9,1482.6
20,1483.2
19,1483.6
35,1484.1
15,1484.2
2,1484.5
30,1484.6
56,1485.0
22,1485.1
6,1485.2
26,1485.5
31,1485.9
60,1486.1
45,1486.2
8,1486.2
12,1487.1
36,1487.2
51,1487.2
52,1487.5
16,1487.5
38,1488.5
5,1489.9
46,1490.2
53,1490.7
10,1490.7
34,1491.0
49,1491.0
14,1491.1
28,1491.1
58,1491.3
4,1491.4
44,1491.6
57,1491.8
47,1491.9
41,1492.0
3,1492.1
27,1492.3
19,1493.1
20,1494.2
40,1494.3
42,1494.4
7,1494.4
30,1494.6
11,1494.7
48,1494.9
37,1495.2
26,1495.3
45,1495.4
61,1495.5
50,1495.6
51,1496.7
52,1497.3
33,1497.6
1,1498.0
36,1498.4
16,1498.4
0,1498.6
12,1499.0
6,1499.0
15,1499.3
60,1499.4
38,1499.7
9,1500.4
34,1500.4
32,1501.3
21,1501.3
5,1501.6
10,1501.7
53,1502.0
22,1502.1
14,1502.8
54,1502.9
49,1503.3
56,1503.6
31,1504.6
44,1504.7
26,1505.0
11,1505.1
27,1505.4
48,1505.8
39,1505.9
40,1505.9
55,1506.0
19,1506.6
57,1506.7
29,1506.7
45,1506.9
2,1507.3
17,1507.7
30,1508.0
41,1508.1
3,1508.3
25,1508.5
20,1508.7
46,1509.2
6,1509.6
35,1510.1
15,1510.9
34,1511.1
0,1511.1
33,1511.3
4,1511.7
38,1511.9
52,1511.9
7,1512.4
5,1513.2
60,1513.5
12,1514.1
56,1514.4
21,1514.7
22,1514.8
47,1514.9
16,1515.1
9,1515.1
44,1515.3
36,1515.8
53,1515.9
19,1516.2
1,1516.4
54,1517.2
48,1517.4
27,1517.5
58,1517.9
8,1517.9
10,1518.1
49,1518.6
61,1518.9
26,1519.3
31,1519.3
57,1519.5
6,1519.6
30,1519.9
11,1520.0
29,1520.6
4,1520.7
59,1521.1
34,1521.5
3,1521.6
24,1521.7
15,1521.8
50,1522.0
14,1522.1
45,1522.4
5,1523.1
55,1523.3
38,1523.3
40,1524.0
33,1524.7
47,1525.1
35,1525.3
7,1525.4
23,1526.1
56,1526.3
19,1526.4
9,1526.7
25,1527.0
12,1527.6
54,1528.0
58,1528.6
53,1528.8
29,1529.3
61,1529.3
27,1530.2
22,1530.8
0,1531.0
4,1531.0
44,1531.1
15,1531.2
36,1531.3
21,1531.4
31,1531.8
60,1531.8
6,1532.0
45,1532.8
5,1532.9
32,1533.4
8,1533.6
1,1533.6
14,1534.1
34,1534.1
30,1534.3
20,1534.3
47,1534.8
49,1535.0
38,1535.1
17,1535.6
48,1535.7
51,1537.0
52,1537.2
16,1537.2
19,1537.3
41,1538.1
56,1538.4
25,1538.5
3,1538.5
33,1538.6
12,1538.6
61,1538.8
58,1539.3
24,1539.9
15,1540.8
29,1541.3
54,1541.4
0,1541.5
21,1541.6
57,1541.7
27,1541.8
45,1542.4
6,1542.5
42,1544.1
5,1544.8
9,1545.1
30,1545.3
26,1545.4
62,1545.5
32,1546.5
47,1546.5
8,1546.8
51,1546.9
1,1547.1
38,1547.1
53,1547.5
19,1547.7
7,1547.9
11,1548.0
36,1548.0
44,1548.2
17,1548.3
25,1548.3
3,1548.6
12,1549.3
61,1549.4
52,1549.8
56,1549.9
16,1550.1
41,1550.3
15,1550.7
4,1551.0
10,1551.1
31,1551.8
35,1552.1
6,1552.4
58,1552.4
45,1552.8
46,1553.9
14,1554.3
34,1554.3
0,1554.4
42,1554.4
40,1554.6
23,1555.7
5,1555.8
26,1556.1
13,1556.3
9,1556.6
51,1557.0
38,1557.2
53,1557.3
24,1557.3
30,1557.6
8,1557.8
49,1558.4
55,1558.8
47,1559.5
36,1559.5
27,1559.6
29,1560.2
12,1560.5
32,1560.9
4,1561.2
61,1561.3
22,1561.4
15,1561.8
33,1561.9
16,1561.9
3,1562.1
56,1562.7
35,1562.8
52,1563.2
19,1563.4
54,1563.4
1,1563.5
44,1563.7
59,1564.4
57,1564.5
7,1565.3
42,1566.1
26,1566.3
41,1566.3
34,1566.3
13,1566.8
62,1567.0
23,1567.2
40,1567.5
51,1567.5
2,1567.9
9,1568.0
46,1568.1
53,1568.2
25,1568.4
38,1568.5
17,1568.9
24,1571.2
47,1571.6
49,1571.6
29,1571.8
8,1572.0
21,1572.1
16,1572.2
33,1572.4
5,1572.4
15,1572.8
60,1572.8
19,1573.3
32,1573.7
3,1573.8
6,1573.9
12,1574.4
55,1574.4
52,1574.5
58,1574.9
44,1575.8
0,1575.8
48,1576.0
57,1576.1
45,1576.5
1,1577.2
30,1577.2
51,1577.7
36,1577.7
25,1577.8
23,1578.2
35,1578.6
62,1578.8
26,1578.9
10,1578.9
56,1579.2
13,1579.4
17,1579.6
53,1579.8
7,1580.1
61,1580.7
5,1582.8
16,1582.9
47,1583.4
14,1583.5
6,1583.9
42,1584.3
21,1584.5
59,1584.6
34,1584.7
20,1584.7
46,1584.9
15,1585.0
27,1585.0
8,1585.4
29,1586.0
38,1586.1
2,1586.1
9,1586.1
58,1586.7
24,1587.3
57,1587.5
25,1587.8
19,1587.9
60,1588.0
52,1588.2
32,1588.2
48,1588.5
30,1588.6
44,1588.6
56,1588.7
33,1588.7
40,1588.7
49,1589.0
13,1589.2
51,1589.3
23,1589.5
3,1589.8
36,1589.8
17,1590.7
26,1590.7
1,1591.8
53,1592.6
5,1592.7
42,1593.2
21,1593.8
10,1594.0
62,1594.4
15,1594.9
31,1594.9
16,1595.1
12,1595.2
6,1595.6
34,1595.7
41,1595.9
20,1596.4
7,1597.6
22,1598.1
8,1598.5
38,1598.5
52,1598.6
44,1598.7
27,1599.0
45,1599.1
14,1599.9
26,1600.3
49,1600.3
25,1600.6
23,1601.0
19,1602.1
47,1602.4
53,1602.8
32,1603.8
3,1604.0
17,1604.1
57,1604.4
42,1604.7
48,1604.8
2,1605.0
16,1605.1
55,1605.3
58,1605.6
1,1605.6
24,1605.7
51,1606.0
35,1606.2
5,1606.6
30,1607.0
15,1607.2
31,1607.2
33,1608.2
4,1608.3
13,1609.1
52,1609.6
36,1610.1
12,1610.2
29,1610.2
20,1610.5
7,1610.6
34,1610.8
56,1611.1
45,1611.4
10,1611.9
22,1611.9
44,1612.9
17,1613.2
21,1613.3
54,1613.8
6,1614.1
48,1615.5
51,1615.7
23,1616.4
38,1616.4
25,1617.2
49,1617.8
33,1617.9
53,1617.9
58,1618.2
8,1618.2
60,1618.2
47,1618.3
1,1618.3
32,1618.4
13,1618.7
46,1618.9
35,1618.9
15,1619.4
4,1620.2
36,1621.7
12,1621.9
56,1621.9
22,1622.2
42,1622.2
34,1622.6
19,1622.6
27,1622.8
17,1624.1
20,1624.2
62,1624.2
52,1624.6
26,1625.5
9,1625.6
61,1626.0
48,1626.1
25,1626.4
51,1627.2
31,1627.4
23,1628.5
2,1629.0
4,1629.5
47,1629.5
3,1629.6
60,1629.7
44,1630.3
13,1630.5
14,1630.5
5,1630.5
45,1630.8
6,1631.5
38,1631.7
0,1631.8
10,1631.9
34,1632.0
15,1632.0
56,1632.3
7,1632.3
8,1632.5
50,1632.6
24,1632.6
22,1632.8
17,1633.5
49,1634.3
19,1634.4
53,1634.7
46,1635.7
52,1636.4
20,1637.3
28,1637.7
32,1638.0
51,1638.0
42,1638.2
40,1638.8
57,1638.8
47,1638.9
12,1639.1
1,1639.3
9,1639.3
16,1639.5
58,1639.8
35,1640.1
36,1640.2
4,1640.8
3,1641.3
15,1641.6
5,1641.7
59,1641.8
0,1642.4
45,1642.4
44,1642.5
48,1642.5
21,1642.5
6,1642.7
23,1643.0
33,1643.3
13,1643.4
8,1644.7
56,1644.8
30,1645.3
34,1645.4
61,1645.5
7,1645.6
22,1646.2
17,1646.3
60,1647.0
50,1647.4
25,1647.8
53,1648.9
40,1649.1
26,1649.1
52,1649.3
16,1649.8
19,1649.8
20,1650.6
2,1650.8
10,1651.5
51,1652.1
6,1652.2
28,1652.4
0,1652.4
58,1652.5
13,1652.5
14,1652.5
49,1652.9
45,1653.0
24,1653.1
48,1653.1
4,1653.4
3,1653.6
21,1653.7
36,1653.7
56,1654.1
32,1654.7
35,1654.8
55,1654.9
31,1655.0
12,1655.2
34,1655.9
15,1656.0
8,1656.1
61,1656.6
46,1657.1
5,1657.4
17,1657.6
38,1657.6
9,1657.9
22,1658.0
19,1658.6
23,1658.9
25,1659.0
44,1659.5
53,1659.6
47,1659.9
16,1660.1
52,1660.8
59,1661.1
26,1662.2
62,1662.7
48,1663.0
51,1663.0
30,1663.6
4,1663.7
40,1664.2
13,1665.1
6,1665.9
56,1666.6
3,1667.2
5,1667.2
0,1667.4
55,1667.8
38,1667.9
12,1668.1
7,1668.1
14,1668.2
41,1668.3
33,1668.4
9,1668.6
36,1668.6
45,1669.0
15,1669.2
31,1669.3
32,1669.6
2,1669.7
1,1669.8
35,1669.9
44,1670.0
58,1670.2
53,1670.6
29,1670.7
26,1671.6
52,1671.7
47,1672.7
20,1673.0
48,1673.4
61,1673.6
50,1673.8
22,1674.0
8,1674.3
51,1674.3
16,1675.4
6,1676.5
57,1677.0
10,1677.2
5,1677.3
19,1678.3
28,1678.8
30,1678.9
42,1679.3
38,1679.4
3,1679.5
12,1679.6
27,1680.0
34,1680.1
53,1680.7
41,1680.7
13,1680.7
33,1680.8
62,1681.1
23,1681.1
15,1681.2
14,1681.3
55,1681.6
58,1681.8
36,1682.5
29,1682.6
32,1682.9
2,1683.0
52,1683.3
60,1683.6
51,1683.6
49,1683.7
26,1684.2
9,1684.7
44,1684.8
61,1685.0
56,1685.2
50,1685.5
16,1686.7
17,1687.2
48,1687.2
1,1687.6
8,1687.8
6,1688.3
25,1688.5
19,1689.0
37,1689.2
5,1689.3
3,1690.3
10,1690.4
45,1690.5
42,1690.6
53,1690.7
27,1690.9
13,1691.0
40,1691.3
21,1691.4
15,1691.7
7,1692.2
38,1692.4
58,1692.6
29,1692.9
0,1693.0
57,1693.7
46,1693.7
31,1694.0
4,1694.3
47,1694.4
34,1695.3
12,1695.4
32,1695.6
50,1695.7
56,1696.2
51,1696.3
35,1696.4
61,1696.5
16,1696.6
55,1696.9
62,1697.5
25,1697.6
23,1697.7
17,1698.0
6,1698.1
30,1698.2
52,1698.4
8,1698.8
9,1698.9
19,1699.7
5,1699.8
36,1699.9
48,1699.9
60,1700.2
41,1700.4
33,1701.1
44,1701.1
22,1701.2
1,1701.3
49,1701.6
15,1702.2
13,1702.4
21,1702.7
3,1702.8
26,1703.1
45,1703.4
42,1703.5
38,1703.7
14,1703.7
2,1704.8
4,1705.0
37,1705.8
47,1705.9
46,1706.0
0,1706.2
59,1706.7
12,1706.8
34,1706.9
27,1707.1
25,1707.2
16,1708.0
17,1708.1
29,1708.3
58,1708.9
11,1709.0
6,1709.8
5,1710.1
19,1710.5
32,1710.6
50,1710.6
9,1711.8
13,1711.8
41,1711.8
21,1711.9
30,1712.0
7,1712.3
3,1712.7
56,1712.8
22,1713.0
44,1713.0
8,1713.0
15,1713.1
10,1713.2
60,1713.7
26,1713.8
35,1713.9
49,1714.2
61,1714.7
42,1714.8
45,1714.9
36,1715.5
38,1716.4
14,1716.4
4,1717.4
51,1717.6
47,1718.0
16,1718.2
1,1718.3
34,1718.4
31,1718.5
46,1718.5
0,1718.7
17,1719.0
2,1719.0
53,1720.2
48,1721.4
33,1721.5
5,1721.5
11,1721.9
23,1722.2
19,1722.3
12,1722.3
56,1722.5
9,1722.7
8,1723.2
15,1723.3
44,1723.8
42,1724.5
37,1724.7
55,1725.2
6,1725.3
62,1725.4
13,1725.6
22,1725.9
52,1726.1
3,1726.2
57,1726.4
38,1726.8
4,1727.3
16,1727.7
28,1728.2
47,1728.3
10,1728.4
51,1728.6
31,1728.6
60,1728.6
35,1729.1
53,1729.2
45,1729.3
7,1729.9
26,1730.2
41,1730.3
30,1732.0
1,1732.0
19,1732.9
8,1733.0
2,1733.1
23,1733.2
14,1733.3
34,1733.3
0,1733.7
42,1734.1
15,1734.7
20,1735.0
6,1735.0
49,1735.1
33,1736.1
5,1736.2
12,1736.6
11,1736.9
16,1736.9
29,1737.0
56,1737.2
38,1737.3
3,1737.9
50,1738.0
27,1738.3
22,1738.3
51,1738.7
9,1739.4
46,1739.5
32,1739.5
37,1740.0
44,1740.1
58,1741.0
53,1741.1
26,1741.2
55,1741.3
4,1741.3
21,1741.4
31,1741.5
10,1741.7
45,1742.0
62,1742.9
8,1743.1
47,1743.4
19,1744.5
36,1744.5
15,1744.6
30,1745.0
14,1745.0
34,1745.1
28,1746.2
42,1746.8
33,1747.0
7,1747.6
17,1747.9
38,1748.0
23,1749.1
13,1749.2
56,1749.9
51,1750.6
3,1750.7
21,1751.0
20,1751.1
5,1751.7
61,1751.9
12,1752.4
44,1752.8
46,1752.9
8,1753.3
32,1753.5
4,1753.9
10,1753.9
45,1754.0
36,1754.6
15,1754.7
22,1755.2
47,1755.6
35,1755.8
0,1755.9
42,1756.0
57,1756.2
1,1756.4
60,1756.5
6,1756.8
2,1757.3
19,1758.0
26,1758.5
30,1759.1
17,1759.5
51,1759.9
29,1760.6
56,1760.7
14,1760.7
38,1760.8
33,1761.2
5,1761.7
31,1762.6
50,1763.3
45,1763.4
53,1763.6
8,1763.6
34,1763.8
44,1764.0
4,1764.5
32,1764.8
11,1764.8
12,1765.1
61,1765.4
15,1765.4
10,1765.6
3,1765.7
6,1766.5
47,1767.0
37,1767.4
22,1767.5
19,1767.7
30,1768.5
36,1769.0
41,1769.3
0,1769.4
9,1770.0
49,1770.5
26,1770.7
38,1770.9
53,1772.8
34,1773.7
44,1773.8
55,1773.8
14,1773.8
2,1774.2
29,1774.7
5,1774.9
58,1775.0
57,1775.4
46,1775.7
15,1776.1
3,1776.5
1,1776.5
13,1776.6
6,1776.9
48,1777.2
47,1777.7
61,1777.8
60,1778.2
50,1778.4
22,1778.6
8,1778.7
16,1778.8
12,1779.0
24,1779.1
11,1779.3
32,1779.5
23,1779.5
51,1779.8
10,1780.0
9,1780.0
62,1780.2
38,1781.0
30,1781.1
20,1781.1
26,1781.9
40,1782.6
25,1783.1
28,1783.6
14,1784.0
7,1784.6
44,1784.7
45,1784.8
33,1785.6
54,1785.7
3,1787.3
58,1788.0
34,1788.3
15,1788.3
6,1788.5
42,1788.7
16,1789.1
49,1789.5
51,1789.6
22,1790.6
13,1790.8
30,1791.8
26,1792.0
0,1792.6
47,1792.9
61,1793.1
25,1794.1
9,1794.2
48,1794.2
1,1794.7
36,1795.0
38,1795.1
5,1795.6
12,1795.8
14,1796.2
32,1796.6
10,1796.7
40,1797.1
62,1797.2
52,1797.7
21,1797.9
17,1798.4
19,1798.4
29,1798.6
44,1798.6
7,1799.0
42,1799.0
11,1799.1
37,1799.2
4,1799.5
56,1799.5
16,1799.7
54,1800.1
8,1800.8
60,1800.8
24,1801.5
46,1801.5
30,1801.9
26,1802.0
15,1802.0
22,1802.1
33,1802.4
2,1802.5
49,1803.3
3,1803.3
58,1805.0
50,1805.1
48,1805.7
5,1805.9
38,1806.2
9,1806.9
6,1807.1
12,1807.4
19,1807.8
21,1808.2
4,1808.4
45,1808.8
31,1809.1
36,1809.4
17,1809.5
0,1809.7
25,1809.7
16,1809.9
42,1810.7
53,1810.7
57,1811.0
8,1811.4
44,1811.5
11,1811.8
15,1812.1
62,1812.5
26,1812.7
27,1813.3
30,1813.4
34,1813.7
46,1813.7
37,1814.3
22,1814.4
14,1814.9
13,1815.1
10,1815.2
33,1815.4
52,1815.7
47,1816.0
6,1816.5
23,1816.6
2,1817.4
58,1817.4
5,1817.6
1,1817.6
31,1818.0
9,1818.7
38,1819.1
17,1819.1
25,1819.7
7,1820.3
40,1820.8
61,1821.0
4,1821.5
19,1821.6
15,1822.7
49,1822.7
44,1823.7
12,1823.8
60,1823.9
48,1824.0
14,1824.5
54,1824.7
27,1824.9
0,1825.8
37,1825.8
26,1825.9
59,1826.2
13,1826.4
10,1826.4
8,1826.7
36,1826.8
3,1827.2
28,1827.6
5,1827.6
47,1827.8
6,1828.4
57,1828.5
56,1828.5
46,1828.6
23,1828.8
31,1828.9
32,1829.5
22,1829.5
25,1829.5
24,1829.8
17,1830.0
1,1830.0
53,1830.8
4,1830.9
19,1831.0
11,1831.1
30,1831.6
45,1831.7
38,1831.8
40,1832.6
2,1832.7
9,1832.8
44,1833.6
7,1834.1
15,1834.2
16,1834.3
50,1834.5
52,1835.9
14,1836.3
13,1836.4
21,1836.5
33,1836.6
12,1837.0
29,1837.5
8,1837.5
5,1837.6
37,1837.9
58,1837.9
49,1838.5
25,1838.7
42,1839.4
28,1839.7
60,1840.0
10,1840.3
61,1840.3
47,1840.6
62,1841.2
19,1842.4
27,1842.5
24,1842.7
40,1842.7
17,1842.8
3,1843.7
45,1844.2
56,1844.6
44,1844.7
23,1844.7
15,1844.8
38,1845.2
1,1845.6
11,1845.7
32,1846.0
20,1846.7
59,1846.7
21,1846.9
6,1846.9
51,1846.9
52,1847.4
7,1847.7
29,1847.7
5,1848.1
26,1848.1
9,1848.1
12,1848.4
25,1848.4
8,1848.6
13,1849.2
53,1849.3
50,1849.5
34,1849.7
61,1850.3
49,1850.7
17,1852.0
57,1852.1
35,1852.9
22,1853.1
60,1853.5
14,1854.0
48,1854.8
62,1855.3
15,1855.5
0,1855.5
19,1856.1
40,1856.1
37,1856.7
10,1856.7
46,1857.0
21,1857.7
3,1858.1
52,1858.3
51,1858.6
31,1858.8
28,1858.8
44,1858.9
8,1859.2
6,1859.2
23,1859.2
9,1859.4
33,1859.5
13,1859.7
4,1859.8
50,1859.8
29,1859.9
32,1860.0
25,1860.2
38,1860.7
16,1860.8
36,1861.5
47,1861.9
5,1862.3
49,1862.6
12,1862.6
2,1862.6
24,1862.8
20,1863.1
61,1863.1
34,1863.6
7,1863.9
1,1864.0
45,1864.7
19,1865.7
56,1866.2
48,1866.2
60,1866.5
14,1867.2
51,1867.9
35,1868.1
22,1868.1
31,1868.5
62,1868.9
13,1869.0
37,1869.1
11,1869.2
30,1869.4
53,1869.5
8,1869.6
57,1870.1
6,1870.6
52,1870.7
40,1870.7
46,1870.9
0,1871.0
38,1871.0
15,1871.7
9,1871.9
58,1872.8
3,1873.1
49,1873.8
33,1873.9
17,1874.4
5,1874.8
50,1874.9
32,1876.6
42,1876.7
23,1876.7
19,1876.8
25,1877.4
47,1877.6
24,1877.9
60,1878.2
27,1878.5
1,1878.7
4,1878.9
56,1879.2
29,1879.4
51,1879.5
53,1880.1
22,1880.1
12,1881.0
10,1881.1
57,1883.0
15,1883.3
11,1883.3
6,1883.4
31,1883.4
48,1884.0
40,1884.0
44,1884.1
61,1884.4
8,1884.5
5,1884.5
52,1885.0
9,1885.1
17,1885.6
38,1885.7
58,1886.1
25,1886.4
49,1887.0
34,1887.1
19,1887.2
0,1887.2
23,1887.3
21,1887.3
62,1887.6
42,1888.5
2,1888.5
4,1888.6
27,1888.9
51,1889.6
37,1889.7
14,1889.9
3,1890.0
1,1890.4
22,1890.4
13,1891.1
45,1891.3
46,1891.5
60,1891.9
12,1892.4
16,1892.8
53,1893.4
32,1893.8
6,1893.9
47,1894.0
20,1894.2
30,1894.5
11,1894.6
17,1894.7
5,1895.1
57,1895.2
35,1895.4
52,1895.5
36,1896.0
7,1896.0
26,1896.1
34,1896.3
15,1896.6
44,1896.7
28,1897.1
8,1897.6
56,1898.3
33,1898.6
42,1898.8
51,1898.8
49,1899.1
4,1899.1
29,1899.6
10,1899.8
40,1900.1
1,1900.5
58,1900.6
23,1901.3
27,1901.9
50,1902.0
21,1902.5
60,1902.9
62,1903.2
12,1903.2
30,1905.4
47,1905.5
19,1905.6
22,1905.6
45,1905.7
31,1906.1
52,1906.3
5,1906.4
2,1906.5
46,1907.1
3,1907.1
38,1907.1
24,1907.2
34,1907.3
20,1907.4
16,1907.6
28,1907.9
9,1908.0
44,1908.0
32,1908.8
42,1908.8
13,1909.3
6,1909.5
15,1910.1
51,1910.2
4,1910.3
36,1910.4
7,1910.5
40,1911.3
26,1911.8
11,1912.5
29,1912.7
57,1912.8
27,1914.6
23,1914.6
25,1915.1
30,1915.2
10,1915.5
12,1915.6
1,1915.7
53,1915.7
58,1916.0
47,1916.0
5,1916.1
62,1916.9
8,1917.3
0,1917.4
38,1918.0
56,1918.1
13,1918.5
60,1918.7
3,1918.8
31,1919.0
49,1919.3
2,1919.5
48,1919.7
15,1920.3
51,1920.3
9,1920.8
32,1920.9
50,1921.5
29,1921.8
52,1922.8
40,1922.9
34,1923.5
44,1923.8
28,1923.9
20,1924.0
7,1924.5
36,1924.7
19,1925.1
57,1925.2
5,1925.9
47,1926.3
37,1926.4
25,1926.4
30,1926.5
58,1926.6
12,1927.1
4,1927.7
61,1928.5
23,1928.6
38,1929.1
13,1929.4
3,1929.6
45,1930.4
21,1930.4
51,1930.6
60,1930.8
48,1931.3
42,1931.4
2,1931.6
50,1931.6
8,1931.8
24,1932.3
1,1933.0
29,1933.2
15,1933.4
16,1933.8
22,1934.1
6,1934.2
26,1934.7
56,1934.8
27,1935.0
52,1935.6
10,1935.7
5,1936.6
32,1936.7
57,1936.8
46,1937.7
12,1938.6
4,1938.8
35,1938.9
28,1939.0
30,1939.1
61,1939.4
3,1939.5
38,1939.5
31,1940.2
23,1940.6
40,1940.8
51,1940.9
50,1941.0
42,1941.1
13,1941.2
62,1941.6
37,1941.7
47,1941.8
48,1942.1
58,1942.5
53,1942.7
6,1943.6
9,1943.7
16,1944.5
26,1944.5
22,1944.5
1,1944.7
17,1944.9
5,1947.0
59,1947.4
57,1948.2
4,1948.4
44,1948.9
12,1949.4
7,1949.6
34,1949.8
0,1949.8
36,1950.0
38,1950.3
15,1950.4
13,1950.5
60,1950.6
61,1950.6
29,1950.9
47,1951.3
42,1951.4
2,1951.7
11,1951.8
24,1952.1
3,1952.1
6,1953.1
45,1953.2
53,1953.4
23,1953.9
17,1954.0
25,1954.0
35,1954.1
9,1955.3
1,1955.7
20,1955.8
28,1956.0
26,1956.1
22,1956.3
52,1957.7
30,1957.8
8,1957.9
48,1958.1
5,1958.6
49,1958.9
34,1959.0
4,1959.1
27,1959.1
31,1959.3
51,1959.7
37,1959.9
61,1960.1
59,1960.2
38,1960.3
56,1960.9
15,1960.9
16,1961.6
36,1962.2
3,1963.2
21,1963.3
46,1963.3
50,1963.5
7,1963.6
62,1963.7
45,1964.0
44,1964.2
29,1964.4
60,1964.4
13,1964.5
6,1964.6
12,1964.8
0,1965.8
57,1966.0
9,1966.4
1,1966.7
40,1967.8
52,1967.9
32,1968.1
4,1968.5
24,1968.9
53,1969.2
5,1969.2
48,1969.4
28,1969.6
23,1970.2
30,1970.2
19,1970.2
22,1970.2
33,1970.7
51,1970.7
42,1970.8
47,1970.9
15,1971.1
56,1971.4
34,1972.1
38,1972.7
17,1973.1
61,1973.2
58,1973.4
27,1973.6
31,1973.7
26,1974.1
37,1974.6
3,1974.7
8,1974.8
44,1975.2
35,1976.2
7,1976.3
29,1977.1
6,1977.4
59,1977.5
50,1977.7
49,1977.9
9,1978.4
57,1978.6
45,1979.7
36,1980.1
33,1980.4
32,1980.5
13,1980.5
22,1980.9
40,1981.1
19,1981.2
48,1981.5
15,1981.6
42,1981.8
53,1982.3
12,1982.4
47,1982.5
5,1982.6
51,1982.8
38,1982.9
1,1983.6
0,1983.7
52,1983.9
46,1984.2
62,1984.6
26,1985.4
61,1985.4
28,1985.7
54,1986.2
23,1986.5
16,1986.5
44,1987.6
50,1987.6
45,1988.5
60,1989.0
21,1989.3
35,1989.6
34,1989.6
13,1989.7
3,1989.7
29,1989.8
6,1990.1
49,1990.1
30,1990.7
15,1991.1
56,1991.5
25,1992.2
8,1992.4
32,1992.5
53,1992.5
5,1992.8
38,1993.2
42,1993.2
47,1993.6
12,1994.0
33,1994.4
24,1994.8
7,1994.8
58,1995.2
1,1995.4
57,1995.5
17,1996.1
46,1996.1
48,1996.4
52,1997.3
19,1997.3
4,1997.9
22,1997.9
9,1997.9
31,1998.7
27,1998.8
0,1998.9
28,1999.6
3,1999.8
54,2000.3
16,2000.6
45,2000.7
37,2000.9
44,2001.0
26,2001.2
21,2001.4
61,2001.7
50,2001.8
34,2002.0
15,2002.4
13,2002.4
51,2002.6
6,2002.7
29,2002.9
40,2003.3
49,2003.5
8,2004.2
38,2004.7
47,2005.2
12,2005.6
42,2005.9
19,2006.0
30,2007.1
59,2007.2
56,2007.7
5,2007.9
60,2009.5
17,2009.6
10,2010.0
3,2010.4
54,2010.5
52,2011.2
25,2011.4
46,2011.5
61,2011.7
57,2011.8
32,2011.9
62,2012.3
35,2012.3
26,2012.4
29,2012.6
58,2012.8
13,2012.9
15,2012.9
22,2013.6
14,2013.9
51,2013.9
0,2014.1
24,2014.2
9,2014.5
8,2014.5
6,2014.6
1,2014.6
21,2014.9
16,2015.0
28,2015.2
34,2016.1
56,2016.6
44,2016.7
36,2016.8
38,2017.7
23,2017.7
12,2017.7
19,2017.8
4,2017.9
30,2017.9
45,2017.9
5,2018.4
49,2018.6
33,2019.0
50,2020.3
3,2021.1
42,2021.6
60,2021.6
15,2022.3
53,2022.6
13,2022.8
52,2023.0
55,2023.1
47,2023.8
48,2023.8
54,2024.0
17,2024.1
59,2024.4
6,2024.4
26,2025.0
51,2025.7
21,2025.9
10,2026.1
45,2026.9
16,2027.0
29,2027.1
14,2027.1
56,2027.8
19,2028.1
24,2028.2
5,2028.3
34,2028.5
12,2028.6
38,2029.1
4,2029.2
37,2029.2
44,2029.3
0,2029.3
30,2029.4
8,2029.6
62,2030.4
50,2031.1
28,2031.6
22,2031.9
9,2032.1
15,2032.9
47,2033.7
39,2034.3
52,2034.4
42,2034.5
51,2035.0
57,2035.1
7,2035.5
49,2036.0
16,2036.8
3,2036.9
17,2037.6
10,2037.7
5,2039.1
2,2039.3
38,2039.3
46,2040.5
60,2041.4
30,2041.4
14,2041.4
44,2041.5
0,2041.8
4,2042.4
34,2042.7
40,2042.8
29,2043.3
47,2043.4
23,2043.5
15,2044.1
55,2044.2
36,2044.4
52,2044.6
37,2045.0
12,2045.3
26,2045.4
9,2045.4
51,2046.2
45,2046.3
54,2046.3
62,2046.6
61,2047.0
42,2047.3
13,2047.4
3,2047.4
17,2047.7
7,2047.8
58,2048.4
25,2049.0
33,2049.1
10,2049.5
6,2049.5
16,2049.7
24,2050.7
8,2050.9
38,2052.2
57,2052.3
56,2052.5
4,2052.5
5,2052.8
44,2052.8
53,2053.4
47,2053.9
31,2054.0
52,2054.5
32,2054.8
15,2055.0
21,2055.1
34,2055.2
39,2055.5
50,2055.7
22,2056.4
42,2056.5
29,2056.6
40,2056.8
51,2057.0
28,2057.3
30,2057.3
0,2057.4
2,2057.9
45,2058.1
3,2058.5
16,2058.7
59,2059.3
1,2059.7
12,2059.8
60,2060.5
55,2060.9
25,2061.3
10,2061.6
23,2061.7
36,2061.8
4,2062.1
53,2062.9
8,2063.3
38,2063.6
33,2063.7
44,2063.9
48,2063.9
7,2064.2
52,2064.5
5,2065.0
13,2065.1
31,2065.4
14,2066.5
51,2066.7
47,2066.7
21,2066.7
57,2067.3
9,2067.7
28,2068.2
15,2068.6
39,2068.9
42,2069.1
24,2069.7
30,2070.1
3,2070.4
25,2071.0
16,2071.4
1,2071.5
61,2071.5
49,2071.8
32,2072.0
8,2073.3
6,2073.5
37,2073.8
22,2074.4
4,2074.6
5,2075.2
34,2075.4
45,2076.7
2,2076.7
47,2077.3
20,2077.4
52,2078.0
13,2078.1
29,2078.4
51,2078.5
62,2078.6
15,2078.6
12,2078.7
56,2079.5
17,2079.9
33,2080.1
40,2080.2
25,2080.4
54,2080.6
3,2081.2
58,2081.2
48,2081.2
0,2081.4
38,2081.5
44,2081.5
10,2081.6
9,2081.9
60,2082.2
50,2082.3
16,2082.5
28,2082.7
31,2082.8
53,2082.9
1,2084.6
8,2084.6
6,2084.9
5,2085.6
57,2085.7
4,2085.7
61,2086.0
45,2087.1
7,2087.6
51,2087.9
22,2088.1
47,2088.4
35,2088.7
39,2089.4
13,2089.5
32,2089.5
29,2089.6
17,2090.3
42,2091.1
30,2091.2
0,2091.2
24,2091.3
38,2091.8
62,2092.9
15,2093.1
12,2093.2
33,2093.9
54,2094.0
8,2094.2
20,2094.2
16,2094.3
55,2094.8
58,2095.1
50,2095.3
4,2096.0
5,2096.1
36,2096.5
3,2096.9
26,2097.0
28,2097.1
59,2097.1
1,2097.6
22,2098.4
56,2098.8
45,2098.8
51,2098.9
23,2099.6
7,2100.0
47,2100.0
14,2100.3
17,2101.0
61,2101.1
52,2101.7
38,2102.0
40,2102.3
42,2102.3
48,2102.8
6,2102.8
13,2103.2
29,2104.0
27,2104.4
54,2104.6
15,2104.9
10,2105.1
0,2105.1
58,2105.9
12,2105.9
44,2106.0
49,2106.1
35,2106.5
5,2106.6
50,2106.7
4,2106.7
8,2106.8
3,2107.8
60,2107.8
9,2108.0
30,2108.3
2,2108.3
28,2110.1
47,2110.2
32,2110.7
41,2110.9
31,2111.0
1,2111.0
62,2111.5
61,2111.8
51,2111.9
17,2112.0
22,2112.4
16,2112.5
56,2112.6
23,2113.6
13,2114.1
29,2114.1
21,2114.4
6,2115.0
15,2115.5
34,2115.7
7,2115.7
42,2115.9
46,2116.0
38,2116.0
0,2116.1
58,2116.1
26,2116.1
40,2116.5
14,2116.6
27,2116.6
59,2117.0
33,2117.1
5,2117.4
49,2117.6
4,2118.0
3,2118.3
48,2119.1
50,2119.1
12,2119.3
57,2119.3
45,2119.5
8,2120.0
54,2120.6
30,2120.6
20,2121.2
47,2121.5
35,2121.9
32,2122.1
31,2122.2
61,2122.6
44,2122.6
25,2124.5
15,2125.2
51,2125.3
10,2125.5
2,2125.6
42,2125.7
17,2125.7
1,2126.0
28,2127.1
41,2127.4
34,2127.8
13,2128.0
46,2128.7
27,2129.0
58,2129.4
7,2129.4
49,2129.5
60,2129.5
3,2129.6
62,2130.2
45,2130.3
19,2130.3
38,2130.4
50,2130.5
6,2130.6
37,2131.4
0,2131.6
30,2131.9
26,2132.3
5,2132.4
61,2132.8
39,2134.3
32,2134.3
57,2134.6
8,2134.8
4,2135.0
21,2135.0
12,2135.1
56,2135.7
20,2135.7
42,2136.0
22,2137.5
34,2137.6
44,2138.3
17,2138.6
33,2138.6
10,2138.7
15,2138.7
47,2139.1
23,2139.2
51,2139.8
45,2140.1
50,2140.2
6,2140.2
3,2140.4
40,2140.5
58,2141.2
49,2141.7
53,2141.9
38,2142.4
31,2142.5
61,2143.2
30,2143.3
37,2143.4
2,2144.2
25,2144.4
60,2144.5
5,2144.7
4,2145.3
57,2145.4
35,2145.4
11,2145.7
52,2146.0
16,2146.0
8,2146.1
29,2146.1
21,2146.1
26,2146.4
46,2146.7
14,2147.6
19,2147.9
54,2148.3
27,2148.7
17,2148.8
12,2149.5
15,2149.6
48,2149.9
9,2150.0
41,2150.4
34,2151.0
36,2151.1
3,2151.3
32,2151.5
13,2151.5
51,2152.3
47,2152.4
39,2152.5
58,2152.7
45,2152.7
44,2152.9
33,2153.0
7,2153.6
53,2153.7
1,2153.9
4,2154.5
25,2154.5
6,2154.5
5,2154.6
50,2154.9
37,2154.9
31,2155.0
22,2156.2
38,2156.9
61,2157.2
16,2157.6
35,2158.6
2,2158.9
60,2159.5
57,2159.5
27,2159.9
17,2159.9
19,2160.0
54,2160.0
0,2160.2
28,2160.5
10,2161.0
51,2161.5
20,2161.5
15,2161.6
62,2161.6
49,2161.7
26,2161.9
8,2162.2
3,2162.2
12,2163.0
32,2163.1
52,2163.1
33,2163.2
53,2163.3
46,2163.4
47,2163.7
9,2163.9
44,2164.2
4,2164.3
5,2164.5
40,2164.9
41,2165.0
13,2165.4
34,2165.5
25,2165.7
11,2166.1
30,2166.7
21,2166.9
38,2167.3
7,2167.8
61,2168.0
58,2168.5
36,2168.6
35,2168.7
59,2168.8
19,2169.1
16,2169.1
17,2169.4
37,2169.4
29,2169.5
0,2171.3
15,2171.8
42,2172.7
45,2173.0
51,2173.3
6,2173.6
8,2174.0
3,2174.2
5,2174.3
2,2174.4
22,2174.4
31,2175.0
47,2175.3
49,2175.3
50,2175.6
13,2176.5
52,2176.5
56,2176.6
46,2176.6
21,2176.8
57,2177.2
12,2177.5
33,2177.6
27,2177.9
44,2178.3
25,2178.6
23,2178.7
54,2178.7
39,2178.8
9,2179.0
38,2179.1
40,2179.2
36,2180.3
60,2180.5
62,2180.9
26,2181.0
32,2181.1
0,2181.5
16,2181.6
17,2182.1
35,2183.6
53,2183.7
5,2184.0
3,2184.1
15,2184.3
51,2184.4
42,2184.7
24,2184.8
8,2184.9
50,2185.2
61,2185.2
22,2185.4
56,2186.6
33,2187.2
21,2187.7
6,2188.2
7,2188.3
47,2188.4
12,2188.4
13,2188.8
40,2189.8
38,2190.0
30,2191.1
41,2191.1
25,2191.4
52,2191.5
57,2191.9
1,2192.0
0,2192.3
23,2192.6
36,2192.9
42,2193.7
17,2194.0
53,2194.1
49,2194.2
3,2194.3
2,2194.3
15,2194.5
35,2194.5
51,2194.7
37,2195.3
26,2195.8
5,2196.1
8,2196.3
21,2196.8
61,2197.1
46,2197.4
39,2197.5
58,2197.9
50,2198.2
47,2198.4
56,2198.6
20,2198.9
33,2198.9
22,2199.0
12,2199.4
32,2200.8
16,2200.9
30,2201.8
38,2201.9
10,2202.2
6,2202.2
52,2202.5
13,2202.6
44,2203.1
7,2203.1
17,2203.2
36,2203.2
53,2203.5
1,2204.0
34,2204.0
15,2205.3
25,2205.6
5,2206.1
8,2206.6
4,2206.7
24,2206.9
9,2206.9
57,2207.6
23,2207.9
3,2207.9
0,2208.8
47,2209.0
33,2209.0
35,2209.2
58,2209.8
21,2210.2
22,2210.4
49,2210.9
16,2210.9
12,2211.6
2,2211.8
13,2211.8
48,2211.9
6,2212.2
42,2212.7
50,2213.6
29,2213.7
17,2214.0
27,2214.0
20,2215.1
34,2215.4
15,2215.7
44,2216.0
54,2216.2
51,2216.2
52,2216.6
5,2216.8
45,2216.9
61,2217.0
56,2217.4
8,2217.4
57,2218.1
19,2218.4
36,2218.6
30,2218.6
38,2218.8
10,2218.9
47,2218.9
1,2219.5
31,2219.7
23,2220.4
9,2220.7
21,2221.1
26,2222.1
32,2222.4
33,2222.6
48,2222.7
39,2222.7
16,2222.8
46,2223.6
4,2223.8
40,2224.2
11,2224.2
13,2224.3
12,2225.3
15,2225.7
17,2225.7
27,2226.1
22,2226.1
51,2226.2
45,2226.3
6,2226.6
61,2226.6
52,2226.6
3,2226.9
20,2227.0
50,2227.2
7,2227.6
29,2227.7
8,2228.2
56,2228.4
14,2228.5
58,2228.6
57,2229.0
19,2229.3
62,2229.3
38,2229.9
5,2229.9
59,2230.1
1,2230.5
2,2231.1
53,2231.5
42,2231.9
47,2232.1
34,2232.8
16,2233.2
48,2234.4
10,2235.1
35,2235.5
61,2236.4
28,2236.4
51,2236.5
22,2236.8
52,2237.1
6,2237.1
45,2237.4
23,2237.9
44,2238.1
9,2239.0
17,2239.1
26,2239.2
8,2240.0
7,2240.8
27,2241.1
1,2241.1
39,2241.5
14,2241.5
0,2241.6
47,2242.0
53,2242.0
56,2242.4
57,2242.6
3,2242.6
42,2243.2
46,2243.2
20,2243.2
11,2243.3
16,2243.4
41,2243.6
5,2244.2
49,2244.4
13,2244.4
25,2244.6
33,2245.3
38,2245.7
12,2245.7
6,2247.2
36,2247.6
15,2248.2
2,2248.5
23,2248.7
48,2249.0
17,2249.4
10,2249.6
45,2249.9
50,2250.0
44,2250.2
59,2250.4
61,2250.7
1,2251.0
40,2251.2
30,2251.3
29,2251.4
51,2251.7
52,2251.9
22,2252.5
4,2252.6
7,2252.7
8,2253.6
0,2254.4
28,2254.7
26,2255.2
47,2255.6
27,2255.7
53,2255.7
58,2256.3
38,2257.1
6,2257.1
57,2257.6
41,2258.2
46,2258.2
12,2258.3
5,2258.6
16,2258.8
17,2259.0
21,2259.7
62,2260.1
15,2260.4
42,2260.6
1,2260.8
11,2260.9
45,2261.1
40,2261.3
23,2261.4
10,2261.6
14,2263.0
3,2263.1
44,2263.6
30,2263.9
39,2264.8
53,2264.9
52,2265.3
56,2265.7
26,2265.9
0,2267.3
34,2267.3
7,2268.2
47,2268.3
25,2268.4
8,2268.6
42,2269.4
4,2269.4
57,2269.8
27,2269.8
16,2270.1
19,2270.3
41,2270.4
12,2271.4
9,2272.5
38,2272.7
45,2272.8
59,2272.8
48,2272.9
58,2273.0
5,2273.4
20,2273.4
1,2274.2
61,2274.2
10,2275.6
51,2275.6
23,2275.8
44,2276.0
26,2276.1
50,2276.2
6,2276.4
30,2276.4
33,2276.8
40,2276.9
34,2277.4
15,2277.5
3,2277.8
21,2278.3
25,2278.8
19,2279.0
31,2279.2
47,2279.2
16,2279.7
11,2279.8
28,2279.9
29,2280.1
17,2280.2
13,2281.0
62,2281.7
42,2282.1
22,2282.8
39,2283.6
12,2284.4
8,2284.7
20,2284.8
59,2284.8
7,2284.9
53,2284.9
61,2285.2
38,2285.2
60,2285.8
48,2286.0
2,2286.1
46,2286.8
40,2288.0
9,2288.3
55,2288.5
0,2288.6
52,2288.6
21,2288.7
25,2289.0
30,2289.1
51,2289.5
6,2289.6
24,2289.9
15,2289.9
57,2290.1
13,2290.2
17,2290.5
41,2290.6
50,2291.0
45,2291.0
33,2291.3
26,2291.3
42,2291.7
23,2292.0
3,2292.3
16,2293.1
34,2293.1
44,2293.3
47,2293.6
27,2293.7
31,2294.0
29,2294.1
43,2294.8
5,2295.0
22,2295.2
8,2295.3
10,2295.3
12,2296.3
53,2296.4
39,2296.6
28,2297.0
1,2297.8
61,2298.3
19,2298.3
7,2298.5
56,2298.7
35,2298.9
48,2299.0
25,2299.9
2,2300.0
21,2300.1
30,2300.8
51,2301.0
52,2301.1
26,2301.4
40,2301.5
0,2302.3
33,2302.8
11,2302.8
38,2302.8
15,2302.8
59,2302.9
4,2303.1
13,2303.1
14,2303.1
20,2303.2
16,2304.0
50,2304.2
44,2304.4
6,2304.8
58,2305.7
42,2305.7
53,2305.8
8,2306.3
5,2307.1
22,2307.6
12,2308.3
60,2308.3
10,2308.4
46,2309.0
19,2309.7
25,2310.5
30,2310.6
23,2311.0
51,2311.1
41,2311.4
55,2311.4
56,2311.9
24,2311.9
2,2312.0
52,2312.2
26,2312.6
36,2312.7
0,2313.3
35,2313.9
40,2314.0
3,2314.5
16,2314.9
44,2314.9
48,2315.1
43,2315.2
13,2315.5
53,2316.5
6,2316.6
5,2316.8
39,2316.9
38,2316.9
21,2317.5
29,2317.6
14,2318.0
31,2318.5
50,2318.6
9,2318.6
47,2319.2
8,2319.6
61,2320.4
12,2320.7
15,2320.9
45,2321.1
22,2321.3
11,2321.5
34,2322.2
56,2322.6
30,2322.6
51,2322.8
49,2323.1
7,2323.5
33,2323.6
0,2324.2
26,2324.4
13,2324.9
16,2325.0
24,2325.8
10,2326.0
27,2326.1
25,2326.1
60,2326.5
53,2326.7
41,2326.7
1,2327.1
23,2328.2
5,2328.2
29,2328.5
52,2328.7
2,2328.8
14,2329.2
58,2329.3
3,2329.9
36,2330.0
42,2330.0
46,2330.0
31,2330.2
48,2330.4
44,2330.6
21,2330.6
4,2330.7
15,2330.9
28,2330.9
37,2331.9
6,2332.2
51,2332.6
12,2333.1
33,2333.5
26,2334.1
40,2334.2
45,2334.6
30,2334.9
0,2335.4
25,2336.0
32,2336.4
38,2336.7
1,2337.2
13,2337.6
16,2337.6
9,2338.2
53,2338.6
10,2338.6
56,2338.8
8,2339.0
5,2339.2
60,2339.6
17,2339.7
23,2340.2
27,2340.5
52,2340.5
35,2340.5
21,2340.9
14,2341.0
31,2341.3
59,2341.6
6,2341.9
20,2341.9
11,2342.6
15,2342.6
22,2343.0
49,2343.1
50,2343.6
47,2343.7
12,2344.9
37,2345.4
26,2345.5
29,2345.9
2,2346.4
58,2347.0
38,2347.5
61,2347.5
41,2348.2
19,2348.3
53,2349.2
40,2349.5
0,2349.6
42,2350.1
9,2350.4
17,2350.7
24,2351.2
23,2351.4
4,2351.4
52,2351.6
1,2352.0
48,2352.1
10,2352.4
8,2352.6
50,2352.7
51,2352.9
15,2353.2
22,2353.6
57,2353.7
32,2354.0
28,2354.1
27,2354.6
30,2354.7
5,2354.8
56,2354.9
14,2355.2
47,2355.8
3,2355.8
6,2356.1
26,2356.2
36,2356.3
12,2356.5
60,2356.6
49,2356.6
44,2356.9
29,2357.2
45,2357.4
19,2357.4
16,2357.5
13,2357.7
41,2358.2
31,2358.3
37,2358.6
58,2359.0
61,2359.0
53,2359.8
11,2361.1
4,2362.0
48,2362.5
38,2362.8
17,2363.0
40,2363.7
51,2363.9
42,2364.3
52,2364.3
50,2365.1
9,2365.5
26,2365.8
62,2366.0
22,2366.1
6,2366.8
16,2367.2
29,2367.4
33,2367.8
12,2368.2
56,2368.3
10,2368.4
49,2368.4
3,2368.5
27,2368.5
31,2368.6
47,2368.8
13,2369.0
23,2369.0
8,2369.2
19,2369.3
43,2369.8
14,2369.8
39,2370.4
41,2371.9
57,2372.1
36,2372.1
44,2372.1
28,2372.1
48,2372.8
32,2372.8
61,2373.0
53,2373.1
15,2373.1
37,2373.3
60,2373.4
58,2373.7
52,2374.1
0,2374.5
42,2374.5
50,2374.9
30,2375.0
38,2376.3
51,2376.3
26,2376.4
16,2376.4
19,2378.3
21,2379.0
1,2379.4
6,2379.8
47,2379.8
22,2379.9
46,2380.3
9,2380.4
17,2380.7
24,2380.8
48,2382.5
4,2382.6
5,2382.9
3,2383.0
53,2383.2
31,2383.8
28,2384.0
25,2384.2
12,2384.3
10,2384.6
7,2384.8
8,2385.0
50,2385.1
58,2385.1
42,2385.2
52,2385.4
2,2385.5
49,2385.9
16,2386.3
13,2387.0
62,2387.4
15,2387.5
26,2387.5
38,2387.7
37,2387.8
40,2387.8
29,2388.5
33,2389.2
6,2389.3
30,2389.7
19,2389.9
17,2389.9
56,2390.4
47,2391.0
4,2391.5
27,2392.1
60,2392.8
22,2393.4
46,2393.7
41,2394.5
8,2395.1
3,2395.4
48,2395.4
12,2396.0
42,2396.0
14,2396.1
44,2396.4
51,2396.5
5,2396.7
36,2397.1
9,2397.4
61,2397.5
7,2397.6
10,2397.9
38,2397.9
40,2398.2
52,2398.3
58,2399.1
15,2399.3
23,2399.6
2,2399.9
30,2400.2
6,2400.3
11,2401.4
39,2401.8
24,2402.6
4,2402.6
33,2402.7
28,2402.9
17,2402.9
26,2404.7
62,2406.3
46,2406.3
19,2406.6
12,2406.7
41,2407.1
16,2407.2
3,2407.2
22,2407.4
36,2407.5
38,2407.9
47,2408.2
40,2408.5
52,2408.6
50,2408.8
48,2409.0
15,2409.1
61,2409.3
8,2409.5
51,2409.9
29,2410.5
31,2410.8
44,2411.3
37,2412.9
35,2412.9
57,2413.0
60,2413.2
2,2413.4
17,2413.6
11,2414.3
53,2414.8
4,2414.9
34,2415.4
23,2415.7
30,2416.4
6,2416.9
16,2416.9
32,2417.2
38,2418.0
36,2418.1
19,2418.1
12,2418.2
47,2418.4
61,2418.7
7,2418.8
9,2419.4
15,2419.5
51,2419.9
62,2420.5
52,2420.9
21,2421.0
5,2421.4
8,2421.6
46,2421.6
10,2421.7
39,2421.9
31,2422.1
48,2422.5
49,2422.6
13,2423.1
40,2423.2
58,2423.9
33,2424.6
17,2425.2
42,2426.0
16,2426.4
34,2426.4
55,2426.4
3,2426.9
2,2427.0
53,2427.4
35,2428.0
41,2428.3
19,2428.5
38,2428.5
60,2428.7
44,2429.0
18,2429.2
6,2430.5
32,2430.6
12,2430.6
21,2430.6
36,2430.8
9,2431.2
47,2431.5
51,2431.5
45,2431.8
52,2431.8
61,2431.9
29,2432.5
15,2432.6
22,2432.7
50,2433.8
56,2434.0
17,2434.4
26,2435.1
62,2435.2
20,2435.8
11,2435.8
33,2436.3
48,2436.4
53,2436.5
42,2436.6
46,2437.2
16,2437.2
0,2437.3
10,2437.4
8,2437.8
34,2438.3
44,2439.0
31,2440.4
14,2440.8
3,2440.9
9,2441.6
58,2441.8
60,2442.2
49,2442.3
38,2442.8
41,2442.9
2,2443.0
51,2443.8
15,2443.9
19,2444.1
54,2444.1
56,2445.0
40,2445.2
28,2445.5
22,2445.6
12,2445.7
17,2445.8
32,2446.0
6,2446.4
45,2446.4
23,2446.8
42,2447.3
30,2447.5
62,2448.0
8,2448.1
52,2448.5
55,2448.5
46,2448.6
5,2448.9
18,2449.2
26,2449.2
48,2449.5
1,2449.6
44,2451.2
36,2452.1
9,2452.1
27,2452.2
58,2452.3
3,2452.4
20,2452.4
33,2452.4
21,2452.6
10,2453.0
51,2453.0
31,2453.2
0,2453.2
47,2453.4
49,2453.8
15,2454.2
61,2454.4
60,2455.0
35,2455.1
17,2455.4
53,2456.2
38,2456.4
37,2456.4
56,2456.5
34,2456.9
22,2457.4
14,2457.6
19,2457.7
8,2457.8
40,2458.0
54,2458.6
41,2458.6
16,2459.5
28,2459.9
42,2460.0
6,2460.1
11,2460.6
48,2460.8
44,2461.6
12,2461.9
30,2462.7
7,2462.7
5,2462.9
32,2463.0
58,2463.0
3,2463.3
36,2464.2
55,2464.2
33,2464.3
1,2464.8
47,2464.9
53,2465.2
61,2465.6
51,2466.1
56,2466.2
46,2466.4
27,2466.5
19,2467.0
31,2467.7
34,2467.8
49,2468.2
9,2468.3
26,2468.4
60,2468.4
15,2469.2
62,2469.4
16,2469.5
21,2469.8
8,2470.1
10,2470.5
50,2470.8
57,2471.1
45,2471.6
42,2471.8
37,2472.1
24,2473.3
12,2473.3
38,2473.3
2,2473.6
5,2474.4
30,2474.7
4,2474.8
36,2475.0
48,2475.6
6,2475.8
47,2476.0
17,2476.1
22,2476.3
39,2476.4
32,2476.6
58,2476.7
44,2477.4
3,2477.6
7,2477.8
28,2478.2
34,2478.5
26,2478.7
40,2478.8
49,2479.1
60,2479.7
11,2479.7
14,2479.9
52,2481.6
15,2481.6
61,2482.2
42,2482.7
0,2482.8
33,2483.2
54,2483.3
8,2483.4
13,2484.1
16,2484.1
20,2484.2
23,2484.4
5,2484.7
12,2485.1
55,2485.6
50,2485.8
48,2486.1
6,2486.4
57,2486.4
10,2486.6
4,2486.7
29,2486.8
41,2487.1
17,2487.1
30,2487.4
56,2487.7
25,2488.1
51,2488.4
44,2488.9
3,2489.0
1,2489.1
7,2489.5
22,2489.9
28,2490.3
14,2490.4
2,2490.6
58,2490.9
47,2490.9
15,2491.0
36,2491.2
45,2491.3
27,2491.3
42,2491.8
26,2492.2
49,2492.3
11,2492.5
21,2492.7
31,2492.9
16,2493.2
60,2493.3
34,2494.0
61,2494.9
24,2495.1
18,2496.7
5,2496.8
23,2497.7
33,2498.1
41,2498.1
6,2498.4
51,2498.4
9,2498.6
13,2498.7
50,2498.7
12,2499.0
4,2499.3
8,2499.5
3,2499.7
32,2500.5
37,2500.7
48,2500.8
45,2501.1
7,2501.1
47,2502.0
56,2502.0
35,2502.1
31,2502.3
57,2502.4
15,2502.5
28,2502.5
58,2503.4
21,2503.8
10,2504.0
1,2504.5
26,2504.6
61,2504.6
25,2504.7
44,2504.9
38,2505.1
46,2505.2
14,2505.3
29,2505.7
19,2506.0
16,2506.0
53,2506.3
11,2506.4
60,2507.8
0,2507.8
6,2507.9
5,2508.1
30,2508.2
41,2508.5
50,2508.7
4,2508.9
9,2508.9
36,2509.6
8,2509.6
52,2510.0
48,2511.4
40,2511.5
34,2512.2
12,2512.3
3,2512.5
33,2512.6
23,2513.4
15,2513.5
31,2513.6
7,2514.1
20,2514.1
61,2514.3
21,2514.3
25,2514.4
56,2514.5
22,2514.6
49,2514.9
58,2516.3
19,2516.4
44,2516.6
32,2516.6
1,2516.7
38,2516.8
11,2517.1
29,2517.2
35,2517.3
42,2517.4
5,2518.1
53,2518.6
50,2519.0
10,2519.2
8,2519.2
13,2519.3
51,2519.3
26,2519.6
47,2519.7
0,2519.8
6,2520.1
41,2520.2
36,2521.0
60,2521.0
28,2522.5
46,2522.7
4,2522.8
52,2523.2
15,2523.8
9,2524.3
57,2524.7
33,2524.9
40,2525.4
34,2525.4
58,2526.7
16,2526.8
3,2527.5
21,2527.5
38,2527.5
35,2527.6
2,2527.6
61,2528.0
29,2528.0
11,2528.0
5,2528.0
13,2528.3
48,2528.4
44,2528.4
20,2529.0
51,2529.3
12,2529.8
45,2530.3
53,2530.4
31,2530.7
56,2531.2
50,2531.5
14,2532.3
4,2532.8
41,2532.8
42,2532.9
0,2533.2
15,2533.8
10,2534.5
32,2534.5
1,2534.6
34,2535.8
17,2535.9
26,2535.9
7,2536.5
9,2536.7
21,2537.3
52,2538.2
16,2538.4
36,2538.5
25,2538.5
38,2538.8
33,2538.9
57,2539.3
22,2539.3
11,2539.3
44,2539.4
6,2539.7
53,2539.8
35,2540.1
8,2540.7
58,2540.9
13,2541.1
20,2542.0
51,2542.1
45,2542.2
5,2542.5
60,2542.7
23,2543.0
56,2543.2
46,2544.1
29,2544.5
0,2545.2
47,2545.3
15,2545.3
42,2545.7
2,2545.8
4,2546.5
9,2546.5
32,2547.0
17,2547.2
30,2547.7
25,2547.8
16,2548.2
50,2548.5
41,2548.7
40,2548.8
53,2549.0
34,2549.2
38,2549.6
7,2550.0
36,2550.7
3,2550.8
22,2550.8
26,2550.8
6,2552.1
49,2552.1
13,2552.2
61,2552.2
51,2552.3
11,2552.7
56,2552.8
35,2553.0
8,2553.4
57,2554.2
5,2554.6
4,2555.5
44,2555.7
0,2555.8
20,2556.9
21,2557.0
9,2557.1
42,2557.1
15,2557.3
50,2559.0
2,2559.5
53,2559.8
10,2560.0
26,2560.9
45,2561.1
47,2561.1
60,2561.1
31,2561.2
34,2561.5
30,2561.9
55,2561.9
48,2562.2
7,2562.3
41,2562.5
52,2562.8
33,2562.8
16,2562.9
13,2563.4
62,2563.5
17,2563.8
32,2563.9
27,2564.7
58,2564.9
38,2565.0
6,2565.3
8,2565.8
56,2566.0
3,2566.3
51,2566.4
37,2566.4
44,2566.5
42,2566.7
12,2567.0
49,2567.6
15,2568.0
36,2568.0
22,2568.7
11,2568.9
50,2569.2
40,2569.5
26,2570.7
53,2570.8
34,2570.9
10,2571.2
20,2571.4
9,2571.5
57,2571.8
45,2571.9
31,2571.9
0,2572.4
1,2572.8
17,2572.9
33,2573.4
48,2573.5
19,2573.6
4,2574.1
35,2574.3
41,2574.4
30,2575.0
5,2575.2
56,2575.8
28,2576.1
42,2576.2
29,2576.4
25,2576.4
62,2576.5
8,2577.1
52,2577.3
15,2577.6
32,2577.9
59,2577.9
58,2578.5
47,2578.7
21,2578.7
6,2578.8
3,2578.9
38,2578.9
27,2579.3
51,2579.3
16,2580.3
12,2580.5
44,2580.5
24,2580.6
46,2580.8
2,2580.9
50,2581.2
7,2581.5
9,2581.9
37,2582.3
55,2583.2
60,2583.3
53,2583.4
20,2583.5
13,2583.6
19,2584.1
22,2584.4
35,2584.8
26,2584.8
30,2584.9
45,2585.0
1,2585.2
33,2585.2
5,2587.2
15,2587.4
48,2587.6
31,2588.4
47,2588.5
10,2588.7
38,2589.1
41,2589.4
6,2589.6
62,2589.6
54,2590.1
40,2590.5
16,2591.3
21,2591.5
12,2591.6
34,2591.8
46,2593.1
51,2593.8
8,2594.2
17,2594.5
45,2594.5
37,2594.8
7,2594.9
9,2595.3
35,2595.3
44,2595.4
4,2595.5
32,2595.6
13,2595.8
3,2596.4
49,2596.7
22,2597.0
29,2598.1
61,2598.2
59,2599.1
30,2599.3
52,2599.6
5,2600.0
47,2600.0
36,2600.2
1,2600.2
11,2600.3
50,2600.4
16,2601.0
27,2601.0
34,2601.1
48,2601.1
15,2601.2
10,2601.5
58,2602.7
24,2602.7
53,2602.9
38,2603.1
20,2603.3
6,2603.8
8,2604.0
54,2604.0
62,2604.3
46,2605.1
0,2605.1
45,2605.2
4,2605.3
42,2605.5
51,2605.6
57,2606.7
44,2606.8
12,2607.2
25,2607.6
40,2609.3
35,2609.3
32,2609.5
17,2609.7
3,2609.8
26,2610.1
47,2610.3
61,2610.3
37,2610.4
56,2610.6
29,2610.8
13,2610.8
9,2611.7
41,2612.0
52,2612.2
5,2612.3
53,2612.5
1,2612.5
16,2613.3
10,2613.4
27,2613.8
21,2613.9
8,2614.0
36,2614.3
42,2614.3
38,2614.4
33,2614.7
59,2615.6
15,2615.7
49,2615.8
4,2616.0
7,2616.1
6,2617.4
25,2617.4
22,2617.6
57,2618.3
12,2618.6
46,2619.0
14,2619.2
62,2619.5
17,2619.6
31,2620.3
45,2620.6
37,2621.2
34,2621.5
47,2621.6
35,2621.7
5,2622.5
9,2622.8
3,2622.9
40,2622.9
1,2623.1
13,2623.5
51,2623.6
21,2623.7
19,2623.8
24,2624.5
44,2624.5
48,2624.6
30,2624.9
53,2624.9
58,2625.0
38,2625.7
41,2625.8
10,2625.8
8,2625.8
52,2626.3
15,2626.5
42,2626.9
36,2627.1
32,2627.3
54,2627.5
4,2627.7
0,2628.9
49,2628.9
59,2629.1
12,2629.4
61,2629.5
34,2630.4
33,2631.4
6,2631.8
23,2631.9
25,2632.2
17,2632.8
16,2632.9
29,2632.9
5,2633.5
19,2633.6
14,2633.7
2,2633.9
47,2633.9
1,2634.0
51,2634.3
3,2634.5
9,2634.6
27,2634.8
40,2635.7
15,2636.0
13,2636.3
58,2636.3
38,2636.3
46,2636.4
54,2637.0
48,2637.1
57,2637.5
37,2637.9
42,2638.6
62,2639.2
53,2639.2
56,2639.6
8,2639.9
33,2640.8
55,2640.9
35,2641.7
6,2641.7
23,2642.1
50,2642.4
31,2642.6
26,2643.4
36,2643.5
5,2644.1
12,2644.2
14,2644.4
21,2644.6
25,2644.8
17,2644.8
0,2645.1
9,2645.5
24,2645.9
59,2646.2
10,2646.4
38,2646.7
15,2646.7
44,2646.8
32,2646.8
4,2646.9
47,2646.9
58,2647.0
52,2647.1
40,2647.2
29,2647.3
57,2648.5
53,2648.5
49,2649.2
41,2649.5
13,2649.5
45,2649.9
20,2649.9
8,2650.2
3,2650.3
51,2650.7
34,2650.9
1,2651.1
54,2651.3
42,2652.0
6,2652.7
33,2652.8
31,2652.9
26,2653.1
25,2654.9
16,2655.4
17,2655.7
23,2655.9
12,2656.1
48,2656.2
4,2656.3
9,2656.4
2,2656.6
14,2656.7
38,2656.8
47,2656.9
55,2657.2
7,2657.7
44,2657.8
29,2658.1
10,2660.0
57,2660.3
13,2660.3
36,2660.4
8,2660.5
5,2660.5
53,2661.7
34,2661.8
42,2662.1
52,2662.3
49,2662.6
40,2662.6
15,2662.7
50,2662.8
58,2663.0
21,2663.6
61,2664.3
17,2665.4
60,2665.6
26,2665.9
62,2665.9
32,2666.2
46,2666.9
12,2667.1
45,2667.6
47,2667.8
23,2668.1
9,2668.2
4,2668.5
1,2668.6
14,2668.9
6,2669.4
38,2669.5
13,2669.6
29,2669.9
16,2670.0
48,2670.2
51,2670.3
37,2670.6
34,2670.8
44,2671.0
8,2671.1
3,2671.6
33,2671.7
53,2672.0
57,2672.1
2,2672.3
21,2672.7
15,2673.0
19,2673.1
7,2673.3
25,2673.4
31,2674.4
42,2674.5
40,2674.8
61,2674.9
55,2675.0
0,2675.6
54,2676.4
36,2677.1
45,2677.4
49,2677.5
4,2677.8
50,2678.1
9,2678.5
10,2678.6
12,2678.9
6,2679.5
29,2679.8
51,2679.8
16,2680.0
38,2680.3
14,2680.5
59,2680.8
44,2680.9
58,2681.8
21,2681.9
47,2682.0
57,2682.3
13,2682.4
3,2682.5
19,2682.6
23,2682.7
15,2683.2
34,2684.1
52,2684.4
46,2684.6
42,2684.7
25,2684.7
8,2684.8
5,2684.9
22,2684.9
17,2685.3
27,2685.5
62,2686.1
1,2686.3
31,2686.6
0,2686.8
35,2687.1
26,2687.3
45,2687.7
60,2687.8
53,2687.9
32,2688.0
7,2688.1
20,2688.2
11,2688.5
50,2688.6
10,2689.6
9,2690.0
44,2690.6
37,2690.7
61,2690.8
14,2690.8
38,2691.0
16,2691.0
6,2692.0
13,2692.2
12,2692.4
30,2692.9
47,2693.1
40,2693.9
23,2694.4
29,2694.5
5,2695.1
17,2695.1
48,2695.1
42,2695.5
2,2695.7
58,2696.5
57,2696.7
15,2696.8
52,2697.5
35,2698.5
8,2698.5
3,2699.0
54,2699.5
1,2699.7
45,2699.8
19,2701.1
14,2701.6
44,2702.1
34,2702.3
6,2702.6
16,2703.5
50,2703.6
10,2703.7
22,2703.7
0,2704.1
42,2704.4
9,2704.5
20,2704.6
37,2704.8
38,2704.9
5,2705.2
49,2705.2
17,2705.3
13,2706.0
31,2706.3
15,2706.4
59,2706.5
58,2706.7
30,2706.7
12,2706.8
26,2706.9
57,2707.1
55,2707.6
47,2707.9
8,2708.3
24,2708.4
11,2708.4
29,2708.6
36,2708.7
4,2709.3
52,2709.5
23,2709.5
7,2711.1
33,2712.4
14,2713.1
54,2713.2
50,2713.7
61,2714.1
35,2714.4
9,2714.6
34,2714.6
17,2714.8
48,2715.0
16,2715.2
38,2715.9
26,2716.3
10,2716.5
5,2717.1
2,2717.2
20,2717.5
1,2717.7
57,2718.1
53,2718.2
3,2718.4
47,2718.5
41,2718.6
30,2718.7
37,2718.9
45,2719.1
6,2719.3
4,2719.3
8,2719.4
32,2719.4
52,2719.7
23,2720.0
21,2720.2
44,2720.4
29,2720.6
12,2720.7
58,2722.0
11,2722.4
25,2722.6
46,2722.7
7,2722.9
13,2723.1
14,2723.1
59,2723.4
16,2725.2
9,2725.3
27,2725.3
17,2725.5
55,2725.6
38,2726.1
26,2726.2
49,2727.0
5,2728.5
6,2729.0
40,2729.0
61,2729.0
57,2729.2
50,2729.2
51,2729.3
47,2729.3
45,2729.7
21,2730.0
3,2730.0
24,2730.0
8,2730.4
52,2730.4
2,2731.3
41,2731.8
48,2731.9
44,2732.4
32,2732.5
37,2732.6
4,2733.1
34,2733.5
20,2733.5
13,2733.8
12,2733.9
23,2734.3
42,2734.6
15,2735.2
54,2735.9
38,2736.1
10,2736.2
35,2736.7
9,2736.9
16,2737.0
30,2737.7
14,2737.8
0,2738.7
26,2739.0
59,2739.5
5,2739.7
6,2740.2
27,2740.2
45,2740.8
17,2741.1
47,2741.4
11,2741.8
41,2741.9
29,2741.9
7,2742.0
40,2742.0
24,2742.2
13,2743.1
21,2743.2
50,2743.5
48,2744.5
4,2744.6
44,2744.7
34,2744.9
3,2745.1
15,2745.3
53,2745.4
52,2745.4
55,2745.9
38,2746.0
49,2746.3
22,2746.4
23,2746.4
57,2746.7
51,2747.0
8,2747.3
10,2748.3
9,2749.0
31,2749.3
6,2749.6
5,2749.7
42,2749.7
35,2750.6
26,2750.8
58,2751.1
2,2751.8
21,2752.2
29,2752.5
11,2752.7
1,2752.9
13,2753.9
34,2753.9
12,2754.2
32,2754.4
53,2754.6
41,2755.3
3,2755.4
15,2755.4
61,2755.5
37,2755.6
45,2755.7
16,2755.8
60,2756.1
38,2756.3
4,2756.7
30,2757.1
47,2757.9
51,2758.0
50,2758.1
48,2758.3
8,2758.8
44,2759.1
22,2759.1
40,2759.1
42,2759.6
17,2759.7
49,2760.2
5,2761.1
10,2762.3
24,2762.7
9,2763.4
20,2763.4
58,2763.5
7,2763.7
55,2764.1
53,2764.1
52,2764.8
14,2765.0
13,2765.0
12,2765.3
15,2765.4
26,2765.6
0,2765.6
23,2766.2
27,2766.4
16,2766.5
30,2766.9
45,2766.9
51,2767.3
1,2767.8
46,2768.5
57,2768.6
29,2768.6
48,2768.6
25,2769.0
38,2769.1
60,2769.1
8,2769.2
2,2769.5
44,2769.6
11,2770.0
59,2770.5
3,2771.0
40,2771.3
35,2771.3
49,2771.9
47,2772.0
5,2772.8
21,2773.4
42,2773.4
37,2773.8
61,2773.9
34,2774.1
17,2774.5
6,2774.8
10,2775.1
32,2775.3
20,2775.4
15,2775.5
52,2775.7
22,2775.7
53,2775.8
19,2776.2
12,2776.3
41,2776.5
9,2777.2
45,2777.3
31,2777.6
1,2778.1
29,2778.1
25,2778.9
58,2779.6
51,2780.0
40,2780.3
55,2780.4
30,2781.2
16,2781.3
44,2781.5
8,2781.6
0,2781.7
13,2782.0
38,2782.8
47,2783.1
5,2783.2
37,2783.3
49,2783.5
50,2783.6
7,2783.6
48,2783.9
34,2784.4
35,2784.4
46,2784.5
26,2784.6
42,2784.6
53,2785.2
27,2785.7
61,2785.9
52,2786.1
15,2786.4
4,2786.8
57,2786.9
19,2787.0
12,2787.6
1,2788.3
56,2788.4
45,2788.5
41,2788.8
17,2789.0
10,2790.2
16,2790.3
29,2790.4
60,2790.6
51,2790.9
22,2790.9
54,2791.5
40,2791.7
44,2792.2
2,2792.5
31,2792.5
20,2792.5
47,2792.8
37,2793.0
5,2793.2
21,2793.3
58,2793.3
30,2793.7
42,2793.8
24,2794.4
4,2796.3
15,2796.3
6,2796.4
49,2796.6
38,2797.2
32,2797.7
52,2798.0
57,2798.1
45,2798.2
41,2799.1
26,2799.1
8,2799.5
61,2799.9
7,2800.4
27,2800.4
29,2800.6
3,2801.2
17,2801.4
9,2801.7
1,2801.7
54,2801.7
46,2802.0
12,2802.2
56,2802.4
16,2802.4
19,2803.0
21,2803.1
36,2803.1
31,2803.1
0,2803.2
58,2803.2
51,2803.2
34,2803.5
53,2803.9
42,2804.7
22,2805.0
5,2805.1
44,2805.6
11,2805.8
30,2806.4
35,2806.4
47,2807.0
15,2807.0
6,2807.8
48,2807.9
57,2808.8
41,2810.0
38,2810.2
45,2810.2
4,2810.4
13,2811.5
16,2811.8
40,2811.8
17,2812.6
29,2812.9
19,2813.2
55,2813.2
21,2813.5
7,2813.6
8,2813.6
0,2813.8
9,2813.9
52,2814.4
62,2814.8
34,2815.4
12,2815.7
24,2815.9
51,2816.0
54,2816.1
46,2816.6
36,2816.8
60,2816.9
23,2817.0
31,2817.5
6,2817.6
58,2818.1
26,2818.2
37,2818.3
30,2818.7
10,2818.8
44,2818.8
49,2819.1
1,2819.8
50,2820.0
45,2820.0
5,2820.1
59,2820.6
15,2821.1
40,2821.2
57,2821.3
13,2821.5
38,2821.8
33,2822.7
48,2822.9
41,2823.1
16,2823.6
17,2823.7
61,2824.2
19,2824.9
42,2825.3
32,2825.8
20,2825.8
27,2825.9
21,2825.9
56,2826.1
0,2826.9
36,2827.1
52,2827.2
4,2827.4
62,2827.5
26,2827.6
12,2827.8
6,2827.9
37,2827.9
7,2828.2
53,2828.4
25,2829.2
9,2829.9
50,2830.0
22,2830.0
5,2830.1
58,2830.3
46,2831.3
15,2831.8
23,2832.1
44,2832.1
11,2832.2
47,2832.4
38,2832.4
29,2832.5
1,2832.6
59,2833.3
13,2833.4
41,2833.4
51,2833.9
19,2834.0
34,2834.0
40,2834.2
61,2834.3
60,2834.5
30,2834.6
10,2834.7
17,2834.8
42,2835.1
31,2835.7
21,2836.0
8,2836.9
53,2837.5
33,2837.7
0,2838.0
6,2838.1
12,2838.9
25,2839.2
52,2839.7
3,2840.5
37,2840.5
7,2840.7
54,2841.0
4,2841.0
5,2841.4
15,2841.5
57,2841.9
16,2842.2
23,2842.6
36,2842.6
38,2842.8
24,2842.8
50,2842.9
44,2843.2
30,2843.6
47,2843.9
22,2844.4
51,2844.7
9,2844.7
40,2845.2
42,2845.4
17,2845.6
34,2845.9
39,2846.2
8,2846.7
1,2847.1
55,2847.1
46,2847.7
14,2847.8
32,2848.1
61,2848.1
62,2848.3
20,2848.7
41,2848.7
31,2849.3
26,2849.3
12,2850.2
48,2850.3
45,2850.4
37,2850.5
0,2850.5
6,2850.8
52,2850.8
58,2851.0
15,2851.3
3,2851.5
11,2851.6
13,2852.1
60,2852.5
33,2853.4
16,2853.4
44,2854.0
54,2854.1
59,2854.2
7,2854.4
50,2854.4
51,2855.0
4,2855.0
17,2855.3
30,2855.8
10,2856.2
8,2856.4
19,2856.4
53,2856.6
38,2856.7
57,2856.7
23,2857.0
42,2857.6
5,2857.6
25,2858.4
14,2858.9
47,2859.5
22,2859.7
34,2859.9
40,2860.0
1,2860.3
29,2860.9
62,2861.9
6,2862.0
61,2862.2
13,2862.4
3,2862.8
15,2863.0
0,2863.1
56,2863.2
48,2863.7
16,2863.7
52,2863.8
46,2864.1
24,2864.2
43,2864.3
4,2864.4
20,2865.1
12,2865.2
35,2865.5
37,2865.8
32,2865.9
60,2866.1
42,2867.1
33,2867.2
31,2867.3
9,2867.3
39,2867.4
45,2867.6
54,2868.0
38,2868.5
26,2868.6
7,2868.7
55,2869.0
17,2869.4
10,2869.5
25,2869.7
8,2869.9
44,2870.9
34,2871.0
5,2871.2
19,2871.8
40,2871.9
36,2872.5
50,2872.6
47,2873.0
6,2873.0
11,2873.3
0,2873.5
30,2873.7
14,2873.8
15,2873.9
52,2874.3
4,2874.4
29,2874.6
16,2875.1
57,2875.7
42,2876.3
41,2876.7
3,2876.8
56,2876.9
46,2877.0
45,2877.0
12,2877.1
53,2877.1
61,2877.3
22,2877.4
9,2877.9
49,2878.1
13,2878.4
23,2878.8
17,2879.2
1,2879.3
38,2879.4
31,2880.5
48,2881.3
8,2881.4
7,2881.8
19,2881.8
6,2882.6
51,2882.9
50,2883.4
60,2883.6
62,2883.9
29,2884.4
43,2884.7
14,2885.2
0,2885.9
30,2886.0
16,2886.9
58,2887.2
45,2887.4
12,2888.1
32,2888.3
33,2888.5
61,2888.5
36,2888.6
17,2888.8
42,2889.1
46,2889.3
9,2889.5
52,2889.8
44,2890.5
15,2890.6
40,2890.6
10,2890.9
54,2891.3
34,2891.4
3,2892.0
49,2892.0
11,2892.0
6,2892.4
1,2892.8
31,2892.9
23,2894.4
37,2894.5
5,2895.4
51,2895.6
4,2896.0
20,2896.0
0,2896.0
47,2896.4
38,2896.4
8,2897.3
26,2897.3
29,2898.4
61,2899.0
7,2899.2
45,2899.2
58,2899.6
56,2900.0
42,2900.3
9,2900.4
50,2900.5
33,2900.7
19,2900.7
12,2900.8
17,2901.2
34,2901.5
46,2901.5
52,2901.5
14,2901.6
32,2901.8
44,2901.9
62,2902.1
15,2902.2
60,2902.6
57,2903.4
49,2903.5
31,2903.6
28,2903.9
48,2904.6
53,2905.2
6,2905.4
36,2905.9
37,2906.0
22,2906.0
30,2906.1
4,2906.7
10,2907.1
3,2907.1
8,2907.5
13,2908.3
24,2908.3
16,2908.4
1,2909.5
47,2910.0
42,2910.1
38,2910.6
17,2910.8
9,2910.9
26,2910.9
21,2912.3
52,2913.0
45,2913.1
12,2913.2
15,2913.9
44,2914.4
34,2914.5
61,2915.0
57,2915.4
32,2916.0
31,2916.0
29,2916.3
51,2916.6
36,2916.9
13,2917.1
0,2917.3
8,2917.8
58,2918.8
5,2918.8
60,2918.8
46,2919.8
19,2919.9
42,2920.0
49,2920.1
1,2920.4
47,2920.6
33,2920.6
4,2920.7
48,2920.9
21,2921.2
27,2921.2
9,2922.0
38,2922.3
37,2922.5
30,2922.7
28,2922.9
17,2922.9
62,2923.1
22,2923.2
24,2923.2
26,2923.6
15,2923.6
23,2923.8
53,2924.3
3,2924.3
56,2924.5
29,2925.3
25,2925.6
31,2925.7
61,2926.3
50,2926.5
52,2926.6
51,2926.7
6,2927.5
0,2927.8
8,2928.6
5,2928.7
16,2929.0
13,2929.2
40,2929.4
44,2929.6
32,2930.8
19,2931.3
58,2932.1
4,2932.2
38,2932.5
21,2932.6
14,2932.9
11,2933.0
26,2934.0
12,2934.1
36,2934.3
2,2934.4
15,2934.4
57,2934.6
9,2935.3
46,2935.5
7,2935.5
28,2935.6
34,2935.9
27,2936.1
61,2936.3
47,2936.4
1,2936.5
25,2937.1
6,2937.1
23,2937.1
30,2937.6
51,2937.6
56,2937.8
29,2937.8
43,2938.0
10,2939.5
5,2939.7
3,2939.8
41,2940.4
50,2940.5
31,2940.5
60,2940.6
24,2941.2
52,2941.7
17,2942.2
44,2942.3
38,2942.7
0,2942.8
21,2943.4
26,2944.0
11,2944.3
59,2944.6
8,2944.9
14,2946.2
30,2946.8
16,2946.8
34,2946.9
36,2947.4
61,2947.5
19,2948.0
42,2948.0
15,2948.1
13,2948.3
56,2948.5
23,2948.5
54,2948.7
37,2948.8
12,2949.2
6,2949.5
2,2949.6
1,2949.6
41,2950.3
3,2951.3
28,2951.9
48,2951.9
38,2953.3
49,2953.5
51,2953.7
45,2953.7
0,2954.0
52,2954.4
58,2955.6
9,2955.7
16,2955.9
31,2956.2
44,2956.4
5,2956.5
29,2956.6
19,2957.9
8,2958.0
47,2958.1
61,2958.2
22,2958.4
60,2958.7
32,2958.7
13,2958.8
30,2958.9
46,2959.0
26,2959.0
50,2959.1
11,2959.1
25,2959.2
42,2959.2
41,2960.1
24,2960.8
6,2960.9
34,2961.0
15,2961.7
27,2962.1
7,2962.2
12,2962.5
3,2962.5
17,2962.7
37,2962.9
4,2963.0
14,2963.3
23,2963.4
59,2964.2
36,2964.5
52,2964.5
56,2964.7
51,2965.3
33,2965.4
38,2965.6
28,2966.0
31,2966.5
1,2966.5
29,2966.9
19,2967.0
48,2967.8
9,2968.5
0,2968.7
44,2968.8
30,2969.2
25,2970.4
53,2970.5
61,2970.8
58,2970.8
47,2970.9
46,2971.3
62,2971.6
41,2971.8
3,2972.4
8,2972.4
45,2972.5
50,2972.6
17,2972.7
15,2973.0
4,2973.3
13,2973.7
23,2974.0
37,2974.0
21,2974.6
51,2975.1
12,2975.2
6,2975.9
38,2976.0
7,2976.1
42,2976.6
52,2976.7
5,2978.0
29,2978.1
56,2978.5
2,2978.8
31,2979.1
19,2979.2
0,2979.4
14,2980.2
60,2980.6
44,2981.2
33,2981.5
48,2981.7
15,2982.6
50,2982.8
47,2982.9
22,2982.9
11,2983.1
17,2983.1
8,2983.7
40,2983.8
37,2984.1
57,2984.1
1,2984.5
4,2984.5
45,2984.6
34,2984.9
30,2985.1
13,2985.5
21,2986.2
3,2986.3
26,2986.6
58,2988.4
19,2988.6
61,2989.3
52,2989.5
27,2989.8
31,2989.8
12,2989.8
41,2989.9
9,2990.1
23,2990.3
38,2990.3
14,2990.8
16,2991.1
46,2991.2
28,2991.3
44,2991.4
56,2991.6
0,2991.6
53,2991.7
62,2992.1
47,2992.3
33,2992.4
34,2993.7
32,2993.8
5,2994.7
30,2995.0
29,2995.0
60,2995.1
45,2995.1
48,2995.5
8,2997.4
51,2997.5
1,2997.6
40,2998.1
36,2998.2
50,2998.3
31,2998.8
37,2998.9
11,2999.0
6,2999.6
