5,14.9
30,16.0
29,16.6
3,16.8
5,19.7
27,20.3
8,21.1
3,21.3
16,21.8
24,21.9
9,22.5
14,23.0
10,23.8
1,24.1
4,24.3
18,24.4
26,24.9
30,25.8
5,26.3
29,26.3
3,26.6
8,26.7
16,27.2
20,28.0
11,28.3
21,28.8
27,29.4
1,29.8
4,29.8
22,30.3
26,30.3
14,30.4
13,30.8
24,31.7
8,31.8
5,31.8
17,32.1
16,32.2
29,32.2
3,32.7
20,32.7
10,33.4
9,33.6
11,33.6
1,35.8
21,36.0
22,36.4
27,37.6
8,37.7
5,38.1
4,38.3
13,38.6
16,38.8
20,39.0
12,39.2
18,39.5
17,39.6
3,39.9
26,40.3
14,40.7
0,40.7
9,40.8
1,41.2
29,41.4
11,41.5
10,41.8
2,42.1
8,42.7
21,43.0
30,43.1
22,43.2
31,43.9
15,44.2
12,45.1
16,45.8
14,45.8
27,45.9
9,46.2
17,46.7
20,46.8
1,47.0
23,47.0
0,47.2
26,47.3
8,47.4
5,47.7
2,47.8
4,48.3
30,48.3
29,48.4
22,48.4
11,48.6
3,49.3
21,49.4
10,49.6
14,49.7
18,51.5
20,51.8
9,51.8
1,52.5
30,52.5
15,52.5
14,52.7
8,52.8
4,53.0
22,53.4
27,53.4
29,53.5
11,53.7
26,53.8
2,54.0
12,54.2
10,54.3
3,54.8
31,55.3
21,55.5
16,55.8
0,55.8
5,56.1
20,56.6
14,56.6
19,56.7
18,56.7
9,58.4
8,58.6
10,58.6
22,59.5
23,59.5
30,59.5
29,59.6
4,59.9
1,60.2
27,60.7
3,61.0
26,61.5
12,62.2
14,62.2
2,63.0
18,63.4
6,63.6
11,63.6
0,63.7
19,63.8
20,64.2
5,64.5
10,64.7
22,65.7
9,65.9
8,66.3
23,66.8
30,67.0
29,67.1
3,67.5
21,68.1
2,68.7
18,69.3
5,69.5
27,69.9
14,70.1
12,70.1
16,70.3
25,70.4
19,70.8
4,71.0
31,71.3
10,71.4
1,71.5
3,71.6
9,71.8
8,72.2
20,72.6
30,72.8
24,72.9
29,73.4
18,73.4
2,73.4
22,73.8
5,74.5
6,74.5
14,75.5
3,76.0
27,76.3
21,76.5
12,76.6
7,76.8
10,77.3
4,77.5
23,77.9
8,78.3
19,78.3
25,78.5
1,78.6
29,78.6
18,78.6
9,78.7
30,78.7
16,79.2
5,80.0
2,80.9
3,81.1
24,81.5
12,82.5
21,82.6
15,83.1
29,83.9
30,84.2
14,84.5
7,85.5
5,86.8
27,86.9
3,87.5
18,88.4
9,89.6
29,89.8
8,89.8
10,89.9
2,91.0
13,91.4
3,93.2
30,94.4
29,94.6
12,94.7
21,95.2
9,96.0
14,96.5
5,96.8
2,98.4
11,98.4
15,98.4
13,98.7
27,98.9
10,99.4
12,99.9
21,100.3
4,100.6
30,100.8
14,101.4
8,101.6
16,102.0
29,102.2
3,102.6
24,102.6
11,103.4
15,103.5
2,103.5
5,103.7
13,104.4
12,104.6
9,104.8
20,105.3
28,105.4
21,105.6
30,105.7
14,105.8
4,105.8
8,106.3
11,107.7
2,107.8
29,107.9
24,108.9
16,108.9
15,109.1
26,109.3
5,110.2
4,110.3
9,110.3
20,110.3
21,110.4
13,110.4
12,110.6
8,110.8
30,111.5
14,111.7
10,112.8
2,113.3
11,113.6
29,114.7
20,115.3
9,115.4
8,115.8
24,116.2
4,116.2
16,116.5
30,117.3
21,117.5
2,117.6
5,117.7
31,118.2
0,118.3
6,118.6
11,119.1
12,119.7
10,120.3
8,120.4
15,121.3
9,121.4
4,121.4
2,121.8
16,122.0
24,122.1
30,122.4
26,123.0
14,123.7
20,123.9
12,124.0
21,124.2
13,124.5
31,125.0
8,125.0
11,125.4
6,125.7
10,125.7
2,126.2
5,126.2
4,127.1
16,127.4
0,127.7
30,128.0
28,128.4
12,129.6
29,129.6
26,129.8
8,130.0
24,130.3
2,130.9
21,131.2
4,131.7
11,131.8
9,132.2
5,132.2
10,132.3
16,132.7
14,132.7
20,132.7
13,133.2
31,133.5
30,134.1
6,134.2
29,134.5
4,134.5
1,134.5
18,134.7
3,134.8
21,135.2
28,135.3
14,135.7
12,135.8
2,135.9
8,136.2
5,136.3
10,136.3
26,136.5
11,136.9
4,137.6
13,137.8
15,138.1
30,138.9
14,139.0
29,139.2
6,139.2
1,139.2
27,139.6
24,139.8
21,139.9
20,140.2
3,140.8
28,140.9
10,141.0
5,141.1
2,141.4
4,141.6
14,142.3
16,142.8
11,143.0
18,143.1
1,143.4
30,144.2
13,144.3
6,144.5
10,145.4
14,145.5
4,145.7
15,145.9
29,146.0
31,146.1
8,146.3
21,146.4
2,146.4
3,146.5
12,146.7
5,147.0
9,147.4
28,147.7
20,147.8
1,149.5
14,149.6
27,149.9
4,150.8
13,150.8
11,151.2
10,152.3
2,152.5
30,152.6
0,153.3
20,154.0
8,154.1
6,154.1
21,154.7
29,154.7
9,155.0
5,155.1
14,155.3
16,155.8
1,155.9
4,156.8
28,156.9
11,157.4
13,157.8
3,158.6
12,158.6
18,158.7
20,158.8
21,159.0
2,159.0
29,159.5
8,159.6
7,159.9
30,160.6
14,161.2
1,162.2
5,162.2
16,162.9
21,163.5
11,163.9
4,164.7
12,164.7
20,164.9
29,164.9
10,164.9
2,165.3
9,165.6
8,166.5
27,166.5
5,166.9
3,167.5
0,167.8
7,168.7
13,169.3
15,169.5
24,169.6
30,169.9
28,170.0
16,170.1
11,170.2
2,170.4
20,170.4
21,170.6
9,170.9
8,171.8
29,171.9
5,172.1
14,172.8
4,173.1
10,173.3
1,173.4
26,173.5
27,173.5
11,173.7
20,174.3
16,175.0
0,175.4
21,175.7
2,176.1
12,176.4
8,176.6
9,176.8
29,177.3
19,177.3
5,177.4
3,177.4
24,177.7
10,178.1
18,178.1
11,178.2
4,178.6
20,178.7
13,180.2
14,180.2
21,180.4
28,181.2
2,181.4
0,181.6
8,182.0
29,182.5
9,182.5
30,182.5
11,182.6
4,182.6
15,182.9
16,183.0
5,183.2
10,183.2
14,183.3
20,184.0
13,184.0
1,184.1
19,184.2
21,185.6
22,185.7
6,185.8
27,185.9
28,185.9
2,186.1
3,186.3
30,186.3
5,186.5
4,186.7
14,187.1
11,187.2
8,187.8
13,187.9
18,188.0
24,188.0
10,188.1
15,188.3
9,188.6
30,189.4
26,189.7
29,189.8
5,189.9
12,189.9
16,190.7
1,190.8
14,190.9
21,190.9
28,191.0
2,191.5
4,191.5
11,191.6
22,191.9
6,192.1
10,192.3
13,192.7
27,193.1
3,193.1
20,193.4
5,193.5
0,193.6
30,193.7
15,194.3
14,195.1
8,195.7
1,196.0
9,196.4
10,196.6
4,196.7
12,197.2
2,197.3
28,197.3
18,197.7
21,198.0
5,198.1
11,198.7
13,199.2
14,199.3
3,199.4
0,199.6
17,199.6
1,199.9
30,200.1
10,201.1
9,201.6
8,201.9
4,202.3
2,202.5
6,202.5
29,203.0
1,204.3
13,204.7
14,204.7
5,205.4
3,205.5
0,205.8
15,206.2
9,206.3
24,206.7
18,206.8
22,206.9
29,207.3
12,207.5
2,207.5
10,208.3
19,208.8
28,209.2
31,209.7
14,209.8
3,210.1
13,210.3
30,210.3
5,210.4
27,210.5
17,210.7
8,210.8
4,211.1
29,211.2
1,211.3
9,212.0
23,212.3
6,213.5
3,214.1
30,214.2
2,214.3
31,214.4
5,214.4
29,215.0
14,215.1
21,215.1
12,215.3
11,215.7
22,215.9
27,216.8
4,216.8
18,216.9
25,217.7
30,218.3
19,218.7
5,218.9
3,218.9
2,219.0
0,219.9
6,220.2
10,220.2
29,220.3
13,220.5
31,220.5
1,221.3
27,221.4
14,221.9
18,222.7
9,222.9
2,222.9
5,223.0
23,223.3
3,223.4
12,223.4
30,224.6
4,224.8
22,225.0
8,225.1
25,225.3
20,225.6
6,225.7
16,226.0
29,226.2
1,226.3
2,226.4
5,226.7
10,226.9
27,227.2
31,227.3
11,227.4
3,227.9
19,228.3
9,229.8
14,229.9
5,230.1
6,230.3
20,230.4
30,230.5
12,230.7
2,230.8
8,230.9
23,230.9
1,230.9
18,230.9
22,231.6
10,231.6
29,231.9
0,232.0
21,232.1
13,232.2
11,232.4
4,232.5
16,232.8
15,232.9
5,233.5
3,233.7
19,233.9
28,234.3
30,234.5
20,234.8
12,235.1
7,235.6
2,235.7
6,235.8
14,235.9
9,236.3
27,236.3
8,236.5
10,236.7
21,236.8
5,236.8
29,236.9
4,237.1
23,237.2
18,237.3
22,237.6
30,237.7
31,237.7
11,237.8
1,237.8
13,237.9
12,238.7
3,239.3
15,239.9
0,240.1
14,240.5
6,240.8
5,241.0
30,241.1
19,241.5
4,241.6
29,241.7
25,241.9
27,242.1
21,242.3
20,242.3
2,242.5
31,242.6
12,243.6
7,243.9
16,243.9
28,244.0
13,244.1
10,244.3
22,244.3
14,244.8
23,244.9
30,245.0
4,245.0
8,245.1
5,245.1
11,245.2
3,245.2
29,246.2
6,246.3
17,246.9
15,247.2
21,247.4
13,247.5
12,248.1
4,248.6
2,248.8
9,248.8
14,248.8
24,248.9
27,249.2
28,249.4
8,249.7
30,249.7
22,249.7
5,249.9
16,250.1
29,250.3
31,250.4
21,250.5
13,251.0
12,251.1
1,251.3
18,251.5
10,251.6
3,251.9
20,252.1
4,252.2
11,252.4
7,252.8
2,253.3
24,253.4
21,253.6
8,253.8
14,254.1
29,254.1
12,254.4
26,254.5
16,254.6
17,255.1
30,255.2
13,255.6
22,255.8
5,255.8
27,255.9
9,255.9
4,256.2
0,256.7
21,256.9
28,257.0
6,257.3
29,257.8
8,258.0
3,258.2
2,258.3
20,258.6
12,259.0
24,259.0
14,259.1
19,259.2
16,259.3
25,259.7
11,259.8
18,260.2
13,260.4
26,260.4
15,260.8
4,260.8
10,261.1
21,261.2
9,261.6
2,261.7
8,261.8
5,262.0
27,262.7
30,263.0
29,263.1
7,263.5
28,263.9
14,264.0
20,264.6
13,265.0
16,265.2
3,265.3
4,265.3
19,265.8
2,266.1
12,266.3
18,266.4
25,266.5
11,266.7
22,266.7
5,267.3
21,267.3
8,267.4
26,268.1
14,268.7
29,269.1
13,269.6
4,269.8
28,270.1
9,270.2
24,270.3
30,270.5
15,270.8
2,271.1
20,272.0
27,272.3
21,273.1
5,273.4
8,273.7
12,274.2
29,274.5
13,274.8
7,275.5
14,275.6
16,276.0
28,276.0
4,276.6
2,277.1
9,277.1
31,277.3
30,277.7
6,277.9
22,278.0
23,278.5
21,278.6
12,278.9
3,279.3
8,279.3
5,279.3
24,279.7
29,280.4
18,280.5
13,281.3
27,281.6
20,282.2
10,282.3
11,282.4
7,283.0
28,283.0
14,283.3
12,283.7
4,284.1
16,284.2
5,284.3
1,284.3
3,284.8
21,284.8
22,284.9
26,285.2
8,285.3
9,285.5
23,285.7
6,285.9
19,286.0
30,286.1
25,286.1
2,286.3
14,287.4
18,287.4
29,287.7
27,288.0
13,288.3
10,288.4
4,288.4
28,289.9
5,290.5
12,290.5
21,290.7
3,290.8
1,291.3
8,291.5
14,291.6
16,291.7
22,292.5
26,292.6
4,293.0
29,293.2
23,293.4
30,293.9
20,293.9
13,293.9
2,294.0
9,294.2
6,294.4
5,295.5
3,296.7
14,297.0
22,297.4
28,297.5
21,297.6
8,297.9
30,298.0
29,298.3
24,298.7
10,298.9
12,298.9
4,299.3
18,299.5
5,300.5
13,300.6
14,300.6
27,301.4
22,301.6
23,302.2
29,302.2
21,302.5
31,302.8
30,302.9
2,302.9
9,303.2
3,303.4
12,303.4
10,303.8
16,303.9
7,304.3
19,304.9
0,305.0
8,305.0
28,305.5
14,305.6
20,306.1
4,306.3
18,306.5
24,307.5
29,307.6
10,308.0
22,308.3
12,308.3
21,308.5
5,308.7
13,309.8
30,310.6
9,310.6
19,310.9
14,311.0
1,311.2
8,311.3
16,311.4
31,312.1
18,312.1
2,312.2
23,312.2
25,313.1
26,313.2
12,313.3
29,313.5
10,313.8
0,314.0
22,315.7
3,315.9
19,316.2
18,316.5
24,316.7
14,316.9
21,317.0
2,317.1
4,317.4
10,318.3
11,318.6
29,319.7
1,320.0
5,320.1
20,320.4
18,320.8
25,321.0
0,321.1
12,321.3
10,321.5
4,321.5
14,321.6
21,322.0
19,322.2
2,322.2
8,322.3
6,322.6
30,322.8
31,323.0
9,323.0
26,323.1
11,323.5
3,323.7
4,324.6
13,324.8
29,325.0
10,325.0
5,325.1
18,325.4
14,325.8
27,326.1
28,326.4
0,326.5
30,326.6
16,326.6
15,326.6
21,327.3
19,327.4
2,327.6
11,327.7
4,327.9
20,328.2
10,328.5
1,328.6
5,328.8
12,328.9
6,329.0
3,329.4
31,329.5
13,330.6
14,330.6
30,331.0
18,331.2
4,331.9
2,332.2
11,332.3
8,332.4
27,332.7
0,332.8
24,332.9
5,333.3
10,333.4
12,334.0
15,334.0
22,334.1
29,334.2
16,334.9
19,335.6
28,335.7
2,335.7
21,335.8
9,336.4
30,336.5
3,336.5
20,336.6
8,336.9
5,337.5
4,337.7
13,337.8
14,338.2
29,338.4
2,339.0
24,339.6
12,339.7
11,340.3
3,341.3
9,341.7
30,341.7
10,341.8
5,342.1
29,342.1
2,342.7
8,342.8
16,342.9
13,343.0
20,343.3
6,343.5
18,343.8
26,344.1
1,345.1
11,346.2
9,346.4
12,346.5
0,346.6
31,346.8
5,346.9
29,346.9
2,347.0
3,347.3
8,347.7
21,347.8
20,347.9
4,347.9
25,348.2
27,348.3
30,348.6
16,348.9
10,349.1
13,350.7
14,351.5
21,351.6
29,351.8
11,352.0
12,352.1
20,352.3
2,352.7
1,352.7
4,352.7
5,353.0
28,353.8
8,354.0
24,354.0
9,354.2
21,354.8
18,355.2
19,355.3
29,355.5
26,356.0
13,356.1
4,356.6
25,356.6
14,356.9
20,357.1
10,357.1
2,357.2
16,358.0
21,358.2
11,358.3
12,358.4
3,359.0
29,360.0
18,361.3
13,361.8
4,362.2
28,362.3
30,362.6
2,362.7
22,362.7
19,362.9
21,362.9
5,364.0
17,364.6
20,364.9
14,365.0
25,365.7
8,366.2
29,366.9
13,367.1
22,368.6
2,369.1
9,369.3
11,369.6
12,370.2
21,370.3
20,370.9
4,371.1
10,371.9
13,372.0
5,372.3
30,372.4
14,373.0
29,373.2
27,373.3
7,373.3
3,373.5
15,373.6
17,374.2
28,374.5
18,374.6
8,375.1
21,375.7
2,376.2
12,376.2
19,376.3
4,376.8
5,376.8
0,377.0
13,377.0
30,377.1
11,377.2
22,378.0
10,378.1
14,379.0
29,379.3
27,380.2
9,380.5
18,381.1
3,381.2
15,381.5
7,381.6
20,381.6
21,382.2
19,382.3
5,382.6
30,382.8
13,383.7
10,383.8
12,384.0
0,384.1
4,384.1
28,385.0
2,387.1
11,387.6
8,388.0
16,388.0
18,388.7
9,389.3
19,389.4
20,389.4
14,389.6
29,390.3
10,391.7
25,393.3
5,393.4
30,394.0
2,394.5
12,395.7
8,395.8
21,396.1
0,396.2
13,396.9
4,397.4
24,397.5
9,397.8
2,398.2
16,398.3
11,398.6
14,398.9
15,399.0
5,399.4
1,399.5
8,400.0
17,400.7
28,400.8
10,400.8
0,400.8
30,401.0
12,401.4
2,401.5
27,401.7
20,403.0
9,403.2
11,404.2
13,404.4
8,404.7
4,404.8
14,405.0
24,405.2
5,405.3
15,405.6
2,405.7
3,405.9
30,406.0
0,406.1
1,406.3
16,407.5
11,407.8
10,409.0
12,409.5
14,409.8
30,410.1
2,410.3
5,410.4
9,410.5
8,410.6
4,410.9
29,410.9
28,411.0
21,411.1
7,411.5
15,411.5
13,412.0
11,412.1
24,412.1
0,412.4
17,412.5
31,412.8
27,413.0
16,413.0
30,413.2
6,413.2
12,413.7
3,414.3
2,414.8
8,415.2
14,415.2
5,415.6
22,415.8
4,416.0
30,416.2
11,416.5
9,416.8
21,417.0
20,417.0
29,417.2
16,417.5
24,417.6
1,417.6
2,418.3
12,418.4
8,418.5
7,418.9
6,419.3
30,419.4
22,419.7
13,419.7
15,419.8
10,420.1
27,420.1
31,420.2
9,420.5
3,420.5
5,421.1
11,421.3
23,421.3
20,421.5
16,421.7
29,421.8
8,422.3
2,422.4
0,422.5
14,423.2
12,423.6
4,423.6
30,424.0
1,424.2
9,424.2
24,424.5
22,424.5
13,425.3
6,425.7
21,425.9
20,425.9
2,426.4
8,426.5
29,427.1
3,427.4
5,427.5
11,427.5
16,427.8
25,428.3
9,428.6
23,428.7
12,430.6
30,431.0
8,431.2
22,431.3
2,432.1
24,432.1
20,432.4
9,434.0
16,434.9
13,435.5
29,436.6
8,438.2
6,438.4
1,440.2
14,441.3
11,441.4
2,442.1
5,442.2
28,442.7
4,443.3
9,443.8
12,444.4
22,444.5
10,444.9
30,445.1
3,445.2
6,445.2
23,446.1
27,446.8
24,447.0
21,447.2
31,447.5
1,447.7
20,448.1
2,448.5
4,448.7
5,448.8
6,448.9
12,449.1
13,449.4
14,449.7
30,449.9
10,450.2
29,450.5
16,450.9
28,451.0
22,451.5
4,451.9
15,451.9
8,452.1
6,452.4
21,452.4
3,452.5
11,452.6
0,452.8
5,453.3
23,453.4
13,453.5
14,453.8
1,454.1
10,454.2
30,454.6
12,454.6
2,454.9
19,455.0
31,455.4
4,455.4
18,455.6
27,456.0
28,456.2
21,456.8
6,457.1
29,457.7
13,457.9
5,458.1
10,458.3
14,458.6
15,459.1
0,459.3
11,459.8
4,459.8
30,460.1
19,461.4
18,462.3
2,462.4
21,462.4
3,462.7
28,463.3
22,463.3
5,463.6
13,463.6
12,463.7
25,463.8
10,464.8
6,465.5
1,465.8
14,466.0
4,466.3
19,466.8
2,467.2
18,467.4
21,468.0
29,468.2
13,468.4
28,468.7
5,469.7
30,470.0
14,471.1
4,471.1
25,471.6
13,471.7
8,471.8
27,471.8
3,472.3
5,472.5
28,472.5
11,472.6
0,472.7
2,472.7
15,472.9
10,473.1
21,473.3
6,473.9
29,474.1
1,474.3
9,475.0
12,475.1
30,475.2
24,475.3
5,475.4
19,475.6
4,475.7
16,475.7
18,475.8
14,475.8
13,475.8
3,476.4
27,476.6
7,476.6
8,477.9
21,478.0
29,478.1
28,478.2
2,478.8
5,478.9
26,479.2
30,479.5
12,480.6
3,481.1
16,481.4
29,482.2
13,482.3
10,482.4
6,482.5
4,482.6
5,482.6
8,482.8
24,483.2
14,483.3
30,483.4
21,483.5
9,483.5
27,483.7
31,484.1
1,484.2
11,484.4
7,485.2
2,485.5
3,486.0
5,486.6
6,486.7
30,487.3
15,487.7
4,487.8
26,487.9
16,488.3
29,488.4
28,488.6
10,490.0
8,490.1
12,490.4
25,490.9
1,491.2
31,491.2
14,491.5
3,491.7
6,492.0
30,492.3
18,492.4
4,492.5
5,492.7
21,493.1
27,493.7
2,494.4
10,495.5
13,495.7
29,496.5
3,496.6
14,496.7
1,497.0
9,497.1
4,498.0
18,498.1
30,498.2
5,498.4
19,498.6
0,499.1
24,499.3
2,499.5
10,499.6
29,500.2
13,500.4
14,500.7
3,500.8
18,501.5
25,501.6
6,501.7
4,502.0
28,502.0
21,502.5
19,502.8
1,503.2
2,503.3
16,503.4
9,503.5
10,503.6
29,503.9
5,504.1
8,504.5
13,504.5
3,504.6
14,504.7
18,505.1
27,505.2
30,505.5
4,506.7
0,507.0
29,507.8
19,508.0
2,508.3
5,508.4
3,508.5
25,509.4
28,509.5
21,509.5
10,509.7
14,510.0
13,510.6
18,510.7
27,511.3
31,511.5
9,512.1
30,512.8
12,513.1
8,513.2
24,513.4
4,513.5
29,513.7
2,514.0
3,514.2
16,514.5
5,514.6
1,515.0
20,515.2
9,517.5
21,517.6
19,518.5
14,518.9
6,519.1
8,519.6
13,519.7
22,519.8
2,520.3
23,520.4
29,520.6
4,520.8
28,521.0
10,521.5
12,521.7
18,521.8
24,522.0
21,522.1
9,522.1
20,522.7
16,523.3
30,523.9
14,524.8
7,524.9
3,525.0
29,525.1
8,525.1
13,525.8
27,525.8
21,526.0
2,526.1
5,526.3
9,526.6
4,526.6
12,526.6
0,526.8
6,527.0
22,527.2
23,527.9
1,528.1
28,528.3
17,529.7
29,530.0
8,530.3
21,530.5
9,531.1
2,531.2
30,531.7
12,532.3
0,532.4
14,532.6
20,533.5
7,534.0
1,534.3
13,535.0
22,535.3
23,535.9
6,535.9
5,536.5
4,536.5
28,536.9
8,536.9
9,537.1
24,537.4
21,538.0
29,538.3
2,538.7
12,539.4
13,540.0
14,540.2
30,540.4
17,541.1
5,541.2
11,541.3
15,541.5
0,541.8
4,541.8
28,542.7
30,543.6
6,543.9
31,544.1
5,544.3
13,544.4
10,544.5
3,544.6
12,545.0
21,545.2
29,545.5
4,545.6
14,546.3
30,546.9
9,547.0
8,547.3
16,547.4
5,547.9
1,548.1
28,549.1
24,549.5
15,549.7
11,549.7
6,550.1
21,550.4
13,550.4
4,550.5
30,550.7
31,551.4
12,552.0
2,552.1
3,552.2
5,552.5
29,552.6
22,552.7
9,553.7
8,553.9
10,554.4
16,555.2
30,556.3
28,556.5
13,557.2
5,557.3
14,557.8
24,557.9
21,558.3
4,558.8
2,561.2
18,561.4
8,561.4
9,561.5
25,561.7
19,562.3
5,562.3
30,562.7
13,562.8
11,563.0
15,563.0
6,563.1
16,563.8
28,564.2
4,564.9
14,565.0
2,566.7
18,567.5
29,567.5
12,567.6
24,567.9
21,568.7
30,569.1
5,569.4
25,569.7
7,569.9
19,571.2
13,571.7
12,573.6
29,574.2
8,574.2
21,574.3
30,575.0
4,575.0
14,575.8
2,575.8
9,576.1
11,576.4
15,576.4
5,576.7
28,576.8
13,577.9
3,578.4
7,578.5
21,580.4
0,581.4
30,581.6
10,581.6
11,581.8
18,582.2
2,582.3
5,582.7
12,583.1
4,583.2
29,585.6
14,587.0
21,587.8
0,588.1
2,588.3
9,588.6
11,589.2
8,589.3
1,589.4
13,589.6
5,590.6
10,590.7
17,590.8
0,592.3
2,593.2
30,593.5
15,593.8
4,594.0
21,594.1
9,594.2
19,594.5
12,594.6
10,594.7
11,594.7
28,594.8
18,595.1
14,595.4
8,595.9
13,596.1
1,596.1
5,596.2
0,596.4
16,598.7
24,599.0
10,599.0
9,599.1
2,599.4
22,599.4
12,599.4
6,599.9
11,600.0
23,600.1
21,600.2
8,600.4
29,600.7
20,601.2
19,601.3
13,601.3
0,601.4
5,601.5
1,601.6
17,601.8
3,602.1
30,602.4
4,602.5
9,602.6
18,602.8
2,603.3
15,603.6
16,604.0
8,604.0
14,604.2
11,604.4
5,604.7
29,604.9
13,605.0
12,605.3
10,605.5
25,605.6
28,605.7
22,605.9
9,606.3
1,606.4
30,606.9
2,606.9
0,607.1
19,607.1
24,607.3
20,607.6
6,607.7
23,607.9
3,607.9
18,608.0
17,608.4
5,608.4
8,608.9
13,609.1
29,609.5
16,610.0
4,610.1
11,610.4
2,610.5
22,610.9
12,611.3
27,611.4
9,611.5
21,611.9
5,612.2
30,612.4
3,612.6
25,613.0
24,613.2
8,613.3
13,613.5
1,613.8
2,614.2
14,614.4
19,614.5
18,614.6
17,614.9
0,615.1
16,615.5
29,615.5
5,616.1
12,616.1
10,616.2
22,616.3
15,616.9
3,617.5
27,617.6
30,618.0
6,618.2
23,618.4
8,618.5
2,618.8
24,619.6
13,620.1
9,620.6
5,621.1
20,621.3
12,621.4
11,621.8
22,622.8
3,623.1
29,623.6
16,623.7
27,623.8
4,624.2
2,625.7
28,626.0
14,626.1
13,626.4
21,627.0
8,627.6
5,627.9
30,628.7
29,629.6
4,630.0
12,631.3
18,631.4
13,631.5
26,631.8
14,632.1
16,632.2
22,632.3
3,632.6
17,632.7
6,633.6
27,633.7
28,633.8
23,633.8
5,634.4
1,634.5
10,634.6
21,634.8
8,635.0
4,635.5
24,635.6
2,635.8
3,636.1
29,636.5
14,636.9
13,637.1
0,637.2
22,637.7
30,637.8
9,637.8
1,637.9
5,638.4
18,638.6
6,638.7
10,639.0
17,639.2
27,639.4
3,639.8
12,640.2
2,640.3
26,640.3
8,640.5
4,641.2
1,641.2
16,641.2
5,641.8
14,642.4
22,642.8
0,642.9
13,643.0
3,643.2
9,643.4
29,643.4
2,643.6
10,644.1
18,644.1
25,644.3
6,644.3
27,644.4
19,644.6
30,644.8
17,644.8
1,645.4
5,645.8
8,645.9
2,646.5
20,646.9
23,647.8
3,648.0
9,648.1
18,649.2
22,649.6
13,650.0
2,650.2
4,651.2
0,651.2
5,651.4
25,651.5
17,651.6
1,651.7
29,652.0
19,652.2
10,652.5
28,652.5
8,652.6
30,653.1
14,653.3
27,653.7
3,653.9
9,654.2
2,654.2
6,654.5
20,654.7
22,657.4
5,657.4
18,657.7
21,658.5
13,659.3
2,659.7
8,660.6
29,661.3
9,661.8
3,661.9
1,662.1
10,662.7
14,662.8
30,663.3
4,663.3
16,663.7
24,664.6
18,664.8
17,665.4
20,666.2
12,666.5
8,667.5
10,667.7
5,668.1
1,668.4
14,668.6
9,668.9
2,669.2
3,669.4
21,670.0
4,670.6
16,672.1
24,672.6
12,672.9
18,673.3
10,673.6
5,673.8
30,674.6
29,674.6
8,675.2
13,675.9
3,676.4
28,676.8
14,677.1
9,677.8
22,678.3
5,678.6
29,678.7
1,678.8
12,679.3
13,679.7
2,680.1
0,680.2
31,680.9
3,681.6
30,681.6
17,681.9
23,682.3
29,682.5
21,682.8
5,682.8
9,683.0
13,683.3
22,683.8
8,684.3
24,684.4
10,684.5
16,684.5
14,684.7
2,685.2
28,685.5
9,686.9
20,686.9
29,687.2
13,687.3
3,688.2
12,688.6
22,689.0
5,689.1
17,690.4
31,690.7
14,690.9
8,691.2
2,691.3
4,691.4
30,691.9
29,692.6
9,692.8
22,693.3
13,693.4
23,694.0
16,694.3
24,694.3
12,694.5
2,695.0
8,695.1
20,695.4
9,697.2
22,697.7
30,697.8
21,697.9
29,698.0
12,698.4
2,698.9
8,699.0
24,699.3
16,699.6
4,699.8
11,700.1
26,700.3
20,700.4
10,700.4
5,700.9
21,701.4
14,702.2
12,702.6
29,703.5
9,704.0
2,704.3
3,704.4
22,704.8
8,705.0
13,705.1
30,705.4
21,705.5
24,706.3
16,707.1
29,707.1
5,707.2
20,707.8
2,708.5
9,708.6
12,708.7
18,709.0
10,709.8
4,710.1
3,710.2
25,710.6
29,710.8
19,710.9
13,711.3
8,711.3
30,711.5
21,711.5
2,712.1
5,713.2
9,713.4
11,714.4
18,714.8
24,714.8
29,715.0
16,715.7
26,716.4
2,716.4
21,716.6
3,716.6
22,716.7
12,716.8
31,717.2
13,717.6
20,717.7
29,717.9
30,718.2
7,718.9
4,718.9
25,719.0
9,719.3
21,719.7
19,720.1
12,720.7
29,720.9
2,721.7
10,722.0
21,722.6
14,723.0
11,723.4
8,724.1
12,724.2
29,724.2
5,724.3
20,725.0
30,725.1
18,725.8
13,725.8
3,725.9
21,726.0
26,726.1
22,726.1
31,726.9
23,727.1
7,727.3
4,727.7
14,728.3
12,728.4
29,728.6
9,728.9
11,730.0
10,730.1
21,730.1
15,730.1
2,730.2
30,731.0
14,732.9
12,732.9
29,733.4
22,734.6
31,735.6
3,736.0
2,736.2
21,736.3
5,736.4
13,736.7
10,736.7
1,736.8
30,737.0
11,737.0
6,737.1
14,737.5
29,737.8
12,738.0
9,738.0
27,738.4
15,738.5
23,739.0
2,741.3
3,741.8
10,742.1
5,742.8
29,743.1
6,743.4
13,743.5
1,743.5
21,743.7
14,744.7
12,744.8
9,745.0
2,746.3
22,747.4
29,747.6
3,747.9
31,748.2
27,748.2
30,748.3
11,748.8
21,750.3
10,750.3
5,751.2
14,751.5
23,751.7
6,751.8
1,752.0
2,752.3
13,752.3
12,752.5
3,754.4
20,754.6
29,754.8
15,756.6
14,756.8
30,757.0
9,757.9
11,757.9
27,758.3
10,758.7
5,760.1
2,760.4
6,760.9
21,761.3
1,762.0
3,763.7
22,764.1
14,765.4
5,765.5
10,766.0
2,766.2
12,766.9
13,767.3
8,767.9
6,768.1
27,768.2
16,768.8
28,769.0
24,769.3
1,769.5
11,769.7
29,769.9
5,770.3
2,770.9
30,771.2
20,771.6
8,771.9
12,772.6
9,773.1
0,773.4
16,773.5
1,773.7
5,774.5
3,774.6
11,774.8
21,775.2
2,775.3
8,775.7
20,775.8
17,775.8
4,776.0
13,776.0
29,776.7
27,777.2
24,777.3
26,777.4
1,777.5
5,777.9
10,778.1
9,778.4
12,779.0
6,779.1
2,779.2
3,779.3
0,779.3
28,779.5
14,779.7
16,779.8
21,780.0
11,780.4
8,780.5
29,780.6
20,781.2
1,781.8
5,781.9
22,781.9
31,781.9
27,782.1
7,782.4
30,782.9
12,783.4
29,784.1
3,784.1
2,784.1
23,784.4
21,784.7
8,785.1
17,785.1
13,785.4
16,785.5
4,785.6
5,785.8
26,785.9
22,786.9
30,787.1
12,787.2
14,787.3
24,787.4
9,787.5
10,787.9
29,788.0
11,788.1
1,788.4
6,788.6
2,788.8
0,789.1
8,789.2
3,789.5
15,789.8
27,789.9
5,790.3
17,790.5
16,790.6
21,790.6
7,790.6
13,791.3
30,791.3
20,791.4
12,792.0
14,792.0
29,792.1
22,792.3
26,792.3
9,793.8
2,793.9
8,793.9
4,794.1
31,794.2
1,794.5
28,794.7
21,794.7
14,794.7
30,795.1
11,795.1
29,795.2
13,795.3
0,795.4
5,795.7
15,796.1
12,796.3
17,796.8
23,797.1
7,797.5
14,797.8
4,798.3
16,798.4
3,798.7
22,799.1
30,799.1
8,799.2
21,799.3
13,799.3
29,799.4
9,799.5
24,799.7
28,800.4
11,800.4
2,800.5
14,801.1
5,801.1
0,801.2
10,801.3
15,801.9
1,802.1
19,802.1
12,802.3
4,802.6
18,802.7
13,803.7
30,803.8
8,804.7
29,804.8
16,805.1
14,805.4
9,806.0
17,806.0
11,806.2
26,806.4
21,806.6
22,806.6
10,806.9
5,807.0
0,807.2
13,807.5
28,807.6
24,807.8
20,807.9
4,807.9
19,808.8
1,808.9
8,809.0
16,809.7
14,809.9
27,810.4
29,810.7
30,811.2
18,811.4
31,811.4
2,811.4
11,811.6
15,811.8
13,812.5
5,812.7
8,812.9
9,813.6
21,813.8
16,814.1
20,814.2
26,814.3
3,814.5
12,814.8
4,814.9
22,815.0
6,815.7
1,815.8
7,816.1
17,816.7
14,816.8
10,816.9
27,816.9
28,817.1
0,817.8
13,817.8
5,817.9
8,818.1
11,818.4
2,818.8
16,819.0
19,819.9
24,820.1
25,820.5
18,820.6
29,821.1
22,821.2
26,821.7
3,822.4
2,822.9
5,823.3
11,824.0
10,824.1
27,824.5
13,825.2
8,825.4
0,825.5
2,826.5
18,826.6
19,826.7
20,826.8
30,826.9
9,827.0
16,827.3
3,827.8
29,827.8
21,828.2
25,828.4
5,828.7
4,829.2
17,829.5
13,830.2
2,830.6
11,830.7
14,830.8
8,831.5
24,831.5
9,831.7
1,831.8
28,832.6
5,832.6
29,832.6
27,832.7
16,832.8
13,833.7
3,833.9
10,834.3
22,834.4
20,834.9
4,835.8
21,836.0
2,836.4
5,836.6
14,836.6
11,836.9
29,837.4
13,837.5
28,837.6
8,837.7
0,838.5
16,838.7
9,839.0
3,839.4
1,839.5
18,839.8
5,839.8
27,840.2
30,840.8
29,841.2
13,841.4
20,841.4
19,841.6
24,841.6
2,842.7
10,842.7
8,842.9
14,843.0
4,843.2
11,843.3
5,843.3
9,844.1
16,844.2
28,844.4
3,844.4
30,844.4
21,844.5
29,844.8
0,845.5
15,845.6
18,846.3
12,846.4
13,846.5
22,846.6
7,847.6
19,847.6
30,847.9
5,848.1
10,848.6
29,848.8
14,848.9
11,849.8
21,849.9
2,850.6
3,850.9
9,850.9
30,851.1
13,851.8
8,851.8
12,852.2
22,852.3
1,852.4
29,852.5
15,853.3
16,853.6
24,854.5
14,854.7
5,854.8
2,854.9
0,855.1
30,855.3
25,855.5
27,855.7
7,855.8
20,855.9
18,856.1
21,856.6
19,856.8
12,856.9
29,857.7
11,857.7
8,857.7
2,858.3
9,859.4
13,859.7
16,860.1
10,860.1
24,860.7
3,861.4
18,861.6
30,861.6
2,861.9
22,862.0
25,862.1
12,862.4
21,862.6
19,863.1
5,864.9
8,865.2
29,865.3
2,865.6
14,865.7
1,866.2
6,866.3
7,867.0
12,867.4
21,867.5
10,867.7
28,867.9
27,868.1
3,868.5
30,868.5
4,869.7
2,869.7
18,869.8
5,870.1
16,871.1
25,871.1
29,871.2
19,871.6
6,872.5
30,872.7
1,872.7
24,873.0
22,873.6
3,873.6
21,873.7
2,873.8
12,873.9
10,874.0
5,874.4
11,875.2
29,875.4
20,876.1
13,876.3
30,876.4
21,877.1
26,877.4
4,877.6
18,877.7
12,877.9
27,877.9
5,878.1
7,878.3
29,878.7
2,878.9
28,879.3
22,879.4
25,879.7
3,880.0
19,880.2
10,880.3
30,880.4
21,880.7
8,882.8
12,883.2
5,883.3
6,883.5
29,883.5
11,884.1
1,884.4
20,884.4
18,884.6
2,884.6
30,884.7
4,884.8
21,885.1
13,886.1
9,886.3
31,886.5
25,886.9
7,887.3
29,887.4
26,888.0
19,888.0
12,888.4
30,888.4
28,888.5
5,888.7
4,889.1
22,889.4
21,889.4
2,889.6
6,889.7
3,889.7
18,890.1
10,890.1
14,890.3
29,891.0
13,891.9
1,892.6
30,892.9
4,893.0
20,893.2
11,893.4
9,893.9
14,894.1
21,894.2
29,894.4
31,894.5
2,894.6
3,894.9
18,895.7
10,896.0
15,896.1
0,896.3
12,897.0
1,897.1
8,897.2
13,897.5
4,897.5
30,897.6
26,897.8
5,898.1
9,898.5
17,898.5
29,898.7
25,899.1
6,899.1
14,899.1
2,899.2
11,899.6
21,900.2
30,901.3
20,901.3
4,901.5
0,902.0
31,902.2
1,902.2
8,902.7
3,902.8
14,903.1
29,903.2
19,903.4
9,903.4
7,903.5
21,904.1
26,904.1
13,904.2
15,904.2
16,904.8
2,904.9
4,905.0
30,905.2
28,905.4
11,905.5
18,905.6
10,905.6
6,906.3
12,906.3
29,906.8
14,907.2
21,907.3
17,908.3
8,908.7
4,908.7
31,909.6
30,909.6
13,909.7
26,910.2
1,910.3
21,911.2
29,911.3
9,911.4
0,911.8
14,912.1
7,912.6
12,912.7
16,913.3
4,914.0
28,914.1
2,914.5
22,914.7
20,914.8
30,914.8
29,915.2
21,915.3
6,915.7
5,915.7
3,915.8
27,916.3
31,916.5
11,916.7
14,916.9
8,917.2
10,917.3
23,917.6
1,917.6
12,917.8
13,919.3
29,919.6
9,919.7
24,919.7
5,919.9
3,920.2
27,920.9
16,921.0
30,921.2
2,921.3
21,921.8
6,922.0
14,922.5
22,922.8
5,923.6
4,923.6
1,923.7
26,923.7
31,923.8
10,923.9
3,924.0
29,924.3
8,924.4
12,924.7
7,924.9
30,926.6
9,926.8
27,926.9
18,926.9
14,927.0
5,927.7
24,928.0
3,928.0
16,928.1
1,928.2
10,928.9
2,929.0
6,929.5
29,929.7
4,929.8
11,930.0
8,930.2
20,930.3
14,932.1
5,932.4
1,932.6
9,932.9
3,933.5
16,933.8
21,934.5
20,934.6
30,934.8
2,934.8
8,935.0
18,935.6
10,935.7
22,935.8
13,936.2
11,936.9
12,937.5
17,937.8
5,937.8
1,938.2
23,938.7
27,938.9
29,938.9
4,939.0
24,939.0
2,939.1
16,939.1
0,939.2
19,939.3
8,939.3
14,940.2
20,940.4
10,940.4
9,940.5
22,941.6
18,941.7
13,942.6
8,942.9
2,942.9
12,943.0
3,943.1
16,943.7
24,943.8
5,945.0
19,945.6
21,945.8
9,945.8
10,945.8
27,946.2
0,946.5
30,946.5
29,946.7
17,946.7
7,946.8
8,947.4
20,947.5
12,947.7
2,948.1
18,948.2
1,949.0
3,949.2
22,950.2
16,950.2
24,950.3
14,950.6
10,950.7
21,951.4
5,951.7
11,951.7
4,951.8
12,952.7
27,953.1
29,953.1
19,953.9
9,953.9
7,954.1
18,954.1
13,954.3
30,954.4
8,954.4
6,954.6
3,955.3
1,955.4
14,955.5
10,955.8
4,956.5
2,956.9
5,957.8
15,958.4
12,958.8
0,958.9
21,959.2
28,959.4
11,960.2
14,960.2
13,960.4
30,960.5
10,961.0
4,961.5
18,962.3
5,963.3
12,964.3
16,964.6
29,964.8
1,964.9
3,964.9
30,965.7
21,966.0
15,966.0
14,966.1
10,967.3
13,967.5
4,968.0
8,968.0
5,968.1
24,968.2
20,968.8
19,969.0
11,969.8
18,970.1
0,970.3
27,970.3
30,970.3
12,970.4
3,970.6
28,971.2
29,971.5
10,971.7
5,972.2
31,972.8
6,973.2
4,973.5
21,974.0
30,974.3
2,974.7
19,975.2
3,976.0
27,976.5
10,976.7
14,977.0
12,977.1
5,977.3
18,978.0
9,978.8
30,979.5
4,979.5
0,979.9
6,980.2
29,980.4
21,981.0
31,981.3
10,981.5
1,981.7
3,981.7
5,982.0
27,982.8
20,982.8
11,983.0
2,983.1
22,983.9
26,984.2
30,984.2
4,985.0
13,985.3
29,985.9
21,986.1
6,986.1
5,986.3
3,986.5
10,987.1
27,987.5
12,987.6
1,988.2
30,989.4
2,989.7
22,989.8
19,990.5
5,991.6
20,992.2
3,992.2
27,993.2
6,993.2
4,993.5
21,993.8
29,994.5
10,994.7
11,994.8
14,995.6
13,996.7
28,997.3
30,998.3
5,998.3
4,998.9
1,999.3
21,999.7
3,999.7
22,1000.6
29,1000.6
27,1000.9
14,1001.0
2,1001.5
0,1002.8
9,1002.8
13,1003.0
8,1003.1
12,1003.7
31,1004.5
4,1004.5
28,1004.7
14,1005.2
17,1005.4
29,1005.5
1,1005.7
21,1006.0
23,1007.7
2,1008.3
9,1008.4
0,1008.8
8,1010.1
22,1010.4
10,1010.9
14,1011.0
5,1011.7
13,1011.9
29,1012.1
19,1012.6
18,1012.8
1,1012.9
12,1013.0
4,1013.6
0,1013.7
31,1013.9
11,1014.0
2,1014.9
20,1015.3
10,1015.3
16,1015.6
5,1016.5
8,1016.7
19,1017.0
18,1017.3
17,1017.3
14,1017.4
3,1017.6
25,1017.7
30,1017.8
29,1018.1
22,1018.3
9,1018.3
11,1018.5
21,1018.6
2,1018.8
0,1019.0
1,1019.1
13,1019.9
5,1020.5
23,1020.8
10,1021.0
28,1021.3
6,1021.4
20,1021.7
19,1022.2
8,1022.3
18,1022.3
2,1022.6
16,1023.0
17,1023.0
29,1023.4
0,1023.4
11,1023.8
22,1023.9
1,1024.0
30,1024.1
9,1024.2
5,1024.7
25,1024.7
3,1025.4
10,1025.4
4,1025.5
13,1026.1
2,1026.2
19,1026.5
21,1026.5
18,1026.6
12,1027.0
20,1027.1
26,1027.6
29,1027.7
0,1027.7
22,1028.0
11,1028.2
30,1028.3
5,1029.1
8,1029.9
14,1030.2
10,1030.2
19,1030.3
17,1030.4
2,1030.5
21,1030.7
18,1030.8
29,1031.0
27,1031.3
4,1031.9
7,1031.9
30,1031.9
25,1032.0
0,1032.2
1,1032.6
22,1032.7
20,1033.2
31,1033.2
12,1033.3
11,1033.6
3,1033.8
21,1034.5
29,1034.6
9,1034.8
5,1035.0
2,1035.3
10,1035.5
30,1035.6
19,1035.7
18,1036.2
26,1037.1
22,1037.7
13,1037.9
6,1037.9
1,1038.0
16,1038.0
11,1039.0
20,1039.3
5,1039.4
29,1039.4
21,1039.4
8,1039.6
0,1039.8
7,1040.0
2,1040.4
3,1040.4
12,1040.6
27,1041.1
30,1041.1
10,1041.2
4,1041.3
1,1042.7
5,1043.6
25,1044.0
6,1044.1
11,1044.7
19,1045.5
2,1045.7
20,1045.8
16,1045.8
14,1045.9
22,1046.0
13,1046.2
30,1046.4
8,1046.7
29,1046.9
18,1047.0
4,1047.3
5,1047.5
1,1047.6
15,1047.6
3,1047.7
21,1047.9
10,1048.0
28,1048.7
26,1049.0
11,1049.8
17,1050.5
16,1051.7
5,1051.7
30,1052.0
13,1052.0
14,1052.5
8,1052.9
4,1053.1
27,1053.4
20,1054.2
6,1054.7
2,1054.9
1,1055.9
0,1056.3
15,1056.4
26,1056.4
11,1056.8
5,1058.0
16,1059.9
12,1060.6
10,1060.6
30,1060.7
8,1061.4
13,1062.0
2,1062.3
11,1062.5
28,1062.7
0,1063.0
29,1063.3
4,1063.7
19,1063.9
26,1064.1
18,1064.4
5,1064.4
14,1064.8
10,1064.8
3,1066.3
1,1066.7
6,1067.2
2,1067.7
27,1068.6
0,1068.6
10,1068.9
16,1069.6
5,1069.6
11,1069.7
19,1070.3
8,1071.3
18,1072.0
22,1072.1
2,1072.1
26,1072.4
10,1073.5
25,1074.4
5,1074.6
1,1075.1
6,1075.4
0,1075.4
3,1075.5
2,1075.6
19,1075.9
18,1077.1
13,1077.2
11,1077.4
28,1078.0
5,1078.2
9,1078.2
27,1078.4
2,1078.5
8,1078.6
20,1078.6
10,1078.7
30,1079.1
21,1079.1
4,1079.2
14,1079.5
1,1080.0
0,1080.0
15,1080.6
16,1080.6
19,1080.8
18,1081.4
2,1081.5
25,1081.6
5,1081.7
11,1082.1
17,1082.3
8,1082.4
13,1082.5
9,1083.1
10,1083.5
20,1083.6
28,1083.9
0,1084.0
26,1084.1
1,1084.1
2,1084.6
5,1084.7
6,1084.9
30,1085.2
4,1085.2
19,1085.3
3,1085.5
8,1085.7
16,1085.7
18,1085.8
14,1086.3
11,1086.4
9,1087.3
29,1087.4
20,1087.8
5,1087.8
13,1087.9
21,1088.0
2,1088.5
0,1088.9
1,1088.9
15,1089.0
10,1089.1
8,1090.0
30,1090.3
5,1091.2
19,1091.5
17,1091.5
28,1092.0
9,1092.1
3,1092.4
11,1092.4
4,1092.5
25,1092.5
29,1092.6
20,1092.8
2,1092.8
18,1092.9
16,1092.9
26,1093.3
21,1093.5
0,1093.7
1,1094.1
27,1094.9
8,1094.9
5,1094.9
30,1095.2
12,1095.7
29,1096.3
7,1096.3
20,1097.3
21,1097.4
13,1097.6
9,1097.8
2,1097.9
10,1097.9
3,1098.1
11,1098.2
4,1098.2
14,1098.3
30,1098.8
5,1099.5
8,1099.7
12,1100.1
6,1100.2
29,1100.4
15,1100.9
31,1100.9
0,1101.1
27,1101.3
2,1101.6
16,1101.9
19,1102.0
21,1102.0
30,1102.2
26,1102.3
18,1102.4
4,1102.4
20,1102.5
1,1102.5
24,1102.5
14,1102.8
22,1102.8
10,1103.0
11,1103.5
23,1104.0
12,1104.0
3,1104.2
8,1104.3
5,1104.4
9,1104.5
7,1104.8
6,1105.1
2,1105.2
13,1105.2
30,1105.5
4,1105.9
14,1106.0
28,1106.2
17,1106.3
10,1106.4
15,1106.4
0,1106.5
29,1106.7
18,1106.9
11,1106.9
19,1107.9
20,1108.0
12,1108.1
1,1108.1
2,1108.5
8,1109.0
30,1109.1
5,1109.1
31,1109.1
16,1109.2
21,1109.4
24,1109.5
14,1109.6
4,1109.8
22,1109.9
10,1110.0
6,1110.4
3,1110.9
11,1111.1
9,1111.4
23,1111.5
15,1112.0
13,1112.1
0,1112.3
30,1112.3
2,1112.8
18,1113.0
4,1113.2
14,1113.4
12,1113.7
29,1113.8
5,1113.8
27,1114.3
10,1114.6
11,1114.9
8,1115.5
28,1115.7
20,1116.0
19,1116.1
30,1116.4
2,1116.6
6,1116.7
13,1116.8
1,1116.9
9,1117.1
0,1117.2
31,1117.2
3,1117.5
22,1117.9
4,1118.0
29,1119.0
10,1119.0
18,1119.3
14,1119.3
30,1119.7
5,1119.9
11,1120.2
15,1120.8
2,1121.1
13,1121.8
6,1121.9
22,1122.0
12,1122.3
23,1123.2
30,1123.5
4,1123.7
9,1124.0
0,1124.7
10,1124.9
19,1124.9
21,1125.2
31,1125.4
29,1126.5
16,1126.7
3,1127.2
18,1127.3
22,1127.4
2,1127.9
24,1128.7
30,1129.2
14,1129.3
6,1129.5
8,1129.7
11,1129.9
5,1130.8
13,1131.0
10,1131.2
4,1131.9
19,1132.6
0,1132.8
9,1133.1
28,1133.8
12,1133.9
29,1133.9
14,1134.8
21,1134.8
18,1135.5
16,1136.4
13,1136.5
10,1136.8
4,1137.2
22,1137.3
24,1137.6
8,1137.7
30,1139.1
19,1139.2
0,1140.0
2,1140.4
29,1140.9
9,1141.0
14,1141.6
10,1142.5
28,1142.5
18,1142.6
21,1143.5
13,1144.8
16,1145.0
1,1145.0
8,1145.2
4,1145.7
20,1146.7
11,1146.7
0,1146.8
9,1146.8
24,1147.1
2,1147.7
19,1147.8
5,1148.1
29,1148.4
23,1148.4
17,1149.6
3,1149.6
1,1149.7
8,1149.7
13,1150.5
9,1150.8
16,1151.2
0,1152.0
2,1152.2
20,1152.8
10,1152.9
11,1153.3
29,1153.5
1,1153.8
6,1153.9
8,1154.3
5,1154.4
14,1155.2
9,1155.2
3,1155.7
2,1156.2
13,1156.9
27,1157.7
1,1158.3
10,1158.7
12,1159.5
5,1159.6
0,1159.8
21,1160.1
6,1160.3
29,1160.5
3,1160.6
2,1160.6
16,1160.7
17,1161.3
8,1161.5
20,1161.7
4,1161.9
9,1162.2
30,1162.2
22,1162.3
11,1162.5
27,1162.8
14,1162.8
5,1163.1
1,1163.8
10,1163.9
29,1164.0
31,1164.0
3,1164.3
12,1164.4
21,1164.6
26,1164.8
23,1166.4
5,1166.9
2,1167.0
29,1167.7
18,1167.7
20,1168.0
30,1168.6
27,1168.6
3,1168.9
10,1168.9
6,1169.0
4,1169.1
19,1169.5
0,1169.6
13,1169.7
11,1170.1
21,1170.2
14,1171.0
12,1171.0
29,1171.7
5,1171.9
22,1172.3
31,1172.9
10,1173.3
1,1173.4
18,1174.8
8,1175.1
9,1175.1
0,1175.5
19,1175.5
2,1175.6
3,1175.8
12,1176.1
21,1176.6
11,1176.9
10,1177.1
23,1177.1
29,1177.2
5,1177.2
30,1178.3
27,1178.8
12,1179.5
14,1179.9
2,1180.6
21,1181.0
10,1181.3
0,1181.3
16,1181.4
29,1181.5
7,1181.5
3,1181.7
18,1182.1
19,1182.1
20,1182.2
24,1182.2
8,1182.4
5,1182.6
12,1182.9
13,1183.1
26,1183.9
2,1183.9
9,1184.3
11,1184.4
4,1184.6
27,1185.0
29,1185.2
21,1185.6
30,1185.8
10,1185.8
12,1186.3
3,1186.4
2,1187.2
0,1187.4
5,1187.9
22,1187.9
16,1188.7
13,1189.0
24,1189.1
8,1189.1
31,1189.2
29,1189.5
7,1189.6
12,1191.2
9,1191.6
2,1191.9
11,1192.1
21,1192.7
10,1193.0
3,1193.4
27,1194.3
29,1195.0
13,1196.2
2,1196.6
5,1196.8
0,1198.2
30,1198.3
9,1198.4
3,1199.2
11,1199.3
12,1199.5
8,1200.1
2,1200.2
10,1200.3
19,1200.5
29,1200.8
21,1200.8
13,1200.9
20,1201.0
27,1201.3
22,1201.4
6,1201.5
4,1202.9
9,1203.0
31,1203.1
5,1203.3
17,1203.3
30,1204.1
2,1204.2
3,1205.3
13,1205.3
6,1206.2
10,1206.8
1,1207.2
22,1207.2
29,1207.3
2,1207.6
9,1208.1
20,1208.2
27,1208.3
8,1208.3
5,1208.4
21,1208.5
11,1208.6
0,1208.7
16,1209.3
31,1210.2
4,1210.3
30,1210.6
24,1210.7
3,1211.1
2,1211.2
13,1211.2
14,1211.3
6,1211.4
10,1211.8
5,1212.4
17,1212.8
27,1213.2
11,1213.5
1,1213.9
15,1214.1
30,1215.0
2,1215.3
22,1215.4
6,1215.6
3,1215.8
9,1216.3
4,1217.0
5,1217.0
31,1217.1
12,1217.8
8,1217.9
27,1218.1
0,1218.1
10,1218.2
20,1218.4
14,1218.4
2,1218.6
30,1219.0
11,1219.6
1,1219.8
29,1220.1
24,1221.0
16,1221.0
6,1221.1
9,1221.6
3,1221.7
17,1222.0
15,1222.2
2,1222.3
8,1222.3
13,1222.8
5,1223.6
12,1223.7
0,1223.7
30,1224.6
1,1225.4
21,1225.7
14,1226.0
2,1226.1
4,1226.2
27,1226.7
8,1227.0
31,1227.0
9,1227.5
24,1228.5
10,1228.7
11,1228.7
6,1229.1
16,1229.4
3,1229.9
5,1230.1
2,1230.2
1,1230.7
0,1231.5
12,1232.0
17,1232.4
8,1234.6
30,1234.8
27,1235.3
2,1235.9
10,1236.2
6,1236.6
14,1236.8
1,1236.8
3,1237.2
4,1237.7
5,1238.5
9,1238.6
18,1238.8
10,1240.4
2,1240.6
1,1240.7
22,1241.9
3,1242.2
14,1242.3
20,1242.6
6,1242.7
8,1243.1
27,1244.3
2,1244.3
10,1244.5
4,1244.7
5,1244.8
11,1244.9
0,1245.3
9,1245.4
1,1245.5
18,1246.5
14,1247.8
2,1248.3
3,1248.7
20,1248.9
10,1249.1
8,1250.2
4,1251.1
29,1251.4
21,1251.7
11,1251.7
5,1252.3
1,1252.4
9,1252.7
2,1253.1
20,1254.1
26,1254.1
0,1254.2
10,1254.6
6,1255.2
30,1255.5
12,1255.6
21,1255.8
29,1255.9
11,1256.3
14,1256.7
4,1257.2
7,1257.3
5,1257.7
13,1258.7
2,1259.2
21,1259.5
15,1259.7
28,1259.9
30,1260.2
29,1260.6
3,1260.6
12,1261.6
11,1261.6
20,1262.0
9,1262.6
31,1262.8
4,1262.9
10,1263.3
14,1263.3
21,1263.6
6,1263.6
18,1263.6
13,1263.9
30,1263.9
5,1264.3
2,1264.6
29,1264.7
8,1265.3
7,1265.7
15,1267.4
11,1267.4
30,1267.9
4,1268.1
3,1268.6
0,1268.7
13,1268.7
21,1268.7
29,1268.8
9,1269.1
28,1269.2
14,1270.0
1,1270.3
31,1270.4
20,1270.5
6,1270.8
26,1270.8
2,1271.0
12,1271.4
5,1271.6
29,1273.3
11,1273.6
21,1273.7
4,1273.7
30,1274.2
10,1275.9
13,1277.0
2,1277.4
3,1277.4
5,1277.6
6,1277.7
20,1278.1
1,1278.6
27,1279.2
11,1279.6
29,1279.6
21,1280.7
10,1281.0
14,1281.1
0,1281.6
2,1281.8
30,1281.9
4,1282.1
15,1282.4
5,1282.4
9,1282.7
6,1283.5
3,1284.1
11,1284.7
26,1284.7
1,1285.0
30,1285.9
22,1286.1
31,1287.0
10,1287.3
14,1287.4
2,1287.7
6,1288.4
29,1288.4
4,1288.8
12,1289.1
5,1289.2
27,1289.4
30,1289.5
22,1290.5
11,1291.1
31,1291.8
0,1292.6
23,1293.1
2,1293.3
10,1293.5
30,1293.9
6,1294.1
14,1294.2
3,1295.8
4,1296.1
5,1296.6
11,1296.9
15,1297.0
22,1297.1
29,1297.3
21,1297.5
1,1297.8
30,1298.3
14,1298.3
31,1298.4
12,1299.0
20,1299.3
8,1301.0
11,1301.3
10,1301.4
16,1301.6
0,1302.1
2,1302.9
19,1303.0
29,1303.5
5,1303.5
18,1303.5
13,1303.6
20,1304.0
14,1304.1
4,1304.1
30,1304.3
22,1304.4
1,1305.0
21,1305.0
6,1305.2
11,1305.5
23,1305.7
26,1306.3
10,1306.5
19,1308.3
31,1308.4
20,1308.6
15,1308.7
0,1308.8
30,1308.8
29,1308.8
18,1308.8
8,1308.8
14,1309.0
16,1309.2
5,1309.3
22,1309.6
11,1309.6
21,1309.8
2,1310.0
25,1310.7
13,1310.8
12,1310.9
4,1311.3
10,1311.6
28,1312.0
18,1312.3
14,1312.5
19,1312.6
1,1312.9
22,1313.1
17,1313.1
30,1313.5
3,1314.7
29,1315.0
2,1315.3
10,1315.4
5,1315.4
0,1315.5
13,1315.6
11,1315.8
18,1315.8
21,1315.9
20,1316.0
14,1316.3
4,1316.9
22,1316.9
19,1317.2
31,1317.6
23,1318.0
1,1318.7
25,1319.7
10,1320.0
18,1320.6
28,1320.7
30,1320.7
14,1321.1
13,1321.8
15,1322.0
22,1322.1
12,1322.6
5,1322.6
17,1322.9
29,1323.2
2,1323.7
21,1324.4
16,1324.4
8,1324.5
4,1325.0
19,1325.2
14,1325.3
3,1325.3
10,1325.7
26,1325.9
31,1326.1
1,1326.3
9,1326.3
18,1326.3
0,1326.4
20,1326.4
24,1327.2
2,1327.6
12,1327.7
22,1328.4
6,1328.4
11,1328.5
8,1329.4
13,1329.9
14,1330.9
23,1331.0
2,1331.1
17,1331.1
9,1331.5
16,1331.8
1,1332.0
0,1332.6
8,1333.3
10,1333.4
12,1333.5
20,1333.8
24,1334.6
2,1334.6
22,1334.6
29,1334.7
4,1335.1
9,1335.5
18,1335.7
30,1335.9
5,1336.1
1,1336.7
17,1337.3
14,1337.4
13,1337.4
8,1337.8
3,1338.1
0,1338.7
28,1339.0
2,1339.0
10,1339.8
9,1340.4
1,1341.1
5,1341.9
22,1342.4
2,1342.8
17,1342.8
8,1343.1
20,1343.2
13,1343.3
4,1343.6
6,1343.6
18,1344.0
3,1344.6
0,1344.7
27,1344.9
14,1345.0
1,1345.4
12,1345.4
10,1345.5
9,1346.1
5,1346.7
2,1346.8
8,1349.0
16,1349.1
13,1349.1
28,1349.1
6,1349.7
1,1349.8
20,1350.0
3,1350.3
22,1350.4
10,1350.5
14,1350.6
17,1350.9
4,1350.9
2,1351.0
5,1351.5
21,1352.0
9,1352.1
29,1352.4
18,1353.0
13,1354.1
14,1354.6
1,1354.9
28,1355.1
27,1355.1
4,1355.7
10,1356.6
0,1356.6
2,1357.1
3,1358.2
14,1358.2
12,1358.4
29,1358.6
22,1358.7
6,1358.7
8,1358.7
21,1358.9
5,1359.3
23,1359.4
31,1360.4
13,1360.6
1,1360.7
4,1360.9
10,1361.0
18,1361.6
14,1362.2
12,1362.6
6,1363.5
2,1363.8
20,1364.0
3,1364.1
9,1364.1
22,1364.2
21,1365.2
23,1365.2
10,1365.2
28,1365.3
29,1365.3
30,1365.3
31,1365.6
5,1365.6
4,1365.8
1,1365.9
27,1365.9
14,1366.5
12,1366.5
6,1367.4
22,1370.0
31,1370.7
4,1371.1
30,1371.2
10,1371.9
12,1372.1
6,1372.2
2,1372.4
23,1372.7
14,1372.9
3,1373.9
13,1374.6
29,1374.8
1,1375.0
5,1375.4
21,1375.6
11,1376.2
0,1376.6
18,1376.6
4,1376.9
2,1376.9
12,1377.4
10,1378.1
20,1378.1
30,1378.2
29,1378.3
7,1378.4
25,1378.6
19,1378.8
14,1378.9
21,1379.0
31,1379.4
28,1379.8
6,1379.9
26,1379.9
4,1380.2
22,1380.7
2,1381.0
13,1381.1
29,1381.6
12,1381.8
11,1381.8
21,1382.0
18,1382.3
30,1382.6
23,1383.2
4,1383.9
8,1384.0
14,1384.2
6,1385.0
5,1385.2
2,1385.2
29,1386.0
20,1386.0
10,1386.0
21,1386.2
0,1386.2
31,1386.3
11,1386.9
7,1387.0
25,1387.3
30,1387.3
12,1387.4
19,1387.6
9,1387.8
4,1388.1
28,1388.4
8,1388.8
16,1388.9
22,1388.9
2,1389.2
13,1389.3
1,1390.0
20,1390.0
24,1390.1
6,1391.2
11,1391.7
5,1392.0
29,1392.2
21,1392.4
18,1392.5
8,1393.4
14,1393.5
9,1393.8
20,1394.0
2,1394.1
23,1394.3
16,1394.4
10,1394.5
4,1394.8
30,1394.8
0,1394.9
12,1394.9
19,1395.7
22,1396.6
13,1396.9
31,1397.1
1,1397.1
29,1397.2
8,1397.5
9,1397.6
6,1397.9
11,1398.0
3,1398.2
21,1398.2
2,1398.3
24,1398.6
18,1398.8
20,1398.9
10,1399.4
5,1399.5
16,1399.8
29,1401.5
0,1401.6
9,1401.6
23,1401.7
19,1401.8
1,1401.8
2,1401.9
3,1402.1
12,1402.2
8,1402.3
6,1402.4
13,1402.5
26,1402.9
5,1403.1
30,1403.1
22,1403.6
10,1404.1
20,1404.4
27,1404.4
11,1404.6
4,1405.4
21,1405.5
29,1405.5
14,1406.2
5,1406.5
3,1406.6
2,1406.6
16,1407.1
1,1407.1
13,1407.4
6,1407.5
28,1407.8
9,1408.2
10,1408.4
8,1408.5
12,1408.6
21,1408.7
29,1408.8
30,1409.0
18,1409.2
20,1409.4
26,1409.4
4,1409.6
11,1410.6
5,1410.8
21,1412.0
14,1412.0
16,1412.2
3,1412.3
29,1412.4
1,1412.5
2,1412.7
13,1413.0
8,1413.2
10,1413.5
20,1413.8
6,1413.9
4,1414.1
0,1414.4
26,1414.5
27,1414.6
12,1414.7
30,1415.3
31,1415.9
5,1416.0
19,1416.3
11,1416.6
21,1416.6
28,1416.7
22,1417.1
29,1417.3
23,1418.1
16,1418.4
4,1418.5
6,1419.0
8,1420.0
1,1420.2
30,1420.3
20,1420.6
14,1421.3
2,1421.4
12,1421.6
13,1421.6
10,1421.7
9,1421.8
24,1422.2
5,1422.6
4,1422.6
3,1422.8
31,1423.4
21,1423.5
26,1423.7
11,1423.8
6,1424.5
16,1424.6
15,1424.6
22,1424.7
30,1425.0
29,1425.1
8,1425.5
28,1425.9
12,1426.2
2,1426.6
23,1426.6
13,1427.2
4,1427.2
14,1427.6
5,1428.2
24,1428.9
30,1430.2
11,1430.6
16,1431.3
8,1431.9
4,1432.1
12,1432.2
14,1432.6
10,1432.9
15,1433.0
1,1433.1
13,1433.3
2,1433.4
18,1434.0
6,1434.2
3,1434.8
22,1434.9
5,1434.9
9,1435.1
24,1435.1
28,1435.5
4,1435.9
30,1436.3
14,1436.5
17,1437.0
20,1437.6
21,1437.6
8,1437.7
13,1437.8
11,1438.0
1,1438.4
16,1438.5
10,1439.0
0,1439.1
29,1439.3
12,1439.4
9,1439.8
22,1439.9
2,1440.1
4,1440.3
14,1441.1
5,1441.1
7,1441.3
8,1441.3
18,1441.6
1,1441.8
21,1441.9
24,1441.9
30,1442.0
13,1442.2
20,1442.2
17,1442.4
23,1442.4
11,1442.7
15,1443.1
6,1443.2
16,1443.3
29,1443.5
12,1443.7
3,1443.7
26,1443.9
4,1443.9
28,1444.0
9,1444.2
8,1444.7
0,1444.7
31,1445.2
22,1445.3
10,1445.4
1,1445.5
5,1445.5
21,1445.6
2,1446.1
30,1446.2
20,1446.4
14,1447.1
11,1447.2
4,1447.5
16,1447.6
6,1447.8
13,1448.2
29,1448.4
18,1448.7
8,1448.7
1,1448.9
5,1449.0
12,1449.5
26,1449.6
25,1449.6
2,1449.7
17,1449.8
7,1450.0
19,1450.2
3,1450.3
9,1450.5
21,1450.8
30,1450.9
27,1451.0
10,1451.1
31,1451.8
28,1452.0
6,1452.2
4,1452.2
20,1452.4
16,1452.6
24,1452.9
5,1453.0
8,1453.3
1,1453.3
2,1453.4
0,1453.5
18,1453.8
22,1454.0
11,1454.2
13,1455.1
29,1455.4
6,1456.3
30,1456.3
25,1456.9
21,1456.9
3,1456.9
12,1456.9
14,1457.0
10,1457.0
26,1457.3
4,1457.5
5,1457.6
2,1457.7
23,1458.5
19,1458.5
1,1458.6
31,1458.7
7,1459.0
27,1460.2
8,1460.5
16,1461.2
30,1461.6
6,1461.8
29,1462.4
18,1462.5
5,1462.7
28,1462.9
13,1464.0
9,1464.0
21,1464.4
20,1464.4
2,1464.4
4,1465.1
12,1465.4
1,1466.9
11,1467.1
31,1467.4
30,1467.4
5,1468.0
10,1468.0
6,1468.0
8,1468.7
16,1469.0
3,1469.8
14,1469.8
4,1469.8
13,1471.1
20,1471.3
1,1471.7
5,1471.8
18,1472.0
30,1472.2
28,1472.3
11,1472.4
15,1472.6
27,1473.6
4,1473.7
14,1474.0
10,1474.1
3,1474.8
22,1475.1
13,1475.3
5,1475.4
8,1475.8
16,1476.0
1,1476.1
17,1476.4
2,1476.6
6,1477.3
29,1477.3
30,1477.4
11,1477.5
4,1477.8
20,1477.9
14,1478.3
13,1479.4
18,1479.7
5,1479.7
31,1479.9
21,1480.1
27,1480.2
15,1480.3
10,1480.6
3,1480.6
28,1480.6
22,1480.7
12,1481.4
1,1481.5
0,1481.8
4,1482.2
7,1482.3
30,1482.5
14,1482.7
29,1484.5
17,1484.7
22,1485.0
13,1485.2
8,1485.5
11,1485.7
21,1485.8
5,1486.1
20,1486.3
2,1486.5
30,1486.6
12,1486.7
25,1486.7
9,1486.8
6,1488.3
22,1488.6
23,1488.9
10,1489.0
4,1489.2
3,1489.4
1,1489.5
16,1489.6
7,1489.7
18,1489.9
14,1490.1
21,1490.4
30,1491.2
22,1492.2
12,1492.2
29,1492.2
13,1492.6
20,1492.7
8,1493.0
5,1493.0
11,1493.1
2,1493.3
15,1494.0
9,1494.0
4,1494.6
28,1494.6
30,1495.3
1,1496.0
23,1496.1
14,1496.3
6,1496.4
22,1496.6
5,1496.8
16,1497.1
13,1497.2
21,1497.6
20,1497.8
11,1499.1
8,1499.2
30,1499.4
12,1499.5
3,1499.8
10,1499.8
17,1500.0
5,1500.1
22,1500.1
4,1500.3
1,1500.6
14,1500.8
2,1500.9
29,1500.9
18,1501.3
13,1501.5
28,1501.8
30,1502.5
15,1502.8
5,1502.8
20,1503.1
11,1503.4
9,1503.9
14,1504.0
16,1504.2
4,1504.6
22,1504.9
3,1505.0
27,1505.6
1,1505.7
30,1505.7
13,1505.7
8,1505.7
10,1505.7
5,1506.2
29,1507.0
14,1507.7
28,1508.5
26,1508.6
11,1508.6
15,1509.1
17,1509.4
18,1509.4
22,1509.5
30,1509.7
13,1510.1
21,1510.5
16,1510.6
4,1510.6
5,1510.6
12,1511.2
7,1511.6
14,1511.8
8,1512.0
10,1512.2
3,1512.7
23,1512.7
20,1513.2
1,1513.6
11,1513.8
6,1514.3
30,1514.3
5,1516.0
16,1516.3
15,1516.5
26,1516.5
22,1516.6
0,1516.8
2,1516.9
14,1517.4
13,1517.5
12,1517.6
8,1517.7
10,1518.0
21,1518.2
29,1518.4
11,1519.1
18,1519.5
20,1519.5
19,1519.7
1,1520.1
16,1521.0
8,1521.7
30,1521.7
9,1521.7
4,1521.9
5,1522.1
10,1522.5
2,1522.9
0,1523.1
11,1523.9
20,1524.3
26,1524.5
19,1525.1
18,1525.2
25,1526.5
2,1526.7
16,1526.9
8,1527.0
14,1527.1
22,1527.3
10,1527.3
5,1527.4
1,1527.7
17,1527.7
12,1527.8
11,1528.3
6,1529.1
23,1529.3
20,1529.6
18,1529.9
0,1530.0
19,1530.2
2,1530.7
9,1532.0
28,1532.2
11,1532.9
8,1533.2
10,1533.2
5,1533.4
21,1534.0
25,1534.0
22,1534.1
2,1534.3
30,1534.4
20,1534.7
16,1535.1
13,1535.5
12,1535.5
6,1535.7
23,1536.6
4,1536.7
18,1537.0
31,1537.3
0,1538.1
1,1539.2
19,1539.3
2,1539.4
30,1539.7
11,1539.8
3,1539.9
14,1540.9
9,1541.1
6,1541.2
29,1541.3
8,1541.5
22,1541.7
31,1542.2
10,1542.2
12,1542.6
5,1542.9
20,1543.2
4,1543.3
23,1544.4
2,1547.2
30,1547.3
6,1547.5
22,1548.3
12,1549.2
10,1549.6
21,1549.6
5,1549.7
1,1549.7
14,1549.8
31,1550.5
3,1550.7
23,1550.8
27,1551.1
29,1551.9
6,1552.3
22,1552.3
2,1553.1
12,1553.4
30,1553.5
10,1554.2
13,1555.0
21,1555.1
5,1555.4
9,1555.4
3,1555.9
1,1555.9
22,1556.4
11,1556.4
29,1556.7
14,1557.0
2,1557.8
6,1558.1
8,1558.4
4,1558.5
12,1558.7
31,1559.1
30,1559.5
23,1559.7
13,1559.8
10,1560.2
5,1560.7
0,1561.0
9,1561.5
29,1561.6
22,1561.6
28,1561.7
27,1561.8
21,1562.2
3,1562.2
15,1562.7
2,1562.7
14,1562.8
4,1563.1
1,1563.1
11,1563.1
20,1563.3
16,1563.5
30,1563.7
13,1563.8
17,1564.9
5,1565.0
26,1565.4
8,1565.9
29,1566.1
9,1566.2
0,1566.9
4,1567.0
21,1567.1
12,1567.6
28,1567.7
22,1567.7
13,1567.8
2,1568.0
11,1568.1
6,1568.2
10,1568.3
18,1568.5
30,1568.6
14,1568.7
1,1568.7
5,1569.0
19,1570.2
20,1570.7
15,1570.7
25,1571.0
0,1571.6
9,1572.1
3,1572.2
10,1572.3
29,1572.5
4,1572.8
2,1572.9
5,1573.0
13,1573.1
1,1573.7
27,1574.4
17,1574.5
8,1574.5
6,1574.5
21,1574.9
28,1575.6
18,1575.7
30,1576.2
11,1576.5
19,1576.8
10,1577.2
0,1577.8
5,1578.5
31,1578.7
4,1578.7
14,1579.1
22,1579.5
6,1579.7
2,1579.9
13,1580.8
30,1581.3
26,1581.5
1,1582.1
3,1582.5
9,1583.3
5,1583.4
10,1583.7
28,1584.0
20,1584.3
4,1584.4
11,1584.9
19,1585.0
29,1585.0
18,1585.2
8,1585.2
0,1585.3
16,1585.5
6,1586.2
31,1586.2
30,1588.0
1,1588.7
5,1589.0
10,1589.4
20,1590.6
11,1590.9
19,1591.1
0,1591.6
2,1591.7
13,1592.3
18,1592.6
8,1592.6
16,1592.6
10,1594.1
5,1594.2
21,1594.4
22,1594.8
4,1595.1
30,1595.5
11,1596.2
2,1596.8
20,1596.8
9,1597.4
1,1597.5
17,1597.5
14,1598.2
0,1598.3
6,1598.9
13,1598.9
22,1598.9
8,1599.4
30,1599.4
15,1599.7
11,1599.7
10,1600.2
5,1600.5
2,1601.6
20,1601.7
16,1601.9
22,1602.8
19,1603.2
12,1603.6
11,1603.7
21,1603.7
30,1603.8
9,1604.9
14,1604.9
8,1605.2
1,1605.3
5,1605.4
3,1605.5
27,1605.5
10,1605.6
17,1606.1
13,1606.3
20,1606.4
2,1606.6
0,1606.8
22,1607.6
15,1607.7
11,1608.7
30,1608.7
21,1608.8
12,1610.4
5,1611.4
27,1612.4
14,1612.9
8,1613.3
10,1613.3
22,1613.6
9,1613.7
3,1614.0
16,1614.2
20,1614.3
2,1614.9
13,1614.9
17,1616.2
29,1616.3
24,1616.5
30,1616.7
11,1617.1
21,1617.6
8,1618.2
12,1618.4
22,1619.9
16,1620.0
2,1620.3
4,1621.5
24,1621.8
9,1622.0
8,1622.4
15,1622.4
5,1622.4
14,1622.5
30,1623.6
12,1623.9
1,1623.9
11,1624.5
16,1624.9
13,1625.5
2,1625.9
8,1627.0
0,1627.5
24,1627.7
9,1627.9
17,1628.8
10,1629.3
1,1631.0
2,1631.2
27,1631.8
14,1631.9
5,1632.0
8,1632.0
3,1632.0
30,1632.3
9,1632.9
12,1633.1
22,1633.2
0,1633.3
16,1633.8
29,1634.3
5,1635.3
11,1636.5
2,1636.7
13,1636.7
3,1636.8
17,1637.2
28,1637.3
10,1637.5
21,1637.6
27,1638.0
30,1638.2
5,1638.7
0,1638.8
8,1638.9
1,1638.9
12,1639.0
24,1639.6
15,1639.7
9,1640.3
29,1641.6
5,1642.5
2,1642.7
3,1643.4
10,1643.9
11,1644.4
13,1645.3
14,1646.1
30,1646.6
28,1646.7
1,1647.2
0,1647.2
5,1647.2
12,1647.4
4,1647.4
18,1647.7
21,1648.1
10,1648.2
2,1648.9
3,1650.0
11,1650.6
14,1650.9
22,1651.0
27,1651.4
23,1651.7
6,1652.5
29,1652.5
12,1652.7
8,1652.8
10,1653.2
4,1653.2
1,1653.7
5,1653.8
13,1654.2
14,1654.5
0,1654.8
9,1654.8
31,1654.9
28,1655.4
2,1655.6
21,1655.9
22,1656.3
29,1656.3
18,1656.4
23,1657.0
17,1657.0
3,1657.2
30,1657.2
12,1657.4
14,1657.8
4,1658.1
5,1659.1
25,1659.3
1,1659.4
19,1659.6
2,1659.7
13,1659.7
8,1660.2
0,1660.6
29,1660.7
9,1660.7
11,1660.8
6,1661.1
14,1661.2
10,1661.5
30,1661.8
28,1661.8
18,1661.8
15,1662.0
4,1662.5
22,1662.7
2,1663.0
5,1663.1
31,1663.4
20,1663.7
23,1664.0
12,1664.1
14,1664.2
13,1664.4
3,1664.6
21,1664.6
30,1665.2
9,1665.4
8,1665.5
11,1665.5
29,1665.6
17,1665.7
1,1666.5
15,1667.0
2,1667.1
4,1667.1
25,1667.2
19,1667.3
5,1667.4
0,1667.7
14,1668.3
10,1668.4
18,1668.6
28,1669.1
30,1669.5
12,1669.5
13,1670.4
9,1670.6
11,1671.0
20,1671.0
21,1671.1
2,1671.6
8,1672.0
14,1672.3
10,1672.5
19,1672.6
15,1672.7
0,1673.1
29,1673.3
5,1673.3
4,1673.7
30,1674.1
18,1674.2
27,1674.4
11,1674.6
22,1674.7
2,1676.1
13,1676.1
10,1676.3
12,1676.3
21,1676.4
14,1676.8
3,1677.2
19,1678.0
0,1678.0
28,1678.1
9,1678.3
5,1678.4
15,1679.0
11,1679.5
30,1679.7
4,1680.8
18,1681.0
10,1681.1
20,1682.2
14,1682.3
8,1682.6
13,1682.7
23,1683.0
29,1683.0
2,1683.1
21,1683.3
5,1683.7
30,1685.2
28,1685.3
0,1685.7
4,1686.2
1,1686.3
19,1686.4
11,1686.6
3,1686.9
14,1687.0
2,1687.4
10,1687.5
29,1687.8
13,1688.2
18,1688.3
25,1688.4
5,1688.5
21,1689.3
30,1689.7
15,1689.9
14,1691.0
11,1691.4
2,1691.6
19,1692.5
12,1692.6
29,1693.3
4,1693.4
5,1693.8
18,1693.8
28,1694.4
0,1694.5
30,1694.9
11,1696.1
10,1696.1
3,1696.3
25,1696.3
14,1697.0
8,1697.0
20,1697.1
13,1697.2
16,1697.3
2,1697.3
1,1698.0
21,1699.0
5,1699.6
29,1699.9
9,1700.7
30,1700.9
12,1701.1
11,1701.2
7,1701.5
18,1702.9
15,1703.1
14,1703.3
20,1703.4
1,1703.6
19,1703.7
4,1703.7
10,1704.2
16,1704.6
8,1704.6
21,1704.7
29,1705.6
3,1705.8
12,1707.2
5,1707.2
2,1707.3
30,1707.5
14,1708.3
1,1708.9
18,1709.2
11,1709.4
10,1709.7
7,1710.2
4,1710.3
0,1711.4
19,1712.0
21,1713.2
18,1713.3
10,1714.1
25,1714.1
5,1714.4
14,1714.7
2,1714.8
8,1714.9
16,1715.1
13,1715.2
29,1715.3
30,1715.5
11,1715.7
20,1715.7
1,1715.8
28,1715.8
19,1716.3
3,1716.5
26,1716.6
15,1716.8
18,1717.3
10,1717.9
5,1718.2
6,1718.3
22,1718.6
0,1718.6
2,1718.7
12,1719.5
27,1719.8
21,1720.0
30,1720.2
8,1720.4
16,1720.4
19,1720.5
14,1720.7
1,1720.8
25,1721.1
11,1721.5
18,1721.5
5,1721.8
10,1722.1
2,1722.5
4,1722.6
13,1723.2
28,1723.4
3,1723.4
6,1724.3
22,1724.4
26,1724.5
20,1724.5
14,1724.9
29,1724.9
30,1725.1
19,1725.3
21,1725.6
2,1726.1
5,1726.1
1,1726.2
18,1726.5
15,1726.6
8,1726.6
16,1726.9
11,1727.3
10,1727.4
12,1728.1
13,1728.2
4,1728.4
25,1728.4
0,1728.5
30,1728.6
24,1728.7
27,1728.7
14,1728.8
3,1729.1
28,1729.2
5,1729.3
29,1729.8
2,1730.2
22,1730.4
21,1730.8
8,1731.1
20,1731.3
16,1731.7
1,1731.8
5,1732.6
30,1732.8
9,1732.9
19,1733.1
3,1733.4
11,1733.4
12,1733.8
6,1734.2
27,1734.2
14,1734.4
18,1734.4
10,1734.6
2,1735.0
29,1735.0
24,1735.9
13,1736.4
21,1736.7
5,1736.7
4,1736.9
8,1737.2
0,1737.2
30,1738.0
15,1738.1
16,1738.2
28,1739.0
19,1739.1
3,1739.2
10,1740.0
5,1740.5
18,1740.7
22,1741.7
2,1742.6
27,1742.6
1,1742.8
29,1743.2
12,1743.9
14,1744.1
11,1744.2
13,1744.6
0,1746.0
5,1746.1
20,1746.4
21,1746.5
19,1746.7
30,1746.7
4,1746.8
28,1746.9
10,1747.4
8,1749.1
6,1749.6
13,1749.7
29,1749.8
31,1749.8
14,1749.8
4,1750.4
3,1750.9
30,1751.2
18,1751.7
28,1752.1
5,1752.1
22,1752.2
21,1752.9
13,1753.2
15,1753.4
11,1753.9
4,1753.9
16,1754.0
17,1754.0
14,1754.4
12,1754.8
30,1754.9
2,1755.3
29,1755.3
10,1755.5
19,1755.8
24,1756.0
13,1756.3
7,1756.6
0,1756.6
6,1756.9
5,1757.1
8,1757.2
28,1757.5
4,1757.6
21,1757.8
22,1757.8
31,1758.4
30,1758.7
12,1758.9
18,1759.2
14,1759.6
16,1759.7
13,1759.9
15,1760.6
29,1760.8
2,1761.0
10,1761.2
26,1761.4
11,1761.6
19,1761.8
8,1761.9
5,1761.9
24,1763.0
17,1763.1
12,1763.1
0,1763.2
4,1763.3
30,1763.6
21,1763.8
28,1764.0
13,1764.0
22,1764.1
7,1764.8
16,1765.0
2,1765.4
10,1766.5
11,1766.6
8,1767.1
5,1767.1
14,1767.4
1,1768.5
27,1768.9
6,1769.0
26,1769.3
29,1769.3
20,1769.4
18,1769.4
12,1769.6
16,1769.7
13,1770.1
0,1771.4
11,1771.6
30,1771.7
2,1771.8
5,1771.8
3,1772.2
8,1772.5
19,1772.5
22,1773.1
10,1773.6
4,1773.9
21,1775.2
16,1775.3
27,1775.3
24,1775.7
1,1775.7
20,1775.8
5,1775.8
17,1776.0
11,1776.2
14,1778.0
13,1778.0
28,1778.2
2,1778.4
29,1779.3
3,1779.5
8,1780.2
4,1780.3
0,1780.7
5,1781.5
15,1782.0
21,1782.0
12,1782.2
14,1782.7
11,1782.8
16,1783.2
30,1783.6
13,1783.7
10,1783.8
2,1783.9
27,1784.1
24,1785.4
29,1785.5
28,1785.6
8,1786.3
5,1786.4
3,1787.4
4,1787.4
14,1787.5
30,1788.3
12,1788.5
2,1789.1
11,1789.4
16,1789.9
15,1790.4
29,1790.7
5,1791.0
21,1791.3
20,1791.3
14,1791.4
13,1791.5
30,1792.5
8,1792.6
0,1792.6
24,1792.7
1,1792.8
2,1793.1
4,1793.9
28,1794.0
10,1794.1
11,1794.1
9,1794.2
22,1794.6
3,1795.9
17,1796.4
14,1796.5
29,1796.5
30,1796.7
5,1796.8
12,1796.9
0,1797.6
2,1797.6
8,1798.1
1,1799.2
9,1799.9
13,1800.0
22,1800.4
30,1800.6
11,1800.7
21,1800.9
29,1801.4
5,1801.5
4,1801.5
14,1801.8
16,1801.9
2,1802.0
0,1802.5
10,1802.8
28,1802.9
15,1804.3
3,1804.4
30,1804.6
8,1805.2
6,1806.4
31,1806.4
4,1806.4
13,1807.7
29,1807.8
11,1807.8
26,1808.0
14,1808.1
17,1808.1
5,1808.3
2,1808.4
30,1808.8
21,1809.3
1,1810.0
16,1810.2
9,1810.5
4,1810.8
0,1810.9
28,1811.0
8,1812.0
22,1812.1
18,1813.2
2,1813.4
19,1813.5
25,1813.6
6,1814.2
30,1814.3
10,1814.6
13,1814.7
14,1814.7
29,1815.3
4,1815.5
31,1815.5
12,1815.8
5,1815.9
26,1816.5
21,1816.6
11,1816.8
18,1817.3
0,1817.3
15,1817.5
19,1817.8
30,1817.9
23,1818.2
28,1818.3
7,1818.5
2,1818.7
4,1819.5
6,1819.6
22,1819.6
10,1820.0
13,1820.3
14,1820.4
12,1820.6
29,1821.3
30,1821.3
5,1821.5
16,1821.7
11,1822.0
8,1822.1
21,1822.1
25,1822.3
18,1823.0
31,1823.3
20,1823.5
19,1823.6
1,1823.7
4,1823.7
6,1824.5
12,1824.7
30,1824.9
15,1825.0
23,1825.8
0,1825.9
10,1826.4
2,1826.4
5,1826.8
11,1826.9
7,1827.1
28,1827.2
21,1827.2
22,1827.2
14,1827.4
13,1827.6
16,1828.2
8,1828.3
30,1828.6
12,1829.0
4,1829.1
29,1829.5
1,1829.7
6,1830.0
20,1830.0
10,1831.1
5,1831.3
3,1831.4
15,1831.8
11,1831.8
2,1832.6
31,1832.7
27,1833.3
30,1833.4
14,1833.4
21,1834.8
18,1834.9
6,1835.3
19,1835.5
1,1835.6
12,1835.8
5,1836.3
10,1836.7
11,1837.2
3,1838.4
2,1838.6
4,1838.7
30,1838.8
13,1839.0
22,1839.2
8,1839.2
15,1839.2
14,1839.4
16,1839.6
17,1841.5
6,1841.6
1,1842.7
5,1843.2
27,1843.8
24,1844.1
9,1844.3
21,1844.7
22,1845.1
10,1845.1
13,1845.3
20,1845.7
8,1846.3
11,1846.6
30,1847.8
16,1847.9
2,1849.0
12,1850.1
22,1850.3
14,1850.8
17,1850.9
21,1851.1
24,1852.2
13,1852.2
29,1852.3
5,1852.6
9,1852.6
10,1853.6
30,1853.6
8,1853.6
3,1853.8
6,1853.9
22,1853.9
0,1854.1
28,1855.1
12,1856.5
13,1857.7
21,1858.0
16,1858.2
5,1858.3
22,1859.0
17,1861.0
30,1861.2
15,1861.4
1,1861.7
10,1862.5
14,1864.6
13,1864.8
22,1865.2
11,1865.3
28,1865.7
8,1865.8
12,1865.9
2,1866.2
24,1866.3
5,1866.9
30,1867.1
16,1868.2
17,1869.9
15,1870.5
8,1870.5
11,1870.8
20,1871.3
12,1871.5
2,1871.7
14,1871.7
1,1872.2
21,1872.3
22,1872.3
16,1872.8
24,1872.9
13,1873.1
30,1873.3
5,1874.0
9,1874.9
8,1875.5
11,1875.6
20,1877.7
12,1877.8
10,1878.5
16,1878.8
6,1878.8
22,1879.0
23,1879.4
19,1879.5
0,1879.8
18,1880.0
14,1880.1
2,1880.1
4,1880.2
1,1880.7
15,1881.4
8,1883.3
11,1883.4
30,1883.4
5,1883.7
10,1884.5
12,1884.6
22,1885.7
19,1886.6
24,1886.8
23,1887.1
6,1887.3
0,1889.5
18,1889.8
16,1891.2
20,1894.7
8,1894.8
10,1896.2
26,1896.3
2,1896.5
5,1896.9
27,1897.0
21,1897.1
3,1897.2
12,1897.3
9,1898.1
16,1899.2
22,1900.1
8,1900.3
14,1900.4
20,1901.4
1,1901.5
4,1901.7
18,1902.2
2,1902.7
10,1902.9
3,1902.9
26,1903.1
21,1903.5
11,1904.1
29,1904.4
27,1904.7
9,1905.1
14,1905.2
5,1905.3
20,1906.2
4,1906.2
30,1906.2
1,1906.5
6,1907.1
8,1907.4
10,1907.5
15,1907.8
3,1907.9
2,1908.0
21,1908.7
11,1909.1
13,1909.9
5,1909.9
22,1910.0
14,1910.2
29,1910.4
26,1910.7
16,1910.7
1,1910.9
20,1910.9
18,1911.1
17,1911.3
30,1911.7
3,1912.0
10,1912.3
4,1912.3
27,1912.4
5,1913.3
8,1913.3
6,1913.5
11,1913.6
2,1913.7
14,1913.9
21,1913.9
29,1914.4
12,1914.4
1,1914.5
30,1914.8
7,1915.6
22,1915.7
20,1915.7
13,1916.0
15,1916.0
3,1916.2
4,1916.3
16,1916.7
5,1916.9
9,1917.3
14,1917.4
31,1917.5
10,1917.6
29,1917.8
21,1917.8
30,1917.9
6,1918.1
8,1918.4
11,1918.4
1,1918.9
26,1919.3
28,1919.6
4,1919.6
12,1920.0
17,1920.2
2,1920.3
13,1920.7
30,1921.3
18,1921.3
16,1921.4
14,1921.4
29,1921.5
22,1921.6
5,1921.6
21,1921.9
3,1922.3
24,1922.6
20,1922.6
6,1922.7
8,1922.7
0,1922.8
10,1922.9
11,1922.9
7,1923.2
27,1923.4
4,1923.5
12,1923.8
2,1924.1
23,1924.7
30,1925.0
22,1925.1
1,1925.3
31,1925.5
13,1925.5
16,1925.8
26,1926.5
8,1926.7
14,1926.9
29,1927.0
5,1927.3
12,1927.7
24,1927.7
6,1928.0
21,1928.1
22,1928.3
2,1928.5
30,1928.5
11,1928.6
15,1929.0
28,1929.3
4,1929.4
17,1929.6
9,1929.8
10,1930.2
16,1930.2
8,1930.9
14,1931.7
0,1932.0
23,1932.1
3,1932.8
30,1932.8
22,1932.9
12,1933.1
11,1933.1
2,1933.6
13,1933.8
5,1933.9
24,1934.1
20,1934.3
16,1935.2
8,1935.3
6,1936.2
9,1936.3
29,1936.4
1,1936.4
10,1936.7
11,1937.8
2,1938.3
19,1938.5
18,1938.6
0,1938.8
20,1938.8
14,1939.4
8,1939.5
30,1939.5
5,1939.6
22,1940.2
21,1940.4
16,1940.5
27,1940.8
4,1940.9
10,1941.5
3,1941.6
24,1942.2
9,1942.8
26,1943.1
11,1943.1
12,1943.3
20,1943.7
15,1943.8
1,1943.8
5,1944.2
8,1944.4
2,1945.2
19,1945.2
7,1945.7
0,1946.6
16,1946.6
29,1947.2
27,1947.3
20,1947.3
18,1947.4
21,1948.1
3,1948.5
4,1948.5
11,1948.5
10,1948.8
9,1949.0
8,1949.7
5,1949.8
20,1951.0
2,1951.5
26,1951.7
12,1952.1
1,1952.2
16,1952.6
21,1952.7
30,1952.9
29,1953.4
11,1953.6
8,1953.8
24,1954.3
10,1955.4
5,1955.7
20,1955.8
4,1956.0
12,1956.3
27,1956.4
14,1956.4
2,1956.6
13,1957.3
22,1957.4
16,1958.1
8,1958.4
21,1958.7
11,1958.7
15,1958.9
30,1960.0
3,1960.2
9,1960.4
28,1960.6
24,1960.8
12,1961.1
5,1961.2
4,1961.6
2,1962.5
14,1962.9
10,1962.9
13,1963.1
19,1963.2
0,1963.3
20,1963.6
18,1964.5
11,1964.6
1,1965.1
8,1965.3
5,1965.5
6,1965.6
16,1965.9
29,1966.5
28,1966.8
30,1966.9
15,1967.3
10,1968.0
4,1968.3
13,1968.8
12,1969.2
19,1969.3
5,1970.0
21,1970.0
14,1970.5
0,1971.0
11,1971.8
28,1972.4
18,1973.1
2,1973.3
30,1973.5
13,1973.9
24,1974.0
5,1974.5
4,1974.8
10,1975.6
15,1976.0
14,1976.9
8,1977.1
21,1977.5
12,1977.7
28,1978.0
13,1978.6
29,1978.7
4,1979.0
16,1979.0
9,1979.7
14,1980.3
10,1980.3
1,1981.1
3,1981.5
18,1981.6
5,1981.7
21,1981.9
24,1982.2
4,1983.1
19,1983.2
30,1983.8
14,1984.0
13,1984.2
28,1984.4
12,1984.4
29,1984.5
11,1984.7
10,1984.9
8,1984.9
20,1985.7
21,1986.5
5,1987.1
16,1987.3
3,1987.6
9,1988.0
1,1988.3
4,1988.7
14,1989.3
30,1989.7
18,1990.2
29,1990.3
24,1990.6
6,1990.9
8,1991.1
10,1991.3
5,1991.7
22,1991.9
26,1992.2
12,1992.4
2,1992.5
31,1992.9
23,1993.0
3,1993.0
21,1993.5
4,1993.5
16,1994.0
1,1994.2
30,1994.2
6,1994.5
13,1995.1
27,1995.3
0,1996.6
5,1997.0
8,1997.4
10,1997.4
6,1998.2
2,1998.3
9,1998.5
1,1998.6
3,1998.7
14,1999.0
22,1999.1
4,1999.6
29,1999.7
30,1999.8
28,1999.9
12,2000.0
26,2000.1
23,2000.8
27,2001.2
17,2001.3
5,2001.5
31,2001.8
16,2002.7
0,2002.8
6,2002.8
8,2002.9
1,2003.0
2,2003.2
3,2003.6
9,2003.9
10,2004.7
30,2005.1
22,2005.3
27,2006.5
5,2006.7
4,2008.3
1,2009.1
21,2009.2
30,2009.2
13,2009.5
14,2009.7
8,2010.2
2,2010.2
15,2010.3
6,2010.4
11,2010.5
3,2010.5
22,2010.7
0,2011.1
5,2011.7
17,2012.1
28,2012.4
9,2012.6
30,2014.0
4,2014.0
13,2015.5
14,2015.9
5,2017.1
21,2017.2
12,2017.3
27,2017.5
15,2018.1
11,2018.3
10,2018.6
2,2019.8
30,2020.2
22,2020.7
0,2021.2
24,2021.6
4,2021.6
5,2021.7
1,2021.8
28,2022.1
13,2022.9
11,2024.6
8,2025.3
3,2026.1
5,2026.2
10,2026.9
2,2027.0
6,2027.4
14,2027.5
28,2029.6
5,2029.7
1,2029.8
22,2029.9
21,2029.9
0,2030.0
13,2030.3
11,2030.5
23,2030.5
27,2030.6
12,2031.2
2,2032.2
30,2032.4
3,2032.4
10,2032.5
5,2032.6
6,2032.9
27,2035.3
29,2035.3
5,2035.7
3,2036.2
1,2036.2
22,2036.8
6,2037.7
2,2037.9
23,2038.0
26,2038.1
8,2038.4
30,2038.6
16,2038.7
10,2038.9
5,2039.0
4,2039.4
12,2039.6
3,2040.8
11,2041.0
27,2041.3
29,2042.9
5,2043.3
21,2043.6
8,2043.7
16,2043.9
9,2044.6
1,2044.8
10,2045.0
13,2045.0
24,2045.0
14,2045.3
12,2045.4
28,2045.4
26,2045.8
20,2046.0
6,2046.2
4,2046.8
30,2047.5
11,2047.6
3,2048.2
5,2048.3
8,2048.4
2,2048.5
16,2048.5
21,2048.5
29,2049.0
0,2049.7
1,2050.8
27,2051.1
14,2051.1
13,2051.2
28,2051.9
25,2052.1
20,2052.1
24,2052.2
18,2052.3
9,2052.3
22,2052.3
19,2052.8
5,2052.9
8,2053.4
2,2053.5
4,2053.7
16,2053.7
12,2054.0
10,2054.1
3,2054.8
11,2055.7
21,2055.7
29,2055.9
14,2056.3
27,2057.5
23,2057.7
31,2057.7
5,2058.5
18,2059.0
2,2059.2
25,2060.3
19,2061.5
13,2061.5
22,2061.6
11,2061.8
12,2061.9
28,2062.1
8,2062.1
5,2062.2
14,2062.3
1,2062.3
10,2062.5
16,2062.7
0,2062.7
29,2063.0
3,2063.1
2,2063.4
20,2065.0
18,2065.1
31,2065.8
4,2066.7
21,2067.0
12,2067.1
5,2067.7
23,2067.8
25,2067.8
2,2068.0
27,2068.4
10,2068.6
24,2069.1
11,2069.3
6,2069.4
8,2070.0
14,2070.1
9,2070.1
22,2070.3
12,2070.4
28,2070.8
13,2070.8
0,2071.0
2,2071.1
19,2071.2
16,2071.4
5,2072.1
10,2072.3
18,2072.5
20,2072.9
2,2073.6
12,2073.8
29,2073.9
23,2074.5
6,2074.5
8,2074.7
3,2074.8
1,2074.9
19,2075.5
24,2075.7
10,2075.8
25,2075.9
21,2075.9
2,2076.5
22,2076.5
0,2076.7
5,2076.7
18,2076.8
11,2077.8
27,2077.8
30,2077.9
12,2077.9
9,2078.5
16,2078.6
2,2079.2
3,2079.5
6,2079.6
10,2079.9
5,2080.0
8,2080.1
20,2080.2
29,2080.3
13,2080.9
19,2081.3
1,2081.3
2,2082.3
9,2082.5
24,2083.1
18,2083.5
5,2083.6
3,2083.7
29,2083.9
23,2084.0
12,2084.1
14,2084.2
16,2084.4
8,2084.4
10,2084.7
11,2084.7
30,2084.8
20,2084.8
2,2085.0
28,2085.1
4,2085.1
13,2085.6
1,2085.6
25,2085.6
21,2085.8
0,2085.9
6,2086.0
5,2086.5
9,2086.8
29,2087.2
19,2087.3
26,2087.3
18,2087.6
3,2087.7
2,2088.1
11,2088.2
22,2088.4
10,2088.4
20,2088.7
31,2088.7
27,2088.9
8,2089.0
16,2089.1
1,2089.4
4,2089.5
14,2089.7
24,2089.8
5,2089.9
21,2090.6
9,2091.0
2,2091.3
29,2091.3
13,2091.7
20,2092.0
11,2092.4
8,2092.8
10,2092.8
30,2092.9
3,2092.9
18,2092.9
0,2093.5
16,2094.3
5,2094.5
1,2094.6
4,2094.8
21,2094.8
12,2095.2
2,2095.6
25,2095.8
20,2095.9
28,2096.0
29,2096.1
9,2096.2
6,2096.5
26,2096.9
14,2097.2
19,2097.5
11,2098.0
18,2098.8
8,2098.9
2,2099.4
10,2099.6
24,2100.2
21,2100.7
5,2101.3
16,2101.6
20,2101.6
3,2102.0
4,2102.4
13,2102.5
12,2102.8
2,2103.3
29,2103.4
22,2103.6
1,2103.9
8,2104.2
25,2104.2
9,2104.5
30,2104.7
17,2105.4
31,2105.9
6,2106.0
18,2106.6
24,2106.8
11,2107.0
4,2107.1
12,2107.2
21,2107.3
2,2107.3
16,2107.9
5,2108.0
19,2108.1
29,2108.2
20,2108.3
30,2108.5
10,2108.8
13,2108.9
22,2109.4
26,2109.8
3,2110.0
8,2110.2
6,2111.3
2,2111.6
12,2111.6
5,2112.0
21,2112.1
4,2112.6
1,2112.6
30,2113.2
29,2113.3
10,2113.6
27,2113.8
31,2114.2
17,2114.4
3,2115.1
14,2115.5
22,2115.6
6,2115.7
23,2116.1
24,2116.3
12,2116.3
5,2116.5
2,2116.8
16,2117.7
11,2117.7
20,2117.9
10,2118.3
8,2118.4
13,2118.7
30,2119.1
1,2119.2
9,2119.3
0,2119.5
21,2119.6
6,2120.0
29,2120.0
3,2120.5
5,2120.7
12,2120.9
2,2121.1
4,2121.5
22,2121.9
7,2123.1
27,2123.3
23,2123.4
10,2123.7
11,2123.7
30,2124.0
24,2124.3
5,2124.5
13,2124.9
21,2125.0
14,2125.2
12,2125.3
6,2125.5
28,2125.6
15,2125.7
29,2125.8
16,2126.1
8,2126.1
2,2127.1
4,2127.3
9,2127.5
5,2127.6
30,2128.1
1,2128.2
3,2128.7
11,2129.0
10,2129.2
22,2129.2
13,2129.3
0,2130.1
18,2130.5
5,2130.7
6,2130.7
12,2130.8
2,2131.3
21,2131.4
7,2131.7
14,2131.8
30,2131.9
28,2132.0
27,2132.6
24,2133.0
29,2133.5
4,2134.1
5,2134.1
15,2134.1
22,2134.2
11,2134.5
13,2134.8
10,2135.2
8,2135.7
30,2136.5
1,2137.1
2,2137.5
16,2137.6
3,2138.1
5,2138.6
6,2139.0
28,2139.9
12,2140.3
22,2141.4
9,2141.5
0,2142.0
23,2142.2
14,2142.5
10,2143.1
21,2143.3
4,2143.4
2,2143.6
11,2143.8
13,2143.9
30,2144.2
8,2144.4
24,2144.5
18,2144.9
1,2144.9
5,2145.5
16,2146.0
12,2146.1
3,2146.2
2,2147.7
10,2147.7
14,2147.9
4,2148.8
6,2149.0
29,2149.1
1,2149.4
27,2150.3
18,2150.3
20,2150.6
8,2150.7
24,2150.9
2,2151.0
5,2151.2
21,2151.2
25,2151.4
19,2151.9
3,2152.1
12,2152.4
11,2152.5
26,2152.6
4,2152.8
10,2152.9
14,2153.0
29,2153.5
13,2153.8
28,2154.0
0,2154.1
2,2154.1
18,2154.2
16,2154.3
1,2154.6
21,2155.4
9,2155.4
19,2156.4
8,2156.5
4,2156.7
10,2157.0
14,2157.3
18,2157.8
17,2157.9
2,2158.0
29,2158.2
20,2158.3
0,2158.4
6,2158.7
1,2158.7
3,2159.6
25,2159.7
13,2160.1
30,2160.3
9,2160.9
4,2161.0
5,2161.0
21,2161.0
10,2161.3
19,2161.6
28,2161.7
22,2161.7
14,2161.9
18,2162.5
8,2162.5
11,2162.6
2,2162.7
0,2163.7
1,2163.8
24,2163.8
12,2164.2
29,2165.6
10,2166.6
4,2166.9
14,2167.3
18,2168.0
2,2168.6
9,2168.7
3,2168.7
1,2169.1
20,2169.8
17,2170.1
8,2170.2
21,2171.4
19,2172.2
26,2172.5
0,2172.6
16,2173.3
10,2173.4
9,2173.6
13,2174.3
14,2174.4
4,2174.6
24,2174.7
2,2174.7
8,2175.8
20,2177.1
18,2177.1
5,2177.6
1,2178.5
9,2178.6
30,2179.0
11,2179.2
28,2179.3
15,2179.8
4,2180.0
14,2180.2
13,2180.5
2,2180.7
8,2181.0
16,2182.1
24,2182.2
29,2183.3
6,2183.7
22,2183.9
5,2183.9
23,2184.1
12,2184.2
9,2184.4
4,2185.0
20,2185.4
10,2185.5
30,2185.6
11,2185.9
14,2186.7
21,2186.7
13,2187.0
2,2187.8
8,2187.9
0,2188.5
28,2188.8
26,2188.9
15,2189.0
18,2189.3
9,2189.3
3,2189.4
1,2189.4
29,2189.6
25,2189.9
4,2190.0
19,2190.3
23,2191.3
22,2191.3
17,2191.5
20,2191.6
2,2191.7
6,2191.9
12,2192.6
11,2192.6
21,2192.8
5,2193.5
8,2193.8
0,2194.0
9,2194.3
30,2194.4
2,2195.0
18,2195.2
14,2195.2
29,2195.3
1,2195.6
11,2196.6
25,2196.6
10,2196.9
12,2197.0
15,2197.2
24,2197.3
19,2197.5
16,2197.8
21,2197.8
2,2197.8
4,2198.0
5,2198.2
30,2198.2
7,2198.4
8,2198.6
3,2198.9
0,2199.3
29,2199.5
11,2200.6
2,2200.7
12,2200.9
20,2201.3
14,2201.4
30,2201.6
13,2201.7
21,2201.8
18,2201.8
9,2202.3
29,2202.6
26,2202.8
5,2202.8
17,2203.1
4,2203.2
8,2203.8
24,2203.9
10,2204.1
2,2204.2
11,2204.6
28,2204.7
15,2204.9
16,2205.0
12,2205.2
14,2205.4
21,2205.5
30,2206.1
29,2206.1
0,2206.5
25,2206.7
7,2207.1
4,2207.2
13,2207.8
20,2208.5
1,2208.6
2,2209.1
22,2209.1
19,2209.4
21,2209.5
11,2209.6
5,2210.0
29,2210.0
14,2210.2
3,2210.6
8,2211.4
26,2211.8
12,2212.2
30,2212.4
4,2212.8
28,2212.8
16,2213.8
5,2214.0
29,2214.2
21,2214.4
13,2214.5
6,2214.7
2,2215.2
24,2215.2
11,2215.7
9,2216.3
14,2216.3
10,2216.4
8,2216.8
0,2216.9
30,2216.9
29,2217.4
3,2217.5
31,2218.0
15,2218.2
26,2218.3
5,2218.3
23,2218.6
4,2218.7
16,2219.0
18,2219.2
13,2219.2
12,2219.2
2,2219.7
21,2219.8
14,2220.5
11,2220.5
22,2220.7
30,2220.7
29,2220.9
28,2220.9
9,2221.3
6,2221.4
20,2222.5
8,2222.7
5,2222.9
31,2223.1
24,2223.3
13,2223.9
4,2224.1
16,2224.6
3,2224.7
2,2225.1
30,2225.6
29,2225.7
12,2226.2
14,2226.4
9,2226.7
8,2227.3
11,2227.8
10,2228.0
24,2228.4
21,2228.4
0,2228.8
31,2229.5
2,2229.8
5,2229.9
22,2230.0
16,2230.1
6,2230.1
23,2230.5
12,2230.7
13,2230.7
26,2230.8
29,2230.9
15,2231.0
30,2231.2
14,2231.4
28,2231.5
4,2231.7
8,2232.3
24,2234.3
11,2234.9
30,2235.1
22,2235.1
2,2235.2
5,2235.4
13,2236.2
12,2236.5
14,2236.5
9,2236.5
16,2237.0
4,2237.3
3,2238.0
15,2238.4
6,2238.5
1,2238.5
10,2238.6
30,2239.2
5,2239.4
8,2239.4
29,2239.5
28,2239.6
2,2240.0
11,2240.2
27,2240.4
31,2240.6
20,2241.7
22,2241.8
1,2241.8
0,2242.1
13,2242.5
16,2242.8
9,2242.9
5,2243.1
14,2243.2
17,2244.0
8,2244.0
6,2244.2
2,2244.2
4,2244.6
3,2244.8
10,2245.0
12,2245.3
1,2245.3
30,2245.5
11,2245.5
24,2245.8
21,2246.4
22,2246.7
5,2247.4
8,2247.5
2,2247.6
0,2247.6
16,2247.7
20,2247.8
13,2247.9
9,2248.3
27,2248.8
12,2249.3
17,2249.4
1,2249.6
3,2250.5
22,2250.7
10,2251.3
21,2251.4
5,2251.5
14,2251.6
30,2252.2
29,2252.3
2,2252.3
8,2252.3
13,2252.7
11,2252.8
15,2253.3
28,2253.3
12,2253.5
24,2253.6
6,2253.7
4,2254.0
31,2254.0
27,2254.3
20,2254.5
16,2254.5
22,2254.6
23,2254.9
21,2255.6
5,2255.6
1,2256.3
26,2256.6
3,2256.8
9,2257.2
29,2257.2
17,2257.3
0,2257.6
8,2257.6
30,2257.9
2,2257.9
12,2258.2
11,2258.3
22,2258.5
16,2258.6
13,2258.7
20,2259.3
5,2259.3
14,2259.4
10,2259.6
27,2260.2
4,2260.4
21,2260.6
24,2260.7
28,2261.5
8,2261.6
26,2261.8
29,2262.5
1,2262.7
16,2263.0
11,2263.5
22,2263.7
5,2263.7
20,2263.9
12,2264.2
2,2264.3
30,2264.4
3,2265.6
21,2266.2
8,2266.6
31,2266.6
13,2266.7
14,2267.1
29,2267.6
22,2267.8
23,2268.0
4,2268.1
26,2268.1
6,2268.6
5,2268.8
16,2268.9
12,2269.2
1,2269.9
10,2269.9
27,2270.0
2,2270.3
20,2271.7
3,2272.5
11,2272.5
22,2272.6
30,2273.0
9,2273.6
8,2273.6
24,2273.7
6,2273.8
5,2274.1
23,2274.4
2,2274.8
12,2275.1
10,2275.4
0,2275.6
19,2276.0
29,2276.0
27,2276.1
18,2276.3
21,2276.6
14,2276.7
1,2278.0
3,2278.2
20,2278.4
22,2278.4
5,2278.4
6,2279.1
10,2279.3
2,2279.7
28,2279.7
13,2280.7
27,2280.8
16,2281.0
31,2281.1
8,2281.7
19,2281.9
9,2282.0
5,2282.2
0,2282.6
18,2283.2
12,2283.4
3,2283.5
10,2283.6
26,2283.9
23,2283.9
2,2284.0
20,2284.7
6,2286.0
1,2286.3
8,2286.7
24,2286.7
4,2286.7
5,2287.5
27,2288.1
2,2288.2
14,2288.5
13,2288.6
16,2288.6
29,2288.7
22,2288.7
28,2288.8
12,2289.0
21,2289.3
19,2290.1
10,2290.5
9,2291.5
8,2291.8
24,2292.5
4,2292.5
30,2292.7
2,2293.0
3,2293.3
0,2294.2
14,2294.2
13,2294.3
16,2294.4
29,2295.7
8,2296.0
12,2296.0
28,2296.2
21,2296.5
9,2296.5
5,2296.7
18,2297.1
1,2297.2
20,2297.2
2,2297.9
24,2299.2
17,2299.3
11,2299.7
0,2299.8
4,2299.9
8,2300.1
9,2300.3
16,2301.4
29,2301.9
21,2302.2
26,2303.2
1,2303.4
2,2303.5
10,2303.7
20,2303.8
6,2304.0
14,2304.7
13,2304.9
8,2305.4
9,2305.7
4,2305.9
0,2307.3
21,2307.9
24,2308.1
12,2308.2
29,2308.3
11,2308.4
22,2310.0
17,2310.5
2,2310.7
9,2311.0
1,2311.2
8,2311.2
30,2311.6
10,2312.2
12,2312.5
14,2312.7
21,2313.5
0,2313.6
16,2313.6
20,2313.9
5,2314.0
31,2314.2
29,2314.3
22,2314.6
27,2314.9
23,2315.6
4,2317.2
30,2318.2
9,2318.8
12,2318.9
8,2319.8
2,2320.2
22,2320.5
14,2321.0
1,2322.2
29,2322.4
31,2322.8
21,2323.3
10,2324.3
4,2324.5
30,2324.6
6,2325.2
13,2325.7
12,2325.8
14,2325.8
28,2326.6
2,2326.8
18,2326.8
23,2326.9
25,2327.1
17,2327.4
19,2327.4
0,2327.7
22,2327.7
29,2327.8
26,2327.9
31,2328.1
4,2328.3
21,2329.5
30,2330.1
14,2330.7
2,2331.1
9,2331.6
13,2332.0
20,2332.3
8,2332.3
18,2332.6
6,2332.7
19,2333.4
4,2333.7
10,2334.5
25,2334.6
29,2335.2
2,2335.2
28,2335.6
0,2336.1
18,2336.7
31,2337.0
19,2337.5
14,2338.7
30,2339.1
9,2339.5
21,2339.5
2,2339.5
4,2339.9
5,2339.9
12,2340.0
20,2340.1
10,2340.2
8,2340.5
29,2340.7
13,2340.8
0,2340.9
18,2341.5
6,2342.1
3,2342.2
19,2342.4
1,2342.7
11,2342.9
2,2342.9
30,2343.5
28,2343.7
9,2344.1
31,2344.2
5,2344.4
17,2344.8
10,2344.9
4,2345.0
0,2345.1
22,2345.4
14,2345.5
29,2345.5
25,2345.6
8,2346.5
2,2346.8
21,2346.8
13,2347.6
30,2348.0
9,2348.5
18,2349.2
12,2349.3
1,2349.4
0,2349.5
29,2349.5
7,2349.8
5,2350.2
19,2350.3
20,2350.5
11,2350.6
4,2350.7
10,2350.8
2,2350.9
28,2351.1
21,2351.5
14,2351.7
30,2351.8
3,2351.9
8,2352.0
13,2353.0
26,2353.5
22,2353.9
29,2354.0
15,2354.1
16,2354.1
6,2354.5
30,2354.6
5,2354.9
9,2355.0
11,2355.1
0,2355.1
12,2355.2
14,2355.4
4,2355.5
2,2355.6
17,2356.1
13,2356.2
21,2356.8
28,2357.2
29,2357.5
30,2357.6
22,2358.2
8,2358.3
7,2358.4
13,2358.8
14,2358.8
10,2359.4
15,2359.4
4,2359.5
11,2359.7
3,2359.8
5,2360.2
2,2360.4
9,2360.5
30,2361.2
29,2361.2
26,2361.7
13,2362.0
21,2362.4
14,2362.4
22,2362.7
1,2362.9
12,2363.2
17,2363.3
16,2363.5
11,2363.6
0,2363.8
28,2363.9
30,2364.8
8,2365.1
20,2365.3
4,2365.3
15,2365.4
29,2365.5
13,2365.7
5,2365.7
7,2366.2
2,2367.2
14,2367.4
11,2368.0
22,2368.2
9,2368.4
21,2368.5
30,2369.1
16,2369.5
1,2369.7
31,2370.5
13,2370.9
8,2371.1
29,2371.2
3,2371.2
20,2371.3
5,2371.4
12,2371.8
22,2372.2
17,2372.6
30,2372.7
11,2373.9
21,2374.4
7,2374.5
4,2375.3
29,2375.4
14,2375.8
5,2376.3
13,2376.6
10,2376.7
30,2376.7
15,2377.2
22,2377.6
28,2378.7
3,2379.0
16,2379.1
2,2379.1
6,2379.2
12,2379.6
11,2380.0
29,2380.3
5,2380.4
30,2380.5
14,2381.0
1,2381.0
0,2381.1
4,2381.5
13,2381.9
21,2382.2
8,2382.5
20,2383.3
22,2383.4
7,2383.5
12,2384.2
29,2384.5
31,2384.5
9,2384.6
30,2384.9
23,2385.4
5,2385.6
14,2386.0
15,2386.5
17,2387.2
13,2387.3
11,2387.6
4,2387.7
3,2388.5
30,2388.6
29,2388.9
28,2388.9
19,2389.1
5,2390.2
12,2390.5
21,2390.5
14,2390.7
22,2391.5
30,2392.9
31,2393.1
29,2393.5
5,2394.9
13,2395.5
2,2396.0
22,2396.4
23,2396.6
30,2396.7
3,2396.8
18,2397.1
14,2397.2
25,2397.2
4,2397.4
19,2398.4
7,2399.2
11,2399.2
29,2399.2
12,2399.5
15,2400.2
2,2401.3
30,2401.6
22,2402.0
5,2402.3
18,2403.5
8,2403.7
26,2404.6
16,2404.6
25,2405.2
3,2406.0
27,2406.2
19,2408.3
2,2408.6
30,2408.7
5,2408.7
29,2409.7
22,2409.9
8,2410.0
9,2410.1
14,2410.4
20,2410.5
26,2413.3
27,2413.5
3,2413.6
16,2413.7
2,2415.3
8,2415.4
13,2415.7
30,2415.7
9,2415.8
14,2415.8
22,2415.8
31,2416.0
12,2416.2
4,2416.2
29,2416.4
21,2416.7
24,2416.7
23,2416.9
28,2417.6
20,2418.0
5,2418.4
6,2419.2
14,2420.0
22,2420.2
18,2420.3
8,2420.7
2,2420.8
9,2421.2
29,2421.5
13,2421.8
16,2421.9
11,2421.9
4,2422.1
12,2422.3
30,2422.5
23,2422.7
10,2422.8
21,2422.9
0,2423.0
22,2424.0
14,2424.7
28,2424.7
24,2424.9
19,2425.2
29,2425.4
13,2425.4
20,2425.8
2,2426.1
21,2426.6
9,2426.6
4,2426.8
5,2426.8
3,2426.9
18,2427.0
10,2427.6
26,2427.6
17,2427.6
11,2427.8
8,2427.8
22,2428.0
25,2428.3
0,2428.6
31,2428.6
29,2428.7
13,2428.9
19,2429.4
2,2429.4
6,2429.6
21,2430.1
14,2430.4
4,2431.0
18,2431.6
9,2431.9
20,2431.9
12,2431.9
29,2432.0
13,2432.2
10,2432.3
11,2432.5
22,2432.5
28,2432.5
30,2432.5
2,2432.6
23,2432.7
16,2433.7
19,2434.4
21,2434.4
0,2434.6
3,2434.6
14,2435.0
25,2435.1
5,2435.5
4,2435.5
18,2435.5
29,2436.4
10,2436.5
13,2436.5
17,2436.7
1,2436.8
2,2436.8
22,2437.1
27,2437.7
6,2438.2
14,2438.8
9,2439.1
11,2439.2
26,2439.2
4,2439.5
12,2439.9
23,2440.0
21,2440.1
18,2440.3
8,2440.8
28,2440.9
13,2441.1
29,2441.1
3,2441.4
10,2441.5
20,2442.8
22,2442.8
19,2443.1
14,2443.2
2,2443.4
1,2444.3
24,2444.4
4,2444.8
16,2446.0
0,2446.0
9,2446.2
6,2446.4
21,2448.1
23,2448.2
13,2448.5
18,2448.6
8,2448.7
29,2448.9
12,2449.2
10,2450.0
14,2450.2
30,2451.3
2,2451.7
22,2451.8
24,2453.0
16,2453.8
4,2454.2
8,2454.7
12,2454.9
25,2454.9
11,2456.6
5,2456.6
2,2457.0
3,2458.5
24,2458.9
9,2459.2
16,2460.0
8,2460.2
28,2460.7
12,2461.3
2,2463.7
14,2464.3
13,2464.4
29,2464.6
9,2465.1
8,2465.2
0,2465.4
22,2465.7
17,2465.7
24,2465.8
18,2465.8
1,2465.8
21,2466.3
4,2466.4
19,2466.7
25,2467.2
2,2467.7
16,2468.0
13,2468.8
28,2469.2
14,2470.0
9,2470.1
8,2470.5
17,2470.9
0,2471.2
22,2471.5
29,2471.5
2,2471.7
18,2471.7
1,2472.1
4,2472.5
21,2473.5
13,2473.5
10,2474.1
19,2475.0
12,2475.7
25,2475.8
9,2477.6
2,2477.6
30,2477.8
4,2478.3
14,2478.3
6,2478.5
31,2478.6
17,2478.7
8,2478.8
13,2479.5
22,2479.6
28,2480.1
0,2481.8
30,2481.8
5,2481.9
4,2482.0
16,2482.2
29,2482.4
2,2482.5
11,2482.7
9,2482.9
13,2482.9
26,2483.0
20,2483.1
15,2483.2
18,2483.6
8,2483.9
24,2484.1
14,2484.5
3,2485.9
6,2486.2
4,2486.3
13,2486.3
30,2486.4
2,2486.9
1,2486.9
31,2487.0
22,2487.3
9,2487.5
29,2487.6
17,2487.7
5,2488.5
28,2488.5
8,2489.2
20,2490.1
21,2490.3
13,2490.3
16,2490.7
11,2490.7
15,2490.9
26,2491.2
2,2491.4
14,2492.0
4,2492.2
9,2492.5
30,2492.9
29,2494.9
3,2495.8
13,2496.2
8,2497.1
5,2497.1
27,2497.4
2,2498.4
9,2500.5
20,2500.6
3,2502.4
11,2502.5
5,2502.9
16,2503.1
4,2503.8
1,2504.1
27,2504.4
8,2504.5
30,2506.6
20,2506.8
13,2508.1
11,2509.0
2,2509.0
5,2509.3
14,2509.7
8,2510.0
16,2510.0
9,2510.1
22,2510.3
29,2511.2
20,2511.4
1,2511.9
3,2512.2
13,2512.7
17,2512.8
2,2514.0
5,2514.3
30,2515.2
9,2515.5
13,2515.6
29,2515.7
21,2516.0
22,2516.0
28,2517.2
4,2517.2
5,2517.3
11,2517.3
3,2517.4
6,2517.8
8,2518.1
15,2518.4
14,2518.5
13,2518.8
23,2519.1
20,2519.3
12,2519.5
30,2519.6
2,2519.8
29,2519.9
22,2521.0
5,2521.0
9,2521.7
17,2521.7
13,2522.1
4,2522.3
14,2522.9
10,2523.1
3,2523.1
30,2523.3
28,2523.6
16,2523.8
11,2524.0
1,2524.0
27,2524.2
22,2524.3
21,2524.3
18,2524.4
5,2524.6
29,2525.0
13,2525.4
2,2526.0
4,2526.1
6,2526.1
23,2526.3
15,2526.5
20,2526.7
14,2527.1
19,2527.2
26,2527.3
25,2527.3
30,2527.4
22,2527.8
12,2527.9
18,2528.5
21,2529.0
3,2529.3
10,2529.3
5,2529.4
29,2529.6
13,2529.7
17,2530.0
4,2530.1
11,2530.2
2,2530.4
1,2530.5
28,2531.1
8,2532.3
22,2532.4
20,2532.7
14,2532.7
6,2533.0
30,2533.3
21,2533.3
9,2533.6
5,2533.7
18,2534.0
10,2534.5
3,2534.8
27,2534.9
2,2534.9
19,2535.0
29,2535.1
4,2535.2
25,2535.3
26,2535.8
1,2536.4
13,2536.7
0,2537.0
11,2537.5
10,2537.8
2,2538.1
5,2538.1
6,2538.8
20,2538.8
18,2538.9
21,2539.1
22,2539.7
19,2540.2
12,2540.5
3,2541.0
10,2541.0
9,2541.0
4,2541.3
29,2541.5
2,2541.6
8,2542.1
0,2542.2
11,2542.3
30,2542.6
1,2543.0
5,2543.0
21,2543.4
14,2543.8
20,2544.0
10,2544.3
27,2544.4
26,2545.6
22,2545.7
2,2545.8
18,2545.9
12,2546.7
6,2547.7
11,2547.9
19,2548.3
8,2548.5
0,2548.9
10,2549.0
2,2549.1
9,2549.3
30,2549.3
20,2549.5
16,2549.5
21,2549.6
29,2549.8
24,2549.8
5,2549.9
13,2550.0
4,2550.7
22,2551.4
12,2551.6
3,2552.2
2,2552.6
15,2552.9
14,2553.3
8,2553.4
11,2553.7
30,2553.9
28,2554.6
5,2555.5
23,2556.1
12,2556.1
13,2556.2
22,2556.3
6,2556.5
4,2556.6
10,2556.6
1,2556.7
16,2557.2
24,2557.3
2,2557.5
20,2557.7
9,2558.7
30,2559.0
14,2559.3
5,2559.5
11,2559.5
15,2559.7
21,2560.5
28,2560.7
8,2561.2
13,2561.2
12,2561.3
22,2562.0
18,2562.4
4,2563.5
23,2563.6
30,2564.1
6,2564.4
14,2564.6
2,2564.8
5,2564.9
11,2565.7
0,2566.4
12,2566.4
15,2566.8
13,2567.4
16,2567.7
24,2567.7
28,2567.9
8,2568.1
10,2568.3
29,2568.7
21,2569.0
30,2569.3
14,2569.6
20,2569.7
4,2570.3
11,2570.4
12,2570.7
2,2570.9
5,2571.0
26,2571.2
22,2571.7
21,2573.3
29,2575.0
15,2575.7
12,2576.4
10,2576.5
11,2576.5
20,2576.7
14,2577.6
30,2577.7
4,2577.7
13,2578.1
21,2579.5
8,2579.5
2,2581.6
5,2582.0
26,2582.3
16,2582.3
24,2582.6
29,2584.4
11,2585.3
20,2585.6
21,2585.8
4,2585.8
12,2587.0
28,2587.1
8,2587.4
9,2587.7
26,2587.7
14,2588.7
16,2588.9
13,2589.4
29,2589.4
21,2590.0
4,2590.1
20,2590.1
11,2590.2
1,2591.1
5,2591.9
8,2593.5
30,2593.6
26,2594.0
29,2594.1
22,2594.2
28,2594.3
14,2594.3
16,2594.4
20,2594.8
21,2594.8
4,2594.9
11,2595.4
10,2595.6
13,2596.0
1,2599.1
30,2599.7
22,2599.9
5,2600.8
29,2601.7
20,2601.8
8,2601.8
14,2602.1
4,2602.8
21,2602.9
12,2602.9
16,2603.4
23,2603.5
2,2603.7
6,2603.9
11,2604.1
22,2604.1
31,2604.3
30,2605.3
4,2608.3
6,2608.6
22,2609.0
12,2609.0
14,2609.4
29,2609.4
31,2609.6
23,2609.7
13,2610.1
10,2610.2
30,2610.3
0,2610.4
11,2611.5
26,2611.6
19,2611.9
2,2611.9
5,2612.2
18,2612.2
22,2614.4
10,2614.6
6,2614.8
12,2615.1
31,2615.5
14,2615.5
0,2615.7
4,2616.2
20,2616.3
23,2616.4
28,2616.6
29,2616.7
30,2616.7
11,2618.4
10,2618.9
5,2618.9
19,2619.0
22,2619.1
2,2619.2
30,2619.9
21,2620.0
12,2620.2
31,2621.2
18,2621.4
6,2621.6
3,2621.6
0,2622.2
14,2622.2
29,2622.5
30,2622.7
4,2622.8
8,2622.9
22,2623.3
11,2623.5
10,2623.9
5,2623.9
15,2624.1
12,2624.7
23,2625.1
2,2625.1
13,2625.6
30,2625.7
9,2626.1
6,2626.5
29,2626.5
3,2627.3
31,2627.3
19,2627.5
25,2627.9
18,2628.0
22,2628.5
14,2628.6
2,2628.8
30,2629.0
4,2629.3
21,2629.6
11,2629.8
5,2630.4
13,2630.9
29,2630.9
12,2631.4
10,2632.0
15,2632.1
9,2632.7
2,2632.7
30,2633.2
6,2633.7
18,2633.8
28,2634.0
19,2634.3
8,2634.7
20,2634.7
25,2635.2
14,2635.3
0,2635.3
22,2635.5
3,2635.6
2,2636.2
16,2636.3
5,2636.5
9,2637.2
26,2637.4
13,2637.6
30,2637.6
23,2637.8
11,2638.0
29,2638.1
24,2638.4
21,2639.0
8,2639.4
31,2639.7
22,2640.2
2,2640.3
18,2640.8
12,2641.1
14,2641.3
20,2641.7
9,2641.8
16,2642.2
30,2642.2
5,2642.3
4,2643.0
28,2643.1
8,2643.6
19,2643.8
15,2643.9
10,2644.5
29,2644.6
2,2645.2
26,2645.4
11,2645.6
22,2645.7
14,2646.0
21,2646.1
24,2646.3
13,2646.4
6,2646.4
12,2646.6
3,2647.1
30,2647.1
0,2647.1
5,2647.2
25,2647.3
9,2647.3
1,2647.3
18,2647.4
10,2648.1
31,2648.3
27,2648.9
19,2649.1
16,2649.5
8,2649.7
2,2650.2
23,2650.3
20,2650.6
10,2651.6
12,2652.3
1,2652.5
5,2652.5
0,2652.6
6,2652.6
21,2652.8
9,2652.9
14,2653.5
3,2654.1
2,2654.3
18,2654.6
22,2654.9
8,2655.3
30,2655.6
17,2656.1
10,2656.2
11,2656.5
15,2656.7
13,2656.9
4,2657.2
19,2657.2
1,2657.3
5,2657.3
29,2657.4
0,2657.7
9,2657.7
28,2658.6
2,2658.8
14,2659.2
27,2659.2
12,2660.0
6,2660.7
11,2661.1
5,2661.2
10,2661.2
30,2661.3
8,2661.7
13,2662.4
0,2662.5
4,2662.9
21,2663.2
2,2663.6
15,2663.7
1,2664.0
9,2664.8
14,2664.9
12,2665.8
22,2665.8
30,2665.8
29,2666.1
11,2666.7
16,2666.7
5,2666.9
31,2667.4
3,2667.4
7,2668.0
10,2668.4
21,2668.9
24,2669.1
17,2669.1
23,2669.4
8,2669.5
20,2669.6
28,2669.9
0,2669.9
2,2669.9
30,2669.9
12,2670.4
1,2670.4
22,2670.7
11,2670.8
29,2671.1
14,2671.2
5,2671.6
13,2672.4
4,2673.3
21,2673.5
16,2673.8
18,2674.6
2,2674.7
30,2675.0
10,2675.1
11,2675.4
1,2675.7
5,2675.8
25,2675.8
20,2675.8
19,2675.9
8,2676.0
6,2676.7
22,2676.8
12,2677.0
0,2677.8
3,2677.8
7,2678.0
2,2678.2
29,2678.3
27,2678.9
9,2679.1
5,2679.4
30,2679.9
21,2680.1
18,2680.3
11,2680.9
1,2681.0
16,2681.4
10,2681.9
2,2682.5
20,2682.5
5,2682.9
14,2683.0
25,2683.0
19,2683.1
8,2683.2
3,2683.4
29,2684.3
6,2684.3
30,2685.1
31,2685.2
1,2685.7
5,2686.7
2,2687.6
27,2688.5
22,2688.5
11,2688.9
10,2689.3
3,2689.6
18,2690.5
16,2691.3
12,2691.3
5,2692.2
21,2692.6
6,2692.7
30,2693.1
29,2693.2
20,2693.2
1,2693.4
2,2694.6
8,2694.7
23,2696.0
10,2696.1
19,2696.5
22,2696.5
6,2696.6
3,2696.8
18,2697.3
5,2697.3
0,2697.6
25,2697.6
4,2697.8
31,2698.4
30,2698.6
27,2698.7
2,2698.8
12,2699.7
6,2700.2
1,2700.4
10,2700.6
19,2700.7
14,2700.9
13,2701.2
18,2701.5
4,2702.0
29,2702.0
28,2702.5
21,2702.5
2,2703.2
23,2703.2
22,2703.9
30,2704.2
25,2704.3
11,2704.3
0,2704.4
5,2704.6
6,2704.8
4,2704.9
19,2704.9
14,2705.1
20,2705.4
13,2705.4
10,2705.5
18,2705.7
21,2705.8
29,2705.9
31,2706.2
12,2706.3
26,2707.0
15,2707.4
2,2707.6
8,2708.0
28,2708.1
4,2708.1
30,2708.4
21,2708.8
3,2708.9
7,2708.9
13,2709.2
16,2709.2
24,2709.2
11,2709.6
29,2709.8
14,2710.0
12,2710.1
5,2710.4
22,2710.4
19,2710.7
4,2711.5
21,2711.6
2,2711.9
20,2712.0
17,2712.1
30,2712.5
6,2712.6
10,2712.6
18,2712.7
13,2713.2
8,2713.6
0,2713.6
29,2713.6
12,2714.1
5,2714.3
11,2714.5
27,2714.9
16,2715.0
25,2715.0
15,2715.2
3,2715.4
21,2715.4
1,2715.5
26,2715.6
2,2715.6
22,2715.7
28,2715.8
4,2715.9
24,2716.1
30,2716.5
14,2716.6
20,2716.8
19,2716.8
5,2717.4
29,2717.4
7,2717.6
13,2717.8
18,2718.6
11,2718.8
3,2718.9
8,2719.0
2,2719.3
27,2719.5
21,2719.5
10,2719.6
6,2719.8
12,2719.8
1,2720.0
5,2720.1
29,2720.3
16,2720.8
30,2720.9
20,2721.1
4,2721.1
17,2721.2
9,2721.4
25,2721.5
13,2721.7
2,2722.3
22,2722.5
3,2722.9
19,2723.0
5,2723.8
29,2723.8
11,2724.3
8,2724.3
18,2724.6
20,2725.2
2,2725.4
21,2725.4
13,2725.6
9,2725.7
1,2725.9
27,2726.4
3,2727.1
10,2727.1
6,2727.2
30,2727.5
5,2727.6
26,2727.8
29,2728.0
2,2728.6
12,2728.6
16,2728.9
22,2729.4
14,2729.9
20,2730.2
4,2730.3
8,2730.5
9,2730.6
25,2730.7
13,2731.0
17,2731.3
21,2731.3
2,2731.5
11,2731.5
10,2731.6
1,2732.0
5,2732.1
0,2732.1
3,2732.6
27,2733.7
31,2734.1
12,2734.1
29,2734.2
6,2734.7
19,2734.8
2,2735.2
24,2735.9
10,2736.4
20,2736.7
5,2736.8
18,2737.3
9,2737.3
30,2737.4
21,2737.9
11,2738.0
3,2738.8
8,2739.0
29,2739.8
12,2740.1
2,2740.1
13,2740.9
5,2741.7
0,2741.9
10,2742.1
11,2742.7
4,2742.8
16,2743.1
21,2743.2
20,2743.2
2,2743.8
29,2744.6
24,2744.8
26,2745.0
8,2745.1
12,2745.1
30,2745.3
22,2745.4
1,2745.4
5,2746.3
3,2746.6
2,2746.9
11,2748.0
25,2748.1
21,2748.4
18,2748.6
19,2749.0
29,2749.0
20,2749.3
16,2749.8
4,2750.1
10,2750.2
2,2750.5
12,2750.6
8,2750.7
5,2751.4
15,2751.5
9,2751.5
14,2752.7
24,2752.8
11,2752.9
30,2753.2
29,2753.6
1,2753.8
20,2754.4
31,2754.7
2,2754.7
18,2754.8
0,2754.9
6,2755.1
16,2755.1
25,2755.2
8,2755.3
22,2755.5
12,2756.5
26,2756.6
23,2756.7
19,2756.7
11,2756.9
5,2756.9
21,2757.0
14,2757.4
9,2758.1
3,2758.4
1,2758.5
17,2758.8
30,2759.1
10,2759.2
2,2759.2
0,2759.3
8,2759.4
15,2759.9
29,2760.4
16,2760.4
18,2760.6
20,2760.8
4,2761.0
14,2761.0
13,2761.1
11,2761.4
19,2762.0
5,2762.1
26,2762.9
30,2763.2
12,2763.2
8,2763.5
1,2763.6
0,2763.6
9,2763.7
22,2763.9
31,2763.9
28,2764.1
2,2764.2
14,2764.2
10,2764.4
11,2764.4
15,2764.8
29,2765.0
20,2765.3
21,2765.3
4,2765.3
16,2765.6
5,2766.1
13,2766.7
17,2767.5
30,2767.6
18,2767.6
23,2767.8
11,2768.0
14,2768.2
8,2768.4
19,2768.9
26,2769.3
1,2769.7
29,2769.9
20,2769.9
4,2769.9
0,2770.0
21,2771.0
22,2771.1
25,2771.6
15,2771.7
30,2771.8
5,2772.3
2,2772.5
11,2772.6
16,2773.1
10,2773.3
9,2773.5
14,2774.4
12,2774.9
29,2775.2
4,2775.2
20,2775.3
8,2775.5
13,2775.8
22,2776.4
21,2776.5
0,2776.5
11,2776.6
30,2776.7
26,2776.8
28,2776.8
5,2778.6
2,2778.8
14,2779.2
4,2779.8
29,2780.0
13,2780.4
10,2780.8
1,2781.4
21,2781.5
28,2781.7
11,2781.9
18,2782.3
14,2782.8
5,2783.3
3,2783.8
31,2784.0
4,2784.0
0,2784.2
30,2784.7
2,2784.8
27,2785.1
20,2785.2
10,2785.3
22,2785.7
13,2786.2
29,2786.6
21,2786.7
14,2786.9
11,2787.0
1,2787.1
5,2788.1
8,2788.2
28,2788.3
16,2788.4
19,2789.2
4,2789.2
18,2790.0
6,2791.0
12,2791.1
23,2791.2
20,2791.3
10,2791.4
22,2792.5
13,2793.0
11,2793.0
21,2793.0
14,2793.1
5,2793.1
15,2793.1
1,2793.3
2,2794.6
8,2795.8
0,2795.8
16,2796.0
3,2796.0
10,2797.2
29,2797.5
26,2797.6
4,2797.6
20,2797.8
18,2797.9
28,2798.0
19,2798.3
23,2798.5
5,2798.8
11,2799.0
6,2799.4
12,2799.4
1,2800.0
22,2800.2
8,2801.5
16,2801.6
30,2802.3
10,2802.4
0,2802.5
14,2803.7
2,2804.7
26,2804.8
24,2804.9
21,2805.2
9,2805.2
18,2805.4
19,2805.5
11,2805.5
12,2806.1
5,2806.2
1,2806.3
8,2806.5
29,2806.5
0,2806.6
23,2806.7
20,2806.7
22,2807.4
17,2807.5
10,2807.6
4,2807.8
6,2807.9
13,2808.1
7,2808.4
21,2808.7
2,2808.8
9,2809.4
29,2809.7
11,2810.5
16,2810.7
30,2810.8
0,2810.8
12,2811.2
3,2811.3
26,2811.3
21,2811.8
1,2812.2
8,2812.2
20,2812.7
29,2812.8
2,2813.1
10,2813.2
19,2813.6
13,2813.9
9,2813.9
18,2814.3
4,2815.5
0,2815.9
21,2816.0
7,2816.7
29,2817.0
12,2817.1
5,2817.1
11,2817.6
26,2817.8
17,2817.9
8,2818.1
10,2818.4
2,2818.9
16,2819.4
9,2819.7
21,2820.2
13,2820.3
22,2820.5
3,2820.5
29,2820.6
14,2820.8
12,2821.0
23,2821.1
30,2821.6
31,2823.2
1,2823.3
19,2823.5
0,2823.8
20,2824.5
2,2824.9
10,2824.9
9,2825.2
29,2825.2
8,2825.8
12,2826.3
21,2826.4
17,2828.5
18,2828.5
14,2828.8
13,2829.2
26,2829.7
22,2830.3
2,2830.3
9,2830.4
0,2830.4
29,2830.6
1,2831.0
6,2831.0
8,2831.5
12,2832.1
31,2832.1
23,2832.3
20,2832.6
5,2833.5
16,2833.6
11,2835.2
9,2835.7
28,2835.7
2,2835.8
4,2836.0
8,2836.6
14,2836.7
13,2837.1
10,2837.2
3,2837.2
0,2837.4
26,2837.9
21,2838.3
1,2838.6
29,2838.8
17,2839.2
20,2839.8
9,2839.8
5,2839.9
2,2840.2
8,2840.9
30,2841.5
13,2841.7
28,2842.0
14,2842.9
16,2842.9
12,2843.0
15,2843.0
4,2843.0
11,2843.9
5,2844.5
22,2844.7
1,2845.4
8,2846.0
9,2846.1
20,2846.4
13,2846.5
26,2846.6
10,2846.7
14,2846.7
0,2847.0
2,2847.1
18,2847.3
4,2847.3
30,2848.2
3,2848.5
11,2849.0
28,2849.0
16,2849.0
5,2849.0
1,2849.6
14,2850.9
8,2851.4
20,2851.8
15,2851.9
4,2852.5
10,2852.9
13,2853.8
29,2854.2
5,2854.5
31,2854.5
1,2854.7
21,2855.0
12,2855.1
11,2855.2
18,2855.4
30,2855.6
14,2856.0
16,2856.2
7,2856.5
3,2857.9
4,2858.4
2,2858.5
9,2859.0
10,2859.1
8,2859.6
20,2860.3
21,2860.8
1,2860.8
29,2860.8
12,2861.1
14,2862.7
30,2862.9
5,2864.1
2,2865.2
7,2865.2
9,2866.3
20,2867.1
28,2867.2
18,2867.2
8,2867.3
11,2868.1
4,2869.2
29,2869.2
21,2869.8
30,2870.5
3,2870.7
5,2870.8
12,2870.8
10,2871.4
14,2871.7
29,2872.7
20,2872.8
13,2873.2
26,2873.3
1,2874.1
4,2874.2
22,2874.3
31,2874.6
11,2874.6
5,2874.8
30,2875.0
21,2875.2
23,2876.1
15,2876.3
14,2876.4
29,2876.5
2,2877.4
4,2878.8
28,2878.8
3,2878.9
13,2879.2
30,2879.4
12,2879.5
5,2879.5
20,2880.2
11,2880.3
14,2880.5
22,2880.8
29,2880.9
31,2883.2
9,2883.3
30,2883.5
21,2883.7
15,2884.9
4,2885.0
14,2885.3
5,2885.4
22,2885.5
11,2885.8
13,2886.2
8,2886.2
29,2886.5
30,2887.0
23,2887.3
28,2887.4
2,2887.4
10,2887.7
0,2887.8
14,2888.2
4,2888.9
11,2889.8
21,2890.0
13,2890.2
15,2890.2
5,2890.4
12,2890.4
30,2890.9
14,2891.4
29,2891.7
22,2892.6
28,2892.9
11,2893.7
4,2893.7
30,2894.5
2,2894.9
14,2895.1
13,2895.7
10,2896.1
5,2896.3
0,2896.6
15,2896.7
26,2897.9
21,2898.3
11,2898.5
8,2898.9
12,2898.9
16,2899.4
22,2899.5
2,2899.5
29,2899.5
30,2899.7
24,2900.2
14,2900.3
4,2900.5
20,2901.4
13,2902.6
11,2902.7
21,2903.9
15,2904.0
2,2904.4
12,2904.6
28,2904.6
22,2904.7
29,2905.1
30,2905.4
17,2905.5
8,2905.7
14,2905.8
4,2906.2
5,2907.0
26,2907.2
16,2907.4
11,2907.8
20,2908.2
24,2908.4
13,2908.4
21,2909.6
22,2910.0
29,2910.1
10,2910.5
2,2910.6
3,2911.7
1,2912.6
4,2912.8
9,2912.8
13,2912.9
6,2912.9
5,2913.6
29,2914.5
11,2914.9
27,2915.0
2,2915.1
14,2915.2
12,2915.3
17,2915.4
30,2915.5
8,2916.2
3,2917.4
20,2917.6
16,2917.6
21,2917.8
9,2917.8
10,2917.9
13,2917.9
22,2917.9
24,2918.0
1,2918.5
29,2918.6
5,2919.0
2,2919.5
6,2919.5
14,2919.7
31,2920.8
11,2920.8
4,2921.1
8,2921.6
23,2922.0
18,2922.3
3,2922.4
1,2922.5
26,2922.5
10,2922.6
16,2922.8
12,2923.0
0,2923.2
20,2923.8
9,2923.9
14,2924.1
29,2924.3
5,2924.5
27,2925.4
13,2925.8
24,2926.0
22,2926.2
8,2926.3
2,2926.4
1,2926.5
15,2926.8
11,2927.0
4,2927.8
14,2928.3
16,2928.4
10,2928.7
6,2929.1
3,2929.2
31,2929.7
18,2929.8
2,2930.4
29,2930.5
5,2931.0
12,2931.2
25,2931.6
20,2931.8
19,2932.2
11,2932.3
1,2933.0
23,2933.8
0,2933.8
9,2933.9
8,2934.1
2,2934.3
10,2934.6
18,2934.9
14,2935.0
5,2937.2
21,2937.5
22,2937.9
30,2938.0
29,2938.4
2,2938.6
11,2938.8
3,2938.8
25,2939.4
16,2939.7
19,2940.1
18,2940.7
10,2941.4
5,2941.8
2,2942.5
0,2942.6
4,2943.3
20,2944.2
30,2944.5
29,2944.6
8,2944.7
9,2944.9
11,2945.1
18,2945.7
1,2945.8
19,2945.8
2,2946.2
5,2946.6
10,2946.8
3,2946.8
25,2947.2
14,2948.0
16,2948.2
0,2949.0
20,2949.4
18,2950.1
2,2950.3
19,2950.3
8,2950.7
11,2950.9
13,2951.1
9,2951.3
10,2951.7
5,2951.8
29,2951.8
1,2953.0
2,2953.4
20,2953.7
3,2953.9
0,2954.5
16,2955.2
5,2955.7
11,2955.9
30,2956.0
9,2956.3
27,2956.3
29,2956.4
8,2956.9
18,2957.1
2,2957.1
13,2957.2
19,2957.3
3,2957.7
10,2957.8
25,2959.0
5,2959.7
20,2960.5
29,2961.4
2,2962.3
9,2963.1
3,2963.1
27,2963.8
11,2964.0
21,2964.3
30,2964.5
0,2965.4
5,2965.7
1,2966.8
13,2966.9
8,2968.6
10,2969.4
14,2969.5
4,2970.0
29,2970.1
5,2970.8
2,2971.1
15,2971.3
30,2971.5
11,2971.6
3,2972.7
28,2972.9
13,2972.9
21,2973.1
20,2973.5
9,2973.7
4,2976.0
14,2976.2
18,2976.3
16,2976.4
5,2976.4
2,2977.6
8,2977.7
30,2978.2
11,2979.5
22,2979.5
13,2979.7
15,2980.0
9,2980.2
23,2980.2
12,2980.5
6,2980.8
0,2981.0
1,2981.8
21,2982.7
14,2983.2
2,2983.3
17,2983.6
20,2983.7
19,2983.8
8,2984.0
30,2984.3
9,2985.3
11,2985.8
5,2985.8
22,2986.4
4,2986.5
0,2986.8
15,2987.6
23,2987.6
1,2988.6
30,2988.9
14,2989.7
12,2990.0
2,2990.0
28,2990.2
6,2990.9
22,2991.3
8,2992.1
10,2992.1
11,2992.7
9,2992.8
0,2992.8
29,2993.0
30,2993.1
19,2993.3
18,2993.5
15,2995.2
13,2995.2
14,2995.4
17,2996.1
5,2996.5
10,2997.1
4,2997.1
30,2997.5
22,2998.1
2,2998.3
1,2998.4
11,2998.9
3,2999.4
6,2999.6
0,2999.6
21,2999.8
