134,25.5
212,29.9
67,29.9
206,31.7
361,32.0
313,32.3
71,32.5
178,32.9
163,33.5
357,33.9
18,34.1
59,34.3
0,34.6
267,34.8
96,36.4
172,37.0
180,37.2
308,37.3
24,37.3
268,37.4
62,37.7
229,38.1
19,38.7
60,38.8
61,38.9
309,39.1
360,39.4
69,39.8
205,39.8
31,39.9
156,40.1
353,40.2
84,41.0
17,41.7
319,41.8
158,42.0
33,42.2
359,42.3
261,43.1
173,43.6
39,43.8
293,43.9
88,44.4
76,44.6
119,44.8
320,44.8
108,45.0
130,45.1
214,45.7
182,45.9
255,46.1
218,46.3
184,46.4
302,46.7
164,47.2
170,47.5
368,47.5
63,48.0
3,48.0
207,49.8
349,49.9
86,50.0
266,50.1
339,50.2
29,50.5
311,50.6
351,50.8
350,50.9
34,51.0
41,51.1
310,51.2
105,51.2
129,51.4
279,51.5
123,51.7
157,51.7
305,51.8
45,52.1
366,52.7
228,52.8
32,52.9
367,53.6
53,53.8
355,55.2
30,55.7
291,55.7
109,55.7
278,56.4
201,57.1
348,57.9
307,58.1
137,58.2
113,58.6
67,58.6
78,59.0
211,59.2
227,59.2
125,59.5
361,60.2
100,60.2
210,60.6
134,61.1
265,61.3
159,64.3
154,66.6
60,66.7
18,67.2
256,68.0
225,69.3
12,70.2
178,70.3
298,70.6
334,70.8
152,71.3
0,71.5
252,71.7
149,72.0
36,72.1
296,72.8
303,73.0
206,73.7
71,73.8
74,73.9
15,74.0
156,74.3
163,74.3
61,74.6
345,75.3
212,75.3
267,75.3
313,75.9
301,76.2
208,76.3
112,76.8
246,77.0
193,77.3
229,77.3
357,77.5
59,77.6
96,77.7
167,77.9
360,78.5
180,78.7
300,78.7
275,79.1
268,79.3
169,79.4
281,79.7
359,80.1
160,80.3
19,80.7
376,80.8
202,80.8
320,81.2
218,81.4
31,81.5
17,81.6
39,84.4
372,84.9
370,85.1
128,85.8
84,86.0
332,86.2
33,86.5
88,88.5
109,89.3
67,94.6
134,95.0
308,96.7
247,97.0
182,99.2
365,99.9
76,100.3
157,100.8
38,101.3
311,102.0
151,102.4
130,103.2
305,103.2
319,104.6
89,105.3
221,105.4
172,105.8
258,105.9
309,105.9
176,106.3
87,106.5
361,107.6
34,107.7
86,108.0
45,108.6
310,108.8
75,108.9
270,109.3
32,109.8
161,110.7
0,111.2
357,111.4
18,112.4
339,113.5
200,113.9
212,114.0
105,114.5
210,114.7
291,114.7
377,115.2
101,115.2
137,115.2
353,115.7
15,115.9
297,115.9
318,116.2
27,116.9
196,117.5
100,117.5
5,118.6
262,119.2
211,119.4
193,121.2
30,121.8
59,122.1
256,123.3
25,123.6
350,124.8
307,125.6
123,125.6
36,125.6
96,126.0
1,126.1
300,126.4
202,126.4
356,126.4
366,126.4
61,126.6
349,127.2
242,127.5
293,128.8
205,131.7
219,131.9
213,132.5
288,133.3
67,133.8
40,134.9
206,136.1
76,136.5
39,136.8
305,136.8
359,137.0
365,137.1
176,137.5
351,137.6
29,138.1
378,138.2
368,138.3
218,138.4
63,139.4
355,139.7
133,140.0
90,140.3
327,140.5
255,140.6
272,140.7
137,141.1
41,141.4
321,141.7
46,141.9
119,141.9
201,142.0
182,142.1
247,142.1
20,142.1
113,142.7
19,143.4
223,143.5
104,143.9
310,144.9
97,145.0
236,145.2
38,145.3
130,145.7
258,146.0
221,146.0
203,146.1
184,146.1
353,146.6
311,146.9
361,147.3
128,147.8
228,147.8
18,147.8
163,148.1
322,148.8
32,148.9
339,149.3
53,149.4
226,149.5
316,149.6
60,149.7
134,150.3
229,150.3
291,150.4
64,150.7
360,151.3
157,156.3
256,157.0
175,157.8
172,160.7
210,161.3
100,162.5
154,164.7
252,165.5
62,165.8
167,166.1
25,166.8
125,167.7
156,169.1
296,169.4
149,169.6
105,170.5
200,172.4
0,173.0
86,173.0
293,173.2
345,173.4
96,174.2
193,174.8
2,175.1
67,175.9
349,176.0
158,176.1
71,176.3
24,176.4
308,176.8
205,176.8
268,176.9
211,177.7
59,178.5
212,178.6
106,178.8
30,178.8
11,178.9
87,180.4
307,180.5
61,180.6
245,181.0
313,181.4
168,184.1
74,184.3
178,184.4
353,185.2
206,185.3
279,185.5
15,185.6
367,185.9
361,186.1
218,186.3
88,186.5
246,186.5
300,186.8
311,186.8
368,187.3
75,187.4
113,187.4
182,188.0
130,188.2
89,188.5
184,188.7
242,189.0
36,189.5
39,189.6
79,189.9
339,189.9
376,189.9
104,190.0
137,190.1
201,190.2
291,190.2
76,190.6
176,190.9
202,191.1
20,191.3
357,191.4
351,191.6
22,191.7
377,191.7
310,191.9
45,191.9
366,192.2
289,192.4
258,192.5
261,192.5
132,192.8
38,192.9
64,193.0
358,193.1
298,193.2
169,193.4
274,193.5
60,193.5
316,193.6
53,193.9
255,193.9
33,194.0
272,194.2
18,194.3
172,194.3
58,194.8
229,194.8
120,194.8
359,195.5
131,196.9
318,197.1
314,197.3
227,198.5
256,198.5
278,199.0
72,200.5
163,201.4
111,201.6
32,201.7
157,201.8
214,202.9
365,203.1
355,203.2
134,204.9
112,205.3
19,205.9
7,206.9
319,206.9
203,208.0
226,211.1
17,211.2
128,211.2
67,211.5
247,211.7
267,212.0
230,212.1
171,212.2
305,214.4
129,214.5
180,214.7
373,215.7
309,216.0
34,216.3
40,217.3
84,217.5
177,217.7
320,217.7
151,217.8
170,218.0
308,218.2
86,218.8
178,219.4
212,219.6
378,221.2
39,221.3
77,221.3
266,221.3
109,221.9
31,222.8
74,223.0
108,223.4
0,223.6
71,224.0
275,224.1
268,225.2
348,225.5
29,225.6
303,226.3
18,226.6
313,226.7
156,227.5
359,227.9
291,228.3
258,228.3
176,228.4
310,229.1
311,229.1
221,229.2
218,229.7
167,229.8
169,230.0
61,230.3
130,230.5
161,230.6
25,231.0
69,231.1
271,231.2
60,231.4
120,231.6
361,231.6
256,232.0
255,232.0
172,232.4
248,232.5
339,233.7
100,234.2
206,234.5
24,234.5
53,234.8
193,235.3
162,235.4
287,235.7
349,235.8
372,236.0
15,236.2
163,236.3
211,236.5
132,236.6
288,236.9
208,236.9
133,237.0
38,237.0
357,237.2
154,237.3
33,237.8
36,237.9
205,238.0
377,238.1
334,238.1
225,238.1
353,238.5
64,238.7
12,238.8
351,238.8
270,239.1
141,239.1
252,239.2
376,239.6
97,239.7
229,239.9
125,240.1
227,240.1
75,240.2
363,240.4
293,240.5
371,240.6
157,240.6
201,241.5
183,241.6
72,241.9
296,242.2
366,242.4
90,242.7
300,242.9
182,243.3
281,243.5
137,243.5
327,243.5
280,243.6
134,243.7
127,243.9
34,244.3
5,244.5
79,244.9
178,244.9
364,245.2
323,245.4
67,245.4
279,245.5
370,245.6
200,245.6
101,245.7
143,245.8
272,246.0
88,246.1
289,246.5
335,246.7
86,247.2
365,247.2
135,247.4
332,248.6
186,248.9
181,249.3
87,249.4
13,250.1
9,250.8
89,251.0
367,251.1
184,251.2
153,251.6
298,251.7
212,251.9
308,252.0
27,252.3
138,252.4
321,252.6
41,252.6
59,252.9
0,252.9
2,253.1
261,253.2
246,254.7
228,254.8
309,254.8
45,255.5
316,255.8
31,255.8
314,256.6
202,256.9
360,257.2
319,257.5
80,258.3
20,259.2
71,259.2
74,259.3
160,259.5
214,259.7
196,260.0
291,260.5
297,260.8
172,260.9
302,261.0
368,261.0
105,261.1
99,261.1
310,261.4
169,261.5
262,261.6
96,261.6
305,261.8
313,262.1
258,262.1
156,262.2
378,263.2
265,263.2
210,263.6
357,263.8
350,263.8
328,264.0
19,264.1
268,264.2
226,264.6
260,264.6
311,264.9
151,265.4
158,265.7
295,265.8
130,265.8
149,265.8
345,265.8
218,265.9
113,266.0
123,266.2
353,266.2
206,266.7
307,268.0
194,268.1
7,268.6
339,269.0
15,269.3
61,269.3
17,269.7
361,269.8
78,270.5
176,271.1
177,271.6
248,273.3
255,274.5
76,276.8
216,277.7
33,278.2
18,280.1
229,280.1
182,280.2
39,280.8
193,281.4
171,281.4
36,282.2
300,282.4
376,282.6
204,283.9
359,284.1
276,285.3
272,285.4
212,285.5
178,286.0
136,286.8
134,287.3
129,287.6
67,288.1
227,288.8
137,289.2
59,290.2
125,290.3
267,290.4
180,292.3
40,292.4
133,293.1
0,293.6
163,294.0
112,295.1
173,295.2
60,295.4
322,295.9
47,297.7
332,298.2
367,298.6
96,298.6
319,299.4
38,299.4
184,299.6
128,299.8
353,300.3
88,300.5
29,300.8
206,301.3
365,301.3
92,301.5
225,301.7
361,301.8
157,301.8
334,302.1
274,302.3
281,302.6
316,302.9
74,303.5
31,303.8
221,304.0
372,304.1
360,304.7
320,305.1
172,305.3
203,305.3
279,305.5
366,305.5
232,305.6
84,306.4
130,306.7
86,306.8
81,307.6
355,307.9
381,308.6
169,308.7
76,308.7
39,309.7
373,310.2
310,310.9
141,311.3
309,311.3
378,311.4
339,311.7
34,312.3
77,312.4
246,313.0
275,313.1
182,313.3
305,313.6
202,315.3
72,316.2
313,316.3
111,316.3
71,317.1
176,317.1
18,317.5
345,317.6
8,317.6
105,317.7
59,318.5
291,318.6
242,318.6
258,318.9
11,319.3
61,320.3
311,320.3
351,320.4
193,321.9
109,322.6
300,322.6
212,322.9
370,323.0
201,323.5
218,323.6
211,324.7
19,325.2
368,326.2
303,327.1
36,327.3
20,328.3
350,328.4
247,328.6
359,328.7
293,329.0
245,329.3
200,329.3
67,330.5
357,330.7
58,330.8
156,330.9
314,331.6
119,331.8
134,331.9
32,332.2
137,333.4
0,333.7
123,333.8
267,334.2
15,334.2
268,335.3
30,335.4
206,335.4
270,335.6
361,338.3
178,338.4
40,338.5
90,339.3
25,340.0
210,340.0
229,341.0
180,342.1
365,342.1
296,342.3
151,343.0
75,343.5
377,344.3
287,344.4
353,345.2
157,345.8
307,345.8
308,346.5
248,347.8
363,348.6
297,349.0
172,349.2
60,349.7
305,349.7
132,350.2
17,350.6
262,350.8
64,351.1
74,352.2
84,352.8
33,353.0
163,353.5
320,354.2
176,354.7
205,355.5
34,355.5
255,356.7
214,357.0
154,358.2
169,358.5
27,358.5
356,358.9
258,359.0
213,359.6
24,359.6
87,359.6
354,359.9
177,360.0
127,360.3
219,360.4
79,360.7
226,361.9
21,361.9
76,362.0
31,362.4
218,362.4
319,363.1
39,363.2
18,363.3
182,364.3
300,364.7
108,365.1
61,365.1
309,366.4
71,366.5
302,366.6
19,367.1
109,367.2
260,367.5
78,367.8
130,368.0
311,368.9
152,369.1
20,369.2
303,369.6
366,369.7
211,369.8
206,370.1
88,370.1
228,371.1
113,371.4
41,371.6
359,372.2
164,372.5
350,372.6
310,373.0
261,373.2
105,373.2
229,373.3
298,373.7
360,373.9
167,373.9
156,374.1
368,374.2
361,374.7
321,375.4
316,375.5
133,376.2
67,376.6
357,376.7
45,377.0
268,377.4
328,377.6
376,377.8
86,377.8
353,377.8
12,378.0
15,378.2
184,378.4
60,378.5
367,379.4
212,379.6
125,379.6
295,379.7
159,379.8
289,380.9
341,381.0
241,381.0
291,381.9
335,382.1
178,383.0
351,383.1
160,383.5
2,384.4
13,384.6
272,385.0
313,386.2
75,386.9
89,387.0
332,387.8
141,387.9
308,388.8
279,389.7
0,394.5
36,405.5
201,406.6
170,407.3
176,407.7
197,408.0
59,408.7
205,409.5
293,409.9
5,410.2
196,410.3
194,410.9
199,411.3
318,412.8
137,415.0
151,415.4
357,415.6
202,415.7
311,415.9
7,416.2
218,416.2
109,416.2
107,416.2
300,416.4
298,416.7
172,417.5
266,417.8
86,418.1
247,418.2
104,418.3
212,418.8
182,419.0
303,419.3
193,419.4
30,419.4
348,419.5
60,420.1
45,420.2
101,420.5
337,420.5
67,420.5
376,421.1
169,421.2
90,421.5
291,422.0
210,422.5
227,422.7
17,422.8
366,422.9
377,423.1
308,423.1
99,423.1
89,423.2
18,423.2
153,423.4
248,423.4
88,423.7
296,423.9
246,424.0
2,424.2
25,424.5
135,424.8
38,424.9
12,425.0
64,425.0
157,425.1
96,425.6
15,425.7
370,426.0
108,426.3
131,427.0
305,427.1
76,427.2
0,427.4
133,427.4
178,427.6
125,428.0
24,428.2
149,428.3
158,428.3
365,428.3
74,428.5
353,428.6
156,429.0
345,429.2
71,429.3
163,429.5
22,429.6
19,429.9
349,429.9
289,430.1
111,430.4
53,430.8
11,431.1
121,431.2
252,431.3
313,431.7
69,432.1
334,432.3
242,433.1
268,433.3
229,434.0
154,434.8
136,436.2
339,436.3
105,436.9
332,440.7
181,453.1
258,453.9
36,454.5
310,454.5
182,456.3
130,456.8
92,457.0
129,458.1
255,458.8
365,458.9
133,459.4
366,460.5
270,460.6
176,460.7
314,460.9
376,460.9
276,461.0
137,461.6
143,461.9
372,461.9
335,462.4
319,462.6
38,462.8
327,462.9
127,464.0
377,464.3
212,464.8
378,464.8
291,465.8
75,465.8
59,465.9
169,466.4
27,466.8
323,467.0
186,467.1
79,467.5
90,468.1
33,468.2
321,469.1
351,469.8
40,470.5
13,470.5
272,470.5
138,470.5
34,470.6
20,470.7
226,470.8
7,470.9
31,471.5
41,472.5
300,472.8
172,473.8
74,473.9
261,474.1
353,474.6
311,474.9
175,475.6
268,476.3
368,476.7
201,476.7
120,477.3
357,477.6
184,477.7
15,477.9
298,478.0
171,478.1
367,478.6
316,479.5
141,479.5
86,480.0
134,480.7
71,480.9
0,481.0
104,481.1
313,481.1
18,481.7
67,482.0
246,482.5
229,482.7
167,483.0
178,483.3
72,483.6
87,483.6
39,484.5
339,485.6
205,485.7
287,486.3
271,486.6
363,486.6
308,486.8
193,487.1
73,487.2
202,488.0
88,488.1
89,490.3
370,492.9
29,493.0
206,493.7
361,496.7
256,497.8
221,498.1
365,500.3
169,500.7
9,500.8
61,501.3
137,501.4
203,501.6
60,501.8
291,502.0
195,502.7
76,502.8
99,503.1
305,503.2
343,504.0
289,504.1
101,504.2
378,505.4
17,505.5
310,505.5
161,506.1
320,506.8
163,506.9
130,507.0
177,507.1
288,507.7
19,508.0
74,508.6
322,509.2
97,509.3
228,509.7
109,509.8
211,509.8
200,509.8
218,510.8
247,510.8
67,511.2
31,511.3
28,511.4
134,512.0
267,512.1
300,512.3
0,512.4
311,513.6
13,514.0
357,514.4
260,515.0
156,515.1
59,516.0
246,516.6
157,516.7
212,517.2
71,517.2
313,517.4
349,519.0
96,519.4
268,520.4
353,521.8
193,521.8
100,522.0
295,522.4
337,522.4
7,523.2
339,524.3
308,524.4
38,525.6
182,526.0
226,526.4
133,527.0
376,527.1
184,527.2
125,527.6
229,527.7
33,527.9
178,528.8
127,529.2
345,529.3
227,531.2
143,532.4
75,533.1
141,534.4
332,534.9
136,537.8
87,540.1
36,541.7
281,542.4
334,542.7
316,544.7
5,544.8
79,545.7
176,546.6
47,547.3
221,547.3
377,547.5
372,548.2
34,548.4
169,548.5
272,548.6
137,548.7
86,549.3
365,549.7
270,550.8
39,550.8
181,551.0
258,551.3
378,551.7
40,551.8
361,552.4
291,552.4
298,553.2
327,553.3
15,553.4
76,553.5
321,553.5
111,553.5
80,553.5
88,554.0
212,554.2
225,554.5
323,554.9
18,555.6
90,556.1
287,556.2
27,556.3
33,556.9
0,557.0
200,557.1
138,557.7
186,557.8
320,558.1
310,558.2
171,558.2
134,558.4
319,558.8
193,561.5
38,561.7
59,562.5
373,563.3
261,563.6
366,564.2
314,564.6
349,564.6
369,565.5
300,566.9
161,567.0
8,567.3
376,567.6
220,568.5
363,570.7
335,571.6
339,572.9
313,573.3
211,574.6
370,576.2
182,576.9
89,577.3
1,586.9
87,589.4
256,590.3
127,590.5
293,591.0
176,593.9
303,594.5
36,595.8
104,596.1
5,597.9
201,598.0
196,598.5
170,599.8
172,600.0
200,600.2
270,600.2
59,601.6
193,602.5
212,603.2
288,603.2
258,603.4
291,603.9
246,604.0
75,604.1
0,604.9
305,605.1
310,605.1
97,605.1
242,605.2
376,605.7
110,606.2
18,606.3
109,606.5
377,606.7
357,606.9
205,607.2
17,607.3
298,607.3
58,607.5
351,607.5
33,607.8
151,607.8
111,607.9
202,608.3
349,608.4
34,608.7
268,608.7
147,608.8
67,608.9
194,609.1
218,609.1
132,609.3
7,609.4
365,609.4
53,609.5
158,609.5
61,610.1
229,610.2
320,610.3
169,610.5
108,610.8
11,610.9
372,611.2
276,611.5
45,611.6
300,611.7
38,611.7
266,611.8
143,611.8
12,611.8
214,612.0
221,612.0
366,612.0
133,612.1
255,612.2
178,612.7
337,613.0
60,613.2
308,613.3
55,613.4
332,613.5
182,613.5
22,613.7
248,613.7
260,613.7
71,614.1
206,614.2
163,614.3
74,614.4
197,614.5
31,614.9
309,615.1
319,615.3
161,615.5
311,615.7
192,615.8
15,616.1
19,616.2
287,617.1
225,617.3
157,617.3
88,617.4
86,617.6
254,617.7
313,617.9
4,618.7
156,619.2
334,619.2
160,619.4
281,619.7
130,619.9
226,620.5
134,620.7
216,621.2
199,621.4
247,621.7
261,622.8
24,623.8
101,624.0
227,625.3
228,633.6
184,637.5
367,637.5
177,637.9
41,639.7
282,639.8
357,641.2
229,641.2
67,641.4
172,641.8
207,642.4
378,642.5
361,642.7
152,643.1
178,643.3
360,643.4
69,643.7
84,644.4
82,644.6
267,644.8
31,644.9
206,644.9
201,644.9
39,645.0
20,645.1
3,645.1
368,645.4
18,645.7
182,645.7
203,646.0
339,646.2
328,646.3
170,646.4
130,646.6
180,646.8
322,647.4
351,647.4
33,647.9
271,647.9
7,648.1
74,648.2
317,648.4
310,648.6
104,648.8
218,648.8
291,648.9
175,648.9
109,649.2
353,649.5
301,649.5
134,649.5
60,649.6
359,649.6
88,649.7
17,649.8
255,649.8
169,649.9
73,650.3
221,650.4
303,650.5
0,650.7
355,650.9
256,650.9
321,650.9
156,651.1
167,651.4
269,651.6
205,652.0
365,652.0
64,652.4
311,652.4
320,652.6
25,652.6
275,653.2
258,653.8
319,653.8
366,654.4
225,655.2
194,655.2
163,655.4
61,655.4
268,655.4
260,655.9
211,656.0
208,656.1
210,656.1
352,656.2
332,657.2
19,658.4
100,658.8
5,659.1
161,659.9
96,667.7
300,667.8
193,668.1
71,670.4
313,672.4
76,672.4
112,673.6
298,673.9
212,674.0
59,674.7
18,675.5
309,676.1
99,677.4
128,679.1
261,679.9
337,680.4
169,680.5
137,680.6
134,682.2
305,682.6
176,683.0
361,683.0
39,683.1
40,683.3
157,683.5
33,683.5
111,684.4
226,684.4
246,684.8
80,684.9
120,685.3
329,685.8
230,685.8
308,686.5
34,686.7
377,686.9
359,687.0
178,687.1
67,687.2
247,687.2
216,687.2
291,688.0
345,688.3
72,688.3
357,688.3
9,688.6
360,688.7
353,688.8
373,688.9
316,689.1
130,689.5
224,689.5
60,689.9
365,690.4
188,690.7
295,690.8
149,690.9
129,691.4
84,691.5
108,692.1
86,692.1
105,692.5
229,692.6
369,693.8
88,694.2
45,695.1
260,696.9
182,697.6
339,698.0
156,698.2
36,698.4
151,698.8
38,698.8
202,699.7
366,701.0
310,701.1
225,703.2
279,703.9
78,704.4
300,704.6
79,704.8
227,704.9
319,705.0
214,706.2
297,706.3
0,706.4
101,706.7
262,707.0
76,708.0
320,708.0
210,708.0
8,708.6
302,708.6
350,710.6
242,711.0
96,712.0
123,712.8
356,713.3
11,713.4
258,713.4
361,713.6
18,713.6
169,713.8
305,713.9
206,714.9
39,714.9
275,715.8
71,716.2
87,716.3
193,716.8
34,717.3
61,718.0
248,718.5
17,718.9
33,719.8
74,720.6
246,721.4
218,722.1
376,722.3
165,723.0
211,723.4
370,723.6
270,724.2
59,724.7
219,725.7
176,725.9
213,726.1
365,726.4
141,727.0
77,727.9
183,728.9
20,729.2
84,729.4
230,729.6
212,730.0
371,730.3
268,731.1
178,731.5
229,731.6
27,731.7
121,731.8
182,732.1
86,732.7
359,732.7
129,733.4
280,734.1
38,734.5
200,735.5
278,735.7
328,735.8
161,736.8
28,737.0
72,738.1
30,738.1
279,738.7
151,739.1
310,739.6
355,739.8
368,740.4
76,740.7
309,741.0
255,741.2
172,741.4
311,741.6
377,741.7
291,742.1
308,742.3
130,742.9
45,743.0
157,744.3
373,744.6
256,745.3
120,745.3
226,746.2
276,746.4
85,747.5
7,748.1
258,749.4
305,749.5
169,749.8
18,750.7
366,752.4
127,757.8
104,758.8
39,762.2
34,762.9
38,763.5
271,765.2
25,766.0
106,767.7
278,768.3
339,769.6
176,769.7
230,770.0
353,770.5
162,770.7
79,771.5
137,772.0
171,773.4
369,775.2
64,776.1
5,778.2
0,778.3
359,778.4
196,778.9
101,779.0
247,779.5
120,779.9
349,780.5
357,780.5
201,780.7
67,781.1
53,781.2
377,781.3
310,781.6
163,781.7
261,781.8
76,781.9
22,782.2
291,782.2
256,783.6
358,784.0
266,784.1
72,784.3
19,784.5
178,785.0
268,785.1
223,785.5
199,785.5
33,785.6
293,785.8
248,786.4
308,786.4
255,786.4
134,786.7
20,786.7
30,786.8
221,786.9
87,787.0
113,787.4
170,787.7
368,787.7
86,787.9
84,787.9
36,788.0
172,788.1
130,788.2
279,788.5
272,788.7
174,789.0
7,789.2
227,789.3
39,789.7
88,789.8
73,790.0
206,790.2
169,790.7
229,790.8
182,790.9
24,791.0
141,791.4
184,791.6
361,791.8
275,792.1
29,792.1
129,792.3
228,792.7
4,793.2
89,793.4
280,793.4
194,793.5
197,794.0
78,794.1
41,794.3
211,794.3
267,794.7
334,795.2
371,795.2
80,795.5
207,795.8
188,796.2
17,796.3
329,796.4
311,796.7
382,796.9
374,797.2
82,797.7
45,797.8
332,797.8
164,798.1
34,798.4
31,798.5
316,799.9
63,800.7
226,801.2
288,801.4
104,801.4
366,801.5
305,801.8
258,802.2
200,803.9
132,804.3
376,804.4
192,804.4
175,804.8
378,805.6
97,806.1
212,806.3
300,806.6
339,806.6
365,807.2
318,807.3
351,807.3
74,807.5
111,807.7
59,807.8
202,808.7
147,809.0
137,809.1
193,810.8
321,810.8
0,811.0
71,811.7
205,814.8
158,815.0
246,816.0
12,816.2
335,816.5
357,816.9
289,817.0
291,817.4
108,818.0
349,819.2
353,819.3
261,820.1
296,820.3
62,820.9
309,820.9
156,821.0
367,821.2
67,821.3
337,821.6
96,821.8
2,822.2
172,822.5
11,822.5
293,822.7
313,822.9
206,823.1
310,823.1
308,823.2
178,823.5
214,823.6
69,823.9
260,824.1
163,824.2
153,824.4
216,825.0
343,825.1
298,825.7
13,825.7
201,825.8
61,826.0
268,826.2
218,826.5
204,826.5
170,827.0
60,827.1
176,827.4
195,828.5
31,828.6
311,829.0
255,830.3
58,830.4
17,831.3
177,832.6
109,834.1
303,834.2
24,834.3
211,834.4
99,834.6
248,836.3
242,836.4
300,836.6
157,836.9
134,837.0
74,837.1
377,837.5
7,837.7
184,838.3
226,838.4
272,838.5
36,839.2
305,839.6
245,839.7
33,840.1
230,840.6
19,841.3
22,841.6
56,841.6
79,842.7
212,842.8
28,842.8
18,843.5
88,845.1
130,845.5
38,845.8
39,846.0
85,846.3
59,846.4
229,846.8
246,847.3
182,847.4
365,847.5
193,848.2
228,848.3
0,848.3
45,848.9
137,849.2
169,849.3
76,849.6
221,850.4
200,851.1
53,851.3
247,851.3
132,851.9
86,852.2
41,852.6
378,852.8
291,852.8
225,853.2
370,853.7
308,853.9
158,854.4
349,854.4
121,854.5
9,854.6
202,855.2
8,855.7
274,856.3
165,856.4
101,857.2
205,857.4
261,857.5
161,857.6
339,857.8
289,858.1
227,859.2
89,860.2
310,860.2
357,860.4
376,860.5
151,860.8
5,860.8
279,861.2
288,861.4
67,861.4
196,862.4
71,863.2
300,864.3
311,864.7
13,865.0
141,866.7
97,867.8
160,868.0
20,868.4
194,868.5
87,869.9
268,870.2
31,870.6
127,870.8
368,871.1
74,871.4
351,871.6
248,872.0
353,872.4
256,873.6
7,874.1
258,874.8
33,876.4
34,876.4
64,876.9
366,877.1
104,877.1
61,878.2
169,878.3
255,878.6
218,878.7
81,878.8
38,878.9
313,879.5
305,879.6
39,879.8
178,879.8
79,879.9
88,880.0
361,880.3
120,880.5
167,881.0
320,881.3
84,882.5
76,882.5
211,882.5
176,882.6
377,883.6
367,883.7
229,884.3
130,884.6
271,885.4
30,886.4
206,886.6
359,886.7
182,887.2
365,887.5
223,887.7
370,888.1
166,890.1
86,893.9
17,894.1
350,894.3
356,894.5
109,894.7
134,895.0
137,895.1
19,895.1
40,895.1
303,895.5
216,895.6
260,895.7
18,896.8
80,896.8
378,896.9
226,896.9
279,897.5
67,898.3
78,899.4
321,900.9
128,901.0
123,901.4
45,902.2
201,902.3
119,902.4
355,902.5
230,902.6
55,902.8
302,902.9
247,903.1
32,903.3
157,904.2
311,904.4
46,904.8
60,906.4
236,907.0
368,907.3
35,908.3
41,909.4
327,909.6
218,910.7
87,911.4
12,911.8
376,913.3
186,913.4
228,913.9
29,914.1
152,914.5
138,915.7
63,916.2
353,916.3
322,916.4
133,916.6
3,917.2
205,917.8
141,917.9
207,917.9
38,918.2
266,919.0
351,920.0
184,920.1
74,920.4
20,920.9
203,921.2
359,921.2
278,921.4
108,921.5
227,922.0
291,922.3
34,922.4
71,922.9
59,923.8
177,923.8
39,923.9
178,924.0
72,924.4
31,924.4
172,924.7
175,924.8
267,924.8
348,924.9
316,924.9
298,925.1
268,925.3
361,925.5
130,925.7
339,926.3
73,926.4
33,926.6
88,926.6
365,926.7
7,926.8
183,927.0
180,927.5
18,927.6
104,927.7
229,927.8
169,927.8
120,928.0
217,929.2
212,929.4
275,929.5
84,929.6
371,929.7
357,930.2
280,930.2
67,930.3
134,930.5
221,930.7
320,931.6
367,931.7
255,932.2
129,933.1
313,933.3
206,933.8
163,933.9
308,935.4
96,936.1
112,936.4
60,936.6
273,936.8
17,937.5
301,937.8
62,938.2
293,938.5
22,938.5
360,938.9
156,939.9
157,940.6
19,941.3
25,941.9
300,941.9
86,942.1
105,942.3
64,942.8
210,943.0
61,943.2
0,943.4
182,945.5
310,946.2
170,946.5
246,946.6
158,946.8
202,946.9
319,947.2
296,947.6
261,948.2
24,948.3
11,949.3
349,949.5
160,949.6
201,950.0
125,950.2
345,950.4
248,950.6
309,951.4
149,951.5
247,954.8
332,955.1
69,955.5
173,956.3
178,958.0
317,960.7
357,961.1
76,961.9
212,964.5
366,964.9
18,965.2
32,965.3
33,966.6
355,966.7
89,966.9
151,967.2
137,967.5
59,967.6
267,968.2
258,969.0
134,969.1
176,969.2
376,970.1
172,971.4
169,971.4
132,973.4
361,973.5
270,973.9
305,974.0
287,974.6
214,975.4
320,975.5
67,975.7
365,976.5
272,976.5
314,978.0
297,978.6
372,978.8
262,979.5
40,982.2
310,985.4
90,985.8
378,986.0
335,986.3
71,987.2
39,990.1
291,990.5
86,991.1
309,991.2
88,991.6
367,991.8
279,992.4
0,992.7
368,992.8
350,993.1
229,994.2
130,994.3
72,995.3
268,996.8
123,997.6
34,998.5
184,999.3
353,999.7
74,1001.3
84,1001.3
20,1001.6
313,1001.7
31,1003.5
274,1007.2
311,1007.4
178,1010.1
359,1012.1
227,1013.6
201,1017.1
172,1019.8
218,1020.0
61,1021.3
170,1021.3
293,1021.7
36,1022.5
7,1023.6
206,1024.4
211,1024.5
351,1024.7
104,1024.8
266,1025.7
147,1026.6
109,1026.9
303,1027.7
205,1027.7
194,1027.7
275,1027.7
228,1028.3
225,1028.6
58,1028.6
255,1028.9
39,1028.9
182,1029.3
17,1029.4
88,1029.5
289,1029.9
156,1030.2
248,1030.9
59,1031.0
229,1031.2
30,1031.3
41,1031.4
348,1031.4
197,1031.4
366,1031.9
33,1032.1
193,1032.1
2,1032.4
55,1032.5
310,1032.5
19,1032.8
300,1032.9
130,1033.1
258,1033.4
370,1033.4
60,1033.7
346,1033.8
132,1033.8
108,1033.9
261,1034.0
302,1034.3
260,1034.7
169,1035.1
279,1035.2
86,1035.5
31,1035.7
71,1035.7
164,1035.7
320,1035.9
84,1036.3
308,1036.6
45,1037.2
79,1037.9
216,1038.2
361,1038.2
78,1039.3
87,1040.0
12,1040.0
291,1040.6
34,1040.7
20,1041.0
376,1041.3
13,1042.0
81,1042.1
131,1043.5
353,1043.6
268,1043.8
153,1044.3
106,1045.4
358,1045.4
271,1046.2
25,1046.7
67,1048.6
22,1048.6
56,1050.1
24,1052.9
64,1053.5
287,1057.1
377,1057.4
298,1059.2
206,1061.2
357,1061.9
205,1062.8
176,1064.9
73,1067.5
351,1067.5
36,1069.1
59,1069.3
201,1069.3
256,1070.2
255,1071.0
343,1071.6
339,1072.3
293,1074.0
104,1075.3
7,1078.1
61,1078.8
258,1079.7
310,1080.2
353,1080.2
120,1080.9
167,1081.1
211,1081.3
15,1081.8
17,1082.0
109,1082.1
303,1082.5
38,1082.7
25,1082.7
207,1082.7
311,1084.2
291,1085.3
305,1085.5
218,1086.1
366,1086.3
75,1086.8
79,1087.2
272,1087.6
296,1088.3
248,1089.1
268,1089.5
300,1089.6
194,1089.6
154,1090.6
62,1091.0
171,1091.0
323,1091.0
289,1091.2
132,1091.3
377,1091.6
53,1091.6
157,1091.6
270,1091.9
130,1092.0
361,1092.0
34,1092.1
252,1092.2
127,1092.3
261,1092.7
172,1092.9
19,1093.4
363,1093.4
147,1093.7
33,1094.1
137,1094.2
170,1094.4
372,1094.4
60,1094.9
39,1095.0
376,1095.3
55,1096.7
206,1097.1
156,1097.9
134,1098.3
169,1098.7
113,1099.6
71,1101.5
197,1101.8
96,1102.2
192,1102.3
67,1102.4
125,1102.7
307,1103.1
64,1103.1
87,1103.1
105,1103.6
212,1103.7
178,1103.8
74,1103.9
89,1104.0
229,1105.0
163,1105.4
0,1105.7
86,1105.8
30,1106.1
20,1106.4
357,1106.4
308,1107.0
208,1107.0
210,1107.2
370,1107.6
318,1107.8
4,1107.9
84,1108.0
368,1108.4
88,1108.6
313,1108.7
76,1108.8
201,1109.2
359,1109.4
32,1109.6
334,1109.7
182,1109.7
90,1109.9
133,1110.1
36,1110.5
360,1110.5
5,1110.6
45,1110.7
61,1110.8
199,1110.9
378,1111.1
168,1111.7
353,1111.9
58,1111.9
40,1112.2
202,1112.3
335,1112.8
176,1113.0
247,1113.2
227,1113.2
295,1113.6
160,1113.8
2,1114.0
135,1114.1
205,1114.8
13,1115.3
196,1115.7
351,1116.0
332,1116.2
293,1116.3
119,1118.6
59,1119.3
365,1119.5
311,1120.1
46,1120.3
246,1120.7
327,1121.1
181,1121.3
279,1121.8
38,1122.4
302,1124.7
98,1126.1
18,1127.0
131,1127.1
35,1127.2
136,1128.2
92,1128.4
376,1129.3
225,1130.3
281,1130.8
153,1131.4
291,1137.3
289,1138.4
300,1138.6
310,1142.4
193,1142.9
298,1145.3
253,1147.4
99,1150.0
54,1150.7
337,1151.3
226,1151.8
308,1153.9
274,1154.0
28,1154.3
157,1154.5
177,1154.7
60,1154.9
67,1155.6
246,1156.2
172,1156.9
85,1156.9
293,1157.0
17,1157.1
74,1157.9
201,1158.6
7,1159.2
104,1159.3
147,1161.0
377,1161.4
108,1161.9
205,1162.4
365,1162.7
169,1164.1
305,1164.1
18,1165.4
151,1165.6
255,1165.7
218,1166.6
130,1166.8
351,1166.8
158,1167.1
230,1167.2
2,1167.2
368,1167.7
258,1167.8
175,1167.9
24,1167.9
72,1168.3
20,1168.4
182,1168.7
266,1168.8
367,1169.0
184,1169.3
39,1169.7
320,1169.8
152,1169.9
22,1170.1
178,1170.3
366,1170.6
176,1170.8
353,1170.8
291,1171.0
349,1171.0
359,1171.1
132,1171.1
229,1171.2
163,1171.3
212,1171.4
268,1171.5
120,1171.6
84,1172.7
0,1173.3
129,1173.5
34,1174.5
64,1174.6
302,1174.7
134,1174.9
356,1175.5
59,1175.7
310,1175.7
309,1175.9
71,1176.5
278,1177.1
348,1177.2
350,1177.3
355,1177.8
123,1177.9
358,1178.2
12,1178.2
206,1178.3
275,1178.4
256,1178.9
61,1179.5
214,1179.5
30,1179.7
77,1180.3
109,1180.7
221,1180.9
211,1181.1
58,1181.8
361,1181.8
25,1182.3
106,1182.5
303,1182.7
288,1183.3
170,1183.4
21,1183.4
354,1183.5
279,1183.7
200,1183.8
219,1184.3
33,1184.5
357,1184.6
213,1184.7
97,1184.7
76,1184.8
160,1184.9
5,1185.4
107,1185.8
172,1186.4
69,1186.8
311,1187.6
196,1187.9
247,1188.1
296,1188.5
1,1189.0
297,1189.1
262,1189.3
67,1189.4
155,1190.1
202,1190.2
101,1190.4
308,1190.6
78,1192.0
197,1195.7
121,1195.7
305,1195.8
87,1196.0
151,1196.1
86,1196.3
17,1198.0
74,1199.5
177,1199.6
246,1199.9
165,1200.4
313,1201.6
157,1203.8
156,1204.8
125,1205.1
38,1205.8
260,1206.0
226,1207.1
36,1207.2
176,1207.5
193,1207.8
365,1208.2
201,1208.2
205,1208.8
31,1208.9
108,1209.0
330,1209.1
377,1211.1
88,1211.2
25,1212.7
45,1212.7
141,1212.8
130,1212.9
256,1214.0
351,1214.0
18,1214.8
104,1215.0
339,1215.0
41,1215.1
293,1215.2
328,1215.9
178,1216.3
182,1216.5
327,1216.7
357,1217.5
169,1217.7
353,1218.2
360,1218.4
106,1218.5
268,1218.9
30,1219.3
67,1220.3
137,1220.5
310,1220.6
60,1221.2
170,1221.2
184,1221.4
291,1221.5
2,1221.8
309,1222.2
311,1222.2
186,1222.3
321,1222.5
261,1223.2
46,1224.2
308,1224.6
7,1225.4
0,1225.7
138,1226.9
236,1228.7
300,1229.1
199,1229.2
210,1230.9
64,1231.6
5,1231.9
247,1233.6
196,1234.2
4,1235.9
101,1236.4
9,1238.9
368,1243.7
200,1244.2
361,1247.0
201,1247.3
100,1247.4
256,1247.7
19,1247.8
163,1247.8
295,1247.9
167,1250.0
25,1250.2
203,1250.6
113,1252.1
60,1252.2
61,1252.2
1,1252.9
211,1253.1
267,1253.7
134,1253.8
157,1254.0
116,1254.0
353,1254.4
40,1254.4
76,1254.5
109,1254.5
360,1255.2
205,1256.6
53,1256.9
32,1257.5
307,1259.2
105,1260.2
30,1262.4
206,1262.5
130,1262.7
359,1263.2
75,1263.3
137,1263.8
128,1264.2
38,1264.4
39,1264.6
176,1265.4
87,1265.7
119,1265.8
168,1266.8
67,1267.1
33,1267.2
86,1267.7
125,1267.9
79,1268.6
89,1270.0
377,1270.8
376,1271.5
18,1271.5
218,1271.6
356,1271.7
229,1271.7
273,1272.1
230,1273.0
182,1274.2
80,1274.8
327,1275.4
34,1275.9
302,1277.7
78,1277.9
279,1278.1
223,1278.1
365,1282.7
358,1283.1
20,1283.6
368,1284.8
46,1285.1
311,1285.1
106,1285.1
278,1286.4
120,1286.6
58,1286.7
104,1287.3
45,1287.8
41,1288.0
169,1288.5
236,1288.6
36,1288.9
258,1289.1
25,1289.2
256,1289.6
88,1291.9
310,1292.6
211,1293.5
201,1293.5
30,1293.6
76,1293.8
291,1293.9
200,1294.9
227,1295.0
193,1295.3
39,1295.9
339,1296.2
35,1296.2
155,1296.7
72,1298.0
86,1298.7
5,1298.7
29,1298.8
196,1299.6
366,1300.2
137,1301.9
129,1301.9
38,1302.8
131,1303.8
91,1305.4
334,1306.6
130,1308.9
293,1310.4
79,1310.9
359,1311.3
84,1311.7
61,1312.4
279,1312.5
186,1313.0
67,1313.3
351,1313.3
371,1313.5
183,1314.1
124,1314.3
228,1314.6
176,1315.1
238,1315.4
40,1315.5
141,1315.5
353,1315.6
369,1315.6
261,1315.8
206,1315.8
374,1316.0
361,1316.0
171,1316.4
268,1316.4
170,1316.5
34,1316.9
178,1317.0
321,1317.4
376,1317.4
138,1317.7
32,1317.8
87,1318.4
370,1318.8
22,1319.1
76,1319.2
189,1319.6
182,1319.7
230,1319.9
19,1320.2
80,1320.5
164,1320.7
311,1320.8
17,1321.1
218,1321.1
45,1321.1
216,1321.1
33,1321.7
328,1321.8
71,1321.9
39,1322.1
329,1322.2
109,1323.0
368,1323.8
289,1323.9
163,1324.7
373,1324.9
267,1325.2
41,1325.3
188,1325.4
180,1325.7
248,1325.7
31,1326.0
260,1326.2
360,1326.2
128,1326.5
88,1326.6
120,1326.6
60,1327.8
119,1328.7
310,1329.1
357,1329.8
157,1330.1
278,1330.3
316,1330.4
156,1330.9
247,1331.0
296,1332.2
300,1332.9
134,1333.1
0,1333.4
319,1333.5
210,1333.5
317,1333.8
201,1335.9
273,1336.0
229,1336.9
64,1338.1
194,1339.1
266,1340.1
197,1340.5
226,1340.6
160,1341.1
18,1342.1
105,1343.7
307,1344.3
359,1344.5
7,1345.1
199,1345.2
113,1345.7
15,1345.9
167,1346.2
75,1346.9
130,1347.0
348,1347.4
108,1347.4
223,1347.6
137,1347.8
36,1348.1
353,1348.3
25,1348.8
217,1349.3
100,1350.3
377,1350.8
261,1352.6
291,1352.6
366,1352.7
38,1352.8
256,1353.8
203,1355.4
361,1357.5
76,1358.7
82,1359.0
355,1359.7
322,1360.8
40,1361.1
360,1363.0
120,1364.2
368,1364.4
72,1364.5
20,1364.8
67,1365.2
182,1365.4
170,1365.8
176,1365.9
104,1366.8
258,1367.1
255,1367.2
310,1368.5
369,1368.6
86,1368.7
206,1368.8
129,1368.8
319,1369.0
175,1369.6
365,1370.2
227,1370.4
178,1371.0
316,1371.3
321,1371.4
77,1371.7
339,1372.0
39,1372.1
332,1372.4
378,1372.4
133,1373.3
373,1373.9
169,1375.3
172,1375.7
221,1375.9
152,1375.9
29,1376.6
230,1376.7
267,1377.0
278,1377.1
162,1377.3
171,1378.5
41,1378.8
229,1380.7
201,1381.3
106,1381.5
218,1381.6
61,1381.7
181,1382.0
141,1382.4
211,1382.5
5,1383.7
109,1383.8
36,1384.0
31,1384.2
30,1384.5
359,1384.5
155,1384.7
311,1384.8
279,1384.8
280,1385.0
303,1385.1
74,1385.1
200,1386.1
193,1386.3
161,1386.5
33,1388.5
196,1388.8
137,1389.0
1,1389.5
376,1390.1
136,1390.9
232,1392.1
25,1392.2
256,1393.6
87,1393.7
353,1393.7
84,1394.0
370,1394.1
59,1394.3
293,1394.4
71,1395.6
105,1395.7
19,1395.8
53,1396.1
300,1396.7
60,1397.1
205,1397.7
157,1398.6
18,1398.9
349,1398.9
17,1399.0
113,1399.0
361,1399.2
96,1400.0
291,1400.1
351,1400.2
143,1400.6
12,1400.7
67,1401.2
154,1401.4
38,1401.9
182,1401.9
167,1402.2
252,1402.5
149,1402.8
327,1403.0
246,1403.0
302,1403.0
268,1403.2
34,1403.6
248,1403.9
158,1403.9
64,1404.2
226,1404.5
22,1404.6
281,1404.8
130,1404.9
108,1404.9
79,1405.0
308,1405.7
334,1405.8
305,1406.0
379,1406.3
2,1406.4
58,1407.4
131,1408.0
235,1408.3
365,1409.7
20,1409.9
0,1410.1
88,1410.3
320,1410.4
255,1410.5
296,1410.7
127,1411.3
11,1411.3
151,1411.5
28,1411.5
132,1411.5
310,1412.0
7,1412.1
377,1412.1
368,1412.2
169,1412.7
206,1413.0
258,1413.0
229,1413.0
358,1413.4
172,1413.4
289,1413.4
225,1413.6
356,1413.7
271,1415.2
276,1415.3
339,1415.3
218,1415.5
177,1415.9
350,1416.1
123,1416.2
214,1417.1
152,1417.4
85,1417.5
298,1417.9
78,1418.0
3,1418.0
62,1419.1
21,1419.6
73,1420.3
354,1421.9
378,1422.4
176,1422.7
39,1422.7
63,1423.5
133,1424.0
348,1424.5
372,1428.9
160,1429.4
29,1429.8
186,1430.2
270,1430.5
90,1432.3
366,1432.8
36,1433.0
357,1433.1
67,1433.3
181,1434.2
202,1434.8
314,1434.9
212,1435.2
137,1436.6
247,1437.8
376,1438.4
86,1438.5
319,1438.9
335,1439.1
297,1439.3
18,1440.0
59,1441.5
135,1441.6
19,1442.1
40,1442.2
332,1443.9
60,1444.1
300,1444.2
15,1444.4
359,1444.5
33,1445.0
45,1445.0
76,1445.8
360,1445.9
261,1445.9
61,1446.2
178,1446.3
182,1446.3
201,1446.3
206,1446.4
32,1446.6
293,1446.9
163,1447.2
112,1447.5
321,1447.5
41,1447.7
80,1448.0
104,1448.6
134,1448.8
111,1449.1
361,1449.1
353,1449.4
229,1449.7
128,1450.1
119,1450.3
205,1451.0
272,1451.0
355,1451.1
17,1451.6
157,1451.7
89,1451.8
377,1451.9
170,1452.0
203,1452.2
164,1453.4
22,1453.4
258,1453.5
207,1453.5
87,1453.7
248,1454.1
158,1454.2
109,1454.7
255,1454.7
349,1454.8
368,1455.0
216,1455.3
194,1456.0
204,1456.7
7,1456.7
329,1456.8
291,1457.0
62,1457.3
120,1457.4
71,1457.4
31,1457.4
223,1457.5
20,1457.9
279,1458.4
12,1458.4
130,1458.8
260,1459.3
211,1459.5
79,1459.5
67,1460.3
339,1460.5
305,1460.7
38,1461.3
91,1461.5
351,1461.5
64,1461.7
218,1461.7
264,1461.9
370,1462.6
30,1463.1
171,1465.3
169,1466.1
131,1466.9
39,1467.3
378,1468.5
227,1468.9
222,1469.5
137,1470.4
176,1471.0
268,1476.3
132,1477.3
24,1477.9
172,1478.8
86,1479.2
357,1479.2
308,1479.6
206,1479.7
40,1479.9
19,1480.8
267,1481.3
163,1482.1
261,1482.7
134,1482.9
156,1482.9
366,1483.1
180,1483.4
317,1483.8
36,1483.9
335,1485.6
212,1485.6
88,1485.6
108,1485.8
60,1485.8
90,1486.5
309,1486.7
33,1486.8
313,1487.1
360,1487.3
376,1487.4
226,1488.0
53,1488.1
310,1488.2
76,1488.2
178,1488.5
272,1488.5
69,1489.6
0,1490.0
173,1490.1
319,1490.4
32,1490.6
45,1490.7
332,1490.9
361,1491.1
273,1491.6
157,1491.6
182,1492.7
75,1492.7
125,1493.1
229,1493.2
133,1493.5
15,1493.6
328,1493.6
257,1493.9
210,1494.1
79,1495.0
256,1496.0
154,1496.1
225,1496.3
67,1496.5
323,1496.8
34,1497.3
38,1497.5
353,1497.6
227,1497.9
252,1498.2
127,1499.6
92,1499.8
153,1499.8
270,1499.9
2,1500.1
377,1501.0
128,1501.0
143,1501.1
205,1501.1
289,1501.5
359,1502.1
80,1502.3
22,1502.5
136,1502.6
18,1502.6
279,1502.7
47,1503.1
298,1503.3
100,1503.6
220,1503.7
56,1503.9
372,1504.1
39,1504.1
130,1504.7
282,1505.0
349,1505.1
17,1505.1
367,1505.2
300,1506.2
137,1506.3
329,1506.4
214,1506.9
62,1507.2
291,1507.2
363,1507.3
318,1507.4
169,1507.7
89,1507.8
287,1507.8
12,1507.9
334,1508.6
301,1509.0
41,1509.1
216,1509.7
217,1510.1
261,1510.2
176,1510.7
228,1510.8
364,1511.1
132,1511.2
206,1511.9
109,1512.0
357,1512.1
86,1512.3
374,1513.5
88,1513.5
321,1513.8
366,1514.9
320,1515.1
76,1515.7
60,1516.0
352,1516.4
3,1518.0
258,1518.2
33,1518.2
224,1518.3
27,1518.9
255,1519.0
172,1521.7
59,1523.7
343,1523.8
21,1524.4
351,1525.4
96,1526.5
182,1526.5
296,1526.6
148,1526.9
339,1527.0
293,1527.6
354,1528.2
64,1528.8
310,1528.9
305,1529.7
61,1529.8
308,1529.9
19,1530.0
205,1530.6
311,1530.6
157,1531.0
53,1531.0
36,1531.2
248,1531.2
67,1531.3
268,1531.5
25,1531.8
156,1531.9
303,1532.3
353,1532.6
6,1532.7
129,1532.8
319,1533.0
201,1533.3
158,1533.4
360,1533.6
31,1533.9
163,1534.1
170,1535.8
218,1536.1
276,1536.4
365,1536.8
211,1537.1
154,1537.6
193,1538.6
17,1539.7
167,1540.2
15,1540.4
281,1541.8
108,1542.3
2,1543.1
109,1544.0
58,1544.8
181,1545.4
131,1545.4
29,1545.6
348,1547.5
178,1550.4
227,1551.3
359,1552.8
38,1554.1
72,1554.2
376,1554.5
18,1554.9
120,1556.6
176,1556.6
143,1556.7
291,1556.9
327,1557.0
77,1557.2
86,1557.6
79,1558.2
151,1558.3
355,1558.6
169,1559.4
7,1559.4
373,1559.7
258,1560.1
310,1560.1
366,1560.2
278,1560.9
255,1561.1
92,1561.4
371,1561.4
183,1561.5
76,1561.5
256,1561.8
230,1561.9
270,1562.2
39,1562.3
377,1563.7
106,1564.5
36,1564.7
34,1564.9
45,1566.1
35,1566.1
279,1566.2
60,1567.0
353,1567.6
171,1568.1
133,1568.3
104,1568.8
305,1569.2
302,1569.3
137,1569.5
266,1571.0
261,1573.3
13,1574.4
75,1574.5
350,1574.6
369,1574.7
272,1574.9
361,1575.0
189,1575.1
20,1575.7
212,1575.8
283,1576.2
30,1576.5
289,1576.5
298,1576.7
201,1576.9
225,1577.9
87,1578.7
123,1579.2
223,1580.4
226,1580.9
357,1582.5
40,1583.3
80,1584.7
22,1585.5
90,1585.8
351,1585.9
67,1586.9
246,1587.1
359,1588.1
378,1588.7
205,1589.6
217,1590.0
321,1591.5
218,1591.8
17,1593.0
308,1594.3
365,1594.4
131,1596.2
79,1596.7
293,1596.9
61,1599.0
59,1599.1
172,1599.3
176,1599.5
108,1600.3
2,1601.9
60,1602.4
86,1602.8
88,1603.0
36,1603.3
76,1603.4
157,1604.0
39,1604.2
25,1604.2
130,1604.2
170,1604.3
206,1604.3
109,1604.4
38,1604.8
303,1604.8
41,1604.9
366,1605.4
33,1605.4
310,1605.6
329,1605.7
45,1605.9
182,1606.0
58,1606.4
107,1606.7
214,1607.6
252,1607.7
154,1608.6
261,1608.8
53,1609.2
376,1609.5
311,1609.8
268,1609.9
309,1610.1
156,1610.4
296,1610.5
43,1611.0
211,1611.3
24,1611.6
328,1612.6
380,1612.7
274,1613.3
367,1614.0
319,1616.3
360,1616.5
163,1616.8
212,1620.0
224,1621.0
31,1621.4
357,1622.0
0,1622.7
374,1623.5
18,1623.7
193,1624.0
200,1624.3
300,1624.6
184,1624.8
228,1627.1
151,1627.3
297,1628.4
262,1628.7
270,1629.0
129,1629.1
202,1629.1
137,1630.2
305,1632.7
320,1635.1
134,1637.8
178,1638.0
160,1639.2
76,1639.3
334,1639.5
199,1639.6
313,1639.6
71,1640.1
5,1640.2
172,1640.9
39,1641.3
104,1641.7
293,1641.8
196,1642.1
176,1642.4
110,1642.6
169,1642.8
33,1643.3
59,1644.1
205,1644.3
67,1644.7
272,1644.9
30,1645.1
201,1646.0
365,1647.2
309,1647.4
373,1647.7
170,1647.8
182,1648.5
22,1648.8
109,1649.6
359,1649.9
348,1650.4
247,1651.7
311,1651.8
351,1652.4
36,1654.0
361,1654.7
355,1654.8
267,1657.1
128,1658.1
60,1658.1
266,1658.9
218,1658.9
229,1659.1
319,1659.3
180,1659.5
18,1660.0
303,1660.6
19,1661.8
84,1661.9
225,1662.1
275,1662.2
88,1662.3
34,1662.4
130,1662.6
152,1662.6
61,1662.8
227,1663.5
155,1663.7
74,1664.4
194,1664.6
378,1664.6
32,1664.9
372,1665.4
281,1665.6
276,1665.9
316,1666.1
258,1666.5
129,1666.7
346,1666.9
217,1667.1
77,1667.2
17,1667.3
7,1667.7
287,1667.8
368,1668.0
137,1668.1
38,1668.4
382,1668.5
31,1668.6
298,1668.7
278,1668.8
171,1669.1
228,1669.4
15,1669.5
133,1669.7
86,1669.9
178,1670.1
221,1670.2
184,1670.8
322,1670.8
314,1670.9
320,1671.3
334,1671.8
238,1671.9
156,1672.1
39,1672.4
318,1672.5
357,1672.9
210,1673.6
212,1673.7
76,1673.7
45,1674.0
41,1674.1
363,1674.1
159,1675.5
366,1675.9
75,1676.1
182,1676.3
176,1676.4
376,1676.8
127,1677.3
27,1677.9
89,1678.1
270,1678.3
72,1678.5
107,1679.2
25,1679.8
172,1680.1
211,1680.6
310,1681.1
59,1682.0
141,1682.7
109,1682.7
291,1683.6
58,1683.8
201,1684.0
351,1684.0
205,1685.0
143,1685.3
151,1685.6
268,1686.0
3,1687.1
193,1687.1
365,1688.1
311,1688.9
33,1689.4
218,1692.2
169,1693.0
303,1695.9
130,1698.0
20,1698.2
248,1701.8
88,1702.1
132,1702.5
206,1703.5
300,1704.2
293,1705.5
12,1708.0
60,1708.4
370,1708.5
17,1708.6
19,1709.7
67,1710.6
61,1710.6
361,1712.3
18,1713.9
108,1714.0
157,1714.7
134,1714.8
359,1715.8
22,1715.9
76,1716.7
137,1716.9
109,1717.9
32,1717.9
79,1719.1
255,1719.2
182,1719.6
163,1720.1
205,1720.5
62,1720.5
38,1720.9
289,1720.9
39,1721.1
351,1721.2
86,1722.4
368,1722.4
261,1722.5
353,1722.9
2,1722.9
291,1722.9
7,1723.8
376,1723.9
161,1724.1
152,1724.1
268,1724.7
310,1724.8
87,1724.8
201,1724.9
203,1725.4
258,1725.5
311,1725.7
273,1725.8
217,1726.0
30,1726.0
341,1726.1
128,1726.3
89,1726.7
218,1726.9
167,1727.0
53,1727.0
160,1727.5
13,1727.5
3,1727.7
31,1727.9
256,1727.9
302,1727.9
166,1728.0
241,1728.0
74,1728.1
308,1728.4
349,1728.5
305,1728.6
303,1728.7
153,1728.7
339,1728.7
120,1729.1
59,1729.4
228,1729.6
45,1729.7
33,1729.7
227,1730.0
377,1730.0
36,1730.1
288,1730.1
169,1730.5
0,1730.6
274,1730.7
64,1731.1
298,1731.4
279,1731.4
172,1731.4
221,1731.4
211,1731.5
296,1731.7
130,1732.1
184,1732.1
300,1732.4
206,1732.4
97,1732.6
56,1733.0
194,1733.0
34,1733.5
101,1733.6
248,1733.7
88,1733.8
367,1734.4
229,1734.7
81,1734.7
71,1734.9
366,1734.9
320,1735.0
127,1735.3
24,1735.5
131,1736.4
20,1736.5
9,1736.5
313,1736.9
378,1737.4
141,1738.2
334,1738.4
225,1739.4
178,1740.3
381,1740.6
357,1740.9
202,1742.1
196,1742.5
226,1743.7
272,1744.2
134,1746.5
5,1747.0
365,1754.8
40,1754.8
321,1755.0
316,1755.3
137,1755.7
80,1755.8
41,1756.4
200,1757.5
67,1758.1
216,1758.3
176,1758.6
329,1759.1
133,1759.8
86,1760.3
310,1762.3
261,1762.7
182,1762.9
33,1763.7
171,1763.8
335,1764.0
79,1764.5
376,1766.1
369,1766.3
264,1766.4
36,1767.0
332,1767.4
90,1767.4
0,1768.1
88,1768.1
76,1768.3
357,1768.5
377,1768.5
351,1769.0
220,1769.0
197,1769.5
328,1769.5
31,1769.6
366,1769.6
229,1769.9
353,1770.1
29,1770.1
39,1770.4
45,1770.7
59,1771.0
247,1771.6
205,1771.7
156,1772.1
170,1772.9
206,1773.5
1,1773.9
22,1774.0
19,1774.4
172,1776.4
2,1777.6
58,1777.8
193,1778.3
293,1778.3
17,1778.4
289,1778.7
343,1778.8
132,1779.0
163,1779.6
308,1780.0
212,1780.4
309,1780.9
300,1780.9
178,1782.6
311,1782.8
268,1783.1
60,1783.4
69,1783.9
195,1785.9
153,1786.4
184,1786.5
24,1786.9
248,1787.3
130,1787.4
74,1787.9
169,1788.5
228,1789.1
101,1789.8
367,1790.9
196,1792.9
134,1793.3
378,1794.2
89,1794.6
221,1794.8
199,1796.6
88,1798.3
137,1798.9
5,1799.0
182,1799.6
201,1800.1
274,1800.4
365,1800.7
41,1800.7
382,1800.8
218,1800.9
39,1801.5
30,1802.7
225,1803.0
4,1807.9
330,1808.2
104,1809.0
36,1810.0
211,1810.2
81,1810.6
107,1810.7
346,1812.0
205,1812.2
170,1812.3
106,1812.7
381,1813.3
67,1814.9
207,1815.0
293,1816.1
59,1818.0
109,1818.0
133,1818.2
305,1818.9
86,1819.0
303,1819.1
194,1819.8
311,1820.6
61,1821.0
351,1821.0
31,1821.0
229,1821.9
200,1822.8
321,1822.8
227,1822.9
370,1823.0
376,1823.1
176,1823.7
193,1825.0
29,1826.0
206,1826.5
35,1826.9
131,1827.3
90,1827.8
161,1827.8
372,1827.9
0,1828.1
255,1828.7
172,1829.0
258,1829.2
310,1829.2
135,1829.7
334,1829.9
182,1830.7
366,1831.0
181,1831.2
17,1831.5
288,1831.9
33,1832.5
291,1832.8
46,1832.9
76,1833.0
314,1833.1
15,1833.2
38,1833.5
45,1833.6
318,1833.9
256,1834.0
89,1834.1
137,1834.3
97,1835.0
7,1835.4
136,1836.2
332,1836.4
53,1836.4
169,1836.6
349,1836.8
236,1837.1
248,1837.1
129,1837.8
339,1839.2
368,1839.3
130,1839.8
20,1840.0
238,1842.4
88,1845.9
214,1846.7
41,1847.0
319,1847.5
212,1848.5
300,1848.7
18,1848.7
335,1849.7
270,1849.9
357,1850.6
320,1851.8
309,1852.5
12,1852.5
1,1852.8
221,1852.9
298,1853.1
365,1853.4
79,1854.2
261,1854.8
108,1855.2
328,1856.7
224,1856.9
310,1857.4
151,1857.6
80,1858.2
59,1858.6
27,1858.7
86,1859.7
366,1860.6
216,1860.6
276,1860.8
76,1860.8
374,1861.1
22,1861.2
377,1861.2
39,1861.3
33,1862.2
226,1862.6
329,1862.7
355,1863.2
376,1863.3
36,1863.6
225,1864.3
176,1864.7
182,1866.1
373,1866.6
38,1867.1
359,1867.7
228,1869.7
45,1870.9
262,1872.4
297,1872.7
260,1873.3
137,1874.6
305,1877.2
172,1879.8
130,1880.6
19,1881.4
354,1881.6
60,1882.5
160,1883.3
202,1883.7
205,1883.8
0,1886.2
17,1887.0
334,1890.2
351,1890.4
229,1892.9
296,1897.3
291,1897.9
67,1899.0
289,1899.0
268,1902.7
143,1903.1
206,1904.5
353,1904.8
3,1905.2
156,1905.3
178,1906.1
361,1906.2
163,1907.1
59,1907.8
360,1908.4
75,1908.6
157,1909.3
357,1909.5
210,1909.8
339,1910.2
134,1910.4
96,1910.4
38,1910.8
18,1911.2
64,1911.7
310,1912.4
53,1912.6
100,1912.6
61,1912.9
32,1913.0
256,1913.1
201,1913.2
184,1913.3
76,1913.4
130,1913.5
255,1913.6
368,1913.6
311,1914.8
25,1915.0
113,1915.3
30,1915.4
62,1915.7
34,1915.8
60,1916.2
87,1916.3
319,1916.4
88,1916.4
182,1916.9
105,1917.3
39,1917.4
33,1917.7
154,1918.0
41,1918.3
359,1918.6
24,1918.9
308,1919.3
307,1919.4
218,1919.5
252,1919.5
332,1919.6
267,1919.8
169,1920.0
273,1920.1
119,1920.8
108,1920.8
137,1920.8
302,1920.9
261,1920.9
229,1920.9
349,1921.0
164,1921.2
228,1921.2
86,1921.4
328,1921.7
317,1921.7
19,1921.8
31,1921.8
203,1921.8
73,1922.1
109,1922.2
205,1922.4
132,1922.5
12,1922.7
84,1923.0
79,1923.1
221,1923.2
67,1923.4
63,1923.7
17,1924.5
125,1924.7
40,1924.7
20,1924.7
172,1924.8
320,1925.3
152,1926.0
376,1926.0
247,1926.0
22,1926.1
351,1926.2
211,1926.4
225,1926.4
78,1926.5
321,1926.8
366,1927.2
45,1927.2
82,1927.7
227,1927.7
365,1927.8
279,1927.8
378,1928.1
196,1928.5
374,1929.4
29,1929.4
131,1929.5
303,1929.6
170,1929.7
293,1930.0
5,1930.1
89,1930.3
248,1930.5
200,1930.9
322,1931.0
334,1931.0
36,1931.6
133,1931.6
0,1931.6
46,1931.7
282,1932.3
236,1933.2
238,1933.3
367,1933.4
300,1933.6
193,1934.2
2,1934.3
104,1934.4
382,1934.5
274,1935.1
281,1935.1
92,1935.5
291,1935.7
181,1935.9
136,1935.9
107,1936.0
151,1936.2
278,1936.5
204,1936.6
226,1936.7
80,1936.8
298,1937.5
106,1937.5
348,1937.6
158,1937.7
141,1938.1
160,1938.5
59,1938.9
206,1939.2
202,1941.5
305,1941.9
11,1942.0
129,1942.4
316,1943.5
149,1944.2
345,1944.8
296,1945.4
353,1945.7
71,1945.8
96,1946.2
74,1946.6
130,1947.6
178,1947.9
156,1948.0
212,1948.1
69,1948.7
184,1949.8
163,1949.9
313,1950.1
268,1950.6
311,1950.7
246,1951.3
309,1951.3
157,1951.9
357,1952.5
60,1953.7
24,1954.4
172,1954.6
289,1954.6
361,1954.7
308,1954.8
53,1955.5
64,1957.1
214,1957.4
310,1958.9
61,1961.0
123,1961.6
258,1961.6
182,1961.8
350,1962.0
76,1962.2
297,1962.7
105,1963.1
262,1964.0
21,1966.3
176,1966.7
210,1966.7
0,1969.1
272,1969.3
15,1971.2
39,1974.0
197,1975.0
377,1975.2
137,1976.2
36,1976.4
359,1977.7
288,1978.9
223,1979.1
97,1980.5
366,1980.5
101,1981.3
314,1981.3
270,1981.4
171,1981.7
261,1982.2
79,1982.8
59,1983.2
134,1984.4
212,1984.5
18,1984.6
291,1984.8
349,1985.4
365,1986.1
33,1986.6
221,1987.6
319,1987.6
128,1988.0
27,1988.1
355,1988.2
127,1989.3
34,1989.3
373,1989.4
202,1989.5
19,1990.1
368,1990.2
320,1990.2
32,1991.9
361,1992.4
76,1992.6
38,1992.9
169,1993.2
372,1993.3
229,1993.4
378,1993.8
112,1993.8
376,1994.0
287,1994.1
67,1994.3
339,1994.4
133,1994.5
75,1994.6
322,1995.2
323,1995.5
40,1996.2
298,1997.7
203,1997.9
218,1998.1
182,1998.1
351,1998.4
206,1998.5
201,1998.7
255,1998.8
353,1999.8
130,2000.3
310,2000.6
152,2000.7
175,2001.6
20,2002.4
305,2002.9
143,2003.2
205,2003.3
60,2003.6
321,2003.8
327,2004.5
3,2005.4
172,2005.9
104,2006.3
256,2007.3
90,2008.4
367,2009.2
357,2009.8
88,2010.1
178,2010.6
207,2011.0
227,2014.5
86,2015.2
225,2015.2
36,2015.6
184,2015.6
258,2017.0
274,2017.2
366,2017.8
268,2020.4
79,2024.2
176,2025.0
45,2025.2
272,2025.3
376,2025.6
377,2025.8
335,2026.0
137,2026.1
270,2029.1
293,2029.6
38,2029.9
7,2032.4
25,2032.8
120,2033.2
106,2033.3
39,2034.5
353,2036.1
134,2036.9
47,2037.0
291,2037.0
169,2037.8
205,2040.1
212,2040.6
281,2040.7
34,2041.1
33,2041.3
334,2041.4
271,2042.3
308,2042.7
73,2043.2
261,2043.4
372,2045.2
59,2045.6
178,2047.5
67,2047.6
76,2047.7
343,2048.0
2,2048.1
172,2048.2
351,2048.6
195,2048.6
255,2048.8
264,2048.9
309,2049.3
300,2050.3
339,2050.6
313,2050.6
229,2051.0
99,2051.2
311,2051.6
365,2051.6
18,2051.9
320,2052.2
182,2052.5
0,2052.5
153,2052.7
71,2053.0
74,2053.6
163,2053.9
96,2054.0
24,2054.3
132,2054.5
193,2054.6
22,2054.7
104,2055.0
378,2055.1
31,2055.1
337,2055.1
289,2055.3
298,2055.4
204,2055.7
17,2055.9
69,2056.4
206,2056.7
268,2057.3
367,2059.0
60,2059.3
158,2059.6
72,2060.9
305,2061.0
184,2061.1
258,2061.2
310,2061.8
129,2062.6
156,2062.7
349,2062.7
200,2063.1
211,2063.8
109,2064.5
36,2064.6
176,2065.2
303,2065.3
221,2065.8
218,2065.8
359,2066.1
29,2066.3
267,2066.4
373,2066.5
369,2066.8
171,2067.0
316,2067.3
9,2067.3
161,2067.5
248,2067.6
256,2067.8
61,2068.6
230,2068.6
1,2069.5
155,2069.7
293,2069.7
5,2070.3
77,2071.4
196,2071.7
170,2072.0
120,2072.2
39,2072.3
101,2073.7
348,2073.7
180,2074.0
126,2074.5
19,2074.9
276,2075.2
272,2075.6
227,2075.9
353,2076.0
319,2076.8
205,2077.4
53,2077.8
167,2077.8
291,2078.0
162,2078.0
201,2078.0
7,2078.2
25,2078.4
20,2079.1
64,2079.1
297,2079.5
151,2079.6
169,2079.6
262,2079.8
130,2080.9
194,2081.0
355,2081.2
295,2081.4
357,2081.5
278,2081.8
59,2082.1
38,2082.3
15,2082.7
13,2082.7
275,2084.8
377,2084.9
202,2085.1
178,2085.2
300,2085.8
84,2085.9
106,2086.3
58,2086.6
247,2086.7
246,2086.8
157,2087.0
296,2087.1
226,2087.7
134,2087.8
210,2087.8
0,2087.8
361,2087.9
351,2088.0
18,2088.3
255,2088.5
339,2088.5
100,2089.0
308,2089.4
149,2089.5
242,2089.6
105,2089.9
30,2089.9
245,2090.1
345,2090.1
76,2090.2
33,2090.3
113,2090.4
60,2090.5
79,2090.6
193,2090.7
17,2090.8
172,2090.8
67,2091.0
261,2091.1
160,2091.2
154,2091.7
320,2092.4
252,2092.5
216,2092.6
109,2092.7
128,2092.7
223,2092.9
104,2092.9
2,2093.1
11,2093.2
108,2093.2
107,2093.3
206,2093.5
61,2093.5
218,2093.6
176,2093.7
359,2093.7
22,2093.8
96,2093.8
365,2094.0
305,2094.1
137,2094.2
208,2094.2
368,2094.3
71,2094.3
303,2094.5
302,2094.5
34,2094.7
211,2095.0
229,2095.2
307,2095.2
47,2095.3
40,2095.6
311,2095.7
217,2096.0
360,2096.0
260,2096.6
313,2096.7
258,2096.9
75,2097.7
166,2097.7
268,2097.8
330,2098.0
74,2098.0
289,2098.0
36,2098.7
116,2099.2
293,2100.1
62,2100.5
112,2101.7
356,2102.1
298,2102.3
143,2103.0
87,2103.1
163,2103.8
119,2106.0
248,2106.1
19,2109.6
80,2110.3
78,2112.6
156,2112.8
214,2113.6
225,2113.8
310,2113.8
329,2114.2
88,2114.2
378,2114.6
366,2115.0
182,2115.0
39,2115.0
321,2116.0
31,2116.0
130,2116.5
350,2116.6
169,2116.6
123,2117.0
357,2117.5
328,2117.8
319,2117.9
309,2118.7
353,2119.1
151,2119.2
271,2120.0
86,2120.9
33,2121.4
291,2121.5
72,2122.2
256,2122.7
332,2122.7
300,2123.9
205,2124.4
25,2124.8
59,2124.9
281,2125.2
212,2125.3
18,2125.5
201,2125.6
99,2125.9
334,2125.9
200,2126.5
196,2127.0
376,2127.3
170,2127.4
38,2127.5
7,2127.6
181,2127.8
104,2128.1
372,2128.1
178,2128.2
229,2128.6
106,2128.7
133,2129.3
176,2129.4
36,2129.5
377,2130.8
193,2131.3
120,2131.4
261,2133.0
258,2133.1
227,2133.3
270,2134.5
136,2135.0
76,2135.2
255,2136.3
137,2136.8
45,2137.0
287,2137.2
279,2137.4
339,2137.4
335,2138.3
272,2138.5
79,2139.3
370,2139.9
174,2140.1
92,2141.0
5,2141.5
101,2142.9
0,2143.6
171,2144.8
310,2145.6
1,2146.3
247,2151.5
355,2152.0
203,2152.7
64,2153.9
366,2154.5
61,2154.8
20,2155.2
368,2155.3
134,2155.5
211,2155.6
19,2156.2
30,2157.4
206,2158.3
361,2158.5
358,2158.5
357,2158.7
109,2159.3
201,2160.2
202,2160.3
291,2160.4
359,2160.4
218,2160.5
194,2160.6
175,2161.0
167,2161.1
7,2161.1
161,2161.6
199,2162.0
351,2162.1
248,2162.2
353,2164.2
82,2164.8
197,2165.2
128,2165.4
300,2165.4
258,2165.6
322,2165.7
18,2165.8
71,2165.9
119,2166.5
32,2166.8
60,2167.1
113,2167.2
210,2167.2
40,2168.1
67,2169.0
311,2169.7
221,2170.2
160,2170.8
303,2170.9
31,2171.4
74,2171.5
302,2172.0
130,2173.4
152,2173.7
105,2176.2
360,2176.5
104,2179.2
246,2179.6
316,2179.7
15,2180.0
298,2180.5
111,2183.8
96,2184.4
229,2191.6
133,2192.5
36,2193.0
337,2196.5
293,2197.2
193,2197.6
376,2197.7
61,2198.3
182,2199.0
55,2199.1
218,2199.2
7,2199.5
211,2200.1
34,2200.5
300,2200.8
39,2200.9
258,2201.3
169,2201.3
205,2201.4
84,2202.0
334,2202.1
194,2202.3
109,2202.3
353,2202.5
311,2202.9
372,2203.0
313,2203.2
137,2203.3
87,2203.3
30,2203.6
89,2203.7
20,2203.9
361,2204.4
88,2204.7
71,2204.8
170,2205.4
370,2205.6
59,2205.7
4,2206.4
303,2206.7
228,2207.4
5,2207.5
25,2208.1
86,2208.1
248,2208.3
368,2208.3
176,2208.7
201,2209.1
318,2209.5
196,2209.9
279,2210.9
19,2210.9
2,2211.0
227,2211.1
178,2212.0
130,2212.6
33,2213.1
206,2213.3
302,2214.3
312,2214.5
184,2216.0
365,2217.4
305,2218.0
378,2218.5
38,2218.7
200,2219.1
287,2219.3
382,2219.8
359,2219.9
63,2219.9
247,2219.9
74,2220.1
356,2220.1
76,2220.4
226,2220.9
41,2221.1
172,2221.2
58,2221.5
141,2221.5
31,2221.6
245,2221.7
221,2222.0
17,2222.1
242,2222.4
45,2222.4
134,2222.7
275,2223.2
229,2223.2
377,2223.5
127,2223.6
351,2224.1
155,2224.3
223,2224.4
320,2224.5
357,2224.5
39,2224.9
230,2224.9
278,2225.2
67,2225.6
28,2225.8
107,2225.8
99,2226.0
330,2226.0
36,2226.7
129,2226.9
29,2227.0
316,2227.4
202,2228.4
348,2228.6
321,2228.7
79,2228.7
236,2228.9
46,2229.1
104,2229.4
171,2230.0
120,2230.3
177,2230.5
85,2230.6
137,2230.9
339,2231.0
291,2231.5
246,2231.6
34,2231.6
308,2231.8
151,2232.1
369,2232.5
0,2232.6
343,2232.9
204,2233.0
327,2233.5
195,2233.6
371,2237.3
300,2238.5
376,2240.5
274,2240.7
199,2241.1
86,2241.1
133,2241.7
366,2242.5
90,2243.6
298,2245.1
212,2246.6
176,2246.9
106,2247.4
255,2247.7
293,2248.0
64,2248.5
258,2249.2
205,2249.3
310,2249.3
261,2249.4
132,2249.5
72,2250.0
7,2250.1
353,2250.3
169,2250.4
88,2250.5
270,2251.5
18,2251.6
256,2251.7
335,2252.1
297,2252.4
130,2252.9
182,2253.1
268,2253.1
225,2253.4
197,2253.4
170,2253.4
323,2253.6
262,2254.0
38,2254.1
272,2254.1
357,2254.2
248,2254.2
201,2254.6
131,2254.9
172,2255.1
33,2255.7
266,2256.0
76,2256.2
75,2256.2
367,2256.3
80,2256.3
183,2256.7
328,2256.8
178,2257.1
79,2257.1
309,2257.4
27,2257.5
279,2257.7
227,2257.7
373,2258.0
45,2258.4
39,2258.6
377,2259.0
214,2259.1
22,2260.2
329,2260.4
36,2260.6
19,2261.0
77,2261.2
206,2261.4
24,2261.5
359,2261.5
305,2262.2
153,2262.2
120,2262.2
216,2263.0
163,2263.0
289,2263.2
156,2263.2
81,2263.3
188,2263.6
67,2263.6
308,2263.7
87,2263.8
78,2264.5
60,2264.5
34,2264.6
84,2264.6
189,2264.6
71,2264.9
2,2264.9
126,2265.2
283,2265.5
350,2266.0
361,2266.0
207,2266.1
108,2266.5
164,2266.5
69,2266.8
134,2267.0
123,2267.1
267,2267.7
59,2268.0
230,2268.3
30,2268.4
20,2268.9
358,2268.9
56,2269.4
73,2269.7
43,2270.9
29,2271.5
368,2272.9
171,2273.0
302,2273.2
129,2273.7
229,2274.4
17,2275.1
278,2275.7
113,2276.4
62,2277.4
353,2277.7
157,2278.6
291,2278.8
25,2278.8
180,2279.5
339,2279.8
92,2280.0
154,2280.6
53,2280.7
296,2281.0
351,2281.9
255,2282.6
252,2282.7
105,2282.8
369,2283.1
316,2283.7
0,2283.9
295,2284.2
143,2284.3
376,2284.5
13,2285.5
310,2286.5
47,2286.7
167,2288.0
125,2288.2
64,2288.3
223,2288.8
261,2288.9
264,2289.1
38,2289.2
96,2289.8
307,2290.1
210,2290.3
265,2291.4
256,2294.7
184,2294.7
101,2295.2
300,2295.4
100,2295.5
31,2295.9
202,2296.8
130,2297.2
160,2297.2
15,2297.5
349,2297.7
74,2298.0
149,2298.4
226,2298.9
196,2300.6
345,2301.3
5,2301.3
313,2301.3
104,2302.9
293,2306.9
111,2307.4
199,2307.8
221,2308.0
4,2308.8
197,2309.4
337,2311.0
201,2312.2
194,2312.6
172,2312.7
218,2313.6
7,2314.6
182,2314.8
212,2314.9
39,2315.3
359,2315.7
365,2315.9
274,2317.0
353,2317.0
147,2317.1
367,2317.3
266,2317.4
279,2317.5
76,2318.0
18,2318.7
192,2319.0
302,2319.1
151,2319.4
60,2319.4
176,2319.9
110,2320.0
205,2320.2
291,2320.5
227,2320.6
170,2320.8
152,2320.9
298,2321.3
366,2321.9
169,2322.0
258,2322.6
72,2323.5
9,2324.1
36,2325.4
241,2326.6
350,2326.9
348,2327.4
86,2329.4
77,2331.0
129,2331.8
20,2332.2
310,2332.4
320,2333.3
123,2334.2
311,2335.0
211,2335.2
305,2335.5
381,2335.5
373,2335.6
316,2336.3
137,2336.6
71,2337.2
61,2337.3
133,2337.6
378,2337.8
109,2339.4
303,2340.0
300,2341.0
31,2341.2
156,2341.2
59,2341.6
74,2341.9
361,2343.9
321,2345.7
88,2345.9
55,2346.5
229,2346.8
365,2347.9
193,2348.8
218,2348.9
84,2349.2
351,2349.5
130,2350.1
201,2351.5
228,2353.7
370,2354.0
25,2355.2
293,2355.4
33,2356.4
58,2357.9
346,2357.9
207,2358.9
182,2359.2
15,2359.4
67,2359.5
39,2359.8
81,2360.0
376,2360.1
41,2360.9
45,2361.3
17,2361.3
178,2361.4
176,2361.4
86,2361.8
36,2362.2
226,2362.4
274,2362.7
206,2362.9
184,2363.0
28,2363.2
141,2363.2
368,2363.4
89,2363.4
225,2363.8
366,2363.9
172,2364.0
170,2364.1
221,2364.2
205,2364.3
314,2364.3
76,2364.5
227,2364.8
177,2365.2
357,2365.3
279,2365.6
85,2366.5
246,2366.7
260,2367.0
38,2367.7
377,2367.9
108,2368.8
367,2369.0
3,2369.9
12,2370.0
152,2370.5
157,2370.9
311,2371.4
310,2371.7
318,2371.9
332,2372.4
335,2372.4
308,2372.9
88,2373.8
60,2373.9
79,2374.1
132,2375.3
121,2375.8
261,2375.9
169,2376.2
200,2377.0
53,2377.7
255,2379.0
229,2379.1
287,2379.9
34,2381.8
372,2382.4
374,2382.5
363,2383.3
130,2386.3
275,2387.4
320,2388.1
364,2388.2
33,2388.2
280,2389.5
23,2390.2
178,2392.1
86,2392.5
39,2392.8
84,2392.9
269,2394.5
359,2400.3
227,2401.3
376,2402.3
348,2403.0
266,2404.0
279,2404.1
109,2404.2
370,2404.4
303,2404.8
225,2404.8
218,2405.6
17,2407.2
31,2408.7
134,2409.4
67,2411.8
29,2412.9
156,2413.9
74,2414.0
268,2414.4
206,2415.1
205,2415.6
189,2415.9
283,2417.4
88,2417.4
366,2417.6
353,2418.2
351,2418.4
313,2418.5
71,2418.8
339,2419.0
96,2419.2
367,2419.6
36,2419.6
212,2420.5
43,2421.4
380,2422.3
15,2422.3
274,2422.5
125,2422.8
311,2424.0
298,2424.0
59,2424.3
316,2424.7
81,2425.3
193,2425.8
92,2425.9
178,2426.1
0,2427.4
300,2427.7
182,2428.0
129,2428.1
381,2428.5
172,2428.9
229,2428.9
141,2429.3
361,2429.4
38,2429.9
155,2430.1
230,2430.3
176,2430.3
371,2430.6
211,2431.0
170,2431.3
365,2431.7
39,2431.7
45,2431.9
184,2432.0
61,2432.1
227,2432.1
79,2432.5
34,2432.9
226,2432.9
183,2433.0
357,2433.1
291,2433.2
305,2433.7
130,2433.7
246,2433.7
310,2433.8
228,2434.0
260,2434.2
18,2434.6
20,2434.7
200,2435.0
86,2435.0
105,2435.2
221,2435.2
177,2435.4
188,2435.6
218,2435.7
127,2436.0
332,2436.5
161,2436.6
328,2436.6
58,2436.7
31,2437.1
133,2437.2
78,2437.4
256,2437.6
41,2437.8
87,2437.9
360,2438.0
28,2438.1
143,2439.0
216,2439.4
258,2439.6
152,2439.7
368,2440.5
109,2440.9
1,2441.4
157,2441.4
376,2441.7
85,2441.7
356,2441.8
359,2441.9
322,2442.2
247,2442.4
201,2442.5
288,2442.5
164,2442.6
319,2443.1
267,2444.7
206,2444.8
97,2444.8
19,2445.4
232,2445.6
334,2446.7
282,2447.0
281,2447.2
180,2448.5
74,2449.9
202,2450.0
242,2451.6
112,2452.2
349,2454.2
196,2464.4
300,2467.5
0,2467.9
111,2469.0
248,2469.3
8,2470.0
193,2470.7
194,2470.8
99,2471.3
293,2471.3
5,2472.8
337,2472.9
7,2473.4
71,2473.6
313,2473.7
101,2473.7
104,2474.0
31,2475.2
291,2476.3
182,2479.2
261,2479.7
9,2480.4
229,2480.5
55,2480.8
357,2481.1
170,2481.3
161,2481.6
88,2481.9
298,2482.5
311,2483.1
60,2483.5
260,2483.8
303,2483.8
321,2484.0
156,2484.1
218,2484.1
41,2484.6
339,2484.9
67,2485.7
17,2485.9
205,2486.0
221,2486.3
130,2486.9
96,2487.4
226,2487.5
353,2487.5
108,2488.2
335,2488.3
206,2488.4
360,2488.9
305,2489.4
137,2489.6
86,2489.7
15,2489.7
109,2489.7
18,2489.9
365,2490.2
45,2490.2
100,2490.5
366,2491.0
352,2491.9
80,2492.0
133,2492.4
59,2493.1
151,2493.3
308,2493.9
377,2494.5
3,2495.4
90,2496.8
157,2498.6
29,2499.4
75,2499.6
212,2501.7
74,2501.9
268,2511.4
163,2511.5
53,2512.1
172,2513.8
154,2515.6
252,2516.7
24,2517.3
178,2518.6
357,2518.9
361,2518.9
33,2519.3
177,2519.9
156,2520.3
176,2520.4
67,2520.7
309,2520.9
132,2521.1
261,2521.6
328,2521.7
134,2522.0
38,2522.7
272,2522.9
36,2523.2
230,2523.4
130,2523.4
34,2523.8
78,2523.9
79,2523.9
225,2524.0
226,2524.4
332,2524.6
216,2525.0
376,2525.2
372,2525.4
329,2525.6
260,2525.8
229,2526.0
377,2526.4
45,2527.2
22,2527.3
88,2527.7
323,2527.7
287,2527.9
39,2528.1
127,2528.4
360,2528.4
270,2528.6
366,2528.9
60,2529.1
363,2529.9
206,2529.9
31,2530.0
319,2530.2
108,2530.4
15,2530.5
143,2530.6
17,2531.0
353,2531.4
76,2531.4
247,2532.1
282,2532.2
258,2532.2
310,2532.3
80,2532.4
317,2532.6
359,2532.7
19,2532.7
86,2532.9
182,2532.9
137,2533.1
61,2533.6
171,2534.3
40,2534.5
335,2534.6
227,2534.9
211,2535.2
164,2535.2
75,2535.2
237,2535.7
128,2536.6
87,2536.6
256,2536.8
71,2537.3
273,2537.4
32,2537.6
167,2537.6
157,2537.8
356,2538.2
20,2539.1
113,2539.3
105,2539.6
18,2539.9
368,2540.1
255,2540.3
161,2540.4
84,2540.8
25,2541.5
218,2542.3
291,2542.4
307,2542.4
201,2542.6
339,2543.1
109,2543.7
210,2544.2
279,2544.8
64,2544.9
119,2545.1
7,2545.7
100,2545.7
169,2545.7
193,2545.8
200,2546.2
30,2546.4
351,2547.0
0,2548.1
355,2548.5
305,2550.0
58,2550.1
170,2550.5
106,2550.7
361,2551.0
59,2551.1
123,2551.2
358,2551.3
1,2551.6
350,2551.6
303,2551.7
196,2552.6
5,2553.0
370,2553.4
176,2553.8
288,2554.0
296,2554.1
92,2554.4
97,2555.4
168,2555.9
36,2556.0
101,2559.3
53,2560.4
151,2560.7
149,2560.9
248,2561.0
172,2561.1
357,2561.5
376,2562.1
221,2562.1
366,2562.4
310,2562.8
27,2563.3
295,2563.7
38,2564.4
353,2564.6
300,2564.7
15,2565.2
76,2565.4
311,2566.2
39,2566.3
318,2566.4
334,2566.4
45,2567.1
316,2567.2
205,2567.4
377,2567.5
133,2568.6
47,2568.7
130,2569.2
137,2569.3
223,2569.3
212,2569.4
129,2570.1
79,2570.1
182,2570.6
297,2571.1
272,2571.4
262,2572.2
9,2573.3
202,2573.8
160,2574.1
258,2574.2
276,2574.2
13,2574.5
89,2574.8
302,2575.0
2,2575.2
314,2575.5
238,2576.3
219,2579.4
213,2580.3
229,2586.4
359,2590.9
63,2591.5
60,2593.9
206,2594.4
218,2594.7
67,2597.8
205,2597.9
17,2598.7
368,2599.4
353,2600.7
312,2601.9
22,2602.1
279,2602.6
3,2604.2
274,2604.6
152,2605.6
351,2605.8
227,2606.8
172,2606.9
88,2608.5
39,2608.6
365,2609.1
81,2609.5
20,2610.4
36,2611.4
348,2612.7
86,2612.7
367,2613.3
108,2613.4
29,2613.6
109,2614.7
12,2614.9
131,2615.0
133,2615.5
18,2617.0
303,2617.3
182,2617.3
59,2618.0
181,2618.2
61,2618.4
211,2619.1
266,2619.7
178,2620.3
376,2620.4
107,2620.9
176,2620.9
92,2621.1
35,2621.8
378,2622.8
129,2623.2
293,2623.3
320,2623.4
155,2623.5
84,2623.5
225,2623.7
310,2624.0
76,2624.2
381,2625.3
30,2625.9
137,2625.9
41,2626.5
38,2626.6
366,2627.0
334,2627.3
34,2627.3
58,2627.3
311,2627.6
281,2628.2
201,2628.4
229,2628.6
228,2629.0
189,2629.3
45,2630.2
46,2630.4
305,2630.5
319,2631.2
169,2631.4
151,2631.5
130,2632.2
236,2634.0
230,2634.1
67,2634.1
74,2635.0
79,2635.4
246,2635.6
218,2635.6
226,2635.9
278,2636.3
39,2637.1
193,2637.6
40,2638.3
238,2638.5
33,2638.7
321,2639.1
17,2639.5
258,2639.9
370,2640.6
157,2640.7
382,2640.8
373,2640.9
184,2641.1
255,2641.5
25,2641.5
361,2641.7
283,2641.9
300,2642.6
316,2642.6
291,2642.9
200,2643.1
36,2643.2
96,2643.8
359,2644.0
353,2644.0
227,2644.3
88,2644.3
339,2644.9
120,2645.5
43,2645.7
369,2646.2
71,2646.5
380,2646.6
143,2646.9
256,2647.3
161,2647.6
0,2647.6
206,2647.8
279,2647.9
205,2648.2
327,2648.2
268,2648.7
86,2648.7
59,2648.7
77,2648.8
171,2649.3
72,2649.3
377,2650.0
371,2650.2
183,2650.4
351,2650.5
167,2650.5
275,2650.6
76,2650.9
310,2651.3
221,2652.1
29,2652.1
365,2652.5
141,2652.8
270,2653.7
288,2654.0
104,2654.1
100,2654.1
38,2654.2
176,2654.4
105,2654.8
75,2654.9
162,2655.1
18,2655.2
15,2655.3
182,2655.4
7,2655.4
276,2655.4
156,2655.8
129,2657.0
355,2657.3
97,2657.3
345,2658.6
149,2658.7
212,2659.0
73,2659.8
366,2659.9
170,2660.2
376,2661.9
5,2663.2
110,2663.3
201,2663.6
27,2664.3
106,2665.2
172,2665.4
169,2665.5
298,2666.2
13,2666.6
295,2668.0
60,2668.5
293,2668.9
2,2669.5
1,2670.6
318,2672.3
289,2672.5
211,2673.0
36,2673.1
89,2673.2
45,2676.2
79,2676.9
308,2677.5
53,2678.8
87,2679.5
127,2679.7
153,2679.8
323,2680.2
261,2680.3
34,2680.9
227,2681.0
64,2681.1
258,2681.1
205,2681.6
33,2681.8
109,2682.1
370,2682.2
255,2682.9
132,2683.1
303,2683.1
248,2683.5
300,2684.0
25,2684.3
61,2684.6
268,2684.7
19,2685.9
130,2686.0
20,2686.1
39,2686.6
311,2686.8
17,2686.9
349,2686.9
194,2687.3
88,2687.7
271,2688.2
38,2688.6
291,2689.6
7,2690.1
12,2690.9
218,2691.6
320,2691.7
22,2693.5
351,2698.0
310,2698.2
256,2701.8
67,2702.0
18,2702.0
108,2703.5
167,2704.3
174,2704.5
229,2705.5
31,2707.2
206,2707.4
152,2708.0
133,2708.4
368,2709.0
74,2709.5
376,2709.8
201,2709.9
175,2710.0
365,2710.6
86,2710.8
302,2711.2
377,2711.3
178,2711.5
182,2711.6
166,2711.6
372,2711.8
169,2712.4
378,2712.7
143,2712.9
137,2713.0
160,2713.2
359,2713.2
258,2713.3
327,2713.4
361,2713.6
366,2713.7
332,2713.9
30,2714.9
353,2715.0
71,2715.3
90,2715.3
186,2715.8
138,2715.9
36,2716.4
357,2716.4
87,2716.5
141,2717.0
15,2717.1
335,2717.1
34,2717.3
358,2717.7
61,2718.0
225,2718.1
33,2718.2
270,2718.5
279,2718.6
127,2718.6
41,2718.9
20,2718.9
328,2718.9
211,2719.4
84,2719.5
82,2719.5
248,2719.9
287,2720.0
260,2720.1
268,2720.2
88,2720.3
130,2720.5
218,2720.6
228,2720.9
75,2720.9
300,2721.0
109,2721.2
321,2721.2
313,2721.5
172,2721.6
363,2721.8
156,2721.8
0,2721.8
60,2722.0
370,2722.4
311,2722.4
216,2722.5
136,2722.7
296,2723.0
19,2723.1
113,2723.1
305,2723.3
17,2723.9
367,2724.2
134,2724.3
151,2724.5
226,2724.6
24,2724.8
221,2725.0
255,2725.0
78,2725.1
164,2725.3
132,2725.6
131,2725.6
303,2725.7
308,2726.2
64,2726.2
38,2726.3
184,2726.4
163,2726.4
203,2726.7
45,2726.8
157,2727.7
356,2728.1
212,2728.1
177,2728.2
261,2728.4
89,2728.5
39,2729.1
309,2729.4
67,2729.9
12,2730.2
205,2730.4
7,2730.5
291,2731.0
125,2731.0
298,2731.3
360,2731.8
154,2731.9
28,2733.0
108,2733.0
25,2733.3
214,2733.4
176,2733.6
105,2733.7
121,2733.7
72,2733.9
252,2734.3
320,2734.4
307,2734.5
310,2734.7
18,2735.5
247,2735.7
104,2735.9
159,2736.7
319,2737.0
339,2737.0
106,2737.2
210,2737.8
193,2738.6
351,2738.7
256,2739.1
53,2739.7
161,2739.9
167,2739.9
123,2740.1
58,2740.2
350,2740.4
59,2740.7
170,2741.3
314,2741.5
208,2741.8
348,2741.8
196,2742.4
107,2743.1
293,2743.6
365,2744.0
100,2744.0
169,2745.7
224,2745.8
297,2746.1
5,2746.3
200,2746.4
229,2746.7
262,2746.8
355,2747.0
361,2747.5
269,2749.3
101,2750.6
258,2751.1
211,2751.4
353,2751.9
194,2752.6
219,2752.7
2,2753.2
206,2755.5
300,2755.5
248,2756.1
61,2757.4
218,2758.1
275,2758.2
289,2759.1
31,2759.2
19,2759.3
295,2760.0
60,2760.2
153,2760.3
84,2760.5
302,2760.5
205,2761.6
305,2761.6
17,2761.8
349,2762.1
311,2762.6
129,2763.0
39,2763.0
9,2763.6
199,2763.7
178,2763.9
359,2764.1
172,2764.3
56,2764.3
55,2764.6
182,2764.6
0,2764.7
278,2764.9
34,2765.2
266,2765.7
7,2766.2
255,2766.2
86,2767.2
197,2767.4
130,2767.5
76,2767.6
30,2767.6
308,2767.6
288,2768.1
201,2768.3
1,2769.1
268,2769.1
29,2769.2
15,2769.3
97,2769.9
132,2770.0
62,2770.1
36,2770.9
357,2771.1
291,2771.2
67,2771.3
63,2771.5
13,2772.0
163,2772.8
71,2773.0
318,2773.2
207,2773.6
279,2774.5
162,2775.0
296,2775.1
45,2775.5
366,2776.1
310,2776.6
176,2778.4
59,2778.6
351,2779.1
368,2779.6
293,2780.4
79,2780.5
227,2781.0
53,2782.4
88,2782.4
22,2782.6
109,2782.9
20,2783.5
221,2783.7
261,2784.1
303,2784.4
137,2784.5
376,2784.6
211,2784.9
155,2786.5
218,2787.2
171,2787.6
377,2790.2
38,2790.4
61,2790.7
316,2790.9
3,2791.2
60,2791.3
32,2791.3
205,2791.8
119,2792.0
157,2792.0
206,2792.3
361,2792.5
359,2792.8
272,2793.0
152,2793.0
108,2794.1
18,2795.3
87,2796.0
128,2796.6
127,2797.0
274,2797.3
322,2797.5
134,2798.7
2,2799.8
19,2799.8
229,2800.2
133,2801.4
353,2802.1
226,2802.7
172,2802.8
17,2802.8
143,2805.6
67,2806.0
58,2808.8
201,2809.4
36,2810.0
59,2811.3
351,2811.4
182,2811.6
170,2812.6
147,2813.0
247,2813.8
141,2814.3
5,2815.6
33,2815.6
246,2815.7
293,2816.3
346,2817.9
376,2818.1
34,2819.3
332,2819.4
107,2819.5
356,2820.0
136,2820.4
176,2820.5
305,2821.0
227,2821.7
207,2821.8
365,2823.0
230,2823.0
104,2823.1
30,2823.2
78,2823.4
38,2823.7
63,2824.9
87,2824.9
270,2824.9
279,2825.2
28,2825.6
178,2826.8
123,2827.2
151,2827.3
319,2827.4
121,2827.7
350,2828.2
183,2828.3
39,2828.5
129,2828.7
308,2828.8
254,2829.8
85,2830.0
29,2830.6
371,2831.1
266,2831.4
177,2831.5
86,2832.3
165,2832.7
110,2834.7
359,2835.2
280,2835.4
192,2835.6
348,2836.1
157,2836.6
76,2836.8
361,2837.4
373,2837.4
77,2837.6
353,2837.9
120,2839.6
369,2841.6
377,2841.6
79,2842.3
255,2842.6
96,2843.3
258,2844.5
75,2844.7
264,2846.9
171,2848.0
206,2849.3
67,2849.8
339,2850.3
36,2850.6
205,2851.8
357,2851.9
176,2852.9
18,2853.7
62,2854.0
137,2854.0
17,2854.5
60,2854.8
15,2855.5
172,2857.8
355,2859.8
128,2861.1
19,2862.3
360,2863.0
267,2863.4
40,2863.4
163,2863.9
61,2864.1
32,2864.2
154,2866.9
89,2867.5
210,2868.1
252,2869.2
125,2871.1
376,2871.7
169,2871.9
53,2872.4
134,2873.1
33,2873.6
361,2873.9
157,2875.2
353,2876.1
229,2878.1
84,2878.4
295,2878.9
132,2878.9
34,2879.1
39,2879.5
307,2879.6
86,2879.8
178,2880.3
105,2880.9
359,2881.7
279,2881.8
275,2883.5
287,2884.2
227,2884.5
372,2885.2
302,2886.1
363,2886.1
366,2886.3
36,2888.4
119,2888.5
87,2888.6
88,2889.0
45,2889.7
76,2892.0
368,2892.2
176,2892.6
130,2892.8
318,2892.9
30,2895.0
182,2895.1
2,2895.5
218,2896.0
316,2896.1
211,2896.9
311,2897.8
278,2898.0
137,2898.5
228,2899.2
274,2900.5
81,2903.1
184,2903.5
38,2904.9
367,2905.8
41,2905.9
381,2906.8
334,2907.5
225,2909.1
357,2909.4
170,2912.4
20,2912.4
164,2913.8
229,2914.1
226,2914.1
374,2914.6
39,2914.6
78,2914.9
247,2915.1
310,2915.7
356,2917.1
31,2918.0
258,2919.3
377,2920.6
358,2920.8
365,2920.9
113,2921.1
86,2922.4
25,2923.4
260,2923.8
206,2924.0
230,2924.3
300,2924.7
18,2925.7
104,2926.3
72,2926.6
120,2926.6
61,2926.8
279,2927.3
308,2927.6
291,2927.7
67,2927.8
201,2927.9
261,2928.3
359,2928.4
64,2928.7
293,2928.7
157,2928.9
203,2929.1
19,2929.2
108,2929.9
368,2930.4
246,2930.8
32,2931.8
60,2932.9
172,2934.1
360,2934.8
180,2935.1
158,2935.3
17,2935.7
193,2935.8
267,2935.9
248,2936.5
205,2936.7
361,2936.9
109,2937.5
155,2937.9
106,2938.8
255,2939.5
176,2940.0
71,2941.4
74,2942.1
211,2942.2
303,2942.5
7,2943.2
200,2944.8
84,2944.8
2,2944.9
311,2945.3
218,2945.4
169,2947.6
130,2948.6
353,2949.3
256,2950.5
178,2950.9
167,2951.1
289,2951.4
153,2951.6
59,2952.1
156,2952.3
268,2952.9
58,2953.2
132,2953.5
154,2955.6
15,2955.7
300,2956.3
53,2956.3
56,2956.8
305,2957.0
351,2957.1
252,2957.3
296,2957.3
163,2958.1
308,2958.6
134,2959.1
313,2959.6
157,2959.9
24,2960.9
13,2961.7
349,2962.2
61,2962.4
25,2963.1
67,2963.2
36,2963.5
330,2963.8
247,2964.2
31,2964.4
275,2964.9
172,2965.2
0,2965.5
293,2965.7
357,2966.6
34,2967.2
177,2968.4
39,2969.5
201,2969.7
33,2972.4
75,2976.3
361,2976.7
287,2977.7
79,2977.9
212,2980.9
38,2981.3
127,2981.7
376,2982.5
323,2982.5
208,2982.8
372,2983.3
270,2984.6
176,2984.7
45,2989.4
143,2989.4
334,2989.8
88,2995.6
227,2996.7
76,2998.2
366,2998.4
36,2999.4
