20,12.8
28,13.6
8,17.5
25,17.7
17,17.7
2,17.8
30,18.4
27,19.2
29,19.4
20,20.1
9,20.5
18,21.1
28,21.2
11,21.6
4,21.9
17,24.6
25,24.7
30,25.2
8,25.7
2,25.8
27,25.9
3,26.1
5,26.2
20,26.4
19,26.8
29,27.0
28,27.7
9,27.8
18,28.6
4,28.9
24,29.0
11,29.0
17,30.9
30,31.3
25,31.5
20,32.3
2,32.9
3,33.6
29,34.1
28,34.2
4,35.3
11,35.6
5,35.6
9,35.6
18,35.8
21,35.8
1,35.9
10,36.1
26,36.3
0,36.4
12,37.1
30,37.5
8,37.5
25,37.7
20,38.2
24,38.5
17,39.2
23,39.5
7,39.6
2,39.9
13,40.3
3,40.3
6,40.3
28,40.6
29,40.8
4,41.6
11,42.0
9,42.1
5,42.5
18,42.7
16,43.5
25,43.5
30,43.6
21,43.7
10,44.3
1,44.4
26,44.7
24,45.4
0,45.6
23,46.4
2,46.4
17,46.4
8,46.5
7,46.6
28,47.1
3,47.4
4,47.6
6,47.6
29,47.7
12,47.8
9,47.8
11,47.9
19,48.2
5,48.4
18,48.7
30,49.5
24,51.4
10,51.5
13,52.2
23,52.4
2,52.5
21,52.5
7,52.9
1,53.1
4,53.4
28,53.6
26,53.7
11,53.8
6,54.1
0,54.2
29,54.2
16,54.3
3,54.5
30,55.4
17,55.7
24,57.4
10,58.2
23,58.5
8,58.6
7,58.9
4,59.0
19,59.9
1,60.1
6,60.2
28,60.4
29,60.4
21,61.0
26,62.5
0,62.5
24,64.0
3,64.2
10,64.4
23,64.6
7,64.8
6,66.1
1,66.6
29,66.9
28,67.1
17,68.4
18,69.3
8,69.9
10,70.2
21,70.4
7,70.7
0,72.3
6,72.4
26,72.6
23,72.7
1,72.8
28,73.3
29,73.7
22,74.5
17,75.8
10,75.9
24,76.3
7,76.9
8,77.4
1,78.6
21,79.2
28,79.3
18,79.8
23,80.0
6,80.5
29,81.6
10,81.7
17,83.1
1,84.7
7,84.8
18,85.1
0,85.4
28,85.5
22,86.2
8,86.4
10,88.0
3,88.5
26,88.7
29,88.8
14,88.9
12,89.0
23,89.3
18,90.9
1,92.7
28,92.9
4,93.9
24,94.2
13,94.2
16,94.4
17,94.9
7,95.0
6,95.2
29,95.8
12,96.3
31,96.3
23,96.5
3,97.4
22,97.6
26,97.6
18,99.0
4,99.4
14,99.5
9,100.2
2,100.2
10,100.7
0,101.0
24,101.4
29,102.4
6,102.8
12,103.2
23,103.8
7,104.3
16,104.5
22,104.6
26,104.8
4,105.2
13,105.5
31,105.7
19,105.7
3,105.8
9,106.0
30,107.0
18,107.3
14,107.3
24,107.9
8,108.4
10,108.5
29,108.6
17,109.8
6,109.9
4,110.8
22,111.2
0,112.4
12,112.5
26,112.9
30,113.0
9,113.6
3,113.9
1,114.4
29,114.7
24,115.5
8,116.1
14,116.4
23,116.5
18,117.0
6,117.4
22,117.7
17,118.2
13,118.2
10,119.2
16,119.7
29,121.3
0,121.4
12,121.6
9,121.9
24,122.0
14,123.6
22,124.2
30,124.3
6,124.6
17,124.8
8,125.6
28,126.2
1,126.4
13,126.6
24,128.1
9,129.6
16,130.2
3,130.3
12,130.6
29,130.8
19,131.0
14,131.1
18,131.3
0,131.3
17,131.3
22,131.9
6,132.7
13,133.3
30,133.7
24,133.9
7,134.7
23,135.1
26,135.3
9,136.5
28,137.2
18,138.1
3,138.4
16,138.6
14,138.7
29,138.9
6,139.4
13,139.6
24,139.6
30,140.5
22,140.5
17,140.7
9,143.3
19,143.3
23,143.8
7,143.9
10,144.1
24,145.0
6,145.4
13,145.4
26,146.4
16,146.5
30,146.5
12,149.9
14,150.5
24,150.5
3,150.5
13,150.8
29,150.9
9,151.2
6,151.3
30,152.6
10,153.1
31,153.2
15,153.6
13,155.9
23,156.0
24,156.1
22,156.6
16,157.1
6,157.6
3,158.7
30,160.0
24,161.2
10,161.3
13,161.5
18,163.9
1,164.1
23,164.3
28,165.3
3,165.9
22,165.9
8,166.4
17,166.4
6,166.6
24,166.6
29,166.8
30,166.9
11,167.9
13,168.2
18,169.8
10,170.0
19,172.0
24,172.2
3,172.5
28,173.2
30,173.3
8,174.0
29,174.1
17,174.5
9,175.3
1,175.4
18,176.0
10,177.7
23,177.8
24,178.1
3,178.6
13,179.1
6,179.8
30,180.4
29,180.6
7,180.8
26,182.2
22,182.3
18,182.3
14,182.7
28,183.2
8,183.3
1,183.7
9,183.9
17,184.3
23,184.5
3,184.6
24,184.7
10,185.0
19,185.3
13,186.4
6,186.6
29,187.0
30,187.2
12,188.2
7,188.2
11,188.3
18,188.6
26,189.5
23,190.4
22,190.8
3,191.4
28,191.9
14,192.4
8,193.0
11,193.6
29,193.7
13,194.0
30,194.4
18,194.5
7,195.1
9,195.3
24,195.7
10,195.8
1,196.0
23,196.2
17,196.4
26,196.6
12,196.6
11,199.3
28,199.5
18,200.5
8,200.6
30,200.9
29,201.5
9,202.4
23,202.4
3,202.6
26,203.4
12,203.8
24,203.8
22,204.2
7,205.0
11,205.0
30,206.9
13,208.1
29,208.2
28,208.6
9,208.8
23,209.0
26,210.2
11,210.5
8,210.5
3,211.1
12,211.2
14,211.9
30,212.7
7,213.4
29,214.0
22,214.3
1,214.4
21,214.5
10,215.0
0,215.1
24,215.2
28,215.3
13,215.4
17,215.7
23,215.8
18,216.0
26,216.7
9,216.8
16,217.1
14,220.2
28,221.3
1,221.6
13,221.8
7,222.2
22,222.4
21,222.4
24,222.6
23,222.6
26,222.7
10,222.8
12,223.6
0,223.9
16,225.4
3,225.7
28,227.5
17,227.7
13,228.3
1,228.4
26,228.7
24,229.0
14,229.3
7,229.4
31,229.6
22,229.7
10,229.8
9,230.6
23,231.4
16,234.0
21,234.1
28,234.2
3,234.4
26,234.6
24,234.9
1,235.0
14,236.1
7,236.1
22,236.1
8,236.8
23,238.1
10,238.1
13,238.3
31,238.5
9,239.5
26,240.4
24,240.7
28,241.0
1,241.0
14,242.0
7,242.5
0,243.0
3,243.7
23,244.4
8,245.2
13,245.4
12,245.8
16,246.2
24,246.4
26,246.4
1,246.7
28,247.2
14,247.7
17,248.6
11,248.8
7,249.2
23,250.6
0,251.2
19,251.4
3,251.9
8,252.1
13,252.3
24,252.3
1,252.5
26,252.8
28,253.0
14,253.2
12,253.5
9,255.5
17,255.6
23,256.7
10,257.5
31,257.7
24,257.8
16,258.1
1,258.3
7,258.5
8,258.6
28,258.8
14,259.1
13,259.5
3,259.8
0,260.0
26,261.0
17,261.7
12,261.9
23,263.0
24,263.1
19,263.2
9,263.3
1,264.3
28,264.6
14,265.3
8,266.2
10,266.3
17,267.3
24,268.7
26,268.8
28,270.1
13,270.4
1,270.5
23,271.1
18,271.2
14,271.6
3,271.7
17,272.9
9,272.9
24,274.9
7,275.6
8,276.5
18,276.6
26,277.8
12,277.8
1,277.9
23,278.2
17,278.6
14,278.8
16,280.5
18,282.3
9,282.6
24,283.6
7,284.2
23,285.8
8,286.6
13,287.9
18,288.2
9,289.6
10,290.3
7,291.8
18,294.1
23,294.4
9,295.9
13,298.0
7,298.6
17,299.3
10,299.4
12,300.4
18,300.7
23,301.1
9,302.4
1,302.7
8,303.1
11,303.2
7,305.2
23,307.4
13,308.6
12,308.6
11,308.7
9,308.9
22,309.1
1,310.4
8,310.5
7,311.3
23,313.9
18,314.1
11,314.5
22,314.8
28,315.4
9,315.9
12,316.9
1,317.1
7,317.7
3,318.3
8,318.5
19,318.9
18,321.0
28,321.0
23,321.6
22,321.8
9,322.2
14,322.7
1,323.3
13,323.7
26,323.7
7,325.7
28,326.9
18,327.2
3,327.4
9,327.9
22,328.3
17,329.0
1,329.1
14,329.7
0,331.0
13,331.4
24,331.5
19,332.3
26,332.5
28,332.7
9,333.5
10,333.6
18,333.6
17,334.2
22,334.3
1,334.7
14,336.2
3,337.2
12,337.2
9,339.2
26,339.4
17,340.2
13,340.3
0,340.4
22,340.5
1,340.5
24,342.1
10,343.2
18,343.3
14,343.7
3,344.0
12,345.2
9,345.4
26,346.3
1,347.0
22,347.5
31,348.4
3,350.1
17,351.0
14,351.2
12,352.1
24,352.2
13,352.9
19,352.9
28,353.6
18,353.6
22,354.2
1,354.3
9,354.4
26,356.0
3,356.1
21,357.1
31,357.1
0,357.6
10,357.9
28,359.0
12,359.5
17,359.5
14,359.8
1,360.7
22,361.0
3,361.7
18,363.1
13,363.3
26,363.3
24,364.8
28,364.8
8,364.9
21,365.0
19,365.9
10,366.1
0,366.3
1,366.7
3,367.1
12,367.4
26,369.7
22,370.1
23,370.3
18,370.6
28,370.7
21,372.0
14,372.4
30,372.5
10,372.7
3,372.9
8,373.6
13,373.9
0,374.7
9,375.1
26,375.8
28,376.7
22,376.9
23,379.0
10,379.2
3,380.0
18,380.3
21,381.7
26,381.8
14,382.4
28,382.5
22,383.0
9,383.2
30,388.0
10,388.0
28,388.3
26,388.5
22,390.0
9,392.2
30,393.4
0,394.3
28,394.7
24,395.1
8,396.8
26,397.0
18,397.2
22,397.2
14,397.4
30,399.6
9,399.7
28,401.2
24,402.2
0,403.6
13,403.9
23,403.9
7,404.0
22,404.2
26,404.6
8,405.7
18,405.7
21,406.3
14,406.7
10,406.8
9,407.6
28,408.9
24,408.9
0,410.4
30,410.5
17,410.6
22,410.6
23,410.9
26,411.2
13,411.5
8,412.3
18,413.3
7,413.5
14,414.0
21,414.2
10,414.5
24,415.6
28,416.3
3,416.3
0,416.5
22,416.8
23,416.8
26,417.4
13,418.0
30,418.1
8,418.1
12,418.1
17,418.6
7,420.1
14,420.5
10,421.3
24,422.6
0,422.7
22,422.9
3,423.5
26,423.6
28,423.7
8,423.7
18,423.9
13,424.3
21,424.9
7,426.0
30,426.8
14,427.3
17,427.8
12,428.2
10,429.0
22,429.1
24,429.7
3,429.8
0,429.9
26,429.9
13,431.1
7,431.6
28,435.7
3,436.3
22,436.4
7,437.4
26,438.2
14,438.8
8,439.7
24,439.7
17,440.4
23,442.0
18,443.2
7,443.6
30,444.1
13,444.5
8,445.2
12,445.2
3,446.6
26,446.6
11,446.7
23,447.4
22,448.0
14,448.1
7,450.0
18,450.9
8,451.6
13,451.6
11,452.5
30,452.8
9,453.0
26,453.4
23,453.7
12,453.8
22,454.8
14,454.9
31,455.3
7,457.4
13,457.9
18,458.6
8,459.0
11,459.7
26,460.2
22,460.8
14,461.0
9,462.0
28,462.1
17,462.2
20,462.4
31,463.5
13,464.1
18,466.0
8,466.5
14,466.7
23,466.7
11,466.8
20,468.0
26,469.8
13,470.4
30,470.7
28,471.2
14,472.4
18,472.5
17,473.0
8,473.4
31,473.8
20,474.4
23,474.9
11,475.6
9,476.2
26,476.9
13,476.9
14,477.5
30,477.6
28,477.9
18,478.7
17,479.7
8,479.9
20,480.6
7,482.8
14,482.9
23,483.1
26,483.6
30,483.7
28,484.0
9,484.0
13,484.3
18,485.2
17,485.6
20,486.4
8,486.8
24,489.4
16,489.6
30,489.9
28,490.1
9,490.8
11,491.2
17,491.2
18,491.3
26,491.6
13,492.1
8,493.3
14,493.5
3,495.8
12,496.0
30,496.2
28,497.0
17,497.0
18,497.1
9,497.1
24,497.2
16,497.8
11,498.4
26,498.7
13,499.2
8,499.5
23,502.0
30,502.5
17,503.0
9,503.1
14,503.9
28,504.1
11,504.6
3,504.6
24,505.3
26,505.8
13,505.9
12,506.0
8,506.0
16,506.6
30,508.9
9,509.0
14,509.2
17,509.3
11,510.6
28,511.1
10,512.2
8,512.3
13,513.7
24,514.0
14,514.8
30,515.0
31,515.1
9,515.1
26,515.5
17,515.9
11,516.9
7,517.5
8,518.2
28,518.8
16,519.1
30,520.7
13,520.7
14,520.8
9,521.4
10,521.5
23,521.7
17,523.0
11,523.8
31,524.0
12,526.0
7,526.4
30,526.5
24,526.8
28,527.2
14,527.3
9,527.8
13,528.9
23,530.4
30,533.2
17,533.7
29,534.0
9,534.2
28,534.4
7,534.5
20,534.7
24,535.2
11,536.2
16,537.2
31,537.8
14,537.9
26,538.2
29,539.5
20,540.3
28,541.5
9,541.5
24,542.0
12,543.1
13,543.3
23,543.9
14,544.8
29,545.0
20,546.2
26,546.6
30,546.7
16,547.3
17,547.5
28,547.8
31,548.2
24,548.8
29,550.5
14,550.7
13,550.9
12,552.2
28,554.1
18,554.8
24,556.1
14,556.3
29,556.4
17,556.6
16,556.8
31,557.9
26,558.9
13,559.3
11,559.9
18,560.3
28,560.6
29,562.9
17,563.5
24,563.5
16,566.5
18,566.9
23,566.9
26,567.7
28,569.2
29,569.4
11,569.7
17,570.5
24,570.8
20,571.4
2,574.3
23,575.7
1,576.6
14,576.7
20,577.3
29,578.3
31,578.4
26,578.6
16,579.4
2,579.9
8,580.1
24,581.7
14,582.1
1,582.3
17,582.6
20,584.7
2,585.4
8,585.6
18,586.8
14,587.2
9,587.2
31,587.5
28,587.6
1,588.1
24,589.6
2,590.9
8,591.4
14,592.6
26,592.8
29,593.1
12,593.2
16,593.9
1,594.0
9,594.4
20,594.6
24,596.0
18,596.2
2,596.4
7,597.2
8,597.2
17,597.3
3,598.4
28,598.5
11,598.9
26,599.5
21,599.6
1,599.6
10,599.8
0,600.1
29,600.2
12,600.4
9,600.4
24,602.0
2,602.0
20,602.1
31,603.1
17,604.5
16,605.0
18,605.0
26,605.5
28,605.7
3,605.7
11,605.9
9,606.5
7,606.5
29,606.5
12,607.1
24,607.4
21,607.6
2,607.7
14,608.2
20,608.3
10,608.8
0,609.3
30,610.1
17,611.1
11,611.8
28,611.9
3,612.1
9,612.6
29,612.7
18,613.5
14,613.5
5,613.7
20,613.9
2,614.0
12,615.8
0,616.8
11,617.8
30,618.1
7,618.1
3,618.8
29,618.9
17,619.2
9,619.3
14,619.4
21,619.4
5,619.5
31,620.8
26,621.1
19,621.5
2,624.7
11,624.7
13,625.1
29,625.5
5,625.6
0,626.3
26,626.8
8,626.9
14,627.1
9,628.1
17,628.7
30,628.9
16,628.9
3,629.8
12,631.6
5,632.3
8,632.3
7,633.3
29,633.3
26,633.4
18,633.6
1,634.0
13,634.1
11,634.4
9,634.9
30,635.6
10,635.6
2,636.2
17,637.0
8,638.1
5,638.6
21,639.0
1,639.3
26,639.6
0,639.9
18,640.4
9,640.8
11,641.4
10,643.3
2,643.6
8,644.0
29,644.2
13,644.3
17,644.4
5,644.9
16,645.0
26,645.5
9,646.4
21,646.8
11,647.5
0,648.3
2,650.0
10,650.1
8,650.3
26,651.3
5,651.5
9,651.7
17,652.6
11,653.1
16,655.6
22,655.7
2,656.1
26,657.1
10,657.1
21,657.2
9,657.2
8,658.6
11,658.7
0,660.4
5,660.8
22,661.1
2,662.1
17,662.3
9,662.9
26,663.5
11,664.6
29,664.7
8,665.4
12,666.8
22,667.4
2,668.1
9,668.5
14,668.7
5,669.1
17,669.9
10,670.0
11,670.3
8,671.4
24,673.6
9,674.1
2,674.6
6,675.0
12,675.4
26,676.1
11,676.2
5,676.6
23,677.1
8,677.2
7,677.2
29,677.6
3,677.9
22,678.2
17,678.5
24,679.1
9,680.0
6,680.2
2,680.8
11,682.2
12,682.4
8,683.0
26,683.6
5,684.4
10,684.7
29,684.9
24,685.5
6,686.4
30,686.5
2,686.6
3,687.1
9,687.3
11,688.4
17,688.5
7,689.4
23,690.0
12,690.2
5,691.2
29,691.4
26,692.2
6,692.8
0,693.1
24,693.9
10,695.0
11,696.0
30,696.9
5,697.2
7,697.2
19,697.2
3,697.3
17,697.4
29,697.5
23,697.9
12,698.8
6,699.1
22,700.5
31,700.8
14,701.1
0,702.2
30,702.2
24,702.9
11,703.0
29,703.6
7,705.1
3,705.3
17,705.3
12,705.9
6,705.9
23,706.3
26,706.5
30,708.1
22,708.7
11,709.1
29,709.5
31,709.5
17,712.2
3,712.3
12,712.6
14,712.8
11,714.8
26,714.8
29,715.1
23,716.3
6,716.5
30,716.5
22,716.5
19,717.1
3,718.6
12,719.0
17,719.5
31,719.6
24,720.6
16,721.0
7,721.5
14,722.5
26,723.1
22,723.2
23,723.3
3,724.5
30,724.6
12,725.2
13,726.0
28,726.3
6,727.6
31,727.6
19,727.7
7,728.7
24,728.7
23,729.3
22,729.5
3,730.5
16,731.0
8,731.2
12,731.3
28,732.0
30,733.9
1,734.1
14,734.4
26,734.5
7,735.0
13,736.4
22,736.5
3,736.6
8,736.7
12,737.2
6,737.6
28,738.5
24,738.9
31,739.1
1,739.6
30,741.2
7,741.2
26,741.6
3,742.7
12,743.1
8,743.3
22,745.3
1,746.0
31,747.2
30,747.3
7,747.4
26,747.8
14,748.1
12,748.7
4,749.4
3,749.4
22,752.9
6,753.1
13,753.3
30,753.4
7,753.5
26,754.3
12,754.5
4,754.7
31,755.4
11,758.8
7,759.5
1,759.6
30,759.7
25,760.6
4,760.8
12,761.4
26,762.2
6,762.7
22,762.7
24,762.9
3,763.2
16,763.2
13,764.0
28,764.2
11,764.6
7,765.8
0,766.2
14,766.9
30,766.9
24,769.7
4,770.4
3,770.9
16,771.6
8,771.7
9,771.9
11,771.9
28,772.3
19,774.2
7,774.6
23,774.7
30,775.7
0,775.9
26,776.9
3,777.4
4,778.6
11,778.7
28,778.9
22,780.1
9,781.5
8,781.8
30,782.3
7,782.5
17,783.4
16,783.6
3,783.6
0,785.3
4,785.7
13,786.1
6,786.1
11,786.2
26,786.8
30,787.9
9,788.2
7,789.2
3,789.8
8,790.2
22,790.2
17,792.1
4,792.2
16,792.3
13,793.2
30,793.4
6,793.6
9,794.2
0,794.5
14,795.4
26,796.1
7,796.2
22,797.4
3,797.6
8,798.3
4,798.3
30,798.9
13,799.4
9,799.9
6,799.9
1,800.1
17,800.3
16,803.1
11,803.3
22,803.8
4,804.0
26,804.4
30,804.9
14,805.0
8,805.1
12,805.3
13,805.7
6,805.9
3,807.3
7,807.5
17,807.6
1,809.0
22,810.2
8,811.2
6,812.1
30,812.3
17,814.0
0,815.0
13,815.2
1,815.8
26,816.7
8,817.1
3,818.2
22,818.5
30,819.2
11,819.7
17,820.0
6,820.7
1,821.7
8,822.9
3,825.5
12,825.8
17,825.9
30,826.6
11,827.2
1,827.3
26,827.6
8,828.7
17,831.8
3,832.2
1,832.7
13,833.2
23,833.2
30,833.7
7,834.2
6,834.4
8,834.5
11,834.5
12,835.5
26,837.0
17,837.7
1,838.2
23,838.4
3,838.5
9,838.8
8,840.4
11,841.8
13,842.1
6,842.6
30,843.3
7,843.7
1,843.9
23,844.0
16,844.0
17,844.0
12,844.2
9,844.2
3,844.8
22,845.0
26,845.2
8,845.9
13,849.1
6,849.2
11,849.4
9,849.6
7,851.0
3,851.1
17,851.6
26,852.9
12,853.0
0,853.2
16,853.7
22,854.4
9,854.9
6,855.1
11,856.3
13,856.5
31,857.4
14,857.8
3,857.8
7,858.3
17,859.0
9,860.6
6,860.8
22,861.3
26,861.8
0,862.8
11,863.1
30,863.8
12,863.9
31,866.2
6,866.7
3,866.9
9,867.2
22,867.6
17,868.3
7,869.0
26,869.1
11,869.6
14,869.8
4,870.8
8,871.4
30,872.2
6,872.9
22,873.9
19,874.2
12,874.9
3,875.0
11,875.8
16,876.5
4,876.5
17,876.6
8,876.7
7,878.2
26,878.8
6,879.7
22,880.8
11,881.7
4,882.1
8,882.8
3,883.2
12,883.3
30,884.5
17,885.0
13,885.2
14,885.4
19,886.3
6,886.3
22,887.3
4,887.7
3,889.8
9,890.1
7,890.3
12,890.4
26,890.7
8,892.0
30,892.2
6,892.4
13,892.6
24,893.0
4,893.3
22,893.4
14,893.9
17,895.9
3,896.0
9,897.3
7,897.5
12,897.6
24,898.5
26,898.8
21,899.0
13,899.2
10,899.3
0,899.5
30,899.6
8,899.7
22,899.7
19,899.8
3,902.1
14,902.8
17,903.1
9,903.4
24,903.9
31,904.6
7,904.8
13,905.1
26,905.6
22,905.6
21,906.8
12,907.7
10,908.0
0,908.2
3,909.0
9,909.1
24,909.2
14,909.7
17,909.8
8,909.8
30,910.3
13,910.8
26,912.6
7,913.1
31,913.3
9,914.5
21,914.9
24,915.0
10,916.0
0,916.2
14,916.5
17,916.7
30,917.0
8,917.7
26,919.0
9,920.1
7,920.4
24,921.7
21,923.5
17,923.5
8,924.6
26,925.3
9,925.7
0,926.4
14,927.1
12,927.2
10,927.4
3,928.6
7,929.0
24,930.3
13,931.0
9,931.4
17,931.5
8,932.1
26,932.9
10,935.2
3,936.0
13,936.5
9,936.9
24,937.5
6,937.7
0,938.2
22,939.7
8,942.5
9,942.6
13,942.7
17,943.1
6,943.5
3,943.9
24,944.3
10,944.9
22,945.3
0,948.2
6,950.2
22,951.0
12,951.6
26,951.9
24,953.2
8,953.5
13,953.7
14,955.9
17,956.4
22,956.6
6,956.9
26,960.0
12,960.2
1,963.5
6,963.9
14,965.6
22,967.3
12,968.4
1,969.0
26,969.2
6,971.7
13,972.2
14,972.9
12,977.4
23,978.7
14,979.5
6,979.6
1,979.7
13,980.1
3,980.2
19,980.8
26,981.9
7,983.0
23,984.4
1,985.2
6,986.5
9,986.8
14,987.0
22,988.0
3,989.2
13,989.3
23,989.8
1,991.5
7,991.7
9,992.2
6,992.8
26,993.4
22,993.4
19,994.2
23,995.2
13,996.5
9,998.4
6,998.9
22,999.3
23,1000.7
8,1001.2
24,1001.4
7,1002.2
1,1003.0
13,1003.1
9,1004.7
6,1005.1
23,1006.6
22,1007.6
24,1010.3
13,1010.6
9,1010.8
11,1011.8
8,1011.8
6,1012.0
1,1012.5
23,1013.1
3,1013.4
29,1013.8
7,1013.9
17,1015.4
9,1016.8
24,1018.6
29,1019.2
1,1019.3
23,1020.0
8,1022.4
3,1022.6
9,1022.8
21,1023.1
7,1023.1
10,1023.3
26,1023.5
0,1023.6
29,1024.4
17,1024.4
19,1024.6
6,1024.9
24,1025.3
23,1026.5
9,1028.6
30,1029.4
22,1029.6
3,1029.6
8,1029.6
7,1030.6
21,1030.9
26,1031.7
24,1031.8
10,1031.9
6,1032.3
0,1032.5
23,1032.6
17,1033.5
9,1034.0
30,1034.7
19,1035.4
3,1035.8
8,1036.2
23,1038.3
26,1038.9
12,1039.0
22,1039.3
24,1039.3
9,1039.4
6,1039.8
7,1040.1
30,1040.4
21,1041.9
3,1042.0
17,1042.2
23,1044.0
8,1044.1
14,1044.4
9,1044.5
26,1045.5
30,1046.0
22,1046.6
6,1047.0
3,1048.2
10,1048.5
17,1049.1
24,1049.4
23,1050.0
26,1051.7
0,1051.9
30,1052.0
14,1053.5
22,1053.7
6,1054.4
17,1056.0
3,1056.8
7,1057.0
8,1058.1
23,1058.4
26,1058.5
30,1060.0
29,1060.0
17,1062.5
22,1063.8
29,1065.4
26,1065.7
6,1065.7
30,1067.7
17,1069.2
28,1070.6
29,1071.6
26,1073.6
17,1075.5
10,1075.6
30,1076.0
28,1076.2
14,1077.3
22,1077.5
31,1078.0
29,1078.2
24,1078.6
8,1078.6
6,1079.2
3,1080.4
26,1080.7
17,1081.4
28,1081.8
22,1084.5
14,1084.8
10,1085.0
29,1085.4
24,1086.2
17,1087.2
31,1087.3
26,1087.9
8,1088.3
3,1088.7
6,1088.9
22,1090.7
14,1092.6
24,1092.7
19,1092.9
29,1093.0
23,1093.1
17,1093.4
30,1094.1
10,1094.9
3,1095.6
8,1096.3
22,1096.8
7,1097.7
13,1097.9
12,1098.3
26,1098.8
6,1098.9
24,1098.9
0,1099.6
29,1099.7
14,1099.9
23,1100.1
17,1101.5
30,1101.6
3,1102.4
22,1102.6
10,1103.1
24,1105.0
7,1105.2
13,1105.4
6,1105.6
29,1105.9
23,1106.2
14,1106.6
8,1106.8
26,1107.3
30,1107.9
0,1108.8
24,1111.2
29,1111.8
13,1112.0
7,1112.1
3,1112.1
23,1112.7
14,1112.8
10,1113.4
30,1113.9
26,1114.0
8,1114.6
12,1114.6
29,1117.7
7,1118.8
24,1119.0
14,1119.3
23,1119.3
3,1119.8
13,1119.9
26,1120.2
30,1120.6
8,1121.9
31,1122.8
29,1123.1
7,1125.0
12,1125.1
23,1125.6
14,1125.8
26,1126.6
13,1127.7
29,1128.5
3,1129.3
0,1129.6
8,1129.8
7,1131.1
17,1131.5
30,1132.2
23,1132.6
28,1132.7
14,1133.2
29,1134.1
13,1134.5
26,1135.3
8,1136.8
7,1137.8
28,1137.9
17,1139.5
29,1140.3
11,1140.4
13,1141.8
22,1142.3
8,1143.1
28,1144.0
24,1145.7
3,1145.9
11,1145.9
23,1146.4
29,1146.6
12,1147.1
22,1147.8
26,1148.0
13,1149.0
8,1149.0
17,1150.4
28,1150.4
7,1151.1
11,1151.9
24,1152.9
3,1152.9
29,1153.0
30,1153.8
22,1154.1
26,1155.2
12,1156.8
11,1157.8
28,1157.8
21,1158.3
10,1158.5
0,1158.8
3,1158.9
13,1159.5
29,1159.7
24,1159.9
30,1160.6
26,1161.4
19,1161.6
23,1161.8
7,1162.6
11,1163.7
12,1164.0
22,1164.1
28,1164.4
3,1164.8
8,1164.9
29,1165.9
21,1166.0
30,1166.5
10,1166.8
26,1167.2
0,1167.3
8,1170.4
28,1170.5
24,1170.6
3,1170.7
16,1171.6
12,1171.6
7,1171.9
23,1171.9
26,1172.7
21,1174.0
10,1174.9
19,1174.9
0,1175.5
28,1176.3
8,1176.7
3,1177.2
24,1178.1
26,1178.3
23,1179.0
12,1179.1
22,1179.4
16,1181.7
28,1182.0
0,1182.5
21,1182.9
7,1183.0
3,1183.7
24,1184.5
12,1185.5
23,1185.6
10,1186.2
28,1187.7
8,1187.8
22,1189.2
0,1189.8
3,1190.6
24,1191.2
12,1191.6
23,1193.4
28,1193.5
3,1197.3
12,1197.7
31,1198.4
10,1198.7
22,1198.8
14,1198.8
28,1199.5
6,1199.6
0,1200.8
24,1201.7
13,1202.0
7,1203.6
12,1204.1
3,1204.6
6,1205.1
22,1205.8
28,1205.9
14,1206.4
31,1206.9
10,1208.4
13,1209.5
8,1209.8
23,1210.3
22,1212.0
28,1212.1
7,1212.2
12,1213.1
14,1213.1
11,1213.2
9,1213.9
13,1216.1
8,1217.5
24,1217.8
22,1218.0
28,1218.1
0,1218.3
23,1218.4
11,1218.7
9,1219.3
14,1219.5
7,1221.1
13,1222.4
28,1223.9
22,1224.3
8,1224.5
24,1225.0
11,1225.2
31,1225.8
14,1226.4
26,1226.7
0,1227.6
16,1227.6
13,1229.2
23,1229.3
28,1229.6
10,1229.9
9,1229.9
24,1231.0
22,1231.7
26,1232.0
8,1233.1
9,1235.3
28,1235.6
24,1236.8
11,1236.9
26,1237.3
16,1237.5
14,1238.5
6,1239.4
8,1240.6
9,1241.1
10,1241.5
24,1242.7
26,1242.9
28,1243.1
13,1243.1
6,1244.7
11,1245.9
9,1246.8
29,1247.7
8,1248.0
26,1249.2
24,1249.4
10,1249.4
3,1250.0
19,1250.6
6,1250.8
9,1252.6
11,1253.0
29,1253.1
23,1254.1
22,1254.6
7,1255.8
28,1256.7
6,1257.2
13,1257.4
31,1257.9
29,1258.5
14,1258.9
3,1259.0
9,1259.3
11,1259.5
26,1260.1
10,1260.7
12,1261.0
8,1261.0
23,1261.1
22,1261.4
24,1262.4
6,1263.4
19,1264.1
7,1264.6
13,1264.7
3,1266.0
11,1266.0
14,1266.4
31,1266.7
23,1267.2
22,1267.3
26,1267.9
28,1268.6
6,1269.4
13,1271.0
12,1271.2
11,1272.3
3,1272.5
22,1273.1
14,1273.2
23,1274.1
20,1274.2
26,1275.8
6,1275.8
19,1276.2
13,1277.3
11,1278.3
7,1278.5
22,1278.8
3,1278.9
20,1280.1
23,1280.9
14,1281.2
6,1282.1
24,1283.8
26,1283.8
13,1283.8
16,1284.2
11,1284.4
22,1284.8
7,1285.7
3,1286.2
20,1286.6
23,1286.9
6,1288.0
14,1288.7
13,1289.9
22,1291.1
7,1291.8
11,1291.9
24,1292.1
20,1294.1
16,1294.5
13,1295.8
1,1295.9
7,1297.5
14,1297.6
22,1298.4
3,1299.3
24,1300.3
9,1300.9
20,1301.2
1,1301.4
13,1301.7
19,1303.1
11,1303.5
31,1306.2
3,1306.5
22,1306.7
1,1307.0
30,1307.2
13,1307.4
28,1307.7
14,1308.3
17,1308.4
9,1309.1
24,1309.3
20,1309.4
11,1310.6
3,1312.8
13,1313.6
22,1314.3
31,1315.4
28,1315.6
9,1315.9
20,1315.9
19,1316.5
11,1316.6
14,1318.3
3,1319.5
13,1320.4
17,1320.7
20,1321.6
22,1321.6
11,1322.3
9,1322.4
10,1324.1
24,1324.2
0,1324.2
28,1324.3
31,1325.1
11,1328.2
9,1328.8
13,1329.4
8,1330.1
3,1330.3
22,1331.1
24,1331.3
28,1331.7
1,1332.2
10,1333.2
0,1333.5
11,1333.8
21,1334.5
9,1335.0
26,1335.2
24,1337.5
28,1338.0
8,1338.8
11,1339.5
10,1339.9
0,1340.7
9,1341.1
29,1341.2
21,1342.2
26,1342.4
24,1343.8
28,1344.2
11,1345.2
6,1345.5
10,1346.1
29,1347.0
9,1347.4
0,1348.8
26,1349.0
28,1350.5
13,1350.7
11,1350.9
24,1351.0
6,1351.1
8,1352.0
21,1352.2
10,1352.4
9,1354.0
29,1354.3
26,1357.0
6,1357.1
7,1357.9
1,1357.9
28,1358.3
12,1359.0
13,1360.4
9,1361.4
11,1361.6
10,1361.8
29,1362.5
24,1362.7
6,1363.0
1,1363.7
16,1364.8
14,1364.9
22,1365.4
26,1366.4
11,1366.9
13,1367.4
12,1367.8
6,1368.8
24,1370.1
1,1370.6
29,1371.2
11,1372.6
14,1373.4
13,1373.5
22,1374.2
16,1375.1
3,1376.2
17,1376.4
19,1376.8
1,1377.2
24,1378.0
11,1378.6
26,1378.7
29,1378.8
13,1379.4
22,1381.3
14,1383.5
1,1383.7
13,1385.1
10,1385.4
3,1385.4
29,1386.9
17,1387.3
8,1387.5
22,1388.0
24,1390.4
13,1390.7
1,1391.7
3,1392.7
14,1393.1
9,1393.7
10,1393.8
31,1393.9
21,1394.0
22,1394.1
26,1394.5
0,1394.7
29,1394.9
17,1395.1
12,1395.1
8,1395.2
23,1396.0
13,1396.3
1,1398.1
3,1398.9
22,1400.2
24,1400.5
10,1400.7
26,1401.4
23,1401.4
28,1401.6
14,1401.8
21,1401.8
29,1402.0
9,1402.3
13,1402.5
31,1402.6
0,1403.4
8,1404.0
1,1404.0
3,1404.8
17,1405.2
12,1405.5
22,1406.5
26,1407.2
19,1407.5
7,1407.6
23,1407.8
10,1408.0
29,1408.5
13,1409.0
9,1409.3
1,1409.8
28,1410.7
21,1411.0
24,1411.3
17,1412.5
0,1412.6
12,1412.7
7,1413.0
14,1414.4
22,1414.6
29,1415.0
13,1415.2
10,1415.3
1,1415.7
9,1416.0
30,1417.4
7,1418.9
19,1419.8
17,1420.1
21,1420.2
12,1420.3
29,1421.5
1,1421.5
22,1421.6
0,1421.9
13,1421.9
14,1422.1
24,1422.9
30,1423.0
25,1424.1
9,1424.4
10,1425.2
7,1425.3
1,1427.8
22,1428.0
29,1428.1
14,1428.7
13,1428.8
30,1429.5
0,1429.6
25,1429.8
3,1430.8
24,1431.0
8,1432.0
17,1432.7
9,1433.6
7,1433.6
22,1433.9
28,1434.7
29,1434.8
14,1434.9
25,1435.9
30,1436.0
1,1436.6
3,1436.7
13,1437.9
23,1438.0
24,1438.1
0,1438.4
8,1439.0
22,1439.6
17,1440.5
9,1440.6
29,1441.1
14,1441.2
19,1441.7
28,1441.8
25,1441.9
30,1442.4
3,1442.7
24,1444.7
8,1445.2
23,1446.4
13,1446.7
9,1446.7
17,1446.9
29,1447.4
14,1447.5
28,1447.9
3,1448.3
30,1448.6
1,1450.0
24,1451.2
8,1452.0
9,1452.3
17,1452.9
3,1453.4
14,1453.9
29,1454.0
28,1454.0
30,1454.7
23,1455.2
19,1455.2
13,1456.1
9,1457.6
25,1457.7
24,1458.0
17,1458.8
28,1460.5
14,1460.6
30,1461.2
1,1462.1
29,1462.4
23,1462.5
9,1463.0
25,1463.3
3,1463.9
8,1464.3
17,1465.1
26,1465.7
13,1466.9
24,1467.3
28,1467.8
9,1468.7
14,1468.8
25,1469.4
30,1470.0
29,1471.4
23,1471.7
28,1474.4
3,1474.5
9,1474.7
17,1475.4
25,1475.7
14,1476.3
30,1476.8
24,1478.2
29,1478.4
16,1479.2
3,1479.7
28,1480.6
9,1480.9
23,1481.6
25,1481.7
30,1482.7
7,1483.7
10,1483.9
29,1485.4
3,1485.4
14,1485.5
31,1485.6
24,1485.7
26,1486.0
28,1487.0
1,1487.3
9,1487.7
8,1487.7
30,1488.2
23,1488.4
16,1489.3
7,1490.9
26,1491.2
3,1491.9
29,1492.4
14,1492.7
24,1493.0
10,1493.3
30,1493.8
28,1494.1
23,1494.7
31,1494.8
1,1495.2
26,1496.6
8,1496.6
21,1496.7
0,1497.2
7,1497.2
9,1498.4
14,1499.4
30,1499.4
3,1499.5
29,1499.6
28,1500.6
10,1500.7
23,1501.1
1,1501.7
13,1502.1
24,1502.2
25,1502.4
7,1503.3
21,1504.4
17,1504.8
30,1505.3
0,1505.5
9,1505.6
28,1506.5
14,1506.8
29,1507.2
23,1507.4
25,1507.9
1,1507.9
10,1508.5
7,1509.1
12,1510.5
30,1511.3
9,1511.9
13,1512.1
28,1512.5
17,1512.9
21,1513.4
23,1513.6
3,1513.7
25,1514.0
8,1514.7
1,1514.9
7,1515.1
24,1515.7
14,1515.8
30,1517.5
0,1517.6
9,1517.7
29,1517.9
10,1518.8
28,1519.4
12,1519.6
17,1520.2
23,1521.0
3,1521.2
1,1521.4
25,1521.7
7,1521.9
24,1525.2
30,1526.0
26,1526.5
17,1526.8
1,1527.4
10,1527.5
25,1528.6
3,1528.9
7,1529.0
26,1532.1
1,1533.1
17,1533.4
24,1534.1
14,1535.3
25,1535.4
21,1535.5
7,1535.9
0,1535.9
13,1536.1
10,1536.2
3,1537.9
26,1538.1
23,1539.7
29,1540.0
12,1540.4
30,1540.9
7,1542.5
17,1542.7
21,1543.2
14,1543.5
10,1543.8
26,1544.0
13,1544.2
0,1544.3
25,1545.5
31,1546.9
9,1547.5
30,1548.6
7,1548.8
26,1549.8
14,1550.4
23,1551.2
8,1551.6
12,1552.3
29,1552.3
21,1552.7
9,1553.3
3,1553.6
10,1554.2
13,1554.3
7,1554.9
30,1555.2
26,1555.6
31,1555.8
0,1557.1
14,1557.5
23,1558.3
29,1559.4
12,1559.6
28,1559.7
8,1560.2
7,1560.6
9,1560.7
30,1561.5
3,1561.6
25,1561.7
24,1562.0
19,1562.6
14,1564.4
23,1565.4
29,1565.4
12,1566.9
28,1567.1
8,1567.4
9,1567.6
3,1568.5
30,1569.0
25,1569.5
24,1570.2
7,1571.1
29,1571.1
14,1571.9
23,1572.4
9,1573.9
28,1574.5
8,1575.9
3,1576.2
29,1576.4
7,1576.5
13,1578.0
25,1578.5
14,1578.7
12,1579.0
9,1580.3
31,1580.6
21,1580.9
23,1581.1
10,1581.2
0,1581.5
24,1581.6
29,1581.8
7,1581.9
28,1582.1
3,1583.8
14,1585.2
13,1586.3
9,1586.8
29,1587.5
7,1587.6
21,1588.7
10,1589.5
0,1590.2
25,1591.2
3,1591.3
24,1591.9
14,1592.3
9,1593.1
28,1593.5
7,1593.9
29,1594.0
23,1595.3
13,1595.6
10,1596.5
21,1598.4
25,1599.2
3,1599.5
7,1600.0
9,1600.0
12,1602.2
23,1602.3
14,1602.4
31,1602.7
10,1603.5
13,1603.8
28,1604.0
30,1604.3
24,1604.8
29,1604.8
25,1605.6
7,1605.7
3,1606.7
23,1608.6
18,1609.7
12,1610.8
28,1610.9
7,1611.3
26,1611.4
25,1611.4
30,1611.8
14,1611.9
31,1611.9
9,1612.3
29,1612.9
11,1613.1
8,1613.6
10,1613.6
17,1613.8
18,1615.4
3,1615.8
23,1616.0
13,1616.7
0,1616.9
26,1617.2
7,1617.4
28,1617.4
24,1617.8
11,1618.7
30,1620.0
8,1621.2
17,1622.0
18,1622.3
23,1622.7
29,1623.4
7,1623.5
26,1624.6
13,1624.8
11,1625.4
28,1625.4
22,1626.1
0,1626.2
24,1626.5
8,1627.9
9,1627.9
21,1629.3
18,1629.5
23,1629.6
7,1629.8
10,1630.1
28,1631.7
26,1631.8
22,1631.8
11,1632.3
30,1632.8
0,1633.6
24,1633.7
17,1634.0
8,1634.6
29,1635.2
12,1635.6
13,1636.9
21,1637.1
28,1637.6
9,1637.9
7,1637.9
18,1637.9
10,1638.6
26,1638.8
22,1639.0
11,1639.6
23,1639.7
0,1641.5
24,1642.3
30,1642.8
8,1643.4
12,1644.6
29,1644.8
18,1646.2
11,1646.5
9,1647.2
21,1647.7
26,1648.8
30,1649.6
7,1650.6
29,1652.6
23,1652.8
18,1653.3
11,1653.5
13,1653.6
9,1654.3
24,1655.1
10,1655.4
30,1655.7
8,1655.7
0,1655.9
21,1656.6
17,1656.9
26,1657.0
7,1657.6
29,1659.5
22,1659.7
11,1659.8
18,1659.9
14,1660.2
23,1660.7
9,1661.1
13,1661.5
30,1661.8
10,1662.4
26,1663.5
7,1663.6
21,1663.9
24,1664.0
0,1664.0
11,1665.8
29,1666.2
12,1666.9
8,1667.0
18,1667.2
23,1667.6
9,1668.0
22,1668.2
13,1668.2
30,1668.2
10,1668.6
17,1668.7
26,1669.4
7,1669.4
14,1669.6
31,1670.8
21,1671.1
11,1671.4
0,1672.1
29,1672.8
22,1674.8
9,1674.9
23,1674.9
10,1674.9
7,1675.2
13,1675.2
26,1675.2
12,1675.5
14,1677.0
11,1677.2
30,1678.4
21,1679.2
31,1679.2
22,1680.9
26,1680.9
29,1681.1
0,1681.6
7,1681.6
10,1681.7
9,1682.0
24,1682.8
11,1683.3
13,1683.6
14,1685.6
18,1686.0
17,1686.6
26,1686.9
23,1687.2
12,1687.2
22,1687.5
7,1688.0
11,1689.5
13,1690.4
9,1692.4
31,1692.5
7,1694.5
10,1694.7
3,1695.2
23,1695.4
26,1695.8
11,1696.1
17,1697.2
13,1697.3
24,1697.9
22,1697.9
28,1699.7
23,1702.0
30,1702.5
7,1702.5
11,1702.9
18,1703.4
3,1704.6
9,1705.1
28,1705.2
21,1705.4
0,1705.9
22,1706.2
10,1707.2
26,1707.4
24,1707.8
13,1708.6
23,1708.7
11,1709.2
30,1710.4
28,1711.0
9,1712.1
18,1712.3
17,1712.6
21,1713.1
0,1714.4
7,1714.5
22,1715.1
31,1715.1
23,1715.1
11,1715.2
14,1715.4
3,1715.5
26,1715.6
8,1715.9
10,1716.4
13,1716.8
16,1716.8
28,1716.9
30,1717.1
24,1717.1
9,1718.1
18,1718.8
17,1719.8
21,1720.4
23,1721.2
7,1721.8
0,1721.9
26,1722.3
22,1722.6
28,1723.0
30,1723.7
9,1723.8
13,1724.0
31,1724.3
10,1724.5
24,1724.5
8,1724.6
18,1724.7
3,1724.8
14,1726.2
17,1726.5
23,1727.0
16,1727.0
21,1728.4
26,1728.5
0,1728.5
7,1728.6
28,1729.2
9,1729.3
22,1729.5
30,1730.0
18,1730.6
29,1730.7
24,1730.9
13,1731.8
10,1732.0
31,1732.6
23,1732.7
9,1734.7
0,1734.8
17,1735.0
28,1735.1
26,1735.2
30,1736.2
12,1736.5
22,1736.7
18,1736.7
21,1736.7
7,1737.0
24,1737.2
8,1737.3
14,1737.8
23,1738.5
13,1739.2
29,1739.4
16,1740.0
31,1740.1
9,1740.3
0,1741.3
30,1742.4
10,1743.3
24,1743.4
22,1743.9
18,1744.3
2,1744.3
23,1744.5
26,1745.2
9,1745.9
7,1746.5
13,1747.9
14,1748.3
24,1749.5
30,1749.6
11,1750.0
2,1750.0
22,1750.2
16,1750.4
31,1750.6
23,1751.3
29,1751.4
9,1751.7
0,1751.9
26,1753.1
13,1755.1
14,1755.2
11,1755.5
24,1755.7
22,1756.1
2,1756.7
9,1757.5
17,1757.7
23,1757.8
0,1759.5
29,1761.1
26,1761.1
14,1761.5
13,1761.8
11,1761.8
24,1762.0
9,1763.3
2,1763.6
23,1764.6
17,1766.2
3,1767.4
14,1768.1
24,1768.3
0,1768.6
18,1769.1
8,1769.2
13,1769.7
2,1770.6
30,1771.9
29,1773.8
11,1775.1
24,1775.4
23,1775.5
3,1776.4
8,1778.1
13,1778.3
14,1778.5
18,1778.8
9,1778.8
17,1779.0
30,1779.4
7,1780.3
2,1780.6
22,1780.8
24,1782.2
0,1782.3
29,1782.9
23,1783.1
9,1784.4
13,1785.1
22,1786.1
3,1787.5
30,1787.6
7,1788.4
24,1789.1
23,1790.3
9,1791.0
13,1791.3
2,1791.6
0,1791.8
22,1792.1
8,1792.9
18,1793.0
7,1795.3
24,1795.5
23,1797.2
13,1797.3
9,1797.5
22,1800.2
2,1800.7
24,1801.9
7,1802.0
18,1802.6
8,1802.8
13,1804.0
23,1804.0
9,1804.0
17,1804.3
14,1804.8
22,1807.9
24,1809.5
7,1810.4
2,1810.4
13,1810.5
9,1810.5
17,1811.6
11,1811.7
23,1813.1
14,1813.4
22,1814.3
26,1814.6
29,1814.8
16,1815.1
24,1816.4
13,1816.6
9,1816.6
17,1818.3
7,1818.5
22,1820.3
14,1820.3
23,1820.3
3,1821.6
11,1822.2
28,1822.2
24,1822.6
9,1822.7
13,1822.8
26,1823.5
12,1824.8
29,1825.1
16,1825.6
7,1826.2
14,1826.4
23,1826.7
17,1827.6
28,1827.8
18,1828.8
13,1828.9
24,1828.9
2,1829.0
9,1829.3
30,1829.4
3,1830.1
26,1831.4
14,1832.7
23,1833.0
7,1833.3
12,1833.7
13,1834.5
28,1834.8
24,1835.5
18,1836.6
2,1836.7
30,1838.6
16,1838.7
23,1839.8
13,1840.2
14,1840.5
26,1840.7
3,1840.8
9,1841.0
22,1841.1
8,1841.2
7,1841.6
24,1841.9
21,1842.4
17,1842.4
11,1842.5
10,1842.6
31,1842.6
28,1842.8
0,1842.9
2,1843.5
13,1846.5
18,1846.8
14,1847.9
26,1847.9
24,1848.2
16,1848.6
8,1848.7
23,1849.4
2,1850.1
21,1850.1
12,1850.2
28,1850.4
7,1850.5
17,1850.6
11,1851.0
10,1851.2
0,1851.4
31,1851.7
26,1855.9
24,1856.1
23,1857.0
8,1857.3
2,1857.5
13,1857.5
28,1857.8
14,1858.2
7,1858.5
12,1858.6
21,1860.4
22,1861.9
17,1862.1
23,1863.5
0,1864.1
28,1864.6
7,1865.3
13,1865.6
24,1866.7
22,1867.6
3,1869.3
23,1869.7
18,1872.0
7,1872.2
0,1872.2
28,1872.3
22,1874.3
24,1874.5
13,1875.5
23,1876.4
9,1877.4
10,1877.7
11,1877.8
3,1877.9
26,1877.9
21,1877.9
0,1879.1
7,1879.1
24,1882.0
0,1885.9
21,1885.9
26,1886.1
7,1886.1
10,1886.2
9,1886.2
11,1886.6
23,1888.2
3,1888.9
17,1892.3
9,1893.3
24,1894.1
22,1894.4
0,1894.7
31,1894.7
2,1894.8
14,1895.0
30,1895.2
10,1895.2
28,1895.3
29,1896.0
7,1897.0
21,1897.9
26,1898.7
9,1899.8
18,1899.9
11,1900.5
17,1900.9
30,1902.1
2,1902.1
16,1902.6
10,1902.7
22,1902.7
19,1902.9
28,1903.1
29,1903.3
3,1903.5
24,1903.7
31,1904.0
13,1904.3
23,1904.9
7,1905.8
9,1906.0
18,1906.7
14,1907.0
11,1907.5
30,1908.0
2,1908.3
26,1908.7
28,1909.6
29,1910.0
3,1910.6
24,1911.0
23,1912.2
10,1912.3
9,1912.5
22,1912.7
16,1912.9
11,1913.5
13,1914.1
7,1914.9
0,1915.0
21,1915.1
17,1915.7
28,1915.9
26,1916.0
14,1917.4
3,1917.4
24,1918.3
29,1918.6
23,1918.7
9,1918.8
11,1919.4
10,1919.6
22,1919.9
13,1921.0
28,1922.1
0,1922.1
7,1922.5
26,1922.8
21,1923.1
17,1923.7
3,1924.5
23,1924.8
14,1924.8
9,1924.8
24,1924.9
11,1925.1
22,1926.3
13,1927.0
8,1927.0
10,1927.8
0,1928.6
7,1928.8
28,1929.0
17,1930.8
11,1930.8
26,1930.9
9,1931.4
21,1931.7
24,1931.7
18,1932.2
30,1933.2
22,1933.3
14,1933.5
10,1934.5
7,1934.5
8,1934.6
0,1935.0
3,1935.5
11,1936.8
18,1937.5
17,1937.6
9,1937.8
30,1938.7
24,1938.8
26,1939.6
28,1939.7
7,1939.9
29,1940.0
10,1940.8
21,1941.4
0,1942.0
18,1943.4
11,1943.5
8,1943.5
22,1944.0
9,1944.1
3,1944.3
30,1944.4
7,1945.3
12,1945.5
19,1946.0
24,1946.2
17,1946.4
29,1947.3
10,1947.4
28,1947.4
18,1949.7
11,1949.9
30,1950.1
7,1950.9
23,1951.0
3,1951.2
9,1951.4
0,1952.2
13,1952.4
24,1953.2
29,1953.9
12,1954.1
26,1956.1
14,1956.1
30,1956.1
18,1956.6
11,1956.6
23,1956.9
7,1957.2
22,1957.2
28,1957.3
3,1957.9
13,1958.3
10,1958.5
19,1958.8
29,1960.2
24,1960.4
0,1960.8
9,1963.0
12,1964.1
30,1964.3
26,1964.6
23,1965.2
14,1965.3
22,1965.9
28,1965.9
11,1966.3
29,1966.7
13,1968.3
24,1968.6
18,1968.7
3,1968.8
16,1968.9
7,1969.6
9,1971.5
26,1973.0
28,1974.2
29,1974.5
22,1974.9
14,1975.7
24,1975.9
8,1976.9
17,1977.1
12,1977.5
13,1977.8
16,1978.9
30,1979.7
9,1980.2
11,1980.6
18,1980.8
1,1982.1
31,1982.2
22,1982.7
28,1984.0
8,1984.6
14,1984.6
24,1985.0
17,1985.2
12,1987.2
13,1987.3
1,1987.6
9,1987.9
30,1988.0
18,1989.8
22,1990.0
7,1990.1
11,1990.1
26,1990.7
21,1991.0
10,1991.2
31,1991.3
0,1991.5
14,1991.7
17,1991.8
28,1992.6
1,1993.4
8,1994.1
13,1994.3
9,1994.6
30,1994.9
18,1996.4
22,1996.9
11,1997.3
26,1997.9
24,1998.5
17,1998.5
21,1998.6
14,1998.7
1,1999.0
7,1999.2
10,1999.6
28,1999.8
0,2000.2
13,2000.5
9,2000.7
30,2001.1
29,2001.3
8,2001.8
18,2002.5
22,2003.7
23,2004.0
1,2004.5
26,2004.5
11,2005.3
14,2006.2
28,2006.3
9,2006.7
7,2006.8
13,2006.9
30,2007.0
24,2007.4
21,2007.9
17,2008.4
18,2008.4
29,2008.6
1,2010.3
22,2010.3
26,2011.2
23,2012.2
8,2012.2
31,2012.4
14,2012.6
28,2012.7
30,2012.9
9,2013.4
7,2014.2
18,2014.8
29,2015.4
13,2016.0
22,2016.3
1,2016.8
26,2018.1
14,2018.8
30,2019.4
28,2019.9
8,2020.2
31,2021.4
18,2021.5
22,2021.9
1,2023.0
29,2024.3
23,2024.8
9,2025.4
14,2025.4
7,2026.3
26,2026.7
30,2027.0
28,2027.5
22,2027.5
18,2027.7
8,2028.3
1,2028.8
22,2033.4
18,2033.6
30,2033.6
28,2033.9
1,2034.6
7,2034.8
17,2035.0
26,2035.7
29,2036.0
14,2036.2
9,2036.7
18,2039.4
30,2039.5
28,2039.6
1,2040.4
22,2040.6
8,2041.0
12,2041.6
17,2042.3
3,2044.1
13,2044.6
24,2045.0
18,2045.2
29,2045.6
30,2045.7
9,2045.8
1,2046.3
7,2047.5
8,2048.0
17,2048.7
28,2050.3
11,2050.5
12,2050.8
18,2051.1
1,2052.0
30,2052.3
3,2053.6
8,2054.3
29,2054.4
23,2054.7
24,2054.9
17,2054.9
13,2055.0
16,2055.5
7,2056.5
1,2057.5
18,2057.7
30,2058.8
11,2060.2
17,2060.9
8,2061.1
24,2062.2
29,2062.3
23,2063.4
7,2063.9
3,2065.0
30,2065.2
13,2065.2
16,2065.7
12,2065.8
21,2066.5
18,2067.1
17,2067.1
8,2067.9
0,2068.4
22,2068.4
11,2068.4
24,2068.8
10,2068.8
7,2070.5
9,2071.4
29,2072.0
30,2072.1
26,2073.2
18,2073.9
17,2074.4
12,2074.5
8,2074.7
24,2075.6
28,2075.7
7,2077.1
0,2078.0
10,2078.4
30,2078.8
11,2079.0
9,2079.9
18,2079.9
29,2080.0
3,2080.4
26,2080.5
8,2081.5
12,2081.7
17,2082.0
24,2083.4
21,2083.7
7,2084.5
19,2084.9
30,2085.0
10,2085.3
0,2085.6
11,2085.9
29,2086.7
26,2086.8
9,2087.1
3,2087.2
8,2088.3
17,2088.6
12,2089.3
22,2089.4
31,2089.8
14,2090.1
30,2091.2
10,2091.3
21,2091.6
24,2092.1
26,2092.6
29,2092.8
0,2092.8
3,2092.9
9,2094.3
17,2094.9
8,2095.3
19,2096.3
22,2097.0
10,2097.3
30,2097.5
7,2097.7
26,2098.2
31,2098.2
29,2098.8
12,2099.8
16,2100.2
24,2100.3
0,2100.4
14,2101.1
17,2101.8
21,2101.9
10,2103.7
26,2104.1
22,2104.5
13,2104.6
9,2104.7
29,2105.1
8,2105.2
30,2105.4
23,2106.9
0,2107.5
24,2107.6
12,2107.9
14,2109.1
31,2109.3
26,2110.2
22,2112.0
30,2112.5
8,2112.8
29,2112.9
3,2113.3
13,2113.3
17,2114.8
7,2115.1
12,2115.7
10,2115.7
14,2116.2
24,2116.8
0,2116.8
26,2116.8
3,2118.6
8,2119.2
22,2119.4
30,2119.6
23,2121.3
14,2123.0
26,2123.1
17,2123.7
13,2123.9
7,2124.0
29,2124.6
3,2124.9
8,2125.0
22,2125.8
30,2126.3
12,2127.1
23,2129.0
26,2129.4
14,2130.0
8,2130.7
7,2131.4
22,2131.7
16,2131.8
24,2131.9
17,2133.3
30,2134.3
29,2135.0
26,2135.6
23,2135.6
8,2136.8
22,2137.6
3,2138.3
7,2138.6
14,2139.6
24,2140.2
16,2141.9
0,2142.2
23,2142.7
9,2142.9
26,2143.2
30,2143.2
22,2144.1
8,2144.7
24,2147.1
28,2147.7
7,2148.1
19,2149.5
17,2149.7
29,2149.9
30,2150.1
3,2150.9
0,2151.1
26,2151.5
9,2152.1
13,2152.7
28,2153.0
24,2153.6
22,2154.4
8,2154.9
23,2156.3
30,2156.3
9,2158.6
28,2158.8
29,2159.2
24,2160.1
17,2160.7
3,2161.1
30,2162.4
26,2162.5
19,2162.9
21,2163.3
13,2163.4
10,2163.5
0,2164.1
9,2164.2
28,2164.7
8,2165.0
24,2167.0
30,2168.6
9,2169.7
26,2169.9
10,2170.5
21,2171.0
28,2171.2
0,2172.5
8,2172.5
17,2172.8
13,2174.3
9,2175.2
22,2176.5
26,2176.5
29,2176.7
30,2176.8
10,2176.8
14,2176.9
24,2178.7
8,2179.2
17,2180.9
21,2181.1
9,2181.2
7,2181.8
26,2183.0
10,2184.2
28,2184.3
22,2184.6
3,2185.2
29,2185.3
0,2185.5
8,2185.8
19,2186.4
14,2186.7
9,2187.6
17,2188.3
24,2189.0
26,2190.1
7,2190.8
8,2192.0
29,2192.7
28,2192.9
23,2193.4
13,2193.7
3,2194.2
9,2194.4
22,2195.0
17,2195.6
24,2196.6
8,2197.7
7,2197.7
0,2198.2
28,2200.1
23,2200.4
29,2201.6
19,2202.1
13,2202.6
3,2202.7
26,2203.2
9,2203.4
22,2203.5
8,2203.6
24,2203.7
7,2205.1
17,2205.5
23,2206.5
28,2208.3
0,2208.8
8,2210.2
13,2211.1
9,2212.0
24,2212.3
29,2212.4
17,2212.8
23,2213.2
22,2214.0
31,2214.1
7,2214.2
14,2214.5
3,2214.7
28,2215.2
12,2215.6
8,2216.7
30,2216.7
26,2216.9
13,2217.5
29,2219.2
17,2219.2
23,2219.6
9,2220.1
22,2220.9
7,2221.2
28,2222.0
14,2222.0
8,2222.7
3,2222.8
13,2223.4
31,2223.4
12,2225.0
17,2225.3
29,2225.3
23,2225.5
0,2225.7
26,2226.1
24,2226.7
22,2226.9
7,2227.9
8,2228.3
14,2228.5
13,2229.2
30,2229.3
23,2231.2
29,2231.2
17,2231.6
28,2231.9
9,2232.6
22,2232.8
26,2233.4
8,2233.7
0,2234.3
7,2234.3
13,2234.4
3,2234.4
14,2234.7
24,2236.5
23,2236.8
29,2237.0
30,2237.2
22,2238.5
8,2239.1
13,2239.7
26,2239.8
17,2240.3
7,2240.4
14,2240.9
3,2242.0
23,2242.2
9,2242.4
29,2242.5
28,2242.8
24,2243.4
22,2243.9
30,2244.7
8,2244.8
13,2245.5
12,2245.5
26,2245.9
0,2246.5
7,2246.6
31,2247.2
14,2247.4
23,2247.6
29,2248.1
3,2248.7
24,2249.4
28,2249.6
8,2250.4
30,2251.0
9,2252.0
7,2252.6
26,2252.7
13,2253.1
12,2253.6
19,2253.8
14,2254.3
24,2255.0
3,2255.1
0,2255.5
28,2255.5
31,2256.0
8,2256.1
30,2256.8
17,2257.2
7,2258.3
9,2259.3
24,2260.5
3,2260.9
28,2261.0
8,2261.6
30,2262.3
7,2264.0
14,2264.3
19,2264.5
26,2264.7
12,2264.8
17,2265.4
24,2266.0
9,2266.3
3,2266.7
8,2267.1
31,2267.8
0,2268.9
22,2269.2
10,2271.0
24,2271.6
3,2272.2
8,2273.0
9,2273.8
26,2274.0
22,2274.6
17,2276.7
24,2277.7
3,2277.8
10,2280.0
8,2280.3
22,2280.4
9,2280.9
3,2284.1
24,2284.2
0,2284.8
16,2287.1
23,2287.3
26,2287.4
22,2287.7
13,2287.8
9,2287.9
10,2288.4
11,2289.9
24,2290.4
17,2292.8
8,2292.9
23,2293.2
3,2294.9
0,2295.0
9,2295.4
11,2295.4
24,2296.0
16,2297.3
10,2297.4
13,2297.7
7,2298.3
8,2299.8
19,2300.1
17,2300.9
11,2301.3
30,2302.2
23,2302.5
9,2302.7
3,2303.2
7,2303.9
8,2305.7
1,2306.4
11,2307.1
12,2308.1
30,2308.2
13,2308.4
7,2309.7
9,2310.3
21,2310.7
23,2310.7
26,2311.0
10,2311.4
8,2311.4
0,2311.5
17,2311.6
3,2312.8
11,2312.8
19,2313.1
30,2314.9
7,2315.8
12,2317.0
23,2317.7
9,2318.1
21,2318.6
26,2319.0
10,2319.8
0,2320.2
7,2321.6
30,2321.8
11,2323.5
14,2323.8
23,2324.1
22,2324.2
13,2324.3
28,2324.7
17,2326.2
8,2326.9
7,2327.3
10,2329.2
9,2329.6
21,2329.8
26,2329.8
28,2330.2
29,2330.5
24,2330.5
23,2331.0
13,2331.4
14,2331.5
30,2331.6
8,2332.2
22,2332.3
0,2333.0
7,2333.3
17,2335.0
29,2336.0
24,2336.0
28,2336.9
9,2337.1
10,2337.4
13,2337.5
8,2338.3
7,2340.3
14,2341.3
24,2341.9
29,2342.4
17,2343.2
28,2343.4
9,2343.5
22,2343.5
13,2343.7
8,2344.5
23,2344.7
24,2347.7
9,2349.3
28,2349.7
13,2350.2
17,2350.5
22,2351.0
8,2351.6
26,2351.6
23,2351.7
29,2351.8
7,2352.3
24,2353.6
14,2353.7
11,2353.9
3,2354.4
12,2354.9
9,2355.2
13,2356.3
28,2356.8
22,2357.5
17,2357.5
23,2357.8
29,2358.6
26,2358.6
7,2359.4
21,2359.8
10,2360.0
0,2360.5
9,2360.7
24,2360.8
13,2362.3
3,2362.8
22,2363.7
16,2363.9
26,2364.4
14,2364.6
29,2364.7
28,2365.2
12,2365.2
8,2365.3
7,2365.9
9,2366.1
17,2366.7
24,2367.2
21,2367.6
10,2367.9
18,2368.0
13,2368.1
0,2369.3
22,2369.8
26,2370.1
3,2370.3
29,2371.3
9,2372.0
28,2372.7
24,2373.1
7,2373.2
16,2373.4
18,2373.8
13,2374.6
26,2375.7
22,2375.8
3,2377.2
21,2377.7
29,2378.0
14,2378.3
10,2379.0
24,2379.1
9,2379.4
11,2379.5
28,2379.7
30,2381.1
26,2381.4
7,2381.7
18,2381.7
22,2381.8
0,2382.4
29,2384.4
11,2384.7
24,2386.1
3,2386.3
26,2387.1
28,2387.2
13,2387.4
22,2387.6
14,2387.7
7,2390.2
29,2390.5
11,2390.6
30,2391.8
26,2392.9
22,2393.5
21,2395.1
17,2395.2
10,2395.5
28,2395.6
0,2396.4
11,2396.5
29,2396.9
7,2397.4
12,2398.3
26,2398.9
22,2399.8
9,2400.7
16,2401.6
17,2402.4
21,2402.9
10,2404.0
7,2404.4
29,2404.7
28,2404.8
26,2405.0
30,2405.0
0,2405.5
9,2408.8
17,2408.9
22,2410.8
10,2410.8
7,2411.4
26,2411.8
29,2412.0
28,2412.1
30,2412.5
21,2413.4
8,2413.5
17,2415.2
13,2415.8
11,2417.3
7,2417.9
10,2418.0
29,2418.9
30,2419.3
28,2419.9
9,2420.0
8,2421.1
17,2421.3
31,2422.9
11,2423.0
14,2423.1
13,2423.5
7,2423.7
22,2423.8
3,2424.6
26,2424.7
29,2424.9
18,2425.7
12,2425.7
19,2425.8
17,2427.2
9,2427.6
28,2427.7
24,2427.9
30,2428.1
16,2428.2
7,2429.6
8,2429.9
29,2430.9
13,2431.4
3,2431.7
31,2432.2
22,2432.3
26,2432.8
17,2433.4
18,2434.2
14,2434.6
9,2434.8
7,2435.6
30,2435.7
12,2435.8
24,2436.4
28,2437.2
16,2438.1
3,2438.2
17,2440.3
13,2440.9
18,2441.3
7,2441.6
29,2441.7
9,2441.8
30,2443.0
8,2443.3
26,2443.5
24,2443.9
22,2444.7
16,2446.3
29,2446.9
17,2447.4
3,2447.7
7,2447.9
23,2447.9
18,2449.0
28,2449.3
9,2449.6
0,2450.7
24,2451.2
29,2452.6
30,2453.4
23,2454.2
13,2454.3
8,2454.6
7,2455.5
17,2455.8
24,2458.7
29,2458.9
16,2459.5
0,2459.9
8,2462.8
18,2463.2
9,2464.4
17,2464.5
28,2464.8
24,2465.4
13,2466.9
8,2469.3
16,2469.9
18,2470.4
29,2470.9
24,2471.5
17,2471.7
9,2473.2
28,2473.3
8,2474.9
13,2476.9
24,2477.2
14,2477.2
18,2477.7
21,2477.7
22,2477.8
10,2478.0
0,2478.1
26,2478.1
17,2478.9
8,2480.3
9,2480.3
16,2481.1
28,2481.5
29,2481.7
3,2482.2
12,2482.5
24,2482.9
14,2484.3
22,2484.8
13,2484.9
26,2484.9
10,2485.1
21,2485.5
17,2485.8
8,2486.0
0,2486.4
9,2487.2
29,2488.8
24,2489.2
14,2490.8
3,2491.1
18,2491.1
22,2491.2
10,2491.5
8,2492.2
12,2492.6
17,2493.6
13,2493.7
29,2495.5
9,2495.7
21,2496.0
28,2496.2
30,2496.2
14,2498.4
22,2498.6
0,2498.8
24,2499.9
10,2500.3
26,2500.9
29,2502.1
3,2502.2
8,2503.6
28,2503.9
30,2503.9
26,2506.3
10,2508.1
29,2509.2
3,2509.8
24,2510.6
28,2510.8
12,2511.3
26,2512.0
22,2513.0
31,2513.1
30,2513.2
14,2513.8
29,2515.5
7,2516.2
10,2516.3
1,2516.3
3,2516.4
28,2517.1
22,2520.0
14,2521.2
12,2521.3
29,2521.3
1,2522.2
31,2522.2
18,2522.6
3,2522.9
28,2523.0
9,2523.2
23,2523.4
7,2523.5
24,2523.7
16,2523.8
30,2524.0
19,2525.1
17,2525.3
22,2526.0
14,2528.0
1,2528.5
28,2528.6
3,2529.2
18,2529.4
7,2530.0
31,2530.9
30,2531.0
23,2531.5
22,2531.8
24,2531.8
9,2532.4
16,2533.6
28,2534.3
1,2535.1
3,2535.2
19,2535.4
14,2536.0
17,2536.2
10,2536.4
7,2536.7
30,2537.4
22,2537.5
12,2537.6
31,2538.1
9,2539.4
28,2540.5
1,2541.4
0,2541.4
3,2541.7
23,2541.9
24,2542.6
22,2543.1
30,2544.4
10,2544.9
7,2544.9
12,2545.4
9,2546.6
31,2547.1
1,2547.2
14,2547.5
16,2548.4
22,2548.8
24,2549.5
28,2549.7
0,2549.8
3,2551.3
23,2551.5
10,2552.6
1,2553.1
7,2553.6
12,2554.6
22,2554.8
24,2555.6
18,2555.6
14,2555.7
30,2556.3
9,2556.8
8,2558.3
16,2558.6
1,2558.9
13,2559.0
17,2559.2
0,2559.4
28,2559.6
23,2559.8
10,2560.1
7,2560.3
22,2560.7
18,2561.1
24,2561.8
1,2564.6
14,2565.5
7,2566.4
18,2566.5
8,2566.9
22,2567.0
29,2567.3
0,2567.4
23,2567.5
24,2568.1
12,2568.2
3,2568.5
19,2568.7
13,2569.2
1,2570.1
28,2570.7
26,2571.7
10,2572.0
7,2572.7
24,2574.8
0,2575.7
1,2575.8
22,2576.4
12,2576.9
26,2577.2
3,2577.4
29,2578.0
23,2579.0
9,2580.9
17,2581.0
7,2581.1
19,2581.4
1,2582.0
18,2582.3
29,2583.1
26,2583.5
24,2584.7
3,2585.2
21,2586.7
10,2587.7
0,2587.8
1,2588.3
13,2588.3
29,2588.6
9,2589.2
12,2589.4
17,2589.6
26,2590.1
3,2592.1
18,2592.8
29,2594.2
23,2594.3
1,2594.4
7,2594.4
24,2594.4
21,2594.5
0,2596.3
10,2596.4
26,2596.8
3,2598.3
18,2598.4
13,2599.9
29,2600.4
1,2600.7
9,2600.7
7,2601.6
23,2601.7
21,2601.9
30,2602.3
26,2603.4
0,2603.6
10,2603.7
18,2604.6
3,2604.7
14,2604.7
24,2605.0
22,2605.2
13,2607.0
29,2607.2
1,2607.3
7,2607.8
23,2609.0
26,2610.7
21,2611.3
9,2611.4
0,2612.3
13,2613.2
1,2613.4
10,2613.6
14,2613.6
3,2613.7
7,2614.0
22,2614.4
18,2617.0
23,2617.4
29,2617.7
12,2618.5
28,2618.8
1,2619.2
13,2619.6
7,2619.9
9,2620.8
30,2622.0
14,2623.8
23,2624.1
26,2624.2
1,2624.8
3,2625.0
22,2625.2
29,2625.2
13,2625.7
12,2625.7
17,2625.8
7,2625.8
28,2628.0
1,2630.4
23,2630.4
13,2631.4
10,2632.2
29,2632.4
12,2632.4
26,2632.6
17,2633.6
14,2633.6
3,2634.1
9,2634.5
8,2635.1
28,2635.6
22,2635.7
1,2635.9
31,2636.0
23,2636.4
13,2636.9
24,2637.3
16,2637.6
29,2640.0
17,2640.1
30,2640.6
1,2641.1
12,2641.2
14,2641.5
10,2641.7
13,2642.5
9,2642.9
8,2642.9
22,2643.3
18,2644.4
31,2644.7
26,2644.8
28,2645.4
24,2645.5
17,2646.1
16,2647.0
30,2648.2
13,2648.3
12,2648.4
29,2648.5
9,2649.8
8,2650.7
18,2651.2
17,2652.0
22,2652.2
24,2652.3
14,2652.3
28,2654.0
26,2654.3
12,2655.1
13,2655.5
30,2655.7
9,2655.9
11,2655.9
29,2656.6
18,2657.1
8,2657.3
17,2658.6
24,2658.9
22,2659.6
14,2660.2
11,2661.3
26,2661.6
9,2661.9
23,2662.2
12,2663.0
8,2663.3
28,2663.7
29,2664.5
24,2666.1
22,2666.1
0,2666.4
11,2667.6
18,2667.7
3,2668.3
9,2668.4
30,2668.7
14,2669.5
26,2669.6
8,2670.2
31,2670.2
17,2671.9
22,2672.2
18,2673.0
24,2673.9
11,2674.9
3,2675.9
30,2677.1
29,2677.3
26,2677.4
14,2677.9
18,2678.6
28,2678.8
31,2679.0
9,2679.7
17,2680.6
11,2682.8
24,2682.9
8,2683.5
21,2683.8
10,2683.9
26,2684.2
3,2684.3
0,2684.7
30,2685.8
28,2687.7
18,2689.1
11,2689.6
26,2690.6
14,2691.2
21,2691.5
10,2692.1
0,2693.0
12,2693.3
22,2693.4
30,2693.6
11,2696.2
17,2696.4
9,2696.6
26,2696.8
13,2697.2
21,2698.4
14,2698.8
10,2699.3
0,2700.2
23,2700.6
11,2702.5
26,2703.1
3,2703.5
29,2703.8
19,2704.2
13,2704.3
9,2704.6
14,2705.0
31,2705.5
23,2705.7
30,2705.8
17,2706.2
21,2706.6
0,2706.9
24,2707.0
25,2708.3
11,2708.4
10,2708.8
26,2709.1
28,2709.6
7,2710.6
14,2710.9
13,2710.9
29,2711.0
3,2712.2
9,2713.3
0,2713.6
25,2713.9
31,2714.4
26,2715.1
19,2715.2
24,2715.6
17,2715.7
7,2715.8
30,2715.8
23,2716.4
28,2716.6
29,2717.2
13,2717.5
3,2718.8
25,2719.8
12,2719.9
26,2721.0
14,2721.3
23,2721.6
7,2721.6
0,2721.9
10,2722.2
21,2722.4
30,2722.6
28,2722.6
24,2724.4
13,2725.2
19,2725.6
17,2725.7
25,2725.7
14,2726.5
23,2727.4
28,2728.1
12,2728.5
7,2728.5
30,2728.8
10,2729.2
0,2729.2
21,2729.8
25,2731.5
14,2732.4
28,2733.5
24,2733.9
16,2734.3
23,2734.9
10,2735.2
12,2735.5
30,2735.6
21,2737.2
0,2737.4
14,2739.3
24,2740.7
10,2741.1
12,2742.0
19,2743.2
16,2744.2
0,2744.5
8,2745.4
17,2746.5
24,2746.9
30,2746.9
10,2747.2
28,2749.3
12,2749.4
23,2751.6
7,2751.7
0,2752.0
24,2752.8
14,2753.4
8,2753.8
13,2754.1
10,2754.5
28,2754.7
9,2754.8
19,2754.9
17,2754.9
30,2755.8
22,2758.6
16,2758.6
23,2758.6
7,2758.8
26,2759.0
28,2760.4
8,2760.5
12,2760.8
9,2761.6
17,2762.1
14,2762.6
13,2763.8
22,2764.2
0,2764.3
23,2764.7
7,2765.0
30,2765.8
28,2766.1
8,2767.0
9,2767.2
19,2767.8
16,2768.8
22,2769.6
23,2770.7
17,2770.9
7,2771.1
28,2772.1
9,2772.6
14,2772.7
26,2774.6
22,2775.0
8,2775.2
23,2776.4
7,2776.9
13,2777.2
9,2778.0
21,2778.0
10,2778.1
28,2778.6
0,2778.9
30,2779.2
19,2779.9
22,2780.6
23,2782.1
14,2782.3
7,2782.5
12,2783.0
9,2783.6
31,2784.7
28,2785.6
21,2785.7
10,2786.2
30,2786.6
13,2786.7
0,2787.4
23,2787.9
7,2788.2
9,2789.1
14,2790.2
7,2794.0
31,2794.0
30,2794.2
9,2794.3
23,2794.7
17,2794.9
21,2795.4
28,2795.7
13,2796.8
10,2797.3
0,2800.0
7,2800.0
14,2801.7
17,2803.4
8,2804.0
23,2805.3
7,2806.2
28,2806.3
19,2806.9
12,2808.1
26,2808.1
31,2808.3
14,2811.2
7,2813.0
23,2813.5
8,2813.5
17,2813.9
12,2816.7
31,2817.3
28,2817.4
19,2818.9
30,2820.2
7,2820.5
23,2820.6
17,2822.1
14,2823.2
12,2823.6
10,2825.0
8,2825.4
28,2826.2
23,2828.7
7,2829.3
12,2830.3
30,2830.7
17,2832.3
10,2832.8
26,2833.2
28,2833.3
8,2834.7
0,2835.1
23,2837.7
26,2838.3
7,2838.5
22,2839.7
24,2839.8
17,2840.0
12,2840.2
28,2840.3
14,2840.6
10,2842.7
26,2844.0
30,2844.8
24,2845.0
26,2849.5
17,2850.3
28,2850.8
14,2850.8
24,2850.8
1,2851.2
30,2852.7
23,2853.2
26,2855.2
1,2856.6
24,2856.7
30,2859.8
10,2860.2
26,2861.4
23,2861.6
1,2862.8
24,2863.2
8,2864.3
3,2867.4
30,2869.1
1,2869.1
28,2869.4
10,2869.6
19,2870.5
22,2870.7
23,2871.0
7,2871.0
26,2872.5
3,2872.9
8,2873.1
14,2873.6
24,2875.1
1,2875.5
25,2875.7
22,2876.2
3,2878.3
28,2878.6
30,2879.2
23,2880.1
7,2880.3
26,2880.3
25,2881.2
22,2881.6
14,2883.4
3,2883.6
19,2883.9
1,2884.1
13,2884.8
23,2886.7
7,2887.0
25,2887.0
26,2887.6
3,2889.5
30,2889.6
13,2892.0
22,2892.2
23,2892.5
7,2892.7
25,2892.8
1,2892.9
14,2895.6
0,2896.8
24,2897.2
22,2897.7
13,2898.0
3,2898.1
26,2898.6
25,2898.7
11,2898.9
19,2902.7
28,2902.8
13,2903.9
22,2904.0
11,2904.6
3,2905.5
25,2905.6
0,2906.6
24,2907.8
13,2909.9
11,2910.1
12,2910.5
30,2910.5
26,2910.8
3,2911.9
19,2913.3
8,2915.2
17,2915.4
25,2916.2
9,2916.3
13,2916.5
22,2916.9
30,2917.7
3,2917.7
26,2918.1
12,2920.6
24,2921.2
9,2921.8
8,2922.8
3,2923.4
17,2923.6
30,2923.8
25,2924.5
26,2925.6
1,2929.1
30,2929.7
24,2930.6
17,2930.9
25,2931.3
8,2931.4
9,2932.2
30,2935.4
1,2936.4
28,2937.5
25,2937.8
9,2937.9
17,2938.3
8,2938.8
3,2939.3
30,2941.4
10,2941.8
7,2942.3
1,2942.6
9,2944.3
3,2944.8
25,2945.1
17,2946.0
8,2946.3
24,2946.7
28,2946.9
7,2948.1
1,2948.3
23,2948.3
30,2949.4
3,2950.4
12,2951.0
9,2951.0
10,2951.1
26,2951.1
25,2952.0
23,2954.1
7,2955.0
28,2955.4
3,2956.2
30,2956.5
8,2957.4
25,2958.3
17,2958.5
9,2959.2
26,2959.8
12,2961.2
3,2961.4
6,2961.6
23,2961.8
22,2961.9
31,2962.1
14,2962.4
28,2962.4
30,2963.0
25,2964.1
24,2966.4
3,2966.8
6,2967.0
26,2968.5
1,2968.7
22,2968.9
28,2969.1
25,2969.7
14,2970.0
30,2970.4
10,2970.9
31,2970.9
3,2972.7
6,2972.8
1,2974.0
18,2974.4
22,2974.9
25,2975.4
11,2975.5
26,2976.3
14,2976.7
7,2977.1
6,2978.6
28,2978.8
8,2979.3
9,2979.6
18,2979.7
31,2979.9
1,2980.0
10,2980.4
22,2980.7
11,2980.8
24,2980.9
23,2981.2
25,2981.2
3,2981.2
13,2981.3
7,2984.1
14,2984.9
18,2985.2
22,2986.7
11,2986.8
25,2986.9
28,2987.2
26,2987.5
23,2988.3
1,2988.6
9,2989.0
8,2989.2
7,2990.2
24,2990.2
18,2990.4
13,2991.2
25,2992.1
22,2994.0
23,2994.3
18,2995.9
11,2995.9
7,2996.0
1,2996.0
9,2996.1
26,2996.3
14,2996.9
30,2997.2
25,2997.4
