23,12.2
6,13.0
4,13.1
30,13.4
24,17.7
11,18.0
5,18.1
2,18.1
25,18.1
20,18.4
26,18.7
16,19.0
0,21.7
3,21.8
27,22.0
23,22.2
11,24.8
25,26.1
13,26.1
10,26.2
5,26.4
22,26.5
2,26.7
18,26.8
9,27.0
16,27.1
21,27.6
6,27.8
19,28.2
14,28.3
28,28.5
26,29.5
11,30.6
23,31.3
0,32.3
25,32.6
13,33.2
10,33.4
5,33.4
2,33.4
18,33.9
27,34.5
16,35.3
21,36.3
11,36.3
6,36.4
4,36.9
9,37.5
20,37.6
22,37.7
28,38.3
1,38.5
24,38.7
25,38.9
14,39.2
13,39.3
10,39.7
2,39.8
12,40.0
18,40.2
29,40.5
0,40.5
7,40.6
15,40.9
5,41.5
26,41.9
21,43.3
16,43.7
4,44.3
23,44.5
20,44.6
13,45.5
28,45.6
27,45.7
10,45.7
2,45.9
25,45.9
24,46.2
30,46.2
18,46.3
14,47.1
22,47.4
6,47.4
0,47.6
5,47.8
1,48.3
3,48.9
12,49.8
21,50.5
16,50.6
20,50.7
4,51.1
29,51.5
13,51.5
2,51.8
10,51.8
18,52.3
28,52.3
25,52.5
7,53.6
24,54.2
22,54.6
0,54.7
14,54.8
30,55.4
16,56.6
20,56.7
6,57.1
13,57.4
27,57.5
2,57.6
19,57.9
10,58.2
18,58.3
25,58.6
15,58.8
28,59.6
4,59.9
23,60.0
3,60.1
22,61.0
14,61.4
7,61.9
16,62.2
21,63.7
20,64.2
18,64.2
30,65.3
0,65.7
6,66.0
10,66.4
9,66.6
15,66.8
23,67.0
22,67.6
16,67.7
4,67.9
28,68.2
14,68.2
17,68.3
24,68.3
26,68.3
1,68.7
18,69.9
20,71.5
7,72.1
3,73.0
23,73.1
16,73.4
13,73.6
29,73.7
31,74.4
14,74.4
10,74.5
6,74.9
30,75.0
15,75.1
18,75.5
28,75.6
24,75.8
4,75.9
26,76.4
22,76.6
17,78.2
13,78.8
16,79.0
23,79.3
14,80.7
18,81.0
20,82.2
31,82.8
6,83.2
30,83.9
4,84.1
15,84.2
24,84.3
13,84.6
16,85.0
12,85.2
28,85.2
23,85.4
18,86.9
14,87.2
10,87.3
26,88.1
3,89.8
6,90.8
20,90.8
24,91.6
13,91.6
23,91.7
16,92.1
8,93.7
18,93.9
21,94.4
14,94.5
7,94.5
12,94.6
4,95.0
1,95.1
15,95.9
30,96.7
13,97.9
28,97.9
20,98.2
23,98.2
6,98.5
16,99.3
3,99.4
26,100.0
19,100.4
22,100.9
24,101.2
14,101.2
21,102.8
4,102.8
12,103.5
30,103.9
18,104.7
23,105.4
20,105.9
10,105.9
7,106.1
14,107.8
15,108.0
26,108.2
19,108.2
22,108.3
16,109.6
6,109.7
28,109.9
30,110.3
24,110.8
4,113.0
20,113.5
12,114.7
19,115.0
14,115.4
22,115.4
18,115.5
2,116.0
10,116.3
26,116.5
23,117.3
30,117.4
20,120.1
4,121.3
16,121.4
12,121.5
2,121.5
0,121.6
27,121.8
24,121.9
19,122.1
28,122.9
26,123.6
30,125.7
20,126.3
22,126.7
23,127.0
12,127.7
2,127.8
4,128.7
16,129.1
26,130.0
0,130.8
10,131.6
27,132.2
20,132.4
3,132.6
15,133.1
19,133.1
30,133.2
12,133.6
29,133.6
21,133.7
28,134.2
2,134.4
7,134.6
14,134.9
1,135.1
22,135.1
4,135.5
23,135.8
16,136.1
26,136.5
20,138.8
12,139.6
15,140.5
21,140.6
2,140.8
29,141.0
4,142.2
10,142.2
30,142.5
16,143.3
3,143.7
1,144.4
22,145.1
26,145.2
18,145.2
14,145.4
7,145.6
21,146.3
20,146.6
2,146.8
15,147.0
29,147.7
4,149.8
21,152.1
2,152.4
9,153.0
18,153.3
19,153.6
16,153.9
10,154.0
26,154.5
15,154.6
12,155.5
29,156.4
31,157.1
25,157.1
14,157.3
21,158.1
18,160.0
12,161.0
15,162.1
9,162.3
25,162.5
10,162.7
19,163.5
26,165.1
14,165.2
31,165.7
21,165.7
18,166.4
24,166.7
12,166.7
20,167.0
16,167.5
25,168.2
10,170.6
19,171.0
9,171.3
22,171.7
12,172.1
18,172.7
15,172.7
26,172.7
14,175.3
16,175.6
24,176.7
10,177.3
12,177.7
29,178.2
19,178.2
20,178.5
18,178.9
9,179.5
26,179.5
21,179.6
15,180.6
22,180.8
7,181.0
30,182.4
14,182.7
16,182.9
12,183.2
4,183.5
10,183.5
1,183.5
6,183.8
23,184.0
18,184.8
19,184.9
29,185.7
26,186.0
24,186.2
21,186.4
15,187.5
22,188.6
28,189.0
12,189.0
30,189.3
20,189.4
14,189.4
4,190.7
18,191.1
19,191.2
10,191.3
16,191.5
7,191.7
21,192.3
23,192.4
26,192.6
29,192.7
1,192.8
6,193.4
12,194.3
24,194.6
15,195.4
3,195.9
0,196.2
20,196.6
14,196.8
4,196.9
19,198.1
21,198.3
10,198.5
22,199.3
12,199.5
18,199.8
1,199.9
26,199.9
28,200.1
24,201.4
4,203.8
20,204.0
3,204.1
29,204.2
6,205.0
21,205.2
10,205.2
23,205.2
0,205.3
14,205.9
1,207.2
28,207.5
24,208.2
22,208.2
16,210.1
4,210.2
20,211.0
19,211.3
26,211.4
3,211.7
6,212.1
7,212.2
23,212.6
10,213.2
29,213.5
14,213.8
28,214.0
17,215.3
24,215.6
4,216.3
18,216.5
22,217.0
20,217.5
16,218.2
21,218.8
1,218.9
6,218.9
26,219.4
28,220.0
23,220.1
10,220.7
29,220.7
14,221.4
3,222.0
4,222.2
24,223.5
20,223.5
18,224.2
9,224.7
17,225.1
16,225.4
28,225.6
22,225.8
26,226.4
23,226.9
6,226.9
1,226.9
19,227.2
15,227.3
10,227.3
29,227.5
14,228.1
21,228.6
7,228.8
20,229.2
18,230.7
28,231.1
16,231.8
22,232.6
31,232.9
23,233.2
26,233.3
10,233.6
9,233.8
14,234.2
15,234.4
19,234.7
6,234.8
20,235.1
29,236.2
0,236.4
28,236.5
18,236.6
24,236.7
1,237.5
22,238.7
26,239.7
10,239.7
7,240.3
15,240.8
20,241.0
31,241.2
19,241.4
28,242.1
18,242.6
22,244.5
21,244.5
6,244.8
29,245.2
0,245.6
10,245.7
26,245.8
20,246.6
15,247.0
28,247.7
19,247.8
18,248.4
24,249.8
22,250.4
31,250.6
10,251.6
21,251.6
26,251.8
6,252.3
15,253.0
29,253.5
19,254.7
1,255.9
27,255.9
22,256.3
0,257.1
24,257.2
10,257.4
21,257.6
17,258.4
15,258.9
6,260.8
29,261.7
22,261.9
19,262.4
31,262.7
10,263.2
24,263.5
21,264.0
15,264.7
0,265.3
27,265.6
22,267.7
17,267.7
10,268.8
24,270.1
15,271.2
19,271.6
21,271.9
7,273.5
22,273.8
31,274.5
10,274.6
4,275.0
24,276.9
15,277.4
1,277.7
0,278.2
18,278.7
3,279.7
22,280.0
4,280.2
10,281.0
6,281.8
31,282.5
7,282.7
15,283.2
27,283.4
18,283.8
24,284.2
4,286.1
28,286.2
22,286.3
20,286.4
0,286.8
29,287.5
21,288.0
3,289.3
18,289.6
10,291.2
7,291.4
28,291.7
20,292.0
22,292.7
27,292.8
4,293.0
31,293.6
6,293.8
18,295.6
0,295.9
24,295.9
29,296.9
21,297.6
28,297.9
20,298.3
22,299.0
4,299.5
7,299.7
6,301.3
18,301.9
28,304.2
24,304.4
29,304.4
20,304.5
22,305.5
4,305.6
21,307.7
6,309.5
28,310.0
18,310.7
24,311.0
17,311.2
4,311.3
10,311.4
29,311.8
22,312.5
24,317.2
19,317.4
3,317.6
10,319.1
22,319.2
17,320.7
24,323.6
29,323.8
19,324.6
22,325.5
10,326.3
4,326.9
26,329.7
15,329.8
3,330.1
19,330.9
22,331.6
4,332.6
24,332.6
18,334.0
15,335.2
28,335.5
6,335.9
10,336.0
19,337.3
22,338.0
4,338.5
3,340.5
28,341.1
15,341.5
9,342.3
18,342.4
10,343.5
6,343.7
19,343.9
4,344.5
28,347.1
22,348.1
3,349.1
18,349.7
4,350.5
10,350.5
19,351.1
6,351.2
9,351.7
15,352.0
29,352.2
21,352.4
28,353.0
24,353.5
17,353.6
16,354.4
22,356.2
4,356.4
10,356.8
18,357.4
28,358.9
16,360.3
15,360.8
21,361.2
6,361.3
29,362.1
10,362.7
4,363.0
17,363.4
24,363.9
18,363.9
19,364.0
0,364.5
28,364.7
22,365.6
20,366.0
16,366.5
21,368.3
10,368.5
6,368.8
28,370.3
31,371.1
20,371.3
15,372.3
16,372.7
19,372.9
0,373.1
22,374.0
10,374.1
4,374.9
21,375.9
28,376.1
6,377.2
20,377.5
16,378.6
10,379.8
31,379.9
19,380.6
12,381.5
28,382.4
15,383.3
22,383.6
10,386.1
12,387.3
23,389.1
19,390.7
20,391.0
26,391.7
12,394.5
23,394.7
28,395.3
10,396.3
0,397.1
1,397.3
24,397.5
19,397.7
18,398.2
22,398.7
16,399.4
23,401.0
12,401.2
18,403.5
10,403.7
21,404.1
7,404.2
19,404.2
15,404.3
16,405.0
0,405.2
1,405.8
24,406.7
12,408.4
22,408.9
31,409.8
10,410.0
19,410.6
16,410.8
20,411.1
0,412.1
15,412.2
21,412.4
23,413.5
24,413.8
6,414.6
12,415.2
9,415.4
10,415.8
7,415.8
16,416.5
19,416.8
15,418.5
31,418.5
3,419.0
22,419.5
0,420.1
20,420.1
23,420.8
24,421.0
12,421.3
10,421.5
6,422.1
1,422.2
16,422.2
19,423.3
21,423.7
7,424.0
15,424.5
9,424.7
10,427.0
23,427.7
20,427.9
16,428.1
3,428.1
24,428.5
6,428.8
22,430.1
4,430.6
15,430.7
19,431.1
10,432.4
16,435.5
28,435.7
7,435.7
6,436.6
30,436.9
17,437.0
23,437.1
20,438.1
10,438.2
15,438.3
24,439.4
30,442.3
12,442.5
9,443.6
21,443.7
1,443.8
23,444.2
29,444.4
22,444.5
4,444.7
10,445.1
7,445.3
15,445.3
20,446.8
11,447.8
30,448.4
28,448.9
19,449.8
23,450.7
21,451.3
15,451.5
18,451.6
22,451.8
4,451.8
29,452.0
16,452.6
1,452.8
11,453.4
7,453.8
20,454.2
30,454.4
23,456.9
18,457.2
15,457.3
19,457.4
4,458.3
0,458.5
22,458.6
21,458.8
10,459.0
16,459.7
29,459.8
11,460.3
30,460.4
28,462.0
24,462.0
17,462.2
20,462.3
23,462.7
15,463.0
18,463.1
16,465.9
10,466.2
19,466.5
0,467.2
4,467.2
22,467.4
21,468.2
29,468.7
15,468.9
18,469.1
28,470.2
1,470.9
17,471.6
11,471.9
16,472.0
24,472.3
20,472.5
10,473.2
19,474.1
31,474.1
15,474.5
4,474.7
7,474.8
21,475.5
29,475.5
6,475.6
18,476.1
27,476.6
0,477.0
22,477.3
16,478.0
1,479.3
15,480.2
24,480.4
11,480.4
4,481.4
29,482.4
31,482.6
28,482.7
20,482.8
21,482.8
19,483.7
16,483.7
10,483.8
0,485.3
15,485.7
6,486.2
24,487.2
27,487.4
4,488.6
18,489.0
16,489.2
20,490.4
11,490.4
1,490.9
3,491.1
15,491.2
10,491.8
0,492.3
29,493.3
21,494.0
24,494.5
4,497.0
6,497.1
18,497.2
11,497.3
15,497.3
10,498.5
0,498.7
3,498.8
17,499.5
28,499.8
20,500.0
24,501.7
29,502.8
21,503.1
11,503.2
15,503.8
6,504.6
10,504.9
3,505.2
0,505.7
19,505.8
4,505.9
18,506.1
28,508.9
11,509.2
17,509.4
24,509.8
15,510.9
10,511.6
3,512.0
6,512.5
18,513.0
20,513.3
0,513.4
21,513.9
29,514.0
1,514.3
14,516.0
7,516.6
22,517.1
24,517.2
15,517.4
10,518.2
18,519.3
0,520.8
31,522.3
3,522.9
21,523.1
29,523.3
15,523.5
11,524.6
10,525.0
18,525.5
24,526.1
7,527.1
22,527.3
0,527.4
1,527.7
28,529.7
31,530.6
10,531.3
21,531.7
29,531.9
18,532.7
24,533.6
0,533.9
12,535.0
7,535.8
22,536.0
1,536.3
10,537.6
19,538.7
12,540.7
0,541.6
4,541.8
20,542.4
6,542.5
24,542.8
22,543.8
28,545.1
11,545.3
10,545.3
19,546.4
12,546.7
4,548.9
20,549.5
24,550.2
11,550.9
12,552.6
6,553.2
22,554.2
4,555.6
20,555.6
19,555.8
24,557.2
11,557.3
28,558.3
12,558.4
17,559.9
10,560.3
20,561.4
15,562.2
24,563.4
19,563.4
22,564.3
12,564.6
4,564.9
28,565.9
20,567.6
31,567.7
15,567.9
24,569.2
17,569.5
11,570.5
10,571.1
19,572.5
12,572.9
15,573.8
20,574.9
24,575.2
28,575.9
31,576.5
2,576.7
12,580.3
15,580.5
19,580.6
2,582.3
24,582.6
16,583.5
5,585.5
0,587.2
1,587.3
10,587.3
12,587.8
11,588.0
16,588.7
2,589.3
19,589.7
24,590.0
5,591.5
22,592.7
4,593.1
20,593.5
15,593.9
28,594.1
10,595.2
1,595.7
0,596.1
7,596.4
24,596.4
11,596.6
19,597.4
9,598.1
18,598.4
2,598.9
12,598.9
5,599.6
22,599.9
6,600.3
3,600.3
20,601.0
15,601.3
4,601.3
10,601.4
24,602.5
1,603.0
11,603.4
28,603.6
0,603.9
19,604.0
17,604.0
18,605.4
21,605.8
2,607.0
6,607.1
12,607.2
10,607.3
22,607.4
9,607.6
5,607.8
7,608.2
4,608.3
24,608.3
3,609.2
20,609.4
15,609.4
11,609.4
28,610.5
19,610.8
18,611.3
1,612.6
6,613.0
2,613.6
21,613.7
17,613.8
24,614.0
5,614.8
22,615.2
11,615.4
4,615.4
0,615.8
15,616.6
12,616.7
7,616.9
28,617.1
18,617.1
24,619.8
19,620.1
2,620.3
11,621.1
3,621.9
5,622.2
10,622.6
18,623.1
15,623.5
22,624.0
21,624.1
29,625.2
28,625.3
4,625.8
24,626.5
11,627.1
2,627.2
7,627.6
10,628.0
6,628.5
5,628.6
27,629.1
0,629.8
18,629.9
15,630.0
21,631.4
11,633.1
2,633.6
10,634.0
28,634.2
12,634.3
22,634.4
5,634.4
1,634.8
29,635.0
4,635.0
15,636.1
3,636.6
18,636.9
7,637.0
0,637.1
24,637.8
21,637.9
27,639.5
2,639.7
10,640.2
5,640.2
1,641.8
12,642.2
15,642.2
28,642.2
4,642.2
17,643.0
18,643.2
0,643.6
29,643.7
21,643.9
22,644.5
24,645.1
10,646.2
1,647.9
15,648.7
4,648.7
7,648.8
28,648.9
18,649.1
12,649.5
21,649.8
0,650.7
24,651.9
10,652.1
17,652.5
1,654.2
29,654.6
28,655.4
4,655.5
21,655.5
3,656.1
10,658.0
15,658.7
0,658.9
12,659.3
24,660.8
21,661.4
1,661.8
31,661.9
20,662.2
4,662.6
10,664.0
28,664.1
3,666.2
0,666.8
21,668.5
24,669.0
4,669.3
20,669.9
2,670.1
10,670.2
30,670.3
28,672.3
4,675.4
2,675.6
20,676.3
24,676.7
12,676.9
10,677.0
29,677.3
0,677.3
22,677.4
5,678.5
28,678.9
21,679.4
3,679.6
4,681.3
2,681.8
20,682.7
10,683.7
12,684.4
28,684.7
0,685.3
4,687.0
22,687.3
29,687.3
21,687.4
24,688.1
3,688.1
2,688.1
20,688.7
28,690.4
12,691.0
10,691.5
4,692.2
2,694.6
20,694.7
28,696.1
0,696.6
4,697.4
22,697.5
12,697.7
24,697.7
10,698.2
21,698.5
20,700.7
3,701.0
28,701.9
14,703.2
10,704.2
0,704.4
2,704.5
24,704.9
22,706.2
20,706.6
12,707.1
28,707.7
17,708.4
14,708.7
10,709.9
3,710.2
24,711.4
20,712.3
16,713.3
28,713.6
0,714.5
12,715.0
14,715.0
10,715.5
31,716.5
15,716.8
22,717.6
20,718.2
24,718.2
17,718.4
16,718.8
3,718.9
28,719.2
10,721.0
14,721.1
12,721.7
29,722.0
20,724.1
16,724.6
22,724.7
31,725.1
15,726.1
21,726.2
7,726.3
14,726.9
12,728.2
24,729.9
16,730.8
22,731.2
29,731.4
10,731.4
14,732.7
21,733.8
12,734.3
1,734.6
15,734.7
2,735.0
3,736.1
10,736.6
7,737.1
14,738.0
22,738.4
16,738.5
29,738.9
18,740.0
12,740.3
21,740.7
10,742.3
14,743.3
1,743.7
18,745.5
29,745.6
2,745.9
22,746.1
21,747.5
14,748.8
10,749.1
11,751.4
18,751.8
1,752.3
29,752.7
15,752.9
7,753.5
21,753.7
6,753.9
14,754.4
2,755.7
11,757.1
22,758.3
6,759.7
21,759.7
14,759.8
29,760.8
1,761.4
15,763.4
16,763.9
11,764.3
18,764.5
7,764.9
14,765.2
21,765.7
6,767.6
20,767.8
10,768.3
9,768.4
2,768.7
19,769.4
14,770.9
0,771.9
18,772.1
24,772.2
21,772.5
28,772.7
1,772.7
11,772.8
20,773.1
16,773.4
22,774.7
10,775.2
2,775.4
29,775.9
14,777.4
9,778.1
28,778.2
20,778.8
11,779.3
1,779.8
21,780.1
31,780.1
18,780.3
15,780.5
0,780.8
16,780.9
24,781.2
2,781.2
22,782.3
19,782.5
6,783.3
14,783.5
29,783.6
28,784.0
27,784.5
20,784.6
11,785.0
7,786.3
1,786.3
21,786.4
2,786.8
18,787.3
0,787.8
16,787.8
15,788.1
31,788.7
22,789.1
24,790.4
6,790.5
20,790.6
29,790.8
2,791.9
1,792.8
0,794.1
16,794.2
15,794.3
18,794.4
27,795.2
22,795.8
31,796.2
19,796.3
20,796.7
7,797.1
29,797.4
6,797.5
24,798.5
1,799.2
17,799.3
28,800.1
15,800.2
16,800.2
0,800.4
9,802.6
22,802.8
20,802.9
18,803.1
19,804.2
29,805.1
28,805.3
24,805.6
6,805.6
16,806.2
15,806.3
1,806.7
31,807.3
0,808.1
18,809.7
20,809.7
9,810.5
28,810.8
27,810.9
19,811.2
24,812.2
22,812.3
15,813.3
0,814.5
6,815.1
18,815.5
28,816.5
20,817.0
19,817.8
24,818.5
7,819.7
17,819.8
1,820.1
0,820.4
27,820.5
9,821.6
28,822.3
6,824.0
19,824.8
24,824.9
0,826.5
3,826.9
30,828.4
20,828.8
17,830.1
4,830.8
6,830.9
24,831.1
19,831.3
9,831.9
31,832.1
15,832.4
29,832.9
0,833.7
3,835.8
4,836.0
24,837.0
6,837.2
19,837.9
28,838.0
20,840.3
27,840.9
15,841.0
9,841.5
4,841.8
7,842.3
24,843.0
6,843.3
29,843.3
28,843.5
0,845.9
19,846.0
3,846.1
31,846.7
4,847.8
15,847.9
24,848.9
6,849.2
28,849.8
20,852.4
7,854.2
15,854.4
0,854.6
6,854.8
4,854.8
17,855.0
24,855.2
31,856.3
28,856.4
3,857.8
6,860.4
24,861.8
15,862.3
0,862.9
28,863.0
1,863.5
17,863.9
29,864.2
4,864.7
6,865.5
31,866.4
11,867.0
24,868.9
28,869.6
8,871.0
17,871.4
0,871.6
15,871.7
4,871.9
1,872.0
11,872.4
20,873.7
22,873.9
29,874.4
28,876.0
3,876.0
24,877.2
4,878.0
11,878.0
17,878.7
31,879.3
15,882.1
28,882.2
20,882.3
22,883.1
11,883.8
4,883.8
2,884.3
1,885.2
17,885.8
24,885.9
28,888.2
11,889.4
31,889.5
4,889.6
18,889.6
2,889.7
20,890.1
3,890.7
15,891.4
22,891.9
21,892.1
7,892.6
28,894.5
18,895.2
0,895.2
17,895.9
24,895.9
2,896.0
4,896.2
1,897.1
20,897.5
3,898.4
15,899.4
22,899.9
31,900.8
19,901.2
18,901.2
0,902.3
27,902.6
28,902.9
24,904.0
29,904.1
2,904.5
7,904.7
16,906.0
15,906.0
1,906.2
20,906.8
3,906.9
18,907.3
0,908.7
31,909.3
4,909.5
6,910.6
16,911.2
22,911.9
15,912.2
27,912.7
29,912.8
28,913.4
20,913.8
18,914.3
2,914.3
0,915.4
1,915.6
24,915.7
6,916.1
16,916.6
4,916.7
15,919.2
29,919.6
20,919.9
22,920.4
2,921.1
28,921.1
6,922.0
4,922.8
18,923.3
1,923.7
24,924.2
3,925.3
0,925.5
20,925.7
29,925.9
2,927.0
16,927.1
9,927.6
6,928.0
19,928.5
4,928.6
18,930.1
28,930.8
20,931.5
16,932.6
21,933.1
29,933.9
6,934.4
4,934.5
1,935.1
18,936.2
9,937.1
3,937.3
24,937.5
20,938.1
16,938.4
21,938.6
19,939.6
28,939.7
4,940.8
6,940.8
21,944.3
31,944.5
15,944.6
20,945.4
24,945.6
9,947.1
6,947.5
21,949.3
4,951.2
28,951.4
3,952.5
31,953.1
15,954.8
21,954.8
19,955.8
22,956.4
20,956.5
6,957.2
24,957.2
4,959.6
21,960.9
28,961.0
19,963.5
20,964.2
3,965.9
6,966.3
4,966.5
22,967.7
21,970.4
18,970.4
28,970.6
20,971.0
19,972.6
4,972.6
18,976.3
6,976.7
20,978.0
4,978.5
14,979.1
1,979.9
29,980.0
10,980.2
22,981.4
28,982.2
21,982.9
18,983.6
4,984.5
14,984.6
6,984.8
20,985.0
10,985.7
1,988.6
26,988.9
4,990.4
29,990.5
10,990.8
22,990.9
14,991.2
6,993.6
15,994.8
20,994.9
26,995.1
21,995.5
10,996.3
4,997.0
29,998.7
1,1001.0
28,1001.1
23,1001.3
0,1001.4
24,1001.7
10,1002.0
14,1002.0
20,1002.4
16,1002.8
22,1003.2
4,1003.8
15,1004.2
21,1004.9
29,1005.6
23,1006.6
26,1006.7
30,1007.0
10,1007.7
16,1008.0
1,1009.0
28,1009.1
20,1009.3
0,1010.3
4,1010.7
24,1010.8
14,1010.8
22,1012.1
29,1012.1
30,1012.2
9,1012.4
18,1012.8
23,1012.8
19,1012.9
16,1013.6
26,1014.9
17,1015.6
28,1015.7
6,1016.5
15,1016.8
20,1016.8
21,1017.2
4,1017.4
30,1018.0
24,1018.4
14,1018.8
16,1018.9
23,1018.9
1,1019.6
18,1019.9
29,1020.0
19,1020.6
28,1021.8
9,1021.8
0,1021.8
26,1021.9
6,1023.5
30,1023.8
17,1024.0
4,1024.2
23,1024.6
21,1024.6
22,1024.9
24,1025.0
18,1025.9
14,1027.1
28,1027.6
26,1028.2
0,1029.3
6,1029.5
30,1029.5
1,1029.9
31,1030.0
19,1030.2
24,1031.2
17,1031.7
15,1032.0
4,1032.3
21,1033.0
22,1033.1
28,1033.2
14,1034.0
3,1034.0
26,1034.2
30,1035.1
6,1035.2
0,1035.8
20,1035.8
29,1036.2
1,1037.0
9,1037.1
24,1037.6
28,1038.6
31,1038.9
4,1039.4
19,1039.7
26,1039.9
23,1040.4
21,1040.7
6,1040.8
14,1041.0
0,1042.4
22,1043.4
1,1043.4
28,1044.1
15,1044.4
17,1044.7
24,1044.7
26,1045.4
23,1045.9
9,1046.1
6,1046.6
19,1046.8
29,1047.0
27,1047.1
4,1047.2
14,1048.1
0,1048.9
28,1050.2
26,1050.7
1,1050.9
22,1052.0
21,1052.2
23,1052.3
31,1052.5
6,1053.1
19,1053.2
0,1055.4
14,1056.0
26,1056.3
27,1056.6
28,1059.2
19,1059.5
0,1061.8
26,1062.8
4,1064.4
1,1064.8
23,1064.9
29,1065.1
18,1065.1
27,1066.0
19,1066.0
21,1066.5
0,1068.1
30,1069.5
18,1070.4
17,1072.2
24,1072.3
26,1072.6
28,1073.0
4,1073.2
1,1073.6
19,1074.1
0,1074.8
29,1075.8
23,1076.1
18,1076.2
27,1076.3
14,1078.3
22,1078.6
21,1079.1
26,1079.4
9,1079.6
24,1079.7
1,1080.8
19,1080.8
28,1080.9
17,1081.2
0,1081.2
18,1082.1
23,1083.5
6,1085.3
26,1085.4
4,1085.9
24,1086.2
19,1086.9
0,1087.4
1,1087.7
18,1087.7
14,1088.5
9,1088.9
28,1089.7
22,1089.7
23,1089.7
26,1091.2
24,1092.6
18,1093.0
17,1093.0
19,1093.0
0,1093.7
31,1093.9
15,1093.9
27,1094.3
1,1094.7
6,1095.2
23,1095.6
14,1095.9
4,1095.9
22,1097.2
26,1097.5
21,1098.1
7,1098.2
24,1099.6
20,1100.1
19,1100.3
15,1100.7
0,1100.9
23,1101.5
14,1102.2
31,1102.5
22,1103.5
3,1103.6
26,1103.6
1,1104.7
7,1105.8
21,1106.2
15,1106.6
19,1106.8
0,1107.8
26,1109.5
20,1109.8
22,1109.8
15,1112.2
23,1112.5
19,1113.0
3,1114.0
6,1114.0
7,1114.2
0,1114.3
22,1116.2
21,1117.7
23,1117.7
15,1117.7
19,1119.2
0,1120.6
6,1121.3
7,1122.4
22,1122.6
3,1122.8
15,1123.5
27,1125.2
19,1126.0
0,1127.4
6,1128.3
15,1129.0
22,1129.8
24,1131.6
20,1132.0
29,1132.3
7,1133.0
21,1133.5
15,1134.6
3,1135.1
1,1135.6
6,1137.6
19,1139.4
0,1139.7
22,1142.2
24,1142.4
18,1142.5
29,1142.8
23,1143.1
9,1144.9
15,1145.0
21,1145.3
20,1145.7
0,1146.5
1,1148.0
23,1148.7
19,1149.0
24,1149.2
3,1150.0
6,1150.3
15,1150.5
0,1152.5
9,1152.8
4,1153.7
14,1153.8
23,1154.9
1,1155.1
24,1155.3
29,1155.7
21,1156.1
15,1156.6
20,1157.7
0,1158.6
28,1159.0
19,1159.3
14,1159.3
4,1160.5
6,1160.7
22,1160.8
3,1161.0
23,1161.5
1,1161.5
24,1161.8
29,1162.9
9,1163.0
20,1164.7
21,1164.9
14,1165.3
0,1165.9
28,1166.6
15,1166.6
22,1167.9
1,1168.1
23,1168.1
6,1168.7
29,1169.5
20,1170.7
14,1171.4
24,1172.5
28,1173.5
22,1174.8
19,1174.9
23,1175.1
20,1176.6
29,1177.0
1,1177.7
14,1177.9
31,1179.0
15,1179.9
6,1179.9
28,1180.4
30,1180.7
20,1182.2
3,1182.7
14,1184.2
22,1184.7
19,1185.4
30,1186.5
23,1186.7
31,1187.8
20,1188.2
18,1190.1
15,1190.3
6,1190.4
14,1190.7
28,1191.0
3,1193.2
30,1193.9
27,1194.4
18,1195.3
19,1195.5
20,1195.9
14,1198.8
23,1199.4
6,1199.6
21,1199.7
30,1200.9
3,1202.1
26,1202.7
28,1203.5
20,1203.7
4,1204.0
1,1204.8
19,1204.9
29,1205.4
14,1206.3
6,1206.5
21,1206.8
23,1206.8
26,1208.0
30,1208.3
0,1209.5
4,1209.5
7,1210.8
15,1210.9
20,1211.3
21,1212.9
1,1213.3
14,1213.3
6,1213.4
26,1213.8
23,1214.1
4,1214.8
19,1215.4
29,1216.0
0,1217.6
21,1218.6
24,1218.7
20,1219.3
1,1220.2
4,1220.2
30,1220.4
14,1220.8
15,1221.7
7,1222.4
21,1224.1
0,1224.5
6,1225.4
19,1226.0
4,1226.0
23,1226.3
1,1226.6
24,1227.9
29,1229.3
21,1229.8
20,1230.6
14,1231.5
4,1231.9
0,1232.1
1,1232.8
21,1235.4
3,1236.6
4,1238.1
1,1239.0
0,1239.1
21,1241.3
29,1241.3
15,1241.7
19,1243.6
4,1245.9
0,1246.0
3,1246.9
1,1247.1
21,1248.5
22,1250.4
19,1254.4
14,1254.5
31,1254.8
23,1254.8
30,1254.8
0,1255.2
15,1256.0
7,1256.3
21,1256.9
22,1259.7
14,1261.5
30,1261.8
23,1261.9
20,1262.1
6,1262.1
3,1262.3
31,1263.5
15,1263.8
21,1264.5
30,1267.9
14,1268.0
7,1268.1
23,1268.7
22,1270.2
18,1271.0
3,1271.5
6,1271.8
20,1271.8
26,1272.4
15,1273.5
21,1274.6
30,1274.7
4,1275.4
1,1275.4
29,1275.7
14,1276.1
18,1276.8
19,1277.6
26,1278.1
23,1278.2
22,1278.4
7,1280.9
21,1281.5
15,1282.2
14,1283.8
1,1283.9
18,1284.2
30,1284.5
4,1284.5
6,1285.0
26,1285.0
20,1285.2
29,1286.3
28,1286.5
22,1287.5
21,1287.9
19,1288.4
2,1289.9
14,1291.0
30,1292.3
20,1292.8
4,1292.9
15,1294.0
7,1294.1
21,1294.6
6,1294.7
28,1294.8
10,1295.3
29,1295.6
2,1295.7
22,1296.1
16,1297.1
14,1297.6
9,1298.1
18,1299.2
26,1299.3
20,1299.7
10,1300.9
19,1301.2
21,1301.2
2,1301.6
30,1301.8
4,1302.0
15,1303.3
22,1303.4
7,1303.5
1,1304.0
14,1304.0
28,1304.2
6,1306.2
23,1306.2
20,1307.1
2,1307.3
9,1307.6
26,1307.7
21,1308.0
24,1308.3
30,1308.4
17,1308.5
18,1308.5
29,1309.0
22,1310.0
14,1310.1
4,1310.4
28,1310.8
15,1312.3
7,1312.6
3,1312.7
23,1313.2
6,1313.3
2,1313.4
21,1314.3
26,1314.5
20,1315.2
18,1315.4
14,1315.8
28,1316.6
22,1316.9
17,1318.6
23,1319.1
24,1319.2
6,1319.7
21,1320.2
4,1321.0
26,1321.1
2,1321.3
29,1322.1
20,1322.1
18,1322.2
22,1324.2
23,1324.9
3,1324.9
21,1326.4
14,1326.6
6,1327.1
0,1327.4
26,1327.4
2,1328.2
18,1328.4
20,1329.5
15,1330.0
1,1330.3
23,1330.9
24,1331.5
16,1332.7
21,1332.8
26,1333.7
18,1334.2
4,1334.6
0,1335.4
6,1335.4
2,1335.4
23,1336.8
14,1337.1
22,1337.5
16,1338.6
1,1338.8
21,1339.1
26,1339.9
24,1340.2
29,1341.1
2,1341.9
14,1342.6
23,1342.6
0,1342.6
4,1342.7
6,1343.3
21,1345.2
1,1345.4
26,1346.3
16,1347.8
2,1348.1
14,1348.3
3,1349.2
29,1350.3
24,1350.4
15,1350.7
4,1351.0
21,1351.1
28,1351.3
1,1351.7
0,1352.8
26,1353.9
2,1354.1
6,1354.7
14,1354.7
28,1356.6
20,1356.9
21,1357.1
22,1357.3
29,1357.3
7,1357.7
15,1357.7
4,1358.3
10,1359.2
1,1359.3
2,1360.1
14,1360.8
3,1361.0
26,1362.1
28,1362.4
21,1362.9
20,1363.7
29,1363.7
15,1363.9
18,1364.4
4,1364.6
10,1364.7
22,1364.7
16,1365.8
2,1366.2
1,1366.5
14,1366.5
21,1368.8
7,1369.4
18,1369.6
20,1369.7
29,1369.8
15,1370.4
10,1370.9
14,1372.0
22,1372.6
2,1372.8
19,1374.4
30,1375.0
1,1375.1
21,1375.1
20,1375.3
18,1375.6
31,1376.0
29,1376.4
17,1376.4
24,1376.6
16,1376.6
26,1376.6
15,1376.9
10,1377.0
22,1379.3
2,1379.6
30,1380.3
20,1380.8
21,1381.7
7,1381.8
15,1382.9
10,1383.0
29,1383.1
18,1384.3
31,1384.6
19,1385.4
22,1385.6
17,1385.7
4,1385.8
2,1385.9
26,1386.0
20,1386.4
30,1386.4
24,1387.1
9,1387.7
10,1388.7
21,1389.2
18,1390.9
29,1391.3
4,1391.6
22,1392.1
20,1392.3
7,1393.0
26,1393.0
16,1393.6
30,1393.7
19,1394.1
24,1395.5
9,1395.6
6,1396.2
3,1396.3
18,1396.9
20,1398.0
22,1398.7
4,1398.9
26,1399.7
1,1400.1
21,1400.2
30,1400.5
16,1401.6
28,1401.7
29,1401.8
7,1402.5
18,1402.5
9,1403.5
6,1403.8
19,1404.0
20,1404.1
4,1405.4
8,1405.9
3,1406.1
22,1406.4
26,1406.6
30,1407.1
28,1407.1
21,1407.6
0,1408.0
27,1408.4
24,1408.6
1,1408.7
16,1409.0
29,1409.3
20,1410.5
6,1411.0
4,1411.2
9,1411.3
28,1412.9
26,1413.5
22,1413.6
19,1413.9
30,1414.2
21,1414.8
16,1416.5
20,1416.6
4,1416.8
0,1417.0
29,1417.0
7,1418.8
27,1418.8
28,1418.9
22,1420.1
26,1421.3
6,1421.5
9,1421.6
30,1421.9
4,1422.1
20,1422.6
19,1422.6
3,1424.1
1,1424.6
21,1425.0
31,1425.4
17,1425.6
28,1426.1
22,1426.4
16,1427.1
4,1427.6
26,1428.4
7,1428.5
30,1428.6
20,1428.8
19,1429.9
24,1432.3
22,1432.7
4,1433.5
26,1434.7
21,1434.8
20,1434.9
30,1434.9
6,1435.1
3,1435.2
28,1435.6
19,1436.4
0,1437.7
1,1438.9
9,1439.3
22,1439.4
24,1439.6
31,1440.3
26,1440.6
30,1440.9
20,1441.2
4,1441.4
19,1442.5
21,1442.5
6,1443.5
3,1444.6
0,1444.9
27,1445.0
16,1445.3
22,1445.9
28,1446.0
24,1446.1
26,1446.4
1,1446.6
30,1446.8
20,1447.4
29,1447.4
7,1447.9
17,1448.1
9,1448.4
19,1448.9
4,1448.9
21,1449.5
31,1449.6
0,1451.2
24,1452.2
22,1452.6
30,1452.6
28,1453.1
1,1453.3
20,1453.7
27,1454.7
16,1454.9
6,1455.9
4,1456.3
17,1456.9
21,1457.1
19,1457.3
31,1457.4
29,1457.8
24,1457.9
0,1458.1
30,1458.4
20,1460.1
28,1460.4
1,1460.5
22,1462.3
24,1463.8
30,1464.2
9,1465.3
3,1466.9
25,1467.3
19,1467.5
20,1467.6
31,1468.2
4,1468.3
21,1468.7
30,1469.6
17,1470.1
0,1470.4
24,1470.4
15,1471.4
1,1472.2
16,1472.3
25,1472.3
22,1472.6
9,1474.2
6,1474.5
28,1474.7
19,1474.8
30,1475.1
3,1476.4
21,1476.4
15,1477.2
16,1480.3
19,1481.6
31,1481.7
6,1482.4
22,1483.3
15,1483.4
21,1483.5
24,1484.2
28,1485.0
7,1485.6
3,1486.5
16,1487.0
0,1488.0
6,1489.2
15,1489.4
31,1490.0
19,1490.1
22,1491.2
9,1491.3
21,1492.6
16,1493.4
15,1494.9
6,1495.9
7,1496.3
0,1496.8
19,1497.1
4,1498.8
22,1498.9
28,1499.0
9,1500.1
21,1500.1
16,1500.2
15,1500.5
3,1501.2
6,1502.1
31,1503.1
19,1503.2
7,1504.6
15,1506.2
27,1506.2
21,1506.3
0,1506.5
16,1507.0
22,1507.3
6,1507.8
4,1508.7
28,1509.3
19,1509.4
20,1510.8
3,1511.7
15,1511.8
25,1512.0
21,1512.1
9,1512.9
16,1514.0
7,1514.5
0,1514.6
27,1515.5
4,1515.7
19,1515.8
28,1517.1
25,1517.2
15,1517.7
21,1517.9
20,1519.3
16,1520.2
9,1520.7
19,1522.1
0,1522.3
4,1523.0
6,1523.3
21,1523.9
15,1524.4
28,1524.6
24,1524.7
17,1524.8
27,1525.3
22,1526.0
16,1526.1
7,1526.9
9,1527.7
19,1528.2
6,1529.0
15,1530.9
21,1531.4
28,1531.7
16,1532.1
20,1532.3
0,1532.7
25,1533.2
19,1534.3
17,1534.3
24,1534.6
4,1535.3
6,1535.9
22,1536.4
9,1536.5
7,1537.4
15,1537.4
25,1538.5
16,1538.8
28,1539.0
20,1539.7
29,1540.3
19,1541.8
25,1544.4
15,1544.4
22,1544.5
4,1544.9
20,1546.3
28,1546.5
7,1546.9
11,1546.9
1,1547.3
21,1547.8
29,1548.0
16,1550.3
25,1550.7
15,1551.0
0,1551.2
22,1551.4
4,1551.5
6,1552.1
20,1552.3
11,1552.9
28,1553.1
3,1554.7
29,1555.2
1,1555.8
21,1556.9
25,1556.9
20,1558.0
7,1558.0
15,1558.1
16,1558.6
22,1558.7
28,1559.6
11,1559.7
6,1559.9
0,1560.0
19,1560.6
24,1562.3
1,1562.7
20,1563.3
29,1563.4
3,1563.9
22,1565.2
11,1565.9
6,1566.7
0,1567.0
28,1567.4
16,1568.0
19,1568.2
20,1568.7
1,1569.3
21,1570.3
15,1570.8
24,1571.0
22,1571.3
11,1571.7
0,1574.4
20,1574.7
6,1574.8
16,1575.4
1,1576.5
19,1576.6
4,1576.9
3,1577.0
11,1577.2
22,1578.0
20,1581.0
2,1582.3
9,1582.4
4,1582.4
16,1582.7
11,1583.0
19,1584.9
20,1587.4
4,1588.7
22,1589.0
16,1589.4
11,1589.4
9,1591.1
19,1592.0
6,1594.1
21,1594.6
20,1595.2
28,1595.5
7,1596.4
15,1596.5
16,1596.6
19,1598.5
9,1598.6
6,1601.2
21,1601.5
4,1601.6
11,1602.0
28,1603.3
20,1603.5
19,1604.7
16,1605.0
9,1606.1
6,1607.4
21,1607.4
7,1607.4
15,1607.5
4,1609.4
11,1609.5
28,1610.8
19,1610.9
20,1611.8
21,1613.1
6,1613.5
24,1613.8
16,1614.2
8,1617.1
11,1617.6
19,1617.6
9,1618.3
28,1618.7
21,1618.8
4,1619.0
20,1619.4
6,1620.0
7,1620.7
15,1621.1
24,1623.6
21,1624.5
3,1625.6
0,1626.7
1,1626.9
11,1627.7
6,1629.4
19,1629.5
21,1630.0
24,1631.2
7,1631.5
20,1631.6
16,1631.8
28,1632.2
15,1632.4
4,1633.0
11,1634.6
0,1635.2
1,1635.2
21,1635.3
6,1637.3
19,1638.5
24,1639.9
20,1640.0
4,1640.1
11,1640.7
21,1641.1
28,1641.4
16,1642.4
3,1646.3
11,1646.6
4,1646.8
21,1648.1
1,1648.2
6,1648.7
0,1648.8
19,1648.9
15,1649.0
22,1649.2
7,1649.3
20,1649.8
28,1651.2
29,1651.7
11,1652.3
4,1653.5
24,1655.0
21,1655.7
15,1656.1
1,1656.5
22,1656.6
20,1656.8
17,1657.1
0,1657.2
6,1657.7
28,1658.0
3,1658.9
29,1659.1
4,1659.7
7,1660.4
25,1660.7
19,1661.4
24,1662.2
15,1662.2
21,1662.3
22,1663.3
28,1663.8
20,1663.8
1,1664.5
0,1665.8
4,1665.8
25,1666.3
29,1667.0
17,1667.1
16,1668.1
15,1668.3
6,1668.5
21,1668.6
24,1669.0
7,1669.4
28,1669.5
19,1669.6
22,1670.2
20,1670.7
4,1671.8
25,1672.1
15,1674.8
21,1675.2
16,1675.6
19,1676.1
1,1676.7
22,1677.6
4,1677.8
25,1677.8
20,1678.0
26,1678.9
24,1679.6
28,1680.1
19,1682.1
11,1682.3
15,1682.3
29,1682.6
21,1682.8
25,1683.0
6,1683.1
16,1683.4
4,1683.8
26,1684.8
28,1685.5
2,1686.3
7,1686.6
17,1687.0
11,1688.1
19,1688.5
24,1688.7
15,1688.9
21,1689.5
22,1689.7
20,1689.8
4,1690.0
16,1690.7
26,1690.9
28,1691.3
2,1691.4
29,1692.7
6,1693.9
9,1694.1
15,1695.2
19,1695.3
11,1695.5
21,1695.6
17,1696.0
7,1696.2
28,1696.7
26,1696.9
4,1696.9
25,1698.6
31,1698.8
24,1699.1
16,1701.1
15,1701.6
21,1702.1
28,1702.4
11,1703.0
26,1703.0
19,1703.1
3,1703.2
9,1703.3
25,1703.7
31,1707.5
15,1708.3
28,1708.8
25,1709.3
26,1710.0
11,1710.1
16,1711.2
5,1711.7
21,1711.9
17,1713.2
0,1713.4
27,1713.7
7,1713.8
12,1713.9
24,1714.1
19,1714.6
9,1714.8
15,1715.0
25,1715.1
28,1715.5
3,1715.8
1,1715.8
4,1715.8
29,1716.2
26,1716.3
6,1717.0
5,1717.1
16,1717.7
11,1718.3
21,1718.7
0,1720.4
28,1721.9
17,1722.0
15,1722.1
5,1722.5
24,1723.1
9,1724.0
27,1724.1
29,1724.1
7,1724.3
4,1724.6
21,1724.6
1,1724.9
19,1725.6
6,1726.2
0,1726.8
15,1728.8
28,1728.8
12,1729.6
11,1730.2
21,1730.4
17,1731.2
29,1731.7
4,1731.9
6,1733.5
0,1734.1
12,1734.7
24,1735.8
15,1736.0
21,1736.1
31,1737.8
1,1738.1
11,1738.3
3,1738.8
12,1740.4
4,1740.4
28,1740.8
14,1741.0
6,1742.2
21,1742.3
29,1743.9
15,1745.3
14,1746.5
12,1746.9
21,1748.9
20,1749.0
11,1749.4
19,1750.7
22,1751.3
6,1751.7
17,1752.0
14,1752.3
15,1752.9
29,1753.4
12,1753.7
28,1753.9
31,1754.6
21,1755.0
19,1758.3
0,1758.4
27,1758.6
20,1759.3
15,1759.8
6,1759.8
12,1760.2
21,1760.9
22,1762.0
31,1763.2
28,1764.2
19,1764.8
12,1766.2
9,1766.3
5,1766.8
21,1766.9
0,1767.0
6,1767.5
15,1767.6
27,1769.0
19,1771.0
11,1771.4
12,1771.9
5,1772.1
21,1773.0
0,1773.8
9,1775.4
19,1777.2
29,1777.6
12,1777.8
3,1777.9
15,1778.0
6,1778.8
21,1779.3
11,1779.5
0,1780.9
7,1782.0
12,1784.4
4,1784.6
19,1784.7
15,1785.1
21,1785.3
6,1787.4
29,1787.6
11,1790.9
21,1790.9
12,1791.1
15,1791.4
19,1792.1
0,1792.1
1,1792.9
24,1793.2
7,1793.3
4,1793.6
6,1794.1
21,1796.5
29,1797.3
12,1797.8
15,1798.3
11,1798.4
0,1800.0
19,1800.0
6,1800.5
14,1800.6
1,1800.9
5,1802.0
24,1802.0
21,1802.1
12,1804.3
20,1805.4
15,1805.4
27,1805.4
14,1806.3
0,1806.7
11,1806.9
29,1807.3
6,1807.8
21,1807.9
19,1810.3
12,1810.6
28,1811.2
17,1811.4
24,1812.2
1,1812.3
5,1812.4
14,1812.9
0,1813.3
15,1813.4
21,1813.8
7,1814.3
22,1814.3
20,1815.6
31,1815.9
27,1816.0
29,1816.6
12,1816.7
18,1817.1
19,1817.4
5,1817.9
14,1819.2
28,1819.9
15,1819.9
21,1820.4
9,1820.7
17,1821.1
0,1821.4
22,1822.0
12,1822.6
24,1822.7
5,1823.4
19,1823.6
31,1824.3
4,1824.6
7,1825.2
15,1825.7
20,1825.8
21,1827.1
28,1827.7
12,1828.3
5,1829.1
19,1829.6
1,1829.7
9,1829.9
29,1830.2
15,1831.5
22,1831.5
4,1831.7
20,1833.3
7,1833.4
21,1833.4
5,1835.2
19,1835.9
28,1836.9
15,1837.1
31,1837.9
18,1837.9
4,1838.0
6,1838.5
1,1839.0
21,1839.2
29,1841.4
20,1841.5
24,1841.6
5,1842.1
15,1842.8
4,1845.0
28,1845.1
19,1845.5
7,1846.3
6,1846.6
25,1847.8
15,1849.3
20,1850.5
4,1851.8
28,1852.2
24,1852.3
6,1852.9
12,1854.0
25,1854.1
10,1854.6
20,1857.2
4,1858.3
6,1859.1
28,1859.1
12,1859.7
2,1860.1
24,1860.2
10,1860.5
15,1862.1
7,1863.5
20,1863.7
6,1865.1
4,1865.6
2,1865.8
28,1866.1
12,1866.9
16,1867.9
10,1867.9
9,1868.3
19,1868.9
24,1871.0
15,1871.5
2,1871.6
6,1871.7
20,1872.4
16,1873.9
7,1874.7
10,1875.0
28,1876.3
22,1876.3
25,1877.0
9,1877.0
2,1877.4
15,1878.5
16,1880.0
19,1880.8
6,1882.1
10,1883.3
2,1883.6
7,1883.7
15,1885.3
25,1885.4
16,1886.2
22,1888.4
2,1892.1
16,1893.0
0,1893.1
27,1893.4
5,1894.0
11,1894.9
15,1895.1
25,1895.1
21,1896.1
2,1898.7
16,1899.4
3,1900.4
5,1901.0
11,1901.8
21,1901.9
0,1902.2
25,1902.3
10,1902.5
22,1903.8
14,1903.9
27,1904.3
26,1904.4
2,1904.4
7,1904.6
12,1904.8
1,1905.3
4,1905.3
16,1905.5
29,1905.7
15,1907.2
11,1907.7
21,1907.7
6,1908.3
25,1908.7
28,1908.8
9,1909.3
10,1909.7
26,1909.8
19,1910.3
16,1911.5
4,1912.6
3,1912.9
12,1913.0
31,1913.1
22,1914.2
1,1914.9
15,1915.1
25,1915.1
7,1915.4
26,1915.4
6,1915.4
29,1915.7
10,1916.2
20,1916.7
0,1917.2
16,1917.5
9,1918.7
27,1918.7
12,1919.7
4,1919.8
28,1920.3
19,1921.0
26,1921.1
15,1921.3
6,1921.5
31,1921.9
10,1923.2
22,1923.4
25,1923.6
29,1923.6
7,1923.7
16,1923.7
0,1925.4
12,1925.7
20,1926.6
24,1927.4
6,1927.6
11,1928.4
27,1929.1
16,1930.2
19,1930.3
7,1930.7
12,1931.3
1,1931.9
4,1932.3
28,1932.5
6,1933.5
11,1933.8
10,1933.8
9,1934.0
22,1934.1
20,1935.1
29,1935.3
8,1936.2
12,1936.7
16,1936.7
25,1936.9
0,1936.9
3,1937.5
7,1938.2
19,1938.2
24,1938.4
31,1938.7
11,1939.5
6,1940.3
10,1941.5
12,1942.3
9,1942.3
16,1942.8
20,1943.1
25,1943.9
11,1945.2
19,1945.9
24,1946.3
22,1946.7
10,1948.0
12,1948.4
16,1948.6
27,1950.4
9,1950.9
4,1951.1
15,1951.3
20,1951.6
7,1951.6
28,1952.3
6,1953.4
10,1953.8
16,1954.4
19,1955.1
22,1955.6
15,1956.7
12,1956.8
24,1957.5
4,1959.3
20,1959.4
9,1959.6
10,1959.6
16,1960.6
19,1962.0
15,1963.0
22,1963.3
28,1963.5
10,1965.5
11,1965.9
16,1966.8
19,1968.7
21,1970.6
22,1970.9
20,1971.1
11,1971.2
4,1971.5
10,1972.4
16,1972.6
15,1975.1
19,1975.7
21,1976.0
29,1976.8
11,1977.3
24,1977.3
20,1978.2
16,1978.5
28,1978.6
3,1979.6
4,1979.8
21,1981.8
22,1982.9
6,1982.9
11,1983.4
15,1983.5
16,1984.7
20,1984.7
19,1985.8
4,1986.5
29,1987.5
21,1987.8
24,1987.9
25,1988.2
7,1989.3
11,1989.5
0,1989.5
27,1989.7
15,1990.3
12,1990.5
28,1990.7
20,1990.9
1,1991.1
16,1991.2
3,1991.6
22,1991.8
4,1992.6
25,1993.5
6,1993.7
21,1994.0
29,1995.5
11,1996.5
15,1996.7
24,1996.9
20,1997.2
0,1997.4
10,1997.5
12,1997.6
1,1998.2
16,1998.2
4,1998.5
25,1999.4
7,2000.1
27,2000.2
21,2001.0
11,2002.7
22,2003.2
20,2003.6
12,2003.8
24,2004.1
15,2004.2
0,2004.3
1,2004.5
4,2004.6
16,2005.0
10,2005.5
25,2005.6
6,2005.7
29,2007.1
19,2008.2
11,2008.5
12,2009.9
1,2011.2
20,2011.4
25,2011.9
0,2012.3
24,2012.5
22,2012.7
4,2012.8
16,2012.8
21,2013.5
11,2014.0
10,2015.3
26,2015.9
19,2015.9
12,2016.9
6,2017.1
25,2018.3
0,2019.5
11,2019.6
16,2019.9
1,2022.1
19,2022.5
10,2022.6
12,2023.7
22,2024.5
25,2024.9
11,2025.9
15,2026.5
0,2026.8
7,2027.0
16,2027.2
29,2027.2
4,2027.4
21,2028.5
19,2029.5
12,2029.9
1,2030.1
10,2030.6
25,2031.7
11,2032.5
22,2032.7
6,2033.5
16,2034.3
15,2034.6
4,2034.8
0,2035.7
12,2035.9
27,2036.1
18,2037.3
7,2038.1
25,2038.2
29,2038.4
11,2039.1
1,2039.3
16,2040.5
10,2040.8
21,2041.1
4,2041.1
20,2041.6
28,2042.1
12,2042.3
0,2042.5
24,2042.5
19,2042.6
18,2042.8
9,2043.0
15,2044.1
25,2044.2
22,2045.0
6,2045.3
27,2046.3
16,2046.3
11,2046.6
29,2047.1
4,2047.3
10,2047.6
0,2048.7
20,2049.3
21,2049.9
25,2050.0
28,2050.3
17,2050.4
24,2050.6
14,2051.3
12,2051.8
16,2051.9
9,2052.4
15,2052.4
19,2053.3
10,2053.4
4,2053.5
11,2053.8
29,2055.1
20,2055.5
0,2055.5
25,2055.8
28,2056.9
14,2057.0
24,2057.3
22,2057.5
12,2058.7
10,2058.9
17,2059.9
4,2060.0
11,2060.8
20,2061.2
19,2061.2
25,2061.6
21,2062.0
14,2062.6
29,2062.7
28,2062.9
24,2063.6
10,2064.4
12,2064.8
15,2065.4
4,2066.1
0,2066.4
25,2067.3
22,2067.4
14,2068.1
7,2069.0
19,2069.8
11,2070.0
17,2070.2
24,2070.5
12,2070.7
4,2071.9
1,2072.7
29,2072.7
15,2072.7
0,2074.7
22,2075.3
21,2075.3
12,2076.6
7,2077.8
24,2078.3
6,2078.9
15,2079.2
17,2080.3
3,2080.9
1,2081.7
29,2081.7
11,2082.1
9,2083.3
19,2083.5
22,2083.7
24,2084.9
15,2086.3
6,2087.2
0,2087.6
31,2087.9
3,2088.6
11,2088.7
17,2089.1
22,2090.9
19,2091.0
24,2091.1
27,2091.9
20,2091.9
9,2092.6
14,2094.2
11,2094.5
6,2094.9
3,2095.9
17,2096.7
20,2097.1
24,2097.5
22,2097.5
19,2099.1
15,2099.3
14,2100.0
21,2101.6
7,2102.2
1,2102.6
6,2102.7
20,2102.9
29,2104.1
24,2104.5
22,2104.7
3,2105.5
14,2106.2
17,2106.8
16,2107.3
20,2108.8
21,2109.1
6,2109.3
0,2109.9
11,2110.4
1,2112.4
14,2112.7
29,2113.5
22,2114.1
15,2114.1
6,2115.5
21,2115.6
11,2115.8
7,2116.0
19,2117.5
24,2118.1
0,2118.6
14,2119.0
31,2120.5
15,2121.3
11,2121.7
1,2122.4
6,2122.6
21,2122.7
22,2122.7
16,2122.9
29,2124.3
19,2124.6
14,2124.9
15,2127.8
16,2128.2
31,2128.8
24,2128.8
11,2129.2
6,2129.7
22,2130.2
19,2130.7
21,2131.2
1,2132.7
16,2133.8
20,2134.4
15,2135.4
19,2136.9
28,2137.3
6,2137.5
16,2139.5
20,2139.8
22,2139.9
31,2141.8
11,2142.7
3,2142.8
28,2143.3
19,2144.6
16,2145.3
29,2145.7
20,2146.0
21,2146.4
1,2146.6
15,2149.1
24,2149.3
17,2149.5
28,2149.6
11,2149.7
6,2149.8
22,2150.3
14,2150.5
16,2151.8
29,2153.1
1,2154.0
21,2154.0
0,2154.0
3,2154.3
11,2155.7
28,2156.1
14,2156.3
24,2156.8
15,2157.4
16,2158.3
20,2158.4
17,2158.8
22,2159.3
29,2159.9
1,2160.6
21,2161.3
0,2162.8
14,2163.5
24,2163.6
28,2163.8
16,2164.8
3,2165.8
1,2167.8
15,2168.9
29,2169.0
24,2171.6
21,2173.1
20,2173.6
16,2174.5
4,2174.6
19,2176.9
22,2177.2
14,2178.4
1,2179.5
24,2179.7
4,2180.6
7,2181.2
15,2181.5
22,2184.3
19,2184.4
20,2185.3
14,2185.5
0,2186.1
24,2186.6
16,2187.5
28,2187.9
17,2188.1
1,2189.5
4,2189.7
15,2189.8
22,2190.5
14,2191.8
7,2192.7
19,2192.8
24,2192.8
0,2193.1
21,2193.7
6,2194.2
31,2195.8
28,2195.8
17,2196.4
22,2196.5
15,2196.5
16,2197.4
14,2197.9
4,2198.1
1,2198.5
24,2198.5
0,2199.6
19,2200.4
21,2201.7
7,2201.8
15,2202.4
22,2202.6
29,2203.1
14,2203.6
24,2203.9
31,2204.4
28,2204.8
6,2205.0
18,2205.5
17,2207.6
15,2208.2
0,2208.4
21,2208.7
14,2208.9
19,2209.0
22,2209.2
24,2209.4
4,2209.9
18,2211.1
27,2211.8
16,2212.6
29,2213.7
15,2213.8
14,2214.0
6,2214.1
21,2215.0
24,2215.2
7,2215.2
20,2215.8
0,2215.8
3,2216.7
28,2216.8
22,2216.9
4,2217.0
19,2217.4
18,2217.5
15,2219.4
16,2220.0
1,2220.9
21,2221.3
24,2221.4
6,2221.5
27,2221.7
0,2222.1
20,2223.1
29,2223.6
4,2223.9
22,2224.1
18,2224.2
28,2224.6
15,2224.9
19,2226.1
3,2226.1
7,2226.2
16,2226.8
21,2227.7
24,2228.0
0,2228.4
6,2228.8
20,2229.4
15,2230.7
22,2231.1
4,2231.8
18,2232.4
19,2233.1
28,2233.4
20,2235.5
16,2235.5
29,2235.6
6,2235.6
0,2236.0
21,2236.1
1,2236.8
24,2237.0
15,2237.3
22,2237.7
4,2238.7
9,2238.9
19,2239.3
18,2240.0
20,2242.4
6,2242.9
0,2243.2
21,2243.3
1,2243.9
29,2244.3
24,2244.8
4,2245.0
22,2245.1
28,2245.2
19,2245.3
18,2246.6
9,2248.4
20,2249.3
6,2249.5
21,2249.7
16,2249.9
1,2250.1
0,2250.5
4,2250.9
19,2251.6
29,2251.7
28,2252.1
22,2252.3
18,2252.5
24,2253.6
6,2255.7
20,2255.8
21,2255.9
1,2256.4
16,2256.8
0,2256.9
9,2257.7
28,2258.0
27,2258.1
19,2258.2
22,2258.9
29,2260.9
20,2261.8
6,2262.2
15,2262.2
16,2262.8
0,2262.9
21,2263.2
28,2263.9
1,2264.0
22,2265.0
19,2265.1
9,2266.3
24,2266.6
7,2266.9
20,2267.9
27,2268.5
0,2268.6
16,2268.7
29,2269.0
6,2269.1
28,2269.6
15,2269.7
21,2270.5
22,2270.7
1,2271.3
16,2274.4
20,2274.5
0,2274.6
19,2275.1
28,2275.3
29,2275.9
15,2276.8
7,2277.4
21,2278.5
1,2278.8
6,2279.7
28,2281.1
20,2281.6
0,2281.6
29,2283.4
15,2286.3
22,2286.6
28,2287.4
21,2288.7
29,2290.8
1,2291.1
20,2291.2
22,2292.0
24,2292.3
15,2294.1
0,2295.8
28,2297.6
22,2297.9
21,2298.4
1,2298.9
24,2299.5
29,2299.7
4,2299.9
20,2301.0
15,2303.9
22,2303.9
0,2304.2
4,2305.4
24,2305.5
1,2306.9
14,2307.9
20,2308.2
22,2310.0
28,2310.0
6,2310.2
0,2310.7
4,2311.1
24,2311.4
29,2312.5
14,2313.5
20,2314.5
1,2315.1
22,2316.5
0,2316.6
28,2317.2
24,2317.2
14,2319.2
6,2319.6
20,2320.3
29,2321.5
0,2322.7
1,2322.8
24,2323.1
22,2323.5
28,2323.9
15,2324.4
14,2324.8
17,2325.1
21,2325.2
29,2328.9
24,2328.9
0,2329.2
28,2330.2
14,2330.9
16,2331.4
4,2331.8
15,2333.6
17,2333.9
1,2334.5
24,2334.6
22,2335.2
28,2336.2
21,2336.3
4,2337.0
29,2338.3
6,2338.6
0,2339.9
14,2340.0
24,2340.3
19,2341.1
15,2341.8
28,2342.4
4,2342.6
1,2342.8
17,2344.9
20,2345.3
24,2346.1
21,2346.8
31,2347.5
0,2347.6
4,2348.2
14,2348.4
18,2348.7
6,2348.9
15,2349.2
29,2349.6
1,2350.4
28,2350.5
20,2350.6
27,2351.0
19,2351.4
24,2352.0
22,2353.0
7,2353.8
4,2354.2
0,2354.3
21,2354.3
18,2354.4
14,2355.0
15,2355.5
6,2355.8
3,2355.8
31,2356.0
20,2356.7
24,2358.1
19,2358.5
28,2359.4
29,2359.4
18,2360.3
21,2360.7
14,2360.9
0,2361.1
15,2361.3
4,2361.6
27,2361.8
6,2361.9
1,2362.0
9,2362.8
31,2363.7
22,2363.9
19,2364.9
3,2365.2
7,2365.3
21,2366.5
20,2366.7
24,2366.7
15,2367.0
6,2367.8
28,2369.6
0,2370.4
29,2370.7
19,2371.6
9,2372.2
15,2372.4
31,2372.8
4,2373.3
15,2377.8
19,2378.0
22,2379.3
28,2380.2
20,2381.1
4,2381.2
31,2382.5
29,2383.0
15,2383.4
1,2383.7
11,2384.7
16,2385.1
19,2385.1
3,2385.4
22,2387.4
28,2387.7
4,2388.1
20,2388.7
15,2388.8
16,2390.6
11,2390.6
21,2391.9
19,2392.3
29,2392.4
31,2394.2
15,2394.5
28,2394.6
4,2394.7
24,2395.3
17,2395.4
22,2395.5
20,2396.6
16,2396.8
21,2397.7
7,2397.9
11,2399.7
15,2400.9
28,2401.1
0,2401.8
2,2402.0
27,2402.1
4,2402.6
19,2402.8
16,2403.4
17,2405.0
21,2405.3
24,2405.9
11,2407.2
28,2407.9
26,2408.5
16,2409.8
0,2410.5
27,2412.1
4,2412.5
20,2413.7
26,2413.8
15,2414.1
28,2414.5
22,2414.6
29,2414.7
24,2414.7
11,2415.0
16,2416.2
7,2416.5
21,2417.7
10,2419.1
26,2419.5
19,2420.4
15,2421.1
20,2421.8
28,2421.9
4,2422.5
29,2422.8
22,2422.8
16,2423.2
24,2424.4
10,2424.5
21,2424.7
11,2425.4
26,2425.4
7,2425.5
3,2426.8
15,2427.0
17,2427.3
28,2428.2
20,2428.4
22,2429.2
16,2429.7
29,2430.0
10,2430.3
19,2430.9
21,2430.9
24,2431.4
26,2431.4
15,2432.7
4,2432.8
11,2432.9
3,2434.8
20,2434.9
22,2435.0
10,2435.7
16,2435.7
7,2436.2
17,2436.5
21,2436.8
29,2437.0
26,2437.4
24,2438.2
11,2439.2
22,2440.8
10,2441.0
16,2441.8
3,2442.4
20,2442.9
21,2443.0
26,2443.7
28,2444.3
18,2444.3
24,2444.6
11,2445.0
7,2446.0
29,2446.3
10,2446.5
22,2446.6
16,2449.4
28,2449.5
18,2449.7
26,2450.3
21,2450.7
11,2451.1
24,2451.3
22,2452.6
10,2452.7
20,2452.7
2,2454.8
3,2455.0
28,2455.4
18,2455.8
7,2456.2
26,2456.8
11,2457.9
22,2459.4
24,2459.9
2,2460.8
10,2462.3
20,2462.7
0,2462.7
26,2462.7
18,2462.7
28,2463.2
16,2463.3
1,2464.3
21,2464.6
17,2464.8
11,2464.9
29,2465.6
24,2466.5
2,2467.5
10,2468.9
18,2469.1
12,2469.7
0,2469.7
28,2469.8
16,2470.7
21,2471.6
11,2471.7
24,2472.4
1,2472.7
17,2474.3
10,2474.6
2,2474.9
18,2475.1
29,2475.4
12,2475.5
28,2476.0
0,2476.1
20,2477.8
16,2477.8
24,2477.9
21,2478.0
11,2479.7
10,2479.9
19,2480.3
27,2480.4
22,2480.7
12,2481.6
2,2481.9
0,2482.4
28,2482.5
15,2482.9
24,2483.6
3,2483.6
16,2484.4
21,2484.6
10,2485.2
1,2485.7
12,2487.5
20,2487.9
11,2488.0
19,2488.1
15,2488.4
0,2488.6
2,2488.9
24,2489.7
28,2490.4
27,2490.7
10,2490.8
22,2491.7
16,2491.8
3,2492.8
21,2492.9
26,2493.1
15,2494.7
11,2495.5
2,2495.9
0,2496.0
10,2497.1
19,2497.8
24,2498.6
26,2498.9
16,2499.1
9,2500.5
20,2501.4
2,2502.3
11,2502.4
10,2503.4
26,2504.9
19,2506.0
15,2507.6
16,2507.8
12,2508.2
30,2508.7
6,2508.8
21,2509.6
11,2509.6
10,2509.8
9,2509.9
28,2510.2
26,2511.4
4,2512.4
3,2512.6
12,2513.7
1,2514.2
22,2514.4
7,2515.6
19,2516.2
15,2516.5
21,2517.4
10,2517.4
11,2517.5
26,2518.1
12,2518.9
28,2520.7
22,2521.8
19,2523.6
3,2523.7
4,2523.8
11,2524.0
12,2524.3
21,2524.5
16,2524.6
15,2524.6
10,2524.8
26,2524.8
24,2525.2
17,2525.3
7,2527.1
28,2527.8
22,2528.1
12,2529.8
11,2530.0
29,2530.9
21,2531.4
1,2531.5
10,2531.6
26,2531.6
19,2531.7
4,2532.0
22,2534.1
16,2534.3
28,2534.4
17,2534.8
24,2535.0
3,2535.0
12,2535.6
11,2535.7
15,2537.5
10,2538.1
21,2538.4
19,2539.2
4,2539.2
26,2539.5
20,2539.7
22,2540.4
1,2540.8
28,2541.0
11,2541.1
29,2541.2
16,2541.5
27,2542.0
10,2545.6
4,2545.7
19,2546.2
11,2546.4
26,2547.4
28,2547.9
16,2548.1
20,2548.3
22,2548.3
21,2548.7
7,2549.6
11,2552.0
4,2552.5
19,2552.6
15,2552.9
26,2554.6
16,2554.9
22,2555.2
10,2557.8
0,2557.8
7,2558.1
11,2558.4
19,2558.7
28,2558.7
15,2559.9
21,2560.3
26,2560.7
16,2561.2
22,2561.8
20,2561.8
4,2562.5
19,2564.9
7,2565.5
10,2566.1
15,2566.3
0,2566.6
16,2567.5
11,2568.0
22,2568.3
21,2568.6
4,2570.2
20,2570.2
12,2570.3
28,2571.5
19,2572.7
10,2573.1
15,2573.6
7,2574.4
22,2574.7
16,2574.9
12,2576.0
11,2576.8
6,2577.4
4,2577.5
20,2578.2
21,2580.2
10,2580.6
0,2581.7
22,2581.9
27,2582.1
2,2582.6
12,2582.9
16,2583.0
6,2583.4
28,2584.5
11,2585.5
10,2587.4
9,2587.7
2,2587.8
15,2588.3
29,2588.4
4,2588.4
19,2588.9
22,2589.6
0,2590.1
21,2590.8
16,2591.8
27,2592.4
6,2592.5
10,2593.9
9,2597.1
15,2597.6
11,2598.7
29,2599.4
10,2600.4
6,2601.0
22,2601.2
19,2601.2
7,2601.4
20,2601.9
12,2601.9
28,2602.0
21,2602.9
4,2603.7
15,2604.5
0,2608.3
12,2608.7
26,2608.8
22,2608.9
16,2609.2
20,2609.3
10,2609.3
29,2609.4
28,2610.1
19,2611.0
15,2611.2
7,2612.4
4,2612.6
26,2614.1
20,2615.7
6,2616.3
22,2616.6
16,2617.2
2,2617.3
28,2618.3
4,2619.2
15,2620.0
26,2620.1
19,2620.6
21,2620.9
7,2621.3
20,2621.7
29,2622.2
2,2623.0
6,2623.4
22,2623.9
11,2624.7
3,2625.0
28,2625.2
4,2625.2
17,2625.9
24,2625.9
10,2626.3
26,2626.4
15,2626.8
20,2627.6
16,2627.6
7,2628.7
19,2628.7
21,2629.2
6,2629.7
2,2629.9
18,2630.4
4,2630.9
28,2631.6
22,2631.8
26,2632.5
15,2632.7
20,2633.1
3,2634.1
11,2634.1
17,2634.6
0,2634.8
24,2634.8
10,2635.1
27,2635.2
7,2635.7
6,2635.8
18,2636.0
21,2636.6
2,2636.6
4,2636.9
16,2637.0
28,2637.7
26,2638.4
20,2638.6
15,2638.9
29,2640.5
22,2640.6
19,2641.5
18,2641.7
6,2641.7
24,2642.3
7,2642.8
4,2643.2
21,2643.3
0,2643.7
2,2643.7
28,2643.8
26,2643.8
16,2643.8
1,2644.8
27,2645.5
15,2645.6
17,2645.9
10,2647.1
18,2647.6
6,2647.7
29,2648.3
26,2649.3
4,2649.3
28,2649.5
21,2649.6
16,2649.9
22,2650.1
2,2650.8
0,2651.1
24,2651.6
11,2651.9
1,2652.0
7,2653.4
18,2653.7
10,2654.0
15,2654.7
6,2654.8
16,2655.7
29,2655.9
21,2656.4
19,2656.7
0,2657.6
22,2657.8
1,2658.5
2,2659.2
24,2659.3
18,2659.8
11,2659.9
10,2659.9
3,2661.1
16,2661.2
0,2663.6
19,2663.8
1,2665.3
31,2665.4
10,2665.7
22,2665.8
16,2666.3
6,2666.4
18,2666.5
15,2666.9
9,2667.2
21,2667.5
29,2667.7
2,2668.1
24,2669.2
19,2669.9
28,2669.9
0,2670.1
11,2670.9
10,2671.6
16,2671.8
18,2673.0
31,2674.0
17,2674.4
1,2674.6
2,2674.9
9,2675.7
19,2675.9
6,2675.9
15,2677.1
21,2677.4
24,2677.4
29,2677.5
16,2677.9
18,2679.4
0,2681.0
2,2681.1
19,2682.2
1,2682.5
9,2683.0
6,2683.5
17,2683.9
20,2685.4
18,2685.4
2,2686.9
24,2687.6
16,2687.7
21,2688.8
29,2689.4
19,2689.4
20,2690.8
18,2691.3
1,2691.4
15,2692.5
2,2692.7
9,2692.7
7,2692.8
22,2693.0
6,2694.0
25,2694.8
28,2695.3
20,2696.7
18,2697.1
16,2697.4
17,2697.6
2,2698.4
24,2698.5
21,2699.6
15,2699.7
29,2699.9
1,2700.5
28,2700.8
22,2703.1
18,2703.3
20,2703.5
11,2703.9
7,2704.1
2,2704.1
16,2704.6
19,2704.7
15,2705.8
28,2706.3
31,2706.3
17,2707.1
21,2707.4
29,2707.7
18,2709.3
2,2709.5
24,2709.8
6,2709.8
22,2710.0
20,2710.8
1,2711.7
15,2711.8
28,2711.9
16,2712.2
19,2712.2
11,2713.1
21,2713.9
9,2714.0
31,2714.6
18,2715.2
17,2715.7
22,2716.3
6,2716.9
15,2717.7
29,2718.0
19,2718.7
24,2719.5
16,2719.5
11,2719.8
1,2719.9
21,2720.0
3,2721.0
22,2722.3
6,2722.8
20,2723.0
9,2723.2
17,2723.5
15,2724.4
19,2725.8
21,2725.9
11,2725.9
29,2726.2
16,2726.3
1,2727.5
31,2727.8
6,2728.4
22,2728.6
3,2729.5
20,2731.0
24,2731.1
21,2731.6
11,2732.0
19,2732.8
16,2734.0
15,2734.5
17,2736.4
22,2736.9
21,2737.4
1,2737.5
29,2738.2
11,2738.5
20,2738.8
19,2739.7
16,2741.4
3,2742.8
7,2743.6
21,2744.1
22,2744.6
0,2745.2
11,2745.4
20,2746.1
24,2747.2
16,2748.0
17,2748.6
9,2749.1
19,2749.4
22,2751.4
20,2752.5
11,2752.8
31,2752.9
29,2753.0
0,2753.5
15,2753.6
6,2753.9
16,2754.2
21,2754.4
1,2755.9
24,2756.0
27,2756.1
7,2756.7
9,2756.9
19,2757.7
22,2758.2
20,2758.5
6,2759.2
17,2759.3
11,2759.6
0,2759.9
29,2762.1
21,2762.2
15,2762.6
24,2763.4
1,2763.9
22,2764.4
19,2764.4
9,2764.6
20,2764.8
6,2765.2
11,2766.0
27,2766.0
7,2769.3
22,2770.3
19,2770.7
6,2771.5
24,2771.9
20,2771.9
21,2771.9
11,2772.2
9,2773.7
1,2773.8
15,2775.6
22,2775.9
19,2776.7
29,2777.0
6,2778.1
11,2778.5
21,2780.2
0,2780.8
22,2781.5
3,2781.9
19,2782.4
15,2783.9
9,2784.4
11,2784.5
0,2786.1
6,2786.6
22,2787.0
29,2787.1
19,2788.0
7,2788.1
21,2790.3
11,2790.4
15,2790.5
28,2790.7
0,2792.2
3,2792.2
9,2792.6
22,2792.7
20,2793.2
19,2793.8
27,2795.9
28,2796.2
11,2796.4
15,2796.9
4,2797.6
22,2798.3
7,2798.5
0,2798.6
19,2799.8
9,2802.2
4,2802.8
28,2802.9
11,2803.2
15,2803.4
22,2804.1
1,2804.4
24,2804.6
0,2804.7
27,2805.8
31,2805.8
19,2805.9
7,2807.2
4,2808.9
6,2809.2
3,2809.4
11,2809.4
15,2809.5
22,2809.9
0,2810.6
19,2812.4
1,2812.5
24,2813.5
31,2814.3
15,2815.4
22,2815.5
0,2816.2
4,2816.8
20,2817.4
27,2817.7
6,2817.8
3,2817.9
28,2818.3
29,2820.3
22,2821.0
19,2821.8
15,2821.8
0,2821.8
4,2823.6
1,2823.7
20,2824.6
28,2825.7
24,2825.7
22,2826.2
27,2826.6
31,2827.7
29,2829.4
4,2829.7
3,2830.0
20,2830.9
6,2831.0
15,2831.3
22,2831.6
28,2832.5
1,2833.3
24,2835.1
4,2836.0
27,2836.7
22,2836.8
20,2837.3
19,2840.3
28,2840.8
22,2842.3
1,2843.8
4,2844.0
9,2844.5
20,2846.2
3,2846.6
19,2847.4
22,2847.8
22,2853.4
19,2853.8
31,2853.8
9,2853.9
15,2853.9
16,2856.3
0,2856.8
3,2857.4
22,2859.4
19,2861.9
16,2862.2
31,2862.3
0,2862.5
15,2864.4
22,2868.3
16,2868.4
0,2868.4
4,2868.6
6,2868.6
28,2870.4
20,2870.5
29,2871.2
0,2874.5
19,2874.7
16,2874.9
22,2875.0
4,2876.4
28,2878.0
20,2878.2
6,2879.1
22,2880.8
29,2880.8
0,2881.7
19,2882.6
4,2884.0
16,2885.1
15,2885.1
21,2885.1
7,2885.2
22,2886.3
28,2886.7
20,2886.9
6,2887.3
29,2888.9
19,2889.0
11,2891.3
22,2891.9
21,2892.2
15,2892.4
7,2894.5
6,2895.0
19,2895.2
4,2896.5
11,2896.7
22,2897.3
29,2898.5
21,2898.5
15,2899.2
19,2902.1
6,2902.4
11,2902.7
28,2902.9
22,2903.0
7,2903.0
21,2904.6
15,2907.0
12,2907.6
22,2908.6
11,2908.7
6,2909.4
2,2909.4
21,2910.3
1,2910.4
4,2911.5
3,2911.6
29,2912.3
28,2914.1
22,2914.1
2,2914.8
11,2914.9
24,2915.6
20,2915.8
6,2916.0
7,2916.1
15,2916.5
9,2917.8
19,2918.6
4,2918.9
1,2919.5
3,2919.8
29,2920.2
11,2920.8
23,2921.7
28,2922.3
6,2922.8
20,2923.5
4,2925.4
23,2927.2
24,2927.2
9,2927.3
3,2927.5
29,2927.7
28,2929.1
19,2929.2
17,2929.8
22,2929.8
20,2930.0
6,2932.0
4,2933.0
23,2933.5
24,2934.3
22,2935.1
28,2935.6
18,2936.5
0,2936.7
20,2936.7
16,2936.8
19,2938.0
17,2939.1
21,2939.4
2,2939.6
23,2939.7
6,2940.0
4,2940.3
24,2940.7
3,2940.9
22,2940.9
29,2941.3
11,2941.6
28,2941.8
9,2944.2
16,2944.5
21,2945.1
0,2945.8
19,2945.9
23,2946.0
24,2947.1
17,2947.2
11,2947.3
20,2947.5
28,2947.9
22,2948.6
4,2949.6
6,2950.6
16,2951.4
21,2952.0
19,2952.7
23,2953.3
11,2953.4
9,2953.7
3,2954.2
28,2954.6
30,2954.8
24,2955.1
16,2957.8
6,2958.3
4,2958.4
11,2959.3
19,2959.9
23,2959.9
30,2960.0
3,2963.0
16,2964.8
11,2965.0
6,2965.3
23,2966.1
28,2966.6
19,2968.7
22,2969.0
4,2969.1
11,2970.7
23,2972.0
6,2974.3
19,2976.0
15,2976.1
7,2976.7
22,2977.0
16,2977.1
11,2977.1
23,2978.0
0,2979.7
1,2979.8
24,2980.1
21,2981.4
15,2983.3
11,2983.5
23,2983.7
19,2984.3
7,2984.3
22,2984.9
6,2988.2
1,2988.4
18,2988.6
0,2988.6
23,2989.0
24,2989.2
21,2989.6
15,2989.9
11,2990.3
16,2991.5
7,2992.6
18,2994.0
23,2994.2
12,2995.7
22,2996.1
19,2996.3
4,2996.8
29,2997.3
1,2997.4
21,2997.6
26,2997.6
15,2998.3
6,2999.1
23,2999.7
11,2999.7
