23,34.2
112,35.0
349,35.2
76,36.0
165,36.1
171,37.4
164,37.5
11,37.9
213,37.9
115,39.0
170,39.3
185,40.4
78,40.4
360,41.3
361,41.3
130,42.2
29,42.7
349,43.2
271,45.6
112,46.4
168,47.2
165,47.6
315,49.1
353,49.1
367,50.0
324,50.4
75,50.5
303,50.7
23,51.0
37,51.7
58,51.9
153,52.0
320,52.7
208,52.8
22,52.9
11,53.3
100,53.5
164,53.7
26,54.4
130,54.4
29,54.5
366,55.3
171,55.5
358,55.8
349,55.9
114,55.9
24,56.0
126,56.1
19,56.8
3,57.2
115,57.3
68,57.3
112,57.3
348,57.4
222,57.7
271,57.7
338,57.9
265,57.9
40,58.0
28,58.2
308,58.5
168,58.8
170,58.9
23,59.2
324,59.4
12,59.5
337,59.5
339,59.5
160,60.2
299,60.2
301,60.6
1,60.8
22,61.2
165,61.4
153,62.3
315,62.6
76,62.7
63,62.9
57,63.1
208,63.7
171,63.9
37,64.2
226,64.3
249,64.7
124,64.8
74,65.1
26,65.5
258,65.6
162,66.1
198,66.2
349,66.4
199,66.7
68,67.0
31,67.1
20,67.4
15,67.8
303,67.9
72,67.9
164,67.9
320,68.0
11,68.3
293,68.6
308,68.6
350,68.8
253,69.5
361,70.3
19,70.5
216,71.4
265,71.4
301,71.7
149,72.0
24,72.2
271,72.5
58,72.8
73,72.9
114,73.1
170,73.3
23,74.0
366,74.1
160,74.4
177,74.6
338,74.6
353,75.3
171,76.0
168,76.6
251,76.8
150,76.9
3,77.6
184,77.7
22,77.7
299,77.8
308,78.0
367,78.1
97,78.4
202,78.7
342,78.9
242,79.3
68,79.6
349,79.9
253,80.0
57,80.4
343,80.7
265,81.0
112,81.6
185,81.7
266,81.8
167,82.1
23,82.5
346,82.5
208,82.8
361,83.1
26,83.5
170,84.5
79,85.0
154,85.2
345,85.5
40,85.6
165,86.5
114,87.1
177,87.2
366,87.3
78,87.3
149,87.4
171,87.6
278,87.7
229,87.8
271,87.9
15,88.1
9,90.1
213,90.7
12,93.3
308,97.2
372,98.8
140,101.7
269,109.7
233,110.2
19,114.1
26,117.0
63,117.8
75,118.5
354,118.7
162,120.0
299,122.5
160,122.9
355,123.1
15,124.7
226,124.9
157,125.8
113,126.0
340,132.2
58,133.1
50,134.4
19,134.9
355,137.5
126,137.6
105,141.5
133,141.6
75,142.5
181,142.6
311,142.7
266,142.8
115,143.1
72,143.2
76,143.3
85,143.8
157,144.3
367,146.1
164,146.6
33,146.9
40,147.1
233,147.8
232,149.6
339,150.0
88,150.0
366,151.0
266,151.6
32,151.7
210,152.0
22,152.2
354,152.7
326,153.8
75,156.9
23,157.2
72,157.4
311,158.5
299,158.5
181,160.5
76,161.5
276,163.3
121,164.1
85,164.5
367,165.4
213,166.0
124,167.8
210,169.2
208,169.6
130,172.7
278,175.9
171,177.2
233,178.9
58,179.3
255,179.5
353,179.6
11,181.4
303,182.2
109,183.6
208,183.6
130,186.2
349,186.4
157,188.2
344,188.6
154,189.3
353,189.4
100,189.6
97,189.9
233,191.0
232,192.1
301,192.4
181,192.8
164,193.0
76,193.3
311,194.7
210,194.8
266,195.3
130,195.6
116,196.1
11,196.8
354,196.9
324,197.5
113,197.6
171,198.2
40,198.2
226,198.4
320,201.4
72,201.4
355,201.4
115,202.3
33,202.4
233,202.6
353,202.9
271,203.0
232,203.2
273,203.6
24,204.2
26,205.9
266,207.0
345,207.6
76,208.3
257,208.6
133,209.9
361,211.4
280,212.5
23,212.9
367,215.0
40,215.3
210,217.3
256,220.9
115,222.9
367,223.0
358,224.2
271,224.4
168,225.0
26,225.4
382,225.5
116,226.4
315,227.2
366,227.4
29,227.4
41,229.2
265,229.2
167,229.2
266,229.6
269,229.7
24,231.3
114,231.5
367,232.0
349,232.3
308,232.5
9,233.2
184,233.3
162,233.4
154,233.6
32,233.7
165,235.7
76,235.9
326,236.4
301,236.8
116,237.0
372,237.3
213,237.8
271,238.1
229,238.3
12,239.4
160,239.5
299,240.2
208,240.4
124,242.3
157,242.5
58,243.2
175,243.5
308,243.5
154,243.8
2,244.2
168,244.5
301,244.8
382,244.8
353,245.4
171,245.5
233,245.8
19,245.9
345,245.9
116,246.0
177,247.2
153,247.4
367,248.0
271,248.4
79,248.4
173,248.8
358,249.3
303,250.0
83,250.7
326,250.8
361,251.6
150,252.4
233,253.4
133,253.6
301,254.2
124,254.5
157,255.0
222,255.1
76,255.1
140,255.3
168,255.4
113,255.4
372,256.1
115,256.5
126,257.1
75,257.1
315,257.5
29,257.6
293,257.6
130,257.8
39,258.0
324,258.2
353,258.3
8,258.6
134,258.9
349,259.1
271,259.5
325,259.6
287,259.9
83,260.2
265,260.3
165,260.8
354,261.6
363,262.1
164,262.1
26,262.2
326,262.2
11,262.5
230,262.8
311,262.9
233,263.0
85,263.0
344,263.7
329,264.1
112,264.9
239,265.7
260,265.8
321,265.9
361,266.0
124,266.0
115,266.7
168,266.9
116,267.5
76,267.6
58,267.7
222,267.9
338,268.2
160,268.3
133,268.4
75,268.4
358,268.6
353,268.7
165,268.9
223,269.0
23,269.0
173,269.6
208,269.9
5,270.0
63,270.3
246,270.5
139,271.1
355,271.7
367,272.1
126,272.1
354,272.1
164,272.3
181,272.6
117,273.3
29,274.8
134,275.4
233,275.9
109,276.2
342,276.5
299,276.6
301,276.7
315,277.0
26,277.0
113,278.9
346,279.4
0,280.2
266,280.7
34,280.9
265,281.3
343,283.0
76,285.3
23,285.4
153,287.1
233,288.9
311,289.2
83,289.4
19,291.5
72,294.8
361,296.0
23,297.2
171,298.0
76,298.7
222,299.3
266,299.4
112,300.2
164,300.8
170,301.3
165,301.5
178,301.5
124,302.3
58,302.4
187,304.5
229,304.7
233,305.1
223,306.9
74,307.0
173,307.4
185,308.1
184,308.7
367,309.1
222,310.3
140,310.7
126,311.3
29,311.4
236,311.5
283,313.2
171,313.6
308,318.2
301,319.7
353,319.8
232,321.2
23,321.9
124,322.1
266,323.2
116,323.9
181,326.1
343,326.3
97,327.6
160,328.9
154,329.4
346,333.3
345,336.0
361,337.9
115,339.1
116,341.3
15,342.9
168,344.1
113,344.7
256,345.3
367,345.6
355,345.8
157,348.3
133,348.7
247,349.1
26,350.9
171,351.1
115,352.1
308,352.5
154,353.1
15,353.6
301,353.6
58,355.0
170,356.7
353,357.7
11,358.8
210,360.8
303,362.1
256,362.2
312,362.6
160,363.2
208,363.5
162,364.3
26,365.1
20,365.3
354,365.4
130,365.6
174,365.7
75,366.0
114,366.9
311,368.1
353,368.6
349,368.6
85,373.1
266,373.3
164,374.6
233,375.9
115,377.3
308,377.9
68,379.3
63,379.5
265,379.5
160,379.9
124,380.9
165,382.1
301,383.7
75,384.6
349,384.7
208,385.0
20,385.1
337,385.7
233,387.3
150,388.1
109,388.6
253,388.9
226,389.2
308,391.1
344,391.2
134,392.2
83,394.3
301,405.6
338,410.4
157,412.1
247,413.0
340,413.7
53,413.7
159,417.4
37,418.1
113,418.3
8,420.4
338,422.2
157,422.9
233,423.0
343,425.5
130,425.9
177,426.7
355,426.9
5,427.4
324,428.0
58,428.9
208,429.6
340,429.6
278,429.7
97,430.6
115,430.9
171,431.0
15,432.1
100,432.3
140,432.5
68,432.9
344,433.2
272,433.6
301,433.9
26,434.0
124,434.1
349,434.2
162,434.4
20,434.7
79,436.1
303,436.6
133,438.4
160,440.3
361,440.7
23,443.2
60,444.6
363,449.5
210,460.9
133,462.2
233,462.3
226,463.9
354,464.2
173,464.8
76,466.2
116,466.6
72,467.7
273,468.4
266,468.7
353,469.0
187,469.1
367,469.2
363,469.3
230,469.5
233,472.4
229,475.4
34,475.6
174,476.7
154,476.7
266,476.8
76,477.9
232,478.5
283,479.1
116,479.1
173,479.4
346,479.5
226,480.9
75,481.0
353,481.3
233,481.4
311,481.5
187,481.9
86,482.2
133,482.5
372,482.6
85,483.0
210,483.4
230,483.5
181,484.1
76,484.4
222,485.0
223,485.6
113,485.7
266,486.1
165,487.5
354,488.5
121,488.7
274,488.9
367,489.1
257,489.1
154,490.0
164,490.4
236,490.5
76,493.9
167,494.4
343,494.8
72,496.1
126,496.2
23,496.8
192,499.1
112,499.6
360,500.5
367,501.6
29,504.5
366,504.6
275,505.2
74,505.3
343,505.9
266,506.4
115,507.4
223,507.7
213,507.9
165,508.8
154,508.9
113,508.9
167,509.0
367,510.0
23,510.1
233,510.5
76,510.8
157,510.9
256,511.2
40,511.5
229,512.2
171,512.5
15,512.5
133,512.7
10,513.1
301,513.3
2,513.8
353,513.8
200,513.9
185,514.9
116,514.9
170,515.6
266,515.8
363,517.0
349,517.4
308,518.1
168,518.8
345,521.1
343,521.9
164,522.1
68,523.7
23,524.5
301,524.8
26,526.4
299,527.5
338,527.5
171,528.0
8,528.4
154,528.8
9,529.2
339,529.3
124,531.3
173,532.6
229,533.8
233,535.0
150,535.3
79,537.9
208,538.0
187,540.3
140,542.7
233,550.3
226,557.4
236,557.9
113,559.7
19,561.9
76,563.2
242,563.4
86,564.8
266,572.5
233,574.1
228,574.3
113,580.6
1,602.9
157,608.6
247,608.8
97,609.6
160,610.3
100,610.8
144,610.8
242,611.1
149,611.6
226,612.4
256,612.8
3,613.0
154,613.1
208,613.2
308,613.4
353,613.8
258,614.7
23,614.8
113,615.2
24,616.0
210,616.1
1,616.5
229,617.0
349,617.1
162,617.3
253,617.3
114,618.1
57,618.4
346,618.6
160,618.6
116,618.8
9,618.8
204,618.9
165,619.5
200,619.5
361,619.6
247,619.9
26,620.1
233,620.3
2,620.6
341,621.0
157,621.3
254,621.4
155,621.7
265,622.1
115,622.2
79,622.3
185,623.4
269,623.5
58,623.6
20,624.1
308,624.2
177,624.4
168,627.4
15,628.7
271,629.4
154,629.6
353,630.1
345,630.3
89,630.7
167,630.8
349,631.4
75,632.1
130,632.8
229,632.9
361,635.4
165,636.3
315,638.0
329,638.6
76,639.2
164,640.9
222,640.9
78,641.8
233,642.5
11,642.6
75,643.3
266,643.3
367,643.4
349,643.8
223,644.0
185,644.2
79,644.5
29,644.5
361,644.7
165,645.6
229,646.1
271,646.2
112,647.2
121,647.6
76,647.8
23,647.8
126,647.8
213,648.1
168,648.3
72,648.4
167,649.0
353,649.2
40,649.4
219,649.6
171,649.8
308,650.6
115,650.7
266,651.0
170,651.3
366,651.7
24,651.9
367,653.4
134,653.7
68,653.9
265,655.0
329,655.2
338,655.3
165,655.4
349,656.0
185,656.5
23,656.8
210,657.3
89,657.4
75,657.5
173,657.5
114,657.5
208,658.0
130,658.2
155,658.3
22,658.4
154,658.5
253,659.1
124,659.6
299,660.5
139,660.6
58,660.9
202,661.5
109,661.9
162,662.0
308,663.4
3,663.8
167,663.8
9,664.5
266,664.9
153,665.2
121,667.0
76,667.4
116,669.7
343,672.8
23,673.4
171,673.5
68,673.8
338,674.7
213,675.6
19,677.4
40,679.1
367,684.9
113,687.5
343,688.7
266,689.1
124,693.8
185,694.0
301,694.5
308,694.8
184,695.0
29,695.2
26,697.5
311,698.6
115,700.4
367,702.3
315,704.3
324,704.5
15,706.4
338,706.8
8,708.8
274,711.2
75,713.0
355,714.9
312,720.8
26,722.2
162,722.2
28,722.7
114,724.0
181,724.7
160,726.4
311,727.3
5,727.4
269,728.2
321,729.2
175,729.5
174,730.0
115,730.3
220,731.9
324,732.8
326,734.5
258,735.3
299,735.8
124,736.2
63,736.3
367,736.8
140,737.5
208,738.2
312,740.0
269,740.6
41,740.7
105,741.7
143,742.6
19,745.8
273,746.7
324,748.5
162,749.7
271,750.2
210,750.2
380,750.5
367,754.5
116,755.0
321,755.2
233,756.1
26,757.8
269,758.7
347,762.9
273,762.9
40,763.7
121,769.2
210,772.4
25,773.1
157,779.6
72,783.5
266,784.3
75,784.6
76,785.5
11,787.0
271,787.1
33,788.0
208,788.1
130,788.4
168,789.1
29,789.3
115,789.6
311,790.6
324,790.9
181,791.0
162,791.4
58,791.8
112,792.0
233,792.9
76,793.4
75,794.7
1,795.3
321,796.0
358,796.0
164,796.1
165,796.2
157,796.7
153,796.9
88,797.5
326,797.7
266,797.9
274,798.1
247,798.3
89,798.3
367,798.4
124,798.4
214,798.5
349,798.6
72,799.2
29,799.2
168,799.4
338,799.8
175,799.9
50,800.5
324,800.5
360,800.5
233,800.6
308,800.7
208,801.3
222,801.4
130,801.6
116,801.6
126,801.9
76,802.6
177,802.6
320,803.1
223,803.8
318,803.9
311,803.9
232,804.4
40,804.8
134,805.0
33,805.1
183,805.6
37,805.8
78,806.7
83,807.3
315,808.6
213,808.9
233,809.1
242,809.2
1,809.2
236,809.5
23,809.9
75,810.8
115,812.2
164,812.8
281,812.8
100,813.3
157,813.6
124,813.9
247,814.3
133,814.8
353,815.6
113,815.6
154,817.0
308,817.4
239,818.8
258,819.9
58,820.7
8,821.1
165,821.2
76,821.4
157,824.8
130,824.9
349,825.2
155,825.9
168,825.9
97,826.3
298,826.5
10,826.8
29,826.8
361,827.0
346,827.2
301,827.4
154,828.1
343,828.2
165,829.1
353,829.3
345,829.4
23,829.7
233,829.8
144,830.9
113,831.8
255,832.0
55,832.3
164,832.8
116,833.0
115,834.1
112,834.4
348,834.4
257,837.3
29,838.5
343,838.5
11,838.7
361,839.1
345,839.4
256,840.7
349,841.3
165,841.6
353,841.9
130,842.7
260,843.4
311,843.8
154,844.2
109,844.3
266,844.6
255,844.6
76,844.9
157,845.2
254,846.9
210,847.5
34,847.5
126,847.8
115,848.0
363,848.1
303,849.5
229,850.0
97,850.8
79,850.9
233,851.1
113,851.1
236,851.5
223,852.7
181,853.1
232,853.1
256,853.5
133,853.7
308,854.1
154,854.8
218,855.0
60,855.1
157,856.2
130,857.1
353,857.1
274,857.6
367,857.9
228,858.5
174,858.5
8,859.6
266,860.0
311,860.3
184,860.3
324,861.2
343,861.2
318,863.3
15,864.2
247,864.5
200,866.0
233,866.0
100,866.3
40,867.2
140,867.4
157,867.4
5,867.6
301,868.6
41,868.6
0,869.1
124,869.2
288,870.8
280,873.1
177,873.8
266,874.3
154,874.9
2,875.7
8,878.8
160,879.3
75,879.5
167,882.6
266,883.3
341,884.1
116,884.2
24,884.7
114,886.5
181,887.4
40,887.6
72,888.6
313,888.7
184,889.5
228,889.7
76,891.0
186,892.0
257,892.1
34,893.2
5,893.8
13,894.1
226,894.7
208,895.8
154,896.2
266,897.2
311,897.7
326,899.7
367,900.1
115,900.2
324,900.2
299,900.5
336,901.2
343,901.9
114,903.0
366,903.7
72,903.8
23,904.4
162,904.9
160,906.0
208,906.3
40,907.0
167,907.7
33,908.3
85,909.9
269,910.7
363,911.8
22,912.6
134,913.1
326,913.5
133,913.9
258,914.5
37,914.6
115,915.1
164,915.6
287,915.7
233,916.3
312,916.7
367,917.2
177,917.2
366,917.2
311,917.3
181,917.7
253,917.8
114,917.9
324,918.2
23,918.3
162,920.3
222,921.1
75,921.2
85,923.1
28,923.3
202,923.5
112,923.9
124,924.3
321,924.6
76,925.8
271,925.8
143,926.1
266,926.8
367,927.1
337,927.2
173,927.4
168,929.0
326,929.4
68,930.7
164,930.8
24,931.1
358,931.2
12,932.3
153,932.9
126,933.5
249,934.0
116,934.3
349,934.4
121,935.2
213,936.0
367,936.1
366,936.5
29,937.3
253,939.6
23,940.0
171,940.5
177,940.9
210,942.3
40,942.9
170,943.1
308,943.4
265,943.5
68,944.5
22,944.7
349,945.4
185,946.9
58,947.0
75,947.4
15,948.7
301,950.1
338,950.9
124,951.0
266,951.1
157,952.5
168,952.7
154,955.2
8,955.6
171,956.2
349,958.6
170,959.8
308,960.4
303,960.6
361,963.7
213,966.9
134,968.8
23,970.4
15,970.5
113,979.7
353,981.8
26,985.1
115,991.5
24,994.6
271,997.1
226,998.4
367,998.5
112,999.9
76,1000.8
78,1001.1
11,1003.3
164,1014.1
181,1014.7
222,1021.8
353,1022.7
154,1024.5
116,1026.3
144,1026.7
126,1027.0
157,1027.6
208,1028.7
308,1030.2
266,1030.7
345,1032.0
114,1032.8
154,1033.0
341,1033.1
160,1033.7
97,1034.0
165,1034.1
210,1034.1
247,1034.8
367,1035.0
144,1036.0
23,1036.8
167,1037.1
200,1037.1
204,1037.4
208,1037.7
159,1037.9
256,1037.9
353,1038.1
324,1038.3
1,1038.6
57,1039.3
311,1039.8
308,1040.0
24,1040.1
343,1040.6
116,1040.9
175,1041.6
177,1041.7
13,1041.7
157,1042.3
154,1042.3
114,1042.4
155,1042.6
349,1043.3
181,1044.8
89,1045.5
341,1045.5
266,1045.7
257,1046.0
253,1046.1
162,1046.9
208,1046.9
346,1047.4
306,1048.5
87,1048.7
301,1049.9
299,1050.3
5,1051.2
34,1051.5
213,1052.0
154,1053.2
58,1054.0
116,1055.1
55,1057.7
313,1059.8
76,1060.0
336,1063.3
113,1069.2
37,1071.6
257,1073.3
346,1076.7
76,1076.8
10,1079.9
116,1081.2
337,1082.0
154,1082.8
165,1085.4
198,1085.5
266,1085.6
58,1085.8
23,1086.2
192,1087.1
76,1087.2
126,1088.0
208,1088.9
298,1089.1
144,1089.4
55,1091.0
153,1091.3
57,1091.4
116,1091.8
154,1093.1
308,1094.7
58,1095.2
23,1095.3
233,1095.8
341,1096.0
348,1097.1
208,1097.7
266,1097.9
17,1098.6
223,1098.7
206,1098.9
338,1099.7
199,1100.3
144,1101.0
76,1101.0
342,1101.4
353,1103.2
200,1104.8
251,1105.1
165,1105.3
208,1105.7
299,1106.0
247,1106.1
57,1106.2
23,1107.2
233,1108.4
278,1109.1
114,1109.2
301,1109.5
338,1109.7
11,1109.8
58,1109.8
171,1109.8
153,1109.9
112,1109.9
115,1110.6
130,1110.6
15,1111.1
170,1112.3
168,1112.4
308,1113.1
78,1113.2
361,1113.3
271,1113.3
157,1113.5
320,1113.6
303,1113.7
86,1113.9
326,1114.0
366,1114.3
124,1114.8
33,1114.8
345,1115.0
265,1115.1
324,1115.2
150,1115.3
72,1115.3
154,1115.6
26,1116.3
83,1117.0
272,1117.5
40,1117.6
75,1117.8
343,1118.0
38,1119.1
301,1119.1
338,1119.3
233,1119.3
8,1119.7
113,1119.8
367,1120.1
133,1120.7
68,1120.9
171,1121.1
173,1121.3
15,1121.9
256,1121.9
247,1122.2
349,1122.7
115,1123.1
355,1123.4
361,1123.5
79,1125.5
89,1125.5
157,1125.7
346,1125.8
340,1127.2
140,1128.1
216,1128.2
344,1128.3
152,1130.4
16,1131.0
363,1131.6
301,1132.7
143,1136.1
343,1137.8
133,1138.6
8,1141.2
97,1143.3
232,1146.1
150,1157.6
210,1160.9
100,1162.7
157,1163.7
247,1163.7
256,1164.4
353,1164.8
154,1167.8
162,1168.2
24,1170.2
367,1170.4
210,1171.0
271,1171.1
226,1173.3
116,1175.3
11,1175.3
315,1175.7
213,1175.9
114,1175.9
26,1175.9
175,1176.5
349,1176.5
76,1176.7
273,1176.8
115,1178.2
301,1178.5
168,1178.6
358,1178.7
308,1178.7
160,1178.8
321,1180.0
126,1180.0
154,1180.1
174,1180.3
78,1180.3
162,1180.8
24,1180.9
353,1181.6
347,1184.6
229,1184.8
22,1185.0
271,1185.4
157,1185.7
346,1186.9
97,1187.0
367,1187.0
177,1187.2
160,1187.3
149,1187.5
112,1188.2
226,1188.4
168,1189.1
130,1190.4
26,1190.7
340,1190.7
312,1191.1
162,1191.4
308,1191.6
105,1193.3
247,1193.5
265,1193.7
19,1193.8
29,1194.7
1,1194.8
15,1195.2
115,1195.3
126,1197.3
3,1197.5
256,1197.8
157,1197.8
315,1198.4
345,1199.3
64,1199.9
52,1201.6
79,1204.6
140,1206.0
255,1206.6
26,1207.8
258,1208.0
361,1209.3
218,1209.3
124,1209.3
20,1210.1
115,1211.7
301,1211.9
15,1213.4
363,1213.7
109,1214.5
75,1215.5
121,1216.0
269,1216.4
83,1219.1
340,1220.3
25,1220.7
233,1222.3
115,1223.3
89,1224.4
162,1225.5
88,1226.4
361,1227.5
338,1227.8
272,1228.0
29,1228.4
367,1228.6
301,1230.3
130,1233.5
75,1234.4
26,1237.5
40,1240.6
157,1241.0
338,1247.5
171,1248.8
343,1252.6
68,1252.9
23,1255.1
170,1255.9
159,1257.3
338,1258.2
1,1258.5
157,1260.4
344,1265.1
72,1266.3
299,1268.6
208,1268.8
278,1268.9
33,1269.5
40,1269.7
233,1269.9
311,1271.1
171,1271.9
324,1272.6
266,1272.9
16,1273.0
181,1273.1
143,1274.0
68,1274.1
115,1274.2
124,1275.8
326,1276.4
88,1276.5
178,1278.2
311,1287.1
72,1287.9
321,1288.1
363,1288.6
162,1290.0
324,1292.9
33,1293.3
85,1294.3
115,1294.7
40,1296.3
367,1299.7
326,1303.0
324,1304.8
280,1305.4
183,1311.2
232,1311.5
324,1313.4
116,1315.0
157,1316.7
181,1318.1
130,1318.7
271,1318.8
233,1318.9
154,1319.1
280,1319.2
33,1320.9
88,1320.9
40,1321.0
324,1321.3
266,1321.6
87,1322.1
311,1322.3
321,1322.7
75,1322.9
372,1322.9
121,1323.1
308,1323.2
29,1323.5
186,1324.0
72,1325.1
168,1325.1
232,1325.5
116,1326.1
351,1326.5
353,1326.9
274,1326.9
227,1327.1
184,1327.2
349,1327.6
144,1328.5
165,1329.0
301,1329.3
89,1329.9
123,1330.4
185,1331.0
23,1331.3
367,1332.9
155,1333.2
75,1333.7
233,1334.4
324,1334.5
15,1336.2
121,1337.0
338,1337.4
124,1337.7
115,1337.7
208,1338.2
58,1339.8
171,1339.9
23,1340.1
266,1342.1
68,1342.3
308,1342.4
168,1343.7
349,1344.1
251,1344.3
153,1344.7
12,1345.0
160,1345.0
57,1345.7
338,1347.0
75,1347.3
170,1347.3
185,1348.9
199,1349.5
29,1349.7
23,1352.5
208,1352.8
247,1353.0
266,1353.2
109,1354.1
72,1355.1
308,1356.7
226,1357.2
68,1357.7
15,1359.9
76,1361.3
121,1361.3
266,1362.3
311,1364.7
367,1365.3
366,1366.3
123,1366.5
274,1366.7
16,1367.5
72,1368.4
210,1370.4
222,1370.7
213,1371.1
266,1372.5
226,1373.1
75,1373.3
233,1374.6
271,1374.8
76,1374.8
367,1375.0
187,1375.3
181,1375.6
372,1375.6
116,1377.0
273,1381.1
124,1382.5
339,1383.4
24,1384.0
126,1384.8
134,1385.1
72,1386.1
326,1386.2
19,1386.5
222,1387.4
271,1388.4
173,1388.7
266,1389.4
85,1389.4
372,1390.3
330,1391.5
287,1391.8
233,1392.3
299,1392.4
181,1393.2
354,1393.8
210,1394.0
208,1395.2
34,1396.0
124,1396.3
345,1397.0
353,1397.0
311,1397.5
367,1399.2
229,1399.5
133,1399.5
283,1399.6
32,1399.6
140,1400.0
164,1400.9
363,1401.9
343,1402.9
58,1404.2
154,1404.4
306,1404.4
91,1405.5
23,1405.9
97,1406.4
157,1406.7
210,1407.2
274,1407.5
149,1407.7
20,1408.1
256,1408.2
162,1408.9
100,1409.1
208,1409.2
308,1409.2
254,1409.7
342,1410.1
229,1410.4
353,1410.8
367,1412.1
326,1412.2
116,1412.3
15,1412.5
114,1413.2
154,1413.8
160,1414.2
173,1415.1
210,1415.7
24,1415.8
187,1416.2
76,1416.8
213,1416.9
233,1416.9
174,1418.5
162,1418.9
164,1419.2
266,1419.4
126,1419.5
312,1419.7
347,1419.7
75,1420.5
133,1420.6
223,1420.8
222,1420.8
360,1421.4
58,1421.4
85,1421.5
353,1421.5
72,1421.7
308,1421.8
177,1422.3
311,1422.3
321,1422.8
229,1423.4
354,1423.8
226,1424.0
114,1425.2
140,1425.4
210,1425.6
198,1426.0
26,1427.0
349,1427.5
11,1427.6
363,1427.7
37,1427.8
160,1427.9
24,1428.2
337,1428.6
346,1429.2
348,1429.5
367,1429.8
112,1431.5
76,1432.4
133,1432.8
115,1433.6
55,1435.8
58,1437.4
233,1438.8
162,1439.9
75,1441.7
157,1441.9
354,1442.9
83,1445.8
325,1446.8
154,1447.0
113,1447.5
361,1447.8
23,1448.5
233,1448.5
349,1448.8
74,1449.1
239,1449.1
226,1450.6
185,1450.6
338,1450.8
134,1452.2
100,1452.4
208,1452.4
72,1453.6
115,1454.4
75,1454.5
213,1455.1
266,1455.4
311,1455.4
76,1456.1
123,1456.1
83,1456.6
23,1457.0
178,1457.0
58,1457.2
121,1457.3
343,1457.4
165,1458.4
326,1462.4
55,1464.3
181,1464.3
266,1465.0
208,1465.2
88,1465.8
383,1466.2
366,1466.3
72,1467.3
116,1467.7
29,1468.5
76,1471.9
33,1472.2
115,1476.2
276,1476.4
178,1479.0
83,1481.9
349,1482.1
233,1484.7
361,1485.7
171,1488.7
213,1489.3
170,1491.3
287,1491.8
115,1492.2
123,1492.3
165,1492.4
349,1494.4
185,1494.8
134,1496.9
233,1496.9
121,1497.6
171,1498.9
87,1499.1
124,1499.3
239,1500.0
325,1500.2
361,1501.4
324,1502.0
83,1502.3
186,1502.3
173,1502.3
68,1502.4
344,1503.6
184,1503.9
157,1503.9
338,1504.0
233,1504.9
301,1506.3
349,1506.4
208,1507.2
308,1507.6
232,1508.3
185,1508.9
19,1508.9
74,1509.2
40,1510.6
121,1511.2
213,1511.5
228,1511.7
87,1512.0
123,1512.1
72,1512.2
233,1512.5
171,1512.5
37,1512.7
366,1512.8
68,1513.0
113,1513.1
361,1513.3
177,1513.6
89,1513.7
226,1514.3
324,1514.8
266,1514.8
184,1514.8
239,1514.9
24,1515.4
76,1515.4
22,1515.6
278,1515.7
88,1516.7
33,1517.4
173,1517.8
75,1518.7
337,1519.2
349,1519.9
39,1520.2
308,1520.5
130,1521.5
23,1523.1
58,1524.0
154,1525.0
37,1525.5
223,1526.4
74,1526.5
232,1526.9
134,1528.9
346,1529.4
126,1529.6
29,1530.2
348,1530.4
165,1530.9
40,1531.9
353,1532.4
58,1532.5
157,1532.6
55,1533.9
154,1534.3
23,1534.9
308,1535.5
160,1536.7
198,1537.0
256,1537.3
208,1537.8
10,1538.0
19,1541.9
153,1542.1
97,1544.1
346,1545.0
345,1545.2
57,1545.5
58,1547.9
26,1548.6
301,1550.6
116,1552.4
372,1553.0
160,1556.7
222,1558.1
271,1558.7
367,1561.3
24,1563.0
210,1566.4
257,1567.0
226,1567.9
162,1568.0
321,1569.4
273,1569.5
116,1569.8
186,1569.9
72,1570.0
181,1573.7
311,1575.1
133,1576.1
115,1576.8
354,1577.9
269,1578.4
233,1579.2
247,1580.3
76,1580.6
347,1581.0
258,1583.9
33,1584.1
232,1585.3
24,1587.7
226,1588.0
181,1588.3
271,1589.8
72,1591.2
228,1591.5
308,1593.8
115,1597.9
311,1598.0
116,1599.3
174,1601.7
157,1603.0
97,1606.4
154,1607.5
324,1609.9
109,1610.1
308,1610.7
130,1611.6
349,1611.8
88,1612.1
87,1612.8
255,1613.5
171,1614.4
233,1614.6
280,1615.4
89,1616.3
26,1616.5
353,1616.9
361,1617.5
303,1618.3
29,1619.5
157,1622.3
11,1622.4
315,1624.0
256,1624.7
345,1626.9
130,1628.8
75,1628.8
58,1629.6
186,1630.5
115,1631.7
355,1635.1
233,1635.9
165,1636.3
340,1636.8
109,1638.1
324,1640.4
89,1641.7
349,1641.8
308,1644.2
29,1645.9
126,1648.7
115,1648.9
88,1649.3
177,1649.9
361,1650.7
160,1653.2
226,1655.3
76,1655.5
24,1656.1
113,1656.3
340,1657.7
366,1659.9
266,1660.7
367,1661.3
126,1663.2
16,1664.2
185,1664.5
23,1666.3
222,1666.6
229,1666.8
343,1668.1
372,1668.5
12,1669.2
233,1669.3
266,1669.4
167,1669.8
160,1670.6
114,1671.0
367,1671.2
274,1671.3
68,1671.4
253,1671.5
308,1671.5
173,1671.7
236,1672.3
271,1672.6
116,1672.7
76,1672.7
361,1673.0
338,1673.1
366,1673.2
315,1673.2
208,1673.3
153,1673.6
177,1673.6
37,1673.7
124,1673.8
223,1674.2
232,1674.6
349,1675.2
24,1675.3
204,1675.5
226,1675.6
202,1675.6
34,1675.8
353,1676.4
354,1676.4
341,1677.1
126,1677.3
265,1677.3
40,1677.4
144,1677.9
113,1678.3
233,1678.4
23,1678.8
301,1679.8
133,1679.8
222,1680.0
41,1681.0
154,1681.1
160,1681.1
57,1681.5
229,1681.9
308,1681.9
116,1684.0
97,1685.2
63,1685.6
230,1685.7
173,1686.3
346,1687.8
20,1688.4
149,1689.5
37,1691.4
126,1691.7
372,1692.2
233,1693.5
160,1695.7
154,1695.9
353,1696.2
308,1696.5
379,1697.2
39,1697.8
266,1698.6
229,1699.0
226,1702.9
114,1704.0
232,1708.7
177,1709.4
130,1709.9
353,1711.0
154,1711.3
233,1712.5
210,1717.2
236,1717.8
213,1718.0
266,1720.9
349,1721.3
366,1722.9
154,1723.6
40,1724.5
58,1725.7
157,1726.0
23,1726.0
253,1726.2
257,1726.3
208,1726.5
37,1726.7
308,1726.8
160,1726.8
116,1726.8
55,1726.9
167,1727.2
76,1727.3
68,1727.3
337,1727.8
233,1728.1
202,1728.7
353,1728.8
266,1729.0
198,1729.0
123,1729.1
22,1730.3
24,1730.7
9,1730.8
343,1730.9
10,1731.0
177,1731.1
165,1731.4
130,1731.4
232,1731.4
213,1731.6
210,1731.8
2,1732.1
121,1732.2
34,1732.4
154,1732.9
157,1733.3
72,1733.9
192,1734.1
75,1734.2
5,1734.3
256,1734.9
184,1735.1
143,1735.1
149,1735.2
186,1735.2
144,1735.5
181,1735.8
162,1736.0
257,1736.1
200,1736.2
324,1736.2
40,1736.5
346,1736.6
367,1736.7
8,1736.7
76,1736.8
58,1736.9
160,1737.2
313,1737.4
280,1737.7
348,1737.9
0,1738.0
301,1738.1
266,1738.1
308,1739.1
168,1739.3
353,1739.6
187,1740.5
349,1740.6
252,1742.0
116,1742.0
86,1742.7
228,1743.1
233,1743.1
114,1744.1
164,1744.1
130,1744.2
152,1744.9
154,1745.6
157,1745.7
178,1745.7
265,1746.5
24,1746.8
341,1747.0
165,1747.0
167,1747.4
76,1747.7
236,1747.9
266,1748.0
75,1748.9
232,1749.0
181,1749.2
184,1750.0
34,1750.1
87,1750.8
336,1753.5
223,1754.4
2,1754.7
311,1756.3
308,1757.5
379,1759.6
233,1760.9
83,1762.7
133,1764.2
115,1765.4
76,1765.9
325,1766.2
363,1766.4
75,1767.0
29,1767.9
88,1769.0
239,1769.9
233,1770.6
311,1770.6
157,1772.0
124,1772.1
168,1773.0
308,1773.4
287,1773.6
274,1773.9
83,1774.1
134,1774.3
165,1774.6
15,1775.2
252,1776.7
383,1777.3
58,1778.1
346,1778.6
361,1779.0
8,1780.5
76,1781.1
157,1782.0
29,1782.1
353,1783.4
154,1785.8
247,1786.4
255,1787.0
130,1787.1
126,1787.6
115,1787.8
164,1790.6
233,1794.4
168,1795.5
223,1796.3
157,1797.1
126,1801.2
340,1802.1
130,1804.1
232,1804.7
113,1806.5
266,1807.7
154,1809.3
53,1809.4
229,1810.6
159,1811.4
109,1812.3
126,1813.8
1,1814.8
89,1815.2
298,1818.5
76,1822.0
367,1823.2
223,1824.5
338,1826.7
236,1826.9
133,1827.2
222,1828.8
116,1830.3
233,1830.5
83,1832.0
23,1833.6
157,1833.8
2,1834.6
154,1835.7
353,1836.2
208,1837.3
287,1838.5
144,1838.8
273,1842.4
210,1842.7
233,1843.3
140,1844.8
38,1846.0
116,1846.9
226,1847.0
19,1852.9
24,1856.3
32,1856.7
121,1857.1
233,1857.7
40,1860.2
87,1860.2
226,1862.7
75,1862.9
324,1865.5
160,1866.9
25,1867.0
308,1867.9
88,1868.9
186,1870.8
155,1873.2
233,1875.0
86,1875.9
75,1883.0
324,1883.3
157,1891.8
160,1893.9
308,1898.6
171,1908.7
170,1910.4
112,1911.1
23,1911.6
349,1911.7
58,1912.4
121,1914.5
271,1915.3
72,1915.5
165,1915.5
68,1915.6
164,1915.8
75,1916.1
40,1916.5
168,1917.6
299,1918.1
213,1918.2
22,1918.4
76,1918.8
349,1920.2
321,1920.2
367,1920.4
361,1920.4
185,1920.5
173,1920.6
366,1920.7
130,1920.8
11,1921.3
266,1921.6
233,1921.7
115,1922.0
89,1922.4
26,1922.5
324,1923.1
171,1923.2
208,1924.0
320,1924.3
167,1924.6
177,1924.8
308,1924.8
121,1925.0
162,1925.8
134,1925.9
154,1925.9
75,1926.1
37,1926.1
124,1926.3
58,1926.4
360,1926.5
114,1926.8
164,1927.5
76,1927.6
40,1927.7
165,1927.8
68,1928.0
83,1928.2
23,1928.8
213,1928.9
24,1929.0
349,1929.0
210,1929.2
367,1929.3
157,1929.6
112,1929.6
126,1929.6
170,1929.9
366,1929.9
233,1930.0
22,1930.1
361,1930.2
278,1930.3
223,1931.0
363,1931.1
74,1931.2
72,1931.2
185,1931.3
29,1931.6
311,1931.7
115,1931.9
130,1932.1
85,1932.1
266,1932.2
109,1932.3
222,1932.3
303,1932.5
287,1932.5
340,1932.8
229,1933.1
171,1933.3
326,1933.7
89,1933.8
353,1933.8
324,1933.9
88,1934.0
184,1934.3
15,1934.7
168,1934.7
337,1935.2
329,1935.2
173,1935.7
78,1935.7
343,1936.0
75,1936.2
232,1936.6
32,1936.7
338,1937.5
40,1937.9
355,1938.6
177,1938.9
271,1939.0
37,1939.0
233,1939.7
134,1941.0
255,1941.0
253,1941.4
272,1942.0
38,1942.4
349,1942.7
361,1943.5
265,1943.6
143,1943.9
366,1944.1
58,1944.2
97,1944.3
130,1944.9
249,1945.4
87,1945.8
23,1946.0
256,1946.1
157,1946.7
181,1947.2
113,1947.5
124,1947.7
280,1948.8
353,1949.0
171,1949.4
11,1950.1
348,1951.0
154,1951.2
308,1951.7
303,1952.5
301,1952.6
15,1952.9
208,1955.2
349,1956.1
139,1956.2
170,1956.2
130,1957.1
255,1957.3
100,1957.4
168,1958.5
271,1959.3
26,1960.7
76,1961.6
11,1962.6
58,1963.5
115,1963.9
8,1964.1
112,1964.3
353,1965.1
157,1966.1
57,1966.1
164,1966.9
320,1968.2
354,1970.1
63,1971.8
160,1972.5
226,1974.4
266,1989.5
233,1991.6
354,1993.4
339,1994.1
311,1994.8
76,1995.4
236,1996.1
187,1996.2
367,1996.3
173,1996.4
226,1996.5
181,1996.5
274,1997.3
266,1998.5
72,2001.0
308,2001.3
229,2001.4
126,2002.3
223,2002.5
121,2002.6
75,2002.9
184,2003.2
366,2003.3
24,2004.4
23,2004.6
76,2004.9
367,2007.2
213,2007.3
222,2007.3
167,2009.3
233,2010.4
40,2016.5
271,2016.6
361,2027.6
76,2027.6
233,2031.0
173,2034.0
226,2035.0
113,2036.4
29,2038.5
86,2039.2
76,2039.3
72,2039.9
266,2042.1
361,2044.3
154,2046.1
271,2047.3
76,2048.4
343,2049.4
126,2052.8
257,2053.9
165,2055.1
353,2055.4
29,2055.5
113,2056.0
192,2056.8
210,2056.8
112,2057.2
130,2057.7
164,2058.4
154,2058.6
260,2058.8
266,2059.0
345,2059.4
346,2062.0
76,2063.6
223,2063.6
26,2064.1
353,2064.6
222,2064.6
11,2064.6
343,2064.8
126,2066.6
58,2066.9
165,2067.0
29,2067.1
315,2067.2
168,2067.2
254,2067.3
34,2067.7
358,2069.0
345,2069.1
157,2069.2
255,2069.6
55,2070.1
266,2070.1
23,2070.3
116,2070.4
372,2070.4
274,2070.9
271,2071.5
301,2071.8
154,2074.6
367,2076.1
349,2077.7
160,2077.8
157,2077.9
9,2078.1
343,2078.1
299,2078.4
264,2078.8
5,2079.0
19,2079.7
58,2080.4
301,2080.6
2,2080.7
168,2080.9
116,2081.1
0,2081.5
372,2081.5
353,2081.7
346,2082.0
1,2082.1
306,2083.3
338,2083.3
126,2083.7
8,2084.0
341,2084.7
154,2084.7
266,2085.4
15,2085.4
150,2085.6
26,2087.2
271,2087.5
157,2087.8
308,2088.8
72,2089.1
208,2089.3
23,2089.8
160,2090.2
367,2090.7
152,2091.0
344,2091.1
247,2091.2
162,2091.2
29,2091.6
343,2091.9
154,2092.0
97,2092.5
256,2092.6
116,2092.6
200,2092.9
266,2093.0
210,2093.0
229,2093.1
68,2093.4
301,2093.6
124,2093.9
58,2094.0
20,2094.0
114,2094.0
15,2094.1
167,2094.1
113,2094.4
265,2094.4
213,2094.5
57,2094.6
340,2094.6
342,2095.0
355,2095.6
299,2095.8
253,2095.9
345,2096.0
311,2096.5
338,2096.7
372,2096.9
5,2097.1
206,2097.3
34,2097.4
72,2097.9
33,2097.9
24,2098.0
308,2098.0
23,2098.1
149,2098.1
208,2098.4
144,2098.5
306,2098.5
157,2098.6
115,2098.6
22,2099.0
75,2099.0
312,2099.0
349,2099.2
366,2100.6
123,2100.7
226,2100.9
8,2101.1
158,2101.1
181,2101.5
126,2101.8
202,2101.8
162,2102.3
343,2102.3
171,2102.5
184,2104.7
254,2104.9
336,2105.1
76,2105.4
154,2105.7
367,2106.2
40,2106.5
256,2106.9
114,2106.9
185,2107.2
266,2107.8
13,2108.2
353,2108.2
321,2108.8
121,2108.9
160,2109.1
75,2110.0
28,2113.6
355,2114.5
68,2116.4
115,2120.0
367,2120.9
89,2120.9
75,2122.3
15,2123.9
185,2124.5
83,2125.9
154,2127.7
308,2128.1
113,2128.7
24,2128.7
343,2132.5
233,2132.9
175,2133.1
72,2134.2
226,2135.2
273,2137.2
361,2138.6
162,2140.2
76,2140.5
113,2141.6
140,2147.2
266,2148.3
233,2150.3
83,2156.1
72,2156.5
40,2158.1
266,2158.6
157,2159.3
75,2159.3
23,2164.0
116,2164.4
144,2166.4
338,2167.9
266,2168.5
208,2168.7
181,2168.9
247,2169.4
160,2173.2
22,2173.4
85,2174.1
311,2175.0
75,2176.1
23,2176.6
367,2177.4
15,2178.1
68,2178.2
253,2179.8
16,2180.8
353,2180.8
57,2181.1
72,2183.5
338,2185.5
167,2190.6
23,2191.8
149,2192.6
208,2195.2
341,2199.7
343,2201.8
338,2202.5
113,2203.0
23,2203.4
114,2205.2
233,2205.6
159,2205.7
208,2206.0
154,2206.1
5,2206.2
299,2206.2
144,2209.3
33,2209.4
355,2209.5
0,2209.5
345,2210.3
157,2211.0
324,2211.2
53,2212.9
177,2212.9
340,2213.0
126,2213.1
229,2214.1
13,2215.2
233,2216.8
342,2219.2
250,2219.5
181,2219.9
266,2219.9
164,2220.2
311,2220.3
343,2220.7
113,2221.7
76,2222.1
126,2222.2
360,2222.5
236,2223.0
223,2223.1
232,2223.6
85,2223.7
33,2224.2
222,2224.4
75,2225.0
89,2225.0
324,2225.4
367,2226.0
233,2226.0
175,2226.2
29,2226.7
355,2226.8
229,2227.3
274,2227.9
114,2228.0
281,2228.6
41,2228.7
187,2228.9
115,2229.1
326,2229.2
124,2229.5
154,2229.5
379,2230.0
143,2230.9
88,2231.0
133,2231.0
343,2232.0
363,2232.1
318,2232.3
312,2232.8
113,2233.2
126,2233.5
311,2234.5
382,2235.5
37,2235.5
168,2235.9
298,2236.1
346,2237.3
157,2237.7
8,2237.9
183,2239.1
367,2239.4
269,2240.6
321,2241.2
372,2242.1
58,2242.8
133,2245.3
232,2246.4
340,2247.2
324,2247.4
86,2247.8
218,2248.7
233,2249.0
75,2249.7
354,2250.2
76,2251.0
355,2252.3
210,2254.5
257,2256.2
162,2256.6
116,2256.9
157,2257.3
75,2258.5
226,2259.2
121,2259.6
29,2259.8
87,2259.9
315,2260.1
115,2260.2
24,2260.3
168,2260.5
349,2260.7
271,2261.1
324,2261.1
58,2262.4
338,2262.6
76,2262.6
25,2262.8
11,2262.9
40,2263.1
233,2263.1
130,2264.3
321,2264.5
186,2264.5
165,2264.8
358,2265.1
353,2265.2
26,2265.4
181,2265.5
112,2266.1
311,2266.7
301,2267.2
100,2267.8
257,2268.2
164,2269.5
227,2270.0
29,2270.2
247,2270.2
157,2270.5
273,2270.8
72,2271.0
115,2272.0
168,2272.0
210,2272.4
271,2272.6
361,2272.6
75,2273.0
11,2273.2
86,2273.3
208,2274.0
324,2274.2
303,2274.4
153,2275.1
315,2275.3
349,2275.4
154,2275.9
171,2276.1
58,2276.2
76,2276.2
351,2277.0
255,2277.3
112,2277.7
222,2278.1
348,2279.1
87,2280.2
301,2280.3
358,2280.6
271,2281.3
274,2282.3
116,2282.4
165,2282.4
130,2282.5
321,2282.7
72,2283.8
168,2284.3
192,2284.8
29,2284.9
257,2286.2
260,2286.5
26,2287.1
76,2290.0
353,2290.1
301,2290.1
171,2290.4
372,2290.5
33,2290.8
153,2292.1
344,2292.3
308,2292.7
303,2292.8
271,2293.2
79,2293.7
150,2294.7
15,2295.3
57,2295.6
168,2295.7
170,2298.0
216,2300.1
266,2300.4
157,2300.6
124,2301.2
52,2301.8
309,2304.5
8,2304.7
353,2306.8
338,2308.9
181,2309.0
301,2309.1
242,2309.6
19,2309.9
247,2310.9
23,2312.9
1,2314.0
57,2314.6
58,2317.3
208,2320.0
299,2322.5
311,2325.6
338,2325.6
24,2326.2
160,2331.3
3,2332.0
301,2338.3
341,2339.6
266,2344.6
23,2345.5
34,2345.6
144,2347.0
353,2347.1
85,2348.0
160,2348.3
208,2348.6
154,2349.4
116,2349.9
308,2350.8
57,2350.8
206,2350.9
200,2352.3
367,2353.6
126,2353.9
342,2354.9
341,2355.6
133,2355.8
345,2357.6
124,2357.7
109,2358.0
266,2359.0
97,2359.7
23,2359.7
144,2360.8
223,2361.6
229,2361.6
346,2361.8
233,2362.1
363,2362.6
232,2363.8
76,2364.6
133,2364.7
37,2365.7
208,2365.8
324,2366.2
113,2366.6
236,2367.4
247,2367.5
124,2367.6
126,2367.9
298,2369.2
177,2369.3
233,2369.5
154,2370.7
83,2370.8
134,2370.9
89,2371.9
308,2372.2
280,2372.5
165,2373.0
140,2374.7
278,2374.8
40,2375.9
275,2376.0
363,2376.5
287,2376.6
256,2377.5
349,2378.0
210,2378.0
239,2378.1
87,2378.2
324,2379.0
130,2379.1
37,2379.1
281,2379.4
232,2379.9
233,2380.8
333,2382.3
124,2383.0
177,2383.9
268,2384.1
155,2384.4
83,2386.6
157,2386.6
89,2387.0
308,2387.9
325,2390.0
134,2391.5
367,2393.2
233,2394.8
223,2395.1
324,2396.0
24,2398.9
177,2406.8
113,2409.7
114,2411.7
165,2415.0
265,2418.6
24,2418.7
171,2420.9
23,2423.1
76,2424.4
58,2425.7
168,2426.4
222,2426.5
153,2426.9
271,2428.8
29,2430.8
124,2430.9
112,2431.3
126,2432.3
301,2432.4
164,2433.2
233,2433.6
109,2434.6
361,2435.1
372,2435.2
311,2435.4
75,2436.2
229,2436.2
173,2436.3
97,2436.5
187,2436.9
181,2437.8
353,2437.8
308,2438.0
115,2438.1
343,2438.3
329,2438.8
345,2439.1
222,2439.1
116,2439.2
28,2439.8
363,2439.9
165,2440.2
299,2440.5
283,2440.6
324,2440.8
266,2441.7
256,2441.7
200,2442.0
23,2442.8
121,2443.2
155,2443.2
15,2443.3
271,2443.3
367,2443.7
85,2443.7
72,2444.1
355,2444.6
124,2444.9
2,2445.1
321,2445.8
258,2446.0
233,2446.0
174,2446.0
173,2446.6
75,2446.8
157,2446.8
139,2446.8
311,2447.5
133,2447.8
34,2448.5
361,2448.9
185,2449.1
87,2450.2
26,2450.5
79,2451.2
229,2451.3
343,2451.3
22,2454.7
187,2455.7
266,2459.0
210,2467.0
23,2468.6
75,2474.5
8,2475.2
341,2477.7
338,2478.3
343,2478.8
5,2480.2
23,2481.0
242,2482.2
155,2483.2
0,2485.2
165,2487.9
233,2488.0
157,2488.0
363,2490.5
266,2491.0
133,2491.1
83,2491.6
1,2491.8
329,2491.9
37,2493.8
337,2494.2
325,2494.3
23,2494.7
32,2494.8
20,2495.0
115,2495.9
124,2495.9
9,2497.5
58,2497.9
68,2498.0
153,2504.0
76,2504.3
208,2504.4
133,2507.7
239,2509.1
109,2510.3
3,2512.4
115,2513.7
26,2513.7
349,2517.1
303,2519.3
130,2519.5
11,2521.9
115,2523.2
26,2524.8
171,2525.3
233,2525.3
308,2525.8
361,2527.3
76,2528.8
165,2528.9
124,2529.0
229,2529.4
29,2529.7
363,2530.4
311,2530.5
79,2530.6
185,2530.7
121,2531.6
173,2531.7
170,2532.6
349,2532.9
72,2533.0
20,2533.1
367,2533.3
184,2533.6
266,2533.7
87,2533.9
75,2533.9
233,2534.1
115,2534.1
239,2535.1
33,2536.1
171,2536.2
86,2536.3
228,2536.8
58,2537.5
181,2537.5
28,2537.6
299,2538.0
213,2538.1
361,2538.4
167,2538.6
271,2539.3
40,2539.6
89,2539.9
186,2540.0
312,2540.0
372,2540.8
187,2540.9
121,2541.2
155,2541.3
72,2541.3
15,2541.4
208,2541.6
114,2541.6
321,2542.3
23,2542.7
266,2543.7
116,2543.9
22,2544.2
311,2544.4
154,2544.6
324,2544.6
75,2544.7
25,2545.9
342,2548.3
162,2548.8
173,2549.2
308,2549.7
185,2551.1
256,2551.3
299,2551.7
19,2552.5
343,2552.7
157,2552.9
306,2553.1
346,2553.5
24,2553.7
2,2554.1
15,2555.9
63,2556.8
160,2557.2
257,2558.4
105,2558.6
171,2558.7
226,2559.0
97,2560.0
57,2562.4
339,2562.6
301,2563.3
26,2563.5
19,2563.7
126,2563.9
340,2564.0
355,2564.7
157,2565.1
361,2568.0
338,2568.2
233,2569.0
150,2569.8
154,2570.0
232,2571.1
354,2571.3
293,2571.9
350,2572.1
33,2573.1
58,2574.8
226,2576.8
8,2577.8
157,2578.1
5,2580.1
72,2581.0
181,2590.8
164,2598.3
181,2603.1
63,2603.3
112,2606.6
354,2607.0
311,2607.0
85,2608.0
37,2608.2
337,2608.7
222,2610.0
353,2610.1
114,2612.7
210,2616.9
162,2617.3
271,2619.6
324,2622.1
326,2622.1
24,2624.5
97,2625.8
126,2627.0
367,2627.2
346,2631.5
154,2631.5
308,2632.4
382,2633.3
229,2634.3
366,2634.5
89,2635.5
269,2635.8
160,2635.8
38,2636.6
324,2637.6
126,2638.2
40,2638.4
372,2638.9
367,2639.6
24,2639.8
256,2640.2
41,2640.3
266,2641.3
345,2641.8
33,2642.1
280,2642.1
233,2642.1
200,2642.8
232,2643.1
23,2643.8
88,2643.9
26,2644.3
343,2645.6
184,2645.7
363,2645.9
285,2646.2
115,2646.2
222,2646.5
228,2646.8
91,2647.1
218,2647.7
116,2648.3
58,2648.4
29,2648.7
154,2648.8
308,2649.0
153,2650.1
324,2650.2
174,2650.7
330,2650.9
19,2651.0
126,2651.6
76,2651.7
346,2651.9
372,2652.8
299,2653.1
165,2653.4
186,2653.7
318,2653.8
113,2655.1
257,2655.2
269,2655.6
301,2656.2
367,2656.4
124,2656.8
23,2656.8
116,2657.2
40,2657.6
168,2658.1
24,2659.1
266,2659.2
273,2660.2
226,2663.5
97,2663.6
346,2663.6
157,2663.7
154,2663.9
2,2665.5
57,2665.9
144,2666.3
19,2667.0
1,2668.1
321,2668.7
113,2668.7
159,2670.1
301,2670.3
257,2670.4
247,2670.6
338,2671.5
242,2671.8
116,2671.9
343,2673.2
341,2674.4
8,2676.0
153,2676.0
208,2676.1
160,2676.5
157,2678.4
154,2682.4
233,2682.8
116,2687.8
208,2689.1
213,2690.0
266,2690.8
210,2692.7
167,2693.4
154,2693.5
76,2693.9
24,2695.3
306,2703.2
114,2703.3
313,2703.5
177,2703.6
121,2703.9
266,2706.9
308,2707.0
226,2707.4
116,2707.7
160,2708.7
162,2710.1
154,2710.2
24,2712.7
367,2712.9
253,2712.9
233,2713.2
353,2713.7
72,2714.2
75,2714.5
133,2714.6
85,2714.9
114,2715.2
173,2716.0
149,2716.7
83,2717.5
76,2717.8
354,2718.2
311,2718.3
116,2718.6
271,2719.4
160,2719.4
266,2719.6
229,2719.7
326,2719.8
308,2720.3
115,2720.3
233,2720.3
230,2720.6
363,2721.0
287,2721.1
144,2721.3
75,2721.6
210,2721.8
164,2722.0
162,2722.1
181,2722.3
187,2722.5
121,2723.0
325,2723.2
353,2723.3
165,2723.4
134,2723.8
124,2723.8
208,2724.0
167,2724.3
361,2724.4
321,2724.4
154,2724.8
114,2725.3
11,2725.5
329,2725.6
349,2725.6
34,2725.7
28,2726.3
157,2727.1
265,2727.1
13,2727.5
25,2727.6
58,2727.7
115,2728.0
168,2728.0
200,2728.1
367,2728.2
76,2728.8
78,2729.0
239,2729.0
72,2729.1
324,2729.1
130,2729.2
311,2729.4
266,2729.4
112,2729.5
162,2730.1
89,2730.2
75,2730.2
177,2730.3
271,2730.5
308,2730.6
116,2731.0
213,2731.3
83,2731.4
229,2732.6
233,2732.8
85,2733.1
210,2733.1
312,2733.4
15,2733.5
124,2733.5
133,2733.6
185,2733.8
299,2733.9
345,2734.0
363,2734.6
140,2735.0
223,2735.2
208,2735.3
342,2735.7
20,2735.8
155,2735.9
26,2736.2
247,2736.7
160,2737.1
175,2737.3
24,2737.3
165,2737.5
349,2738.3
226,2739.4
114,2740.0
303,2740.1
154,2741.8
109,2742.1
265,2743.2
313,2743.3
28,2744.7
19,2744.8
162,2746.5
115,2746.5
58,2746.5
256,2747.5
26,2747.7
126,2748.4
63,2749.7
308,2749.8
353,2750.0
299,2751.0
157,2751.3
340,2752.6
355,2754.7
114,2758.6
79,2758.9
154,2759.0
58,2759.2
5,2759.6
105,2760.4
157,2760.7
338,2760.8
0,2761.0
208,2761.3
160,2765.6
301,2766.2
341,2766.8
23,2767.6
1,2767.9
344,2768.4
22,2768.6
157,2769.0
175,2769.0
153,2769.0
343,2769.6
55,2769.8
168,2770.0
324,2770.0
58,2770.3
154,2770.5
116,2771.1
342,2771.3
299,2771.6
37,2772.1
130,2772.3
346,2773.0
10,2773.0
144,2773.5
126,2774.2
360,2774.2
338,2774.4
8,2774.9
208,2775.3
348,2776.9
100,2778.2
353,2778.3
337,2778.6
290,2779.2
11,2779.3
113,2780.8
257,2781.0
157,2783.8
232,2784.6
324,2784.6
181,2785.7
354,2787.0
233,2787.2
247,2787.3
311,2789.6
164,2791.2
266,2792.3
72,2795.3
76,2795.9
173,2796.7
37,2798.0
187,2798.1
181,2798.2
349,2798.5
233,2798.7
22,2798.7
123,2799.0
274,2799.4
232,2800.9
33,2801.2
222,2801.5
75,2803.8
184,2806.5
68,2811.8
256,2814.4
126,2818.5
173,2818.7
346,2819.6
298,2820.5
140,2822.6
208,2824.9
72,2825.1
247,2825.5
361,2826.5
258,2827.9
222,2831.1
153,2832.9
126,2833.1
124,2835.4
164,2835.7
23,2838.6
269,2839.1
174,2839.2
26,2839.8
153,2843.3
346,2844.1
29,2845.7
208,2846.3
298,2848.7
76,2853.0
23,2853.8
58,2854.5
74,2859.1
213,2865.2
349,2866.5
338,2871.3
123,2872.4
171,2874.0
68,2879.6
301,2881.2
124,2882.3
344,2884.3
175,2885.2
367,2885.5
208,2886.6
113,2888.3
324,2890.3
232,2895.5
233,2896.5
354,2899.9
324,2901.9
280,2902.2
40,2902.4
181,2903.5
126,2904.3
232,2905.0
113,2906.6
233,2908.3
324,2911.3
75,2911.9
130,2913.0
286,2914.9
311,2915.0
355,2918.1
89,2918.5
181,2919.2
28,2919.9
133,2920.1
162,2920.7
115,2921.1
75,2922.9
40,2925.3
324,2927.2
367,2927.5
210,2928.0
72,2931.0
271,2932.6
213,2933.1
256,2934.8
349,2936.5
121,2937.1
116,2937.2
343,2937.3
266,2939.8
23,2941.7
154,2943.6
311,2946.2
367,2946.3
343,2946.9
345,2947.5
167,2949.0
154,2951.3
157,2952.8
266,2952.9
306,2953.1
254,2954.2
23,2955.2
113,2955.5
301,2955.7
58,2955.7
341,2956.2
208,2956.2
5,2957.3
344,2957.5
308,2958.3
343,2958.8
150,2959.0
154,2959.3
256,2959.4
116,2959.8
213,2959.9
353,2960.2
200,2960.9
15,2962.2
345,2962.6
336,2962.6
157,2962.9
346,2963.4
126,2964.6
255,2964.6
206,2965.1
97,2965.9
26,2966.8
301,2968.5
144,2970.2
57,2972.1
303,2972.5
154,2976.4
308,2989.0
233,2989.2
338,2991.1
173,2991.7
229,2995.9
379,2999.4
