72,31.7
322,34.8
314,35.0
180,37.5
250,38.8
363,39.2
122,40.5
172,41.2
23,41.4
118,41.7
113,42.1
26,43.6
77,44.2
313,45.4
322,47.0
214,47.3
250,47.5
173,48.4
225,48.8
308,48.9
320,49.7
314,50.1
353,50.5
323,50.5
345,50.9
72,51.0
122,51.2
363,51.5
305,51.8
67,52.5
155,52.8
164,53.0
168,53.1
64,53.2
135,53.4
350,53.6
347,53.8
180,54.4
208,54.6
169,55.5
77,55.6
356,56.0
21,56.1
173,56.2
106,56.3
295,56.6
110,56.7
40,57.2
299,57.2
364,57.8
26,58.4
322,58.8
323,59.0
314,59.3
75,59.4
302,59.4
313,59.5
153,60.0
250,60.4
263,60.4
353,60.6
308,61.0
79,61.1
56,61.3
296,61.4
206,61.5
220,61.5
277,62.5
267,62.5
145,62.6
122,62.9
179,63.0
69,63.0
67,63.5
194,64.2
97,64.7
175,64.9
28,65.1
164,65.5
180,65.8
190,65.8
8,65.9
320,66.1
173,66.3
168,66.4
124,66.8
113,67.1
44,67.4
110,67.6
17,67.7
321,67.8
345,67.8
155,67.8
208,68.1
214,68.3
11,68.4
118,68.7
305,69.7
350,70.0
225,71.3
381,71.5
356,71.5
112,71.7
64,71.7
249,73.2
380,73.3
193,73.4
353,73.4
153,74.1
169,74.3
298,75.4
200,76.2
72,76.6
336,77.3
16,77.5
295,78.6
263,78.9
194,79.1
110,79.1
294,79.1
261,80.5
343,80.8
323,81.1
358,81.3
172,81.4
22,81.4
145,84.0
131,84.6
356,85.0
44,85.6
304,85.6
265,86.9
277,87.1
71,87.3
85,87.5
353,87.5
223,87.5
118,87.6
341,88.5
363,89.4
211,89.9
37,90.0
224,91.9
261,92.2
72,93.5
180,94.7
312,95.9
220,108.9
72,111.8
82,113.1
278,113.1
377,114.5
26,115.1
349,115.3
319,116.0
69,118.1
57,118.1
24,118.7
169,120.0
248,122.2
295,122.2
345,122.3
64,122.7
16,124.3
346,124.9
17,125.4
177,126.4
208,130.2
145,130.6
153,132.8
162,133.1
345,133.1
195,133.9
200,134.1
299,134.3
381,135.1
301,135.3
252,136.5
101,137.4
173,137.8
64,138.7
288,139.1
326,140.2
249,141.8
369,141.9
179,142.0
21,142.2
336,142.6
28,143.0
314,143.0
305,143.8
246,144.3
206,144.6
4,144.7
247,145.2
346,145.2
320,146.1
313,146.7
173,147.2
123,148.2
323,148.7
164,149.1
135,149.4
16,149.5
322,151.9
165,151.9
122,152.3
326,152.6
176,152.7
281,153.2
219,153.7
28,155.4
74,157.0
69,160.8
24,161.3
173,167.6
320,168.0
353,168.2
169,170.9
263,174.5
114,174.5
208,176.2
261,176.5
344,182.2
359,184.4
61,184.4
169,185.1
26,185.5
161,186.3
208,186.4
113,187.3
153,187.4
67,187.5
110,188.2
353,189.8
249,190.5
173,190.6
348,191.4
145,192.0
267,193.1
320,193.6
28,194.8
250,195.3
23,196.0
81,196.2
277,196.8
295,196.9
323,198.6
82,198.9
24,199.9
177,200.7
381,200.9
298,202.1
281,203.5
190,204.2
332,204.6
135,205.0
169,205.2
173,205.2
17,205.5
219,205.6
278,206.4
191,208.0
31,208.4
164,208.7
108,210.7
270,211.4
295,215.9
350,220.3
72,221.3
323,222.0
220,222.3
319,224.7
168,225.0
87,225.4
356,226.5
37,227.6
26,227.8
357,228.4
211,229.0
321,229.9
75,232.3
44,232.5
317,233.5
265,233.7
71,234.4
173,235.1
72,235.2
110,235.3
363,235.6
141,236.1
176,236.4
56,236.7
19,237.0
277,238.1
376,238.1
341,238.2
137,238.3
302,238.5
313,238.6
353,238.9
233,239.3
312,239.9
87,240.0
220,240.0
261,240.6
44,241.7
37,242.2
179,242.4
153,242.9
296,242.9
333,243.0
380,243.9
278,244.0
142,244.6
282,245.0
243,245.0
72,245.7
377,245.8
177,246.3
82,246.3
342,246.5
45,247.2
233,248.1
366,248.1
277,248.3
156,248.8
173,249.8
19,250.3
87,250.3
357,250.6
346,251.1
381,251.2
176,251.4
85,251.5
75,251.6
96,251.7
181,252.2
168,252.6
261,252.8
44,252.8
194,254.2
208,254.5
180,254.7
343,255.0
363,255.2
131,255.6
220,256.4
323,256.6
211,256.7
267,258.6
177,258.9
322,259.5
183,260.0
64,260.2
333,260.6
153,260.6
250,260.8
345,260.9
67,261.3
186,261.5
215,261.9
308,262.2
233,262.6
320,262.7
248,262.7
16,262.8
373,263.3
26,263.6
28,263.6
313,264.0
173,265.5
281,267.0
145,267.3
225,267.6
200,268.0
271,268.2
122,268.2
372,268.3
180,268.4
176,268.4
322,268.8
314,269.3
267,269.7
72,269.9
363,270.4
39,270.5
277,270.8
168,271.2
381,271.2
261,272.6
40,272.8
295,273.2
345,273.9
250,274.0
215,274.2
276,274.3
101,274.4
28,275.0
308,275.8
248,276.1
358,276.9
235,280.5
304,283.7
298,284.1
173,284.7
40,285.5
64,288.0
211,288.3
177,289.9
110,290.2
174,292.6
246,292.8
72,293.6
269,294.2
180,294.3
322,294.8
131,299.8
40,300.5
44,302.7
314,303.0
140,303.5
330,304.7
173,304.9
285,305.4
180,308.0
323,311.2
177,311.6
87,312.2
381,312.6
28,313.0
322,313.7
190,313.7
22,314.1
186,314.5
261,314.5
72,314.9
380,316.6
250,323.6
308,325.3
153,327.7
145,329.0
358,333.4
17,334.5
69,335.0
67,335.0
346,338.3
200,338.8
52,340.4
176,341.3
8,343.1
277,346.5
145,349.1
208,349.6
313,353.2
319,355.2
72,356.5
169,356.8
261,356.8
26,358.3
220,360.2
363,362.9
372,366.1
6,367.5
308,368.2
262,369.0
69,370.6
64,371.3
320,371.8
169,372.0
208,373.2
312,374.4
341,375.3
214,375.8
174,376.1
122,376.3
353,377.0
194,377.3
110,383.4
277,384.4
267,385.8
261,386.7
233,387.3
349,387.4
343,387.5
313,387.6
153,388.8
67,395.7
193,409.8
301,415.2
299,415.3
336,417.0
195,417.6
153,418.0
145,418.5
292,419.0
345,420.4
11,420.5
277,421.0
295,422.0
233,422.1
62,422.4
248,423.4
212,424.6
54,424.7
278,424.8
341,425.4
349,425.5
177,425.6
64,425.7
190,425.8
194,426.5
159,427.1
333,428.0
332,428.2
381,428.8
110,428.9
277,429.0
26,429.1
377,429.7
353,430.1
84,430.5
240,430.6
145,431.1
87,431.4
169,431.9
162,431.9
233,433.4
295,433.6
261,433.8
176,434.2
301,434.4
345,434.8
319,436.8
175,437.2
161,437.8
350,438.0
101,438.1
228,439.1
349,439.1
356,439.4
61,439.6
190,440.8
153,444.1
333,444.6
215,451.5
381,457.5
177,461.6
28,463.2
233,465.1
333,466.9
87,466.9
372,467.7
82,468.0
330,470.0
281,470.1
381,471.5
379,472.9
174,473.3
17,473.5
86,475.5
44,477.9
326,478.0
183,478.9
82,479.8
142,480.3
224,480.6
72,481.5
28,481.8
219,481.9
373,482.0
119,483.3
211,483.6
173,483.8
265,484.3
377,484.3
19,485.2
372,486.6
176,486.7
281,487.7
322,488.2
108,488.5
186,488.5
40,489.0
220,489.2
72,490.4
233,490.8
180,491.0
261,492.0
28,492.3
85,493.5
139,495.2
122,497.9
71,498.2
173,498.5
77,498.9
277,499.6
246,500.8
153,504.5
155,504.7
179,505.2
299,506.1
248,507.7
314,508.0
180,508.4
72,509.3
37,509.3
349,510.2
346,510.3
223,510.3
206,510.8
322,511.9
172,512.5
71,512.7
342,513.3
323,515.4
305,515.7
265,516.8
153,517.2
377,517.6
8,517.7
102,518.8
57,519.5
266,519.7
198,520.2
224,520.3
72,522.3
130,522.6
118,522.8
174,524.6
356,525.0
349,525.1
179,525.4
101,525.8
343,527.5
26,527.9
24,528.4
350,529.2
267,529.3
44,530.2
248,533.0
312,533.0
146,533.4
142,533.8
69,534.8
299,535.4
183,537.0
377,539.7
186,540.8
153,540.9
330,541.6
373,546.2
87,546.5
282,546.8
333,547.2
177,548.4
295,551.4
350,553.0
233,554.3
381,554.8
82,555.9
278,556.8
140,557.3
261,557.6
72,558.2
31,558.8
369,562.0
346,564.3
17,564.9
174,566.4
326,567.2
265,567.6
277,568.0
176,568.4
16,570.0
250,571.1
279,571.1
350,573.6
177,576.9
119,581.5
82,589.4
242,589.4
153,604.9
299,605.5
346,605.9
145,609.8
177,610.0
350,610.2
381,610.3
337,610.4
52,610.6
296,610.8
51,610.9
159,611.6
87,611.9
259,611.9
250,612.3
336,612.5
26,613.3
56,614.6
342,615.6
278,616.1
233,616.6
157,616.7
363,617.0
349,617.6
306,618.7
153,618.8
72,619.1
341,619.4
4,620.0
302,620.3
271,620.3
64,620.5
345,621.0
98,622.0
193,622.6
169,622.8
17,623.5
161,623.6
319,624.4
364,624.5
356,625.1
308,625.5
11,625.5
248,625.6
265,626.0
220,627.2
317,627.5
138,627.5
26,629.6
131,631.0
44,631.1
313,631.6
145,633.0
363,633.0
87,635.4
322,637.8
225,638.0
306,639.1
250,639.9
72,640.3
267,641.8
122,642.4
28,644.0
180,645.6
322,645.8
323,646.7
71,647.3
131,647.4
211,647.4
363,648.1
44,648.2
364,649.7
138,649.9
77,649.9
122,650.7
164,650.7
276,651.4
106,651.6
302,652.1
214,653.9
330,653.9
60,654.1
72,654.3
173,654.4
116,654.5
269,655.0
306,655.0
174,655.1
366,655.6
19,655.8
74,655.9
353,656.0
79,656.3
264,656.6
110,657.2
263,657.3
356,657.4
172,657.5
223,657.9
267,659.3
118,659.9
39,660.8
35,661.3
71,661.4
85,661.6
322,662.9
122,663.1
211,664.4
341,664.8
304,665.9
28,667.2
194,667.2
350,667.6
261,669.5
364,670.4
312,670.5
265,671.4
299,672.0
180,678.3
71,679.6
164,680.8
223,682.7
345,684.8
153,685.6
349,686.8
250,687.5
172,688.3
174,692.1
72,693.1
376,694.3
212,695.2
173,695.3
140,695.7
75,698.2
37,698.2
349,698.6
6,704.0
308,705.2
295,705.8
248,706.2
345,707.2
250,710.4
220,711.4
349,714.6
145,717.0
173,717.2
200,717.3
72,718.1
248,718.2
308,720.3
313,722.6
298,723.0
208,723.6
220,726.8
69,727.1
345,728.4
169,729.2
305,729.5
173,730.5
229,730.7
377,731.4
308,731.6
26,731.8
64,732.1
222,732.3
181,733.1
224,733.3
180,734.2
84,736.1
319,736.3
72,737.9
220,738.3
367,738.6
381,740.4
313,741.6
37,741.6
87,742.3
282,742.4
173,744.0
323,746.7
168,749.8
82,753.5
220,754.6
357,757.2
177,757.2
183,760.7
86,761.3
93,761.4
308,762.4
173,764.5
142,767.1
81,768.5
336,781.6
247,782.1
4,783.5
173,784.2
296,785.0
23,786.7
62,788.1
326,788.4
21,790.2
173,791.0
113,792.1
379,792.2
167,792.4
72,792.9
191,792.9
122,793.0
135,793.2
40,793.9
292,795.0
336,795.1
120,795.8
28,795.9
240,796.2
37,796.2
363,796.7
180,796.7
77,796.8
299,796.9
101,796.9
323,797.2
200,797.4
140,797.9
320,798.2
4,798.3
322,798.5
124,798.5
173,798.9
225,800.4
214,800.5
62,801.3
350,801.8
23,801.8
58,802.6
215,802.7
261,802.7
35,803.2
247,804.7
186,804.9
145,805.1
269,805.6
336,805.7
28,805.8
295,806.6
16,806.6
278,806.6
301,807.0
297,807.2
75,807.2
21,808.5
191,808.8
122,809.1
135,809.4
85,809.9
250,811.9
320,813.1
281,813.8
323,814.5
322,815.3
72,815.4
206,815.6
180,816.0
299,816.6
153,817.2
364,818.8
145,819.4
337,820.4
250,821.3
155,821.3
246,824.1
40,824.4
322,825.6
267,826.2
345,826.4
271,826.7
153,826.8
215,827.1
300,827.5
299,827.6
23,828.1
122,829.3
346,829.5
350,830.7
248,831.3
363,831.4
26,831.5
347,833.3
162,833.3
245,834.4
72,834.4
146,835.4
306,835.5
152,837.8
246,837.8
250,838.0
225,838.2
180,838.5
349,839.7
300,840.0
174,840.3
153,841.1
211,841.7
26,842.0
322,842.9
23,843.9
72,846.4
161,847.0
219,847.4
354,847.8
28,848.4
167,848.4
11,849.3
363,850.6
267,851.0
153,852.1
169,852.2
265,852.3
130,854.2
349,854.5
24,855.1
191,856.6
57,858.5
84,858.7
332,859.4
82,859.8
72,860.8
248,863.2
190,864.2
153,865.0
186,865.1
101,866.9
270,867.2
229,868.9
377,869.7
349,869.8
174,869.9
219,870.2
180,870.3
9,870.5
237,873.3
265,874.8
343,875.1
82,875.7
248,876.0
341,876.0
312,876.6
342,876.8
84,877.9
224,878.5
72,881.9
243,882.0
173,882.2
181,882.8
81,883.2
86,884.9
265,885.0
174,886.3
308,887.9
177,890.0
377,890.0
357,891.2
326,892.5
381,892.6
173,893.3
277,894.5
262,894.5
345,895.9
358,895.9
180,897.4
261,897.9
377,901.0
84,901.5
21,902.6
123,902.9
237,903.0
333,903.8
235,903.9
179,904.4
308,905.3
169,906.7
319,909.7
305,910.7
313,910.9
174,911.8
277,912.1
190,912.2
326,913.3
180,913.5
164,913.7
314,913.8
320,914.1
173,914.1
233,914.1
377,914.6
224,914.6
172,914.7
179,915.1
358,918.4
323,918.5
122,918.5
28,919.4
229,919.9
302,920.5
183,920.6
356,920.8
333,920.8
72,921.1
322,922.5
173,924.5
220,925.7
24,925.9
44,928.2
85,929.5
323,930.0
321,930.5
124,931.2
72,932.5
19,932.8
122,933.0
97,935.9
71,936.0
168,936.9
37,937.4
164,938.6
353,939.8
373,940.5
116,944.5
356,944.6
110,948.0
145,949.1
363,949.5
250,949.5
295,952.2
208,954.4
353,954.4
26,957.4
61,958.1
322,958.4
180,958.5
263,958.5
193,958.7
67,963.7
200,964.1
267,965.3
17,968.6
118,969.0
75,970.8
145,972.0
177,974.2
344,975.5
261,975.5
64,976.4
364,977.9
363,978.1
176,982.2
381,982.8
17,984.8
67,990.4
259,991.0
319,992.1
313,993.6
381,996.6
326,997.4
176,999.6
277,1000.9
175,1003.3
323,1015.5
28,1015.7
337,1028.4
159,1028.7
211,1028.9
157,1029.4
153,1030.8
300,1031.2
51,1031.8
306,1033.1
265,1033.5
262,1033.6
308,1033.6
161,1033.9
208,1035.2
52,1035.9
312,1037.3
214,1038.3
299,1038.4
11,1038.5
343,1038.6
122,1038.9
357,1039.2
258,1039.3
153,1039.6
174,1039.7
341,1040.0
146,1040.6
157,1041.0
169,1041.1
359,1041.4
193,1042.0
67,1042.2
320,1042.4
180,1042.8
173,1043.1
200,1043.2
37,1043.7
302,1043.8
85,1043.9
277,1044.6
337,1045.0
358,1045.7
294,1046.0
262,1046.7
84,1051.8
237,1051.9
308,1052.1
51,1052.2
122,1052.3
347,1056.6
208,1057.6
28,1058.0
243,1058.5
173,1059.0
177,1059.4
181,1059.9
162,1069.2
277,1069.4
300,1069.7
215,1073.9
21,1074.8
28,1075.1
122,1075.9
180,1076.0
299,1077.9
347,1078.0
246,1078.6
173,1080.7
11,1082.1
144,1082.2
153,1084.0
300,1084.5
124,1085.3
245,1087.0
8,1088.0
174,1088.1
82,1088.3
10,1089.1
105,1090.0
72,1090.6
157,1091.9
28,1091.9
162,1092.7
304,1093.2
119,1093.2
265,1093.4
173,1093.6
167,1093.9
21,1094.5
86,1094.9
23,1095.0
224,1095.3
337,1095.4
145,1095.5
146,1095.7
169,1096.8
261,1097.8
295,1099.4
51,1100.6
208,1102.0
72,1102.2
31,1102.7
173,1104.3
261,1107.2
159,1107.6
278,1108.0
262,1108.4
169,1108.5
67,1108.8
145,1109.5
69,1109.5
353,1109.6
200,1111.0
233,1111.1
295,1111.2
277,1111.3
110,1111.5
235,1112.7
263,1113.0
377,1113.4
333,1113.5
190,1113.6
44,1114.1
177,1114.9
323,1115.5
208,1115.9
87,1116.9
249,1117.9
153,1118.4
146,1119.4
346,1119.4
358,1119.8
381,1119.8
176,1119.9
77,1120.0
180,1120.9
278,1121.0
350,1122.3
233,1122.9
261,1124.0
11,1124.1
179,1124.1
277,1124.8
299,1124.8
343,1127.1
190,1128.0
87,1128.3
333,1128.6
17,1128.8
177,1128.9
381,1129.8
215,1130.0
195,1130.3
162,1130.5
69,1130.7
153,1130.8
145,1131.2
349,1131.4
22,1131.8
142,1132.2
380,1132.3
52,1132.9
324,1134.3
47,1135.2
362,1138.9
348,1139.4
193,1143.0
153,1147.8
349,1154.8
145,1159.4
343,1159.5
153,1159.7
337,1161.4
204,1162.3
26,1164.7
349,1169.5
250,1169.8
243,1169.9
302,1171.9
313,1172.1
164,1172.7
220,1172.7
173,1173.1
125,1173.3
363,1173.3
122,1173.9
168,1174.0
72,1174.7
64,1174.9
319,1174.9
26,1175.2
317,1176.2
356,1176.6
308,1176.9
345,1177.2
67,1178.2
214,1179.7
156,1180.9
153,1181.6
37,1183.1
71,1183.2
212,1183.8
19,1186.2
64,1186.8
11,1187.2
313,1187.4
116,1187.5
52,1187.6
113,1188.3
168,1188.5
193,1188.5
301,1188.8
211,1188.9
96,1188.9
220,1189.7
342,1189.9
200,1191.0
164,1191.1
173,1191.4
294,1191.9
125,1192.0
343,1192.1
363,1192.3
56,1192.5
67,1193.5
345,1193.8
153,1194.1
356,1196.4
26,1196.5
319,1196.6
323,1197.1
72,1197.8
317,1198.9
296,1199.2
64,1201.4
195,1207.3
229,1210.5
220,1210.9
301,1214.1
72,1215.4
69,1215.6
6,1218.3
82,1220.9
180,1221.8
146,1222.7
377,1223.3
319,1224.0
225,1225.0
276,1225.1
10,1225.9
299,1226.3
313,1227.2
100,1227.6
222,1228.2
301,1232.4
122,1235.6
62,1235.9
176,1236.4
336,1236.6
258,1236.7
44,1237.7
326,1239.5
4,1242.1
299,1242.1
292,1245.0
295,1249.2
101,1249.3
346,1254.8
263,1255.0
267,1255.2
299,1255.6
69,1257.2
146,1257.9
153,1258.3
165,1259.3
208,1263.6
173,1264.0
249,1264.4
151,1267.1
194,1268.7
353,1269.7
377,1270.4
135,1270.8
348,1272.6
180,1272.8
123,1273.3
174,1273.4
169,1274.8
191,1276.1
82,1277.6
229,1278.0
173,1278.3
326,1278.4
72,1278.7
320,1279.9
333,1280.3
173,1290.9
249,1294.0
81,1295.0
135,1295.2
326,1295.6
190,1295.6
21,1298.7
320,1299.3
377,1300.1
179,1301.4
332,1302.9
141,1303.1
137,1304.2
277,1304.9
323,1308.4
190,1309.2
169,1310.9
81,1313.1
181,1314.1
173,1315.2
380,1316.9
135,1317.7
320,1318.2
174,1318.2
332,1319.5
308,1319.9
180,1320.2
191,1320.8
67,1321.3
323,1321.3
200,1321.4
262,1321.9
224,1322.0
228,1322.5
190,1324.2
140,1324.4
75,1325.1
377,1325.6
174,1325.7
169,1325.7
167,1326.0
93,1326.1
357,1326.3
358,1326.4
156,1329.1
270,1330.1
181,1330.8
180,1330.8
321,1332.5
173,1333.0
69,1335.0
123,1335.6
224,1335.8
266,1336.3
174,1337.4
44,1337.7
376,1337.9
378,1338.0
75,1338.2
308,1338.4
337,1340.1
145,1340.7
263,1341.3
295,1341.8
8,1342.6
323,1343.1
135,1344.1
364,1344.7
256,1345.3
353,1346.0
265,1347.5
54,1348.1
302,1350.3
174,1350.6
173,1351.1
122,1351.3
341,1351.8
336,1352.0
140,1353.6
62,1353.8
295,1354.4
194,1355.1
157,1355.5
110,1355.9
97,1356.7
191,1357.4
214,1357.6
263,1358.4
292,1359.5
164,1360.0
350,1360.2
379,1363.3
353,1365.5
219,1365.9
145,1366.1
173,1368.8
120,1369.5
140,1370.5
164,1370.8
116,1372.0
322,1373.1
180,1373.4
174,1373.9
331,1374.3
379,1375.9
28,1376.2
369,1376.9
381,1377.1
323,1379.0
281,1379.8
326,1380.8
74,1381.6
87,1382.9
173,1385.3
333,1387.8
357,1388.1
233,1390.5
306,1390.7
235,1391.1
321,1391.2
308,1391.8
177,1392.7
330,1392.9
28,1394.3
268,1396.1
381,1396.9
208,1397.9
249,1398.0
186,1399.0
333,1399.9
262,1400.0
169,1401.0
277,1401.0
146,1401.6
142,1403.4
87,1403.8
153,1403.9
233,1405.8
353,1405.9
377,1406.7
173,1407.8
282,1409.3
161,1409.3
61,1411.0
359,1411.1
72,1412.2
26,1412.5
44,1413.3
349,1413.4
261,1414.0
22,1414.1
208,1415.2
169,1416.1
122,1416.2
300,1416.7
250,1416.9
28,1417.0
344,1417.1
85,1417.6
82,1417.7
56,1417.8
220,1418.2
347,1418.5
243,1418.7
193,1418.8
285,1419.1
173,1419.3
264,1420.0
305,1420.4
19,1420.4
11,1420.8
183,1421.7
372,1422.1
125,1422.1
21,1423.5
345,1423.8
72,1423.9
363,1424.0
353,1424.7
164,1424.8
24,1425.2
319,1425.4
111,1426.4
313,1426.4
314,1427.0
130,1427.8
333,1429.6
122,1430.1
259,1430.2
381,1430.4
28,1430.6
139,1430.6
23,1431.5
26,1432.8
233,1432.9
179,1436.4
64,1436.4
214,1436.9
177,1437.9
345,1438.7
278,1439.2
296,1439.7
277,1440.4
215,1442.1
87,1442.4
17,1444.5
250,1446.3
75,1446.9
233,1447.0
180,1448.3
281,1448.8
364,1449.9
324,1450.0
381,1451.8
314,1452.5
174,1452.6
173,1452.7
271,1452.9
346,1452.9
322,1454.2
377,1455.1
179,1455.2
122,1455.5
358,1455.5
145,1456.1
276,1456.4
326,1456.4
250,1456.5
200,1456.6
248,1456.6
295,1457.0
21,1457.0
123,1457.9
180,1458.1
28,1458.6
135,1459.8
23,1460.0
277,1460.2
177,1460.9
173,1461.1
235,1461.5
108,1461.6
40,1461.7
214,1462.0
167,1462.3
174,1463.6
262,1464.8
269,1465.5
60,1466.8
314,1466.8
300,1467.4
326,1467.7
165,1469.5
82,1469.8
233,1470.0
379,1471.2
333,1472.0
265,1472.9
284,1474.0
173,1474.6
119,1476.9
298,1477.2
377,1483.0
180,1485.6
23,1486.8
75,1487.9
174,1489.2
346,1489.9
322,1490.0
364,1491.8
118,1491.9
17,1492.1
180,1493.1
377,1493.5
324,1494.6
363,1494.9
277,1495.1
177,1495.8
261,1497.6
142,1499.2
167,1500.1
44,1500.2
69,1500.3
181,1501.6
381,1501.8
380,1501.8
353,1502.3
233,1502.6
79,1502.9
180,1503.0
237,1504.8
84,1504.9
190,1505.0
174,1505.0
87,1505.7
277,1505.7
377,1506.8
194,1508.3
177,1508.4
184,1508.7
72,1509.5
346,1509.5
278,1509.6
228,1510.0
82,1510.4
261,1511.0
332,1511.0
364,1511.1
75,1511.3
271,1513.0
180,1513.2
223,1514.0
191,1514.2
353,1514.6
270,1514.7
187,1514.7
140,1516.1
281,1517.1
135,1517.3
17,1517.9
122,1518.1
190,1519.4
77,1519.5
250,1519.7
363,1520.2
133,1520.3
224,1521.0
322,1522.1
164,1522.1
381,1524.2
305,1524.9
72,1525.0
347,1525.4
174,1526.0
23,1527.7
127,1527.9
56,1528.0
180,1528.4
259,1528.7
353,1529.4
69,1529.5
169,1531.3
345,1531.7
250,1531.7
300,1531.8
8,1532.3
252,1532.6
153,1533.9
278,1533.9
208,1534.8
161,1534.9
263,1535.2
11,1537.0
146,1537.6
306,1538.8
348,1539.8
347,1540.0
105,1541.7
296,1543.0
344,1543.4
300,1557.1
44,1559.5
381,1560.8
220,1562.3
87,1563.6
357,1564.0
137,1564.7
243,1565.1
173,1565.3
282,1565.6
190,1565.6
82,1567.2
233,1567.2
333,1567.4
380,1567.5
86,1567.9
369,1569.0
277,1569.0
177,1569.1
181,1569.1
125,1569.2
164,1569.3
319,1570.5
81,1570.6
381,1571.2
379,1571.6
349,1572.0
326,1573.0
219,1574.6
173,1575.9
87,1576.6
82,1577.7
376,1578.9
72,1579.6
220,1581.0
28,1581.8
140,1582.3
313,1585.8
270,1586.0
21,1588.2
31,1588.9
51,1590.2
326,1591.9
256,1592.3
67,1596.2
153,1598.7
337,1599.3
200,1599.5
343,1599.6
193,1599.6
277,1600.8
161,1603.5
11,1605.1
294,1605.2
353,1607.3
169,1610.1
228,1610.2
208,1610.6
190,1611.1
258,1611.4
347,1612.2
250,1613.3
69,1614.2
363,1614.5
180,1614.5
135,1615.4
332,1615.9
191,1616.1
225,1616.3
52,1616.9
359,1617.2
348,1617.2
277,1618.3
26,1619.2
320,1619.4
153,1619.9
220,1619.9
79,1619.9
161,1620.0
81,1620.6
159,1620.7
381,1620.9
175,1622.4
64,1624.2
250,1624.6
267,1624.8
44,1624.9
110,1626.8
146,1627.5
225,1636.0
345,1641.6
363,1641.9
145,1643.4
64,1643.5
295,1643.6
72,1644.9
301,1646.4
106,1647.1
323,1648.4
164,1659.4
223,1660.9
302,1662.2
323,1663.2
265,1665.3
168,1667.9
278,1669.4
264,1669.7
87,1670.2
85,1670.6
37,1671.0
281,1671.1
356,1671.5
75,1672.1
261,1673.4
17,1673.9
323,1674.0
380,1676.1
97,1676.3
341,1677.7
357,1677.7
77,1678.4
263,1678.8
233,1679.0
353,1679.5
312,1679.7
24,1680.0
157,1680.4
69,1680.6
278,1682.0
172,1682.0
177,1682.3
153,1683.2
194,1683.2
277,1683.3
71,1683.5
302,1683.9
304,1684.5
308,1685.7
164,1685.8
11,1686.8
193,1687.8
381,1689.5
17,1689.6
346,1689.8
372,1690.9
343,1692.9
116,1693.3
224,1694.8
294,1695.3
52,1695.8
159,1695.9
162,1698.3
146,1699.5
278,1699.9
169,1704.6
204,1707.7
261,1707.8
281,1707.9
320,1709.5
85,1713.8
180,1720.1
353,1722.0
174,1722.9
377,1724.0
173,1724.8
153,1725.0
224,1726.4
312,1726.5
8,1726.6
167,1726.7
343,1727.0
122,1727.0
23,1727.4
256,1727.5
265,1727.6
180,1728.2
300,1728.3
11,1728.8
347,1728.9
72,1729.0
56,1729.1
81,1729.1
262,1730.0
86,1730.1
169,1730.3
193,1730.4
299,1731.0
28,1731.3
341,1731.7
60,1732.2
82,1732.4
243,1732.6
21,1733.0
332,1733.1
174,1733.2
155,1733.6
164,1734.1
342,1734.6
345,1734.9
248,1735.1
296,1736.0
190,1736.0
191,1736.0
144,1737.2
153,1737.3
72,1737.7
211,1738.1
377,1738.3
323,1738.3
152,1738.6
40,1738.9
19,1738.9
101,1739.2
180,1739.9
322,1740.0
77,1740.3
183,1740.8
93,1741.4
247,1742.3
9,1742.3
294,1742.4
373,1743.3
173,1743.4
265,1744.4
181,1744.7
357,1745.2
270,1745.4
277,1745.5
219,1745.6
11,1746.5
337,1746.6
72,1748.1
224,1749.2
193,1749.9
156,1752.5
64,1752.9
342,1753.2
175,1753.2
44,1753.8
312,1754.3
301,1754.6
67,1755.5
153,1756.3
23,1761.2
186,1764.2
174,1764.2
233,1766.3
256,1766.7
322,1766.8
277,1767.0
200,1767.8
180,1769.1
28,1769.6
173,1770.8
215,1771.1
271,1772.1
276,1772.2
145,1772.9
11,1773.8
39,1773.9
40,1774.2
326,1774.8
31,1774.8
162,1776.4
269,1776.9
122,1777.4
267,1777.8
153,1777.8
250,1778.7
300,1779.1
299,1779.2
333,1779.4
23,1780.7
228,1780.8
191,1781.2
246,1783.5
322,1785.4
347,1785.8
82,1786.9
152,1788.7
281,1792.9
363,1795.5
195,1796.6
323,1797.2
320,1798.5
72,1801.0
77,1808.9
299,1810.1
139,1816.7
300,1822.2
159,1824.1
299,1824.6
28,1825.5
233,1825.7
190,1827.0
277,1827.2
381,1827.3
162,1828.1
177,1828.1
333,1828.4
306,1828.5
153,1830.1
87,1830.4
346,1830.7
52,1832.1
285,1833.8
278,1833.8
296,1837.3
381,1837.5
233,1837.5
259,1840.2
190,1840.5
177,1841.0
176,1847.3
250,1849.5
342,1851.0
122,1854.6
277,1855.0
180,1858.2
377,1859.9
174,1861.5
250,1861.6
164,1862.4
153,1863.3
296,1863.9
214,1864.7
155,1865.9
125,1867.4
345,1867.9
191,1868.5
381,1869.7
135,1869.7
228,1870.8
270,1872.3
250,1876.0
174,1885.8
191,1886.3
64,1890.9
345,1893.2
193,1893.3
11,1900.3
72,1908.2
110,1910.0
44,1910.0
180,1911.0
69,1911.8
173,1912.6
353,1913.0
322,1913.6
314,1914.8
122,1916.0
208,1917.6
263,1917.8
169,1917.8
323,1918.1
77,1919.0
320,1919.7
21,1920.0
19,1920.1
28,1920.3
71,1920.4
180,1920.4
172,1920.8
249,1920.9
165,1921.0
214,1921.8
173,1921.9
135,1922.4
72,1922.5
353,1923.2
164,1923.8
122,1923.9
118,1924.1
322,1924.3
35,1924.4
224,1924.4
364,1924.8
377,1924.9
261,1924.9
363,1925.6
225,1926.2
179,1926.6
74,1926.7
113,1927.4
85,1927.7
180,1928.2
267,1928.5
347,1929.2
116,1929.2
250,1929.7
314,1930.2
277,1930.3
320,1930.4
28,1930.5
346,1930.5
223,1930.9
186,1931.1
269,1931.2
233,1931.3
301,1931.8
323,1932.2
276,1932.5
190,1932.8
208,1932.9
11,1933.3
333,1933.4
122,1933.4
174,1933.8
300,1934.2
322,1934.3
258,1934.4
56,1934.6
161,1934.7
228,1934.8
173,1935.0
112,1935.1
77,1935.1
264,1935.3
278,1935.8
348,1936.2
345,1936.5
306,1936.8
377,1937.0
381,1937.7
153,1937.9
81,1938.1
332,1938.2
180,1938.6
187,1938.6
285,1938.7
299,1938.9
170,1938.9
155,1939.1
139,1939.2
246,1939.5
177,1939.9
235,1940.3
39,1940.3
23,1941.0
54,1942.0
138,1943.4
195,1943.5
190,1943.6
277,1943.7
214,1944.2
250,1945.7
341,1945.8
135,1946.8
169,1947.2
145,1948.0
353,1948.3
24,1948.6
320,1948.7
295,1951.2
153,1952.4
8,1952.9
208,1953.8
347,1953.8
26,1954.0
245,1955.5
61,1955.7
67,1956.6
359,1958.6
363,1959.0
110,1959.4
23,1960.6
113,1960.7
200,1961.5
313,1961.8
344,1963.8
250,1964.1
64,1964.3
169,1966.9
26,1967.1
145,1967.4
259,1969.8
17,1977.4
200,1980.4
31,1980.8
345,1982.8
82,1984.4
17,1989.2
346,1989.5
281,1991.6
372,1994.3
174,1995.5
72,1995.7
69,1996.7
223,1997.0
164,1997.7
82,1999.8
71,2001.8
16,2002.2
180,2002.4
28,2003.1
381,2003.3
122,2004.5
173,2004.9
345,2004.9
379,2005.7
127,2005.7
155,2006.5
86,2007.0
72,2007.9
302,2009.3
179,2009.5
377,2009.8
19,2009.8
326,2010.3
322,2010.4
233,2010.8
305,2010.9
314,2011.1
44,2011.6
250,2012.7
125,2014.8
277,2015.3
381,2017.0
106,2018.1
111,2019.3
176,2019.8
164,2023.1
190,2023.9
177,2026.9
175,2027.9
180,2030.3
82,2031.6
233,2031.6
72,2033.2
299,2034.4
44,2036.4
379,2039.4
380,2039.5
377,2040.9
72,2042.6
153,2042.8
100,2043.2
86,2043.3
173,2044.5
19,2049.4
363,2054.4
246,2054.4
40,2055.1
28,2055.3
250,2055.5
72,2055.8
23,2056.1
26,2056.7
345,2057.1
299,2058.8
120,2059.3
322,2059.7
77,2060.5
140,2060.5
211,2061.6
248,2063.4
300,2064.6
153,2064.8
168,2064.9
323,2067.7
357,2071.1
308,2071.3
44,2071.4
299,2071.6
265,2072.2
296,2072.4
363,2072.6
26,2073.3
173,2074.0
146,2075.0
246,2075.2
14,2076.6
248,2076.7
153,2076.9
140,2076.9
174,2077.3
220,2077.4
64,2077.7
167,2077.9
252,2078.9
168,2079.7
199,2080.3
306,2080.3
345,2081.3
312,2082.5
9,2083.0
101,2083.2
145,2083.9
331,2085.2
211,2085.4
369,2085.4
357,2085.7
173,2085.9
250,2086.1
304,2086.8
146,2086.8
341,2087.0
301,2087.1
308,2087.6
379,2088.5
52,2089.1
108,2089.2
376,2089.3
248,2089.5
295,2089.9
153,2089.9
265,2091.1
131,2091.8
208,2092.0
11,2092.3
169,2092.4
349,2092.5
262,2092.8
194,2093.2
300,2093.3
353,2094.2
69,2094.7
173,2094.8
87,2094.8
22,2094.8
174,2094.9
249,2095.6
72,2095.6
306,2096.1
156,2096.6
200,2096.9
116,2097.1
164,2097.3
193,2097.4
161,2097.5
71,2097.7
146,2097.7
145,2097.8
261,2098.0
312,2098.0
343,2098.1
223,2098.5
243,2098.5
82,2098.6
6,2098.8
167,2098.8
345,2099.0
348,2099.0
219,2099.1
301,2099.4
54,2099.7
358,2099.7
224,2099.8
172,2099.9
341,2100.0
359,2100.1
60,2100.5
123,2100.8
26,2100.9
313,2101.2
199,2101.4
208,2101.4
169,2101.8
304,2102.3
356,2102.7
110,2102.8
153,2102.9
347,2102.9
314,2103.3
165,2103.6
263,2103.7
353,2105.1
174,2105.3
326,2105.8
122,2105.9
69,2105.9
308,2106.4
256,2106.6
262,2107.5
61,2108.0
266,2108.1
63,2108.3
214,2109.6
21,2112.2
305,2113.1
220,2113.8
72,2114.1
53,2115.2
248,2116.0
349,2116.7
265,2118.1
341,2118.2
249,2120.2
200,2120.6
276,2124.2
122,2124.3
180,2124.6
381,2126.3
326,2127.7
345,2128.8
308,2129.0
333,2130.3
301,2131.3
233,2132.1
250,2132.2
71,2132.6
177,2132.8
364,2135.8
173,2135.9
277,2136.5
306,2137.7
10,2139.0
153,2139.0
379,2139.0
82,2139.7
381,2140.2
87,2141.7
100,2142.2
261,2142.7
177,2144.7
278,2146.6
346,2147.1
180,2148.8
377,2151.8
380,2154.6
28,2164.1
358,2164.2
60,2164.9
200,2166.5
165,2168.9
157,2169.1
74,2171.2
145,2171.9
336,2172.2
281,2172.3
62,2172.6
51,2174.0
173,2175.3
224,2177.0
164,2177.7
302,2180.1
353,2185.9
295,2186.3
145,2192.8
263,2194.0
350,2197.7
194,2201.1
248,2202.0
278,2203.5
153,2204.6
299,2204.7
358,2204.9
295,2205.3
233,2205.9
146,2206.4
312,2207.6
306,2208.7
199,2209.1
208,2209.3
169,2210.1
235,2210.5
320,2211.3
261,2211.8
9,2213.8
262,2214.7
265,2214.8
195,2215.6
341,2216.2
186,2216.3
301,2216.8
248,2218.1
85,2218.7
300,2221.1
37,2222.0
72,2222.0
173,2222.3
157,2222.9
246,2223.5
77,2223.9
299,2225.2
135,2225.5
323,2226.2
28,2227.3
162,2227.7
320,2227.8
278,2228.5
265,2229.1
72,2230.0
153,2230.1
298,2230.2
191,2230.6
180,2231.2
82,2231.5
220,2231.6
345,2231.7
245,2231.8
354,2231.8
349,2232.0
24,2232.1
173,2232.2
376,2233.0
141,2233.8
179,2233.9
314,2235.2
152,2235.3
139,2235.3
93,2236.3
21,2236.4
174,2236.9
208,2236.9
246,2237.2
219,2237.8
87,2238.3
248,2238.4
377,2239.7
305,2240.1
326,2240.1
190,2241.1
137,2242.4
277,2243.7
183,2244.0
37,2245.3
82,2245.8
380,2247.4
181,2248.1
381,2249.1
162,2250.1
173,2250.9
28,2252.0
81,2252.3
62,2256.6
228,2257.3
122,2257.4
250,2257.9
363,2258.6
301,2258.6
180,2258.6
169,2258.6
220,2259.0
75,2259.1
64,2259.3
72,2259.4
82,2259.7
319,2259.7
173,2260.6
44,2261.1
86,2261.1
26,2261.8
168,2261.8
381,2261.9
308,2262.4
177,2262.5
19,2263.2
259,2263.2
174,2263.3
23,2263.6
313,2263.9
79,2263.9
345,2264.1
181,2264.6
175,2265.7
35,2265.9
336,2265.9
124,2266.1
215,2266.4
113,2267.3
214,2267.5
292,2267.7
140,2267.7
369,2268.0
200,2268.2
176,2268.5
326,2268.5
21,2268.7
173,2268.8
122,2268.9
225,2268.9
250,2269.1
180,2269.1
380,2269.2
72,2269.3
363,2269.4
322,2270.0
135,2270.9
40,2271.7
270,2272.2
28,2272.9
220,2272.9
240,2273.3
67,2274.5
154,2275.0
44,2275.3
323,2275.6
23,2275.7
152,2275.8
211,2276.5
308,2277.9
168,2278.3
81,2278.7
359,2278.9
173,2278.9
379,2284.3
140,2284.6
124,2285.3
381,2285.4
21,2285.6
122,2285.9
44,2287.3
67,2287.4
173,2288.5
331,2289.3
156,2289.4
167,2290.1
380,2291.2
110,2292.2
314,2292.2
313,2293.9
145,2295.5
267,2299.0
131,2299.6
64,2299.8
295,2301.7
350,2304.6
145,2306.7
336,2308.1
4,2311.3
153,2314.4
295,2315.1
350,2317.0
345,2322.1
212,2326.0
349,2326.6
299,2327.5
302,2331.4
153,2333.5
308,2334.9
312,2335.0
194,2335.3
97,2336.2
98,2336.5
277,2338.6
381,2345.7
304,2346.5
157,2347.8
146,2350.1
145,2351.1
153,2353.9
268,2355.0
159,2355.2
51,2356.9
139,2358.1
261,2359.2
186,2361.4
277,2363.2
180,2363.2
204,2363.8
85,2364.0
162,2365.3
299,2365.4
177,2365.5
52,2365.7
28,2366.2
332,2366.8
84,2367.0
278,2367.8
320,2368.6
322,2368.9
233,2369.0
24,2369.2
300,2370.2
281,2370.9
77,2371.0
271,2371.0
87,2371.4
190,2371.4
180,2372.3
122,2372.8
72,2373.0
170,2373.2
237,2374.1
277,2374.4
347,2375.2
261,2376.7
186,2377.2
130,2377.3
229,2377.5
305,2377.8
269,2377.9
85,2378.4
56,2378.5
250,2378.7
169,2379.8
39,2380.6
377,2380.7
364,2381.9
84,2383.9
180,2385.2
296,2385.6
177,2387.0
346,2387.3
11,2387.9
271,2388.7
261,2388.7
233,2388.8
37,2389.5
75,2390.4
161,2390.6
264,2390.8
87,2392.1
278,2392.3
320,2392.5
277,2399.7
37,2400.4
72,2401.4
85,2402.2
380,2402.6
261,2404.1
181,2411.9
177,2413.7
72,2415.4
265,2417.3
277,2418.9
110,2420.9
341,2421.3
173,2421.5
175,2425.5
44,2429.4
322,2430.9
285,2431.6
180,2432.0
380,2432.5
323,2433.2
267,2433.6
153,2433.8
306,2433.8
330,2435.2
87,2435.9
140,2437.3
220,2437.3
320,2438.0
308,2438.1
173,2438.4
246,2439.2
282,2439.3
174,2439.4
184,2439.5
170,2440.0
190,2440.3
375,2440.5
44,2440.7
181,2440.8
142,2441.2
52,2441.6
138,2442.1
67,2442.5
224,2443.2
72,2443.5
372,2443.5
306,2444.6
373,2444.9
314,2445.5
180,2445.6
250,2445.8
153,2446.1
69,2446.3
322,2446.7
358,2447.1
208,2447.4
57,2447.5
28,2447.8
381,2448.4
87,2449.2
248,2449.5
130,2449.6
169,2450.2
323,2451.7
330,2452.0
298,2452.1
24,2452.6
183,2452.9
200,2453.1
285,2453.3
349,2453.4
174,2454.8
357,2455.3
346,2455.3
342,2455.6
146,2455.6
235,2456.0
145,2458.3
75,2459.6
214,2460.6
39,2463.1
276,2464.0
131,2467.4
248,2469.3
350,2479.6
299,2480.3
336,2480.6
248,2481.7
345,2482.1
295,2483.7
101,2486.1
4,2486.2
153,2486.8
145,2487.3
312,2491.0
122,2491.8
277,2492.9
322,2494.2
233,2494.6
194,2496.2
271,2496.4
179,2497.4
162,2500.3
28,2501.1
349,2503.4
155,2503.5
305,2506.9
319,2508.1
6,2508.7
215,2508.8
299,2511.8
110,2512.9
72,2516.1
26,2518.0
353,2518.2
366,2522.2
176,2522.3
363,2522.9
72,2523.7
82,2525.2
174,2527.6
261,2527.9
169,2527.9
278,2529.4
23,2529.5
271,2530.0
364,2530.1
44,2530.7
180,2530.8
140,2530.9
87,2531.0
184,2531.3
220,2532.7
6,2533.9
174,2535.0
265,2535.2
224,2535.4
75,2535.4
72,2535.5
223,2535.5
177,2535.6
208,2535.6
377,2536.2
69,2536.7
82,2536.7
358,2536.7
346,2537.0
381,2537.2
138,2537.2
142,2537.5
135,2538.6
173,2538.6
19,2539.1
306,2539.3
277,2539.5
16,2539.6
31,2539.7
380,2539.9
172,2540.8
308,2541.0
191,2541.1
180,2541.6
123,2542.1
214,2543.3
86,2543.5
122,2543.8
17,2544.9
71,2545.0
379,2545.1
165,2545.3
60,2545.8
249,2546.0
279,2546.0
35,2546.1
169,2547.2
262,2547.4
69,2547.6
208,2548.3
21,2548.3
153,2550.5
174,2550.5
326,2550.7
173,2551.2
164,2551.5
52,2552.0
146,2553.8
346,2554.7
224,2554.7
200,2555.1
10,2556.1
381,2556.3
119,2557.5
301,2558.3
81,2558.4
308,2558.6
67,2559.6
69,2560.7
177,2561.0
277,2562.0
63,2563.5
249,2565.0
145,2565.1
153,2566.0
195,2567.1
381,2567.1
346,2568.1
190,2568.3
11,2569.0
278,2569.8
101,2569.9
380,2570.1
377,2570.8
17,2571.3
64,2571.4
82,2573.2
16,2574.2
299,2574.5
362,2575.4
295,2576.5
345,2578.3
28,2578.8
336,2579.5
199,2581.5
177,2583.0
173,2584.3
64,2585.5
135,2585.7
191,2585.8
200,2586.3
288,2589.3
54,2599.4
28,2602.1
345,2602.9
173,2603.1
122,2603.6
347,2603.8
285,2619.0
353,2620.2
190,2621.2
161,2622.8
277,2622.9
381,2623.6
137,2623.7
153,2624.0
380,2625.0
233,2629.3
190,2629.5
141,2630.4
381,2632.0
11,2632.1
333,2632.7
87,2633.2
52,2633.7
278,2634.3
306,2636.0
228,2636.0
177,2637.3
319,2637.8
369,2638.5
190,2639.2
265,2640.6
332,2640.8
72,2641.1
362,2641.8
169,2642.3
277,2642.3
47,2643.1
300,2643.8
81,2644.3
24,2644.6
174,2644.6
146,2645.1
77,2646.5
305,2646.8
220,2647.0
173,2647.3
381,2647.6
140,2647.7
179,2648.9
180,2648.9
191,2649.2
252,2649.4
153,2649.6
323,2649.7
304,2649.8
82,2650.0
72,2650.2
162,2650.3
137,2650.5
69,2650.6
190,2650.8
376,2652.7
181,2652.9
354,2654.5
155,2654.9
246,2655.0
357,2655.7
270,2656.1
308,2656.2
377,2656.3
93,2656.9
173,2656.9
206,2657.4
81,2657.5
350,2657.5
44,2657.6
124,2657.7
332,2657.8
224,2658.1
299,2658.5
141,2659.0
250,2659.3
87,2659.5
159,2659.9
220,2660.1
156,2661.1
153,2661.7
111,2662.8
369,2664.3
86,2664.5
380,2664.7
145,2666.2
299,2668.4
108,2668.5
345,2669.3
168,2670.6
381,2670.8
177,2673.6
17,2676.0
164,2676.3
98,2676.5
82,2676.8
153,2678.2
252,2680.4
162,2680.7
180,2680.9
277,2681.4
377,2682.7
181,2684.0
259,2686.0
159,2688.2
346,2688.8
19,2695.5
262,2695.8
161,2699.9
261,2700.6
71,2700.7
265,2708.2
302,2708.4
312,2708.7
122,2709.2
357,2709.4
341,2709.7
233,2711.7
60,2712.0
211,2712.4
193,2713.5
28,2713.9
125,2715.1
200,2716.7
277,2716.7
116,2717.2
333,2718.5
85,2718.6
214,2718.8
326,2718.8
320,2719.3
377,2719.5
294,2719.6
173,2719.7
11,2720.1
358,2720.3
343,2720.3
183,2720.4
67,2720.5
122,2720.7
233,2721.1
235,2721.4
180,2721.5
262,2721.7
142,2722.0
341,2722.1
174,2722.3
306,2722.8
308,2723.7
281,2723.8
186,2724.1
177,2724.7
35,2725.5
261,2725.6
301,2725.6
248,2726.1
72,2726.4
211,2726.5
276,2726.6
363,2726.6
113,2727.2
19,2727.3
169,2727.8
82,2727.8
28,2727.8
208,2728.1
375,2728.1
364,2728.2
322,2728.9
214,2729.4
271,2729.5
44,2729.6
224,2729.6
200,2729.7
267,2729.8
122,2730.2
157,2730.4
173,2730.6
313,2730.8
67,2731.3
176,2733.0
320,2733.2
249,2733.5
373,2734.3
262,2734.5
26,2734.7
353,2735.4
265,2735.4
225,2735.6
64,2735.8
110,2735.9
358,2736.0
204,2736.1
193,2736.7
341,2736.9
308,2736.9
243,2737.2
87,2737.9
250,2738.9
169,2739.0
208,2739.4
356,2739.5
220,2739.7
174,2739.7
277,2739.8
72,2740.4
261,2740.6
145,2740.7
135,2740.8
319,2741.0
363,2741.2
6,2742.0
301,2742.8
85,2743.0
35,2743.0
199,2743.3
194,2743.8
366,2743.9
153,2744.1
313,2744.2
11,2744.4
359,2744.8
146,2744.8
54,2745.1
278,2745.8
304,2746.4
317,2746.7
122,2746.8
125,2747.5
156,2747.6
258,2747.9
69,2747.9
164,2749.2
249,2749.3
64,2751.4
208,2751.5
326,2751.9
96,2753.3
214,2754.5
345,2754.6
308,2756.5
296,2757.6
101,2758.1
146,2758.4
264,2758.6
248,2759.3
169,2759.5
299,2759.7
200,2760.7
153,2761.3
71,2761.7
9,2761.8
194,2762.3
173,2762.7
341,2762.8
199,2764.1
295,2765.1
247,2765.3
312,2765.7
262,2765.7
353,2767.0
336,2767.6
152,2768.1
299,2768.2
300,2768.7
208,2769.2
296,2770.6
145,2771.1
337,2771.5
16,2771.5
153,2772.3
4,2772.6
345,2772.8
169,2772.9
154,2774.0
173,2774.7
323,2775.1
359,2775.8
101,2776.0
77,2777.1
342,2778.4
28,2778.7
23,2779.0
51,2780.2
299,2780.3
350,2780.4
250,2780.9
346,2781.5
200,2781.6
308,2783.0
380,2783.6
347,2783.9
314,2784.6
56,2786.3
102,2786.5
153,2787.7
21,2787.9
320,2788.3
113,2788.4
52,2790.4
359,2790.7
161,2791.1
208,2794.4
259,2796.5
348,2796.7
358,2796.7
180,2797.7
353,2798.1
174,2798.2
281,2798.2
300,2798.7
173,2800.0
123,2801.8
28,2804.7
23,2806.3
377,2806.9
347,2807.7
69,2810.7
44,2810.9
142,2812.3
180,2813.1
8,2814.5
162,2815.7
11,2816.9
300,2818.7
72,2819.2
235,2819.7
377,2820.1
159,2820.1
299,2821.1
173,2821.3
333,2823.6
229,2823.7
87,2824.0
180,2824.3
142,2824.7
153,2826.2
305,2826.3
337,2827.0
220,2827.4
282,2828.2
314,2829.3
354,2829.8
51,2829.8
144,2831.4
44,2833.3
173,2833.8
72,2834.9
177,2835.5
252,2838.0
173,2843.3
305,2843.6
7,2849.9
376,2852.6
295,2855.8
17,2861.5
75,2866.9
124,2867.6
324,2868.4
353,2868.8
180,2871.3
263,2872.0
261,2873.5
173,2884.9
261,2885.5
37,2886.2
208,2887.4
380,2890.9
75,2892.6
277,2892.8
278,2895.8
323,2899.0
87,2899.3
320,2900.6
190,2900.9
332,2901.9
81,2903.2
281,2904.5
380,2908.9
177,2909.5
320,2910.0
135,2912.9
381,2916.4
278,2917.1
214,2920.2
200,2920.8
320,2920.9
24,2921.5
122,2921.7
28,2922.7
35,2923.8
191,2926.0
169,2927.3
323,2927.3
135,2927.5
173,2927.9
81,2929.9
308,2935.7
250,2936.2
26,2937.9
108,2941.5
357,2942.6
349,2943.1
75,2944.7
348,2945.0
248,2945.1
321,2945.8
153,2948.2
146,2949.3
300,2951.1
169,2952.1
265,2952.4
262,2954.6
208,2955.8
312,2956.3
246,2957.1
304,2957.4
153,2957.6
146,2959.5
266,2961.8
306,2962.6
353,2964.1
224,2964.3
161,2964.6
199,2965.5
72,2965.8
300,2968.1
248,2968.4
52,2968.7
348,2968.8
174,2969.0
169,2969.5
26,2970.5
363,2971.8
299,2972.6
220,2974.0
72,2975.0
261,2975.5
19,2978.1
208,2981.3
44,2981.5
82,2982.2
69,2989.6
278,2991.0
190,2997.1
