11,29.9
53,32.8
7,33.0
52,33.2
11,34.4
55,35.3
6,35.3
54,35.4
14,35.6
25,35.7
32,36.0
9,36.7
27,38.0
12,38.5
24,39.6
49,40.4
11,40.6
29,40.7
28,40.9
14,40.9
54,40.9
7,41.1
30,41.3
6,41.7
48,42.3
52,42.4
25,42.8
10,43.5
50,43.5
53,43.5
57,43.7
32,43.8
8,43.9
9,44.2
24,44.3
34,44.6
4,44.9
26,45.3
13,45.7
58,45.7
49,46.0
3,46.3
54,46.7
14,46.9
12,47.2
11,47.2
47,47.2
2,47.3
60,47.7
6,47.7
31,47.8
30,47.8
48,48.0
52,48.0
59,48.3
27,48.3
8,48.4
37,48.4
36,48.7
56,48.9
10,49.4
33,49.4
4,49.8
7,49.9
25,49.9
24,50.1
32,50.1
45,50.2
40,50.4
34,50.4
49,50.6
23,50.6
15,50.8
3,50.9
26,51.0
50,51.1
13,51.4
11,51.5
35,51.8
43,51.9
9,51.9
44,51.9
54,52.0
8,52.1
55,52.1
51,52.2
14,52.2
60,52.4
27,52.6
2,52.7
30,53.0
47,53.0
31,53.2
38,53.2
5,53.2
18,53.2
53,53.2
22,53.3
6,53.4
48,53.4
10,53.4
42,53.6
58,53.6
52,53.7
0,53.8
57,54.0
62,54.1
36,54.5
59,54.6
7,54.8
25,55.0
32,55.2
37,55.3
21,55.4
24,55.4
40,55.6
11,55.7
17,56.0
49,56.0
29,56.3
23,56.4
45,56.5
55,56.5
4,56.6
8,56.6
50,56.6
15,56.7
3,56.8
56,57.2
12,57.3
60,57.3
44,57.4
2,57.7
27,57.9
9,58.0
46,58.0
41,58.1
0,58.2
26,58.3
33,58.3
43,58.4
20,58.4
28,58.8
22,58.9
14,59.0
5,59.0
10,59.1
34,59.2
54,59.4
30,59.6
19,59.7
42,59.8
21,59.9
18,60.0
57,60.0
38,60.1
6,60.3
7,60.4
47,60.4
52,60.7
48,60.7
62,61.1
36,61.1
31,61.1
61,61.5
37,61.7
59,62.1
23,62.2
55,62.3
16,62.3
35,62.4
40,62.8
15,63.1
0,63.4
1,63.5
50,64.0
8,64.1
41,64.2
17,64.2
13,64.5
58,64.5
2,64.8
22,64.9
32,64.9
39,66.0
5,66.2
21,66.7
60,66.8
44,66.8
57,67.0
11,67.3
53,67.3
4,67.9
42,68.4
7,69.5
19,69.6
55,70.3
38,70.4
16,71.0
24,72.8
36,74.3
15,77.0
57,78.2
50,78.8
55,83.7
7,90.6
59,142.6
29,144.8
9,146.2
59,148.6
15,167.5
12,171.3
6,179.8
29,180.9
24,182.4
4,184.3
42,184.9
32,186.2
11,186.6
5,187.3
6,187.5
8,187.7
34,190.4
59,191.7
15,192.2
57,193.3
32,193.3
12,193.7
50,193.9
4,194.2
40,194.5
34,195.0
13,195.2
24,195.3
9,195.6
36,196.5
5,196.5
29,197.1
8,197.1
54,197.3
59,198.3
31,198.4
48,199.2
42,199.5
28,199.8
32,200.1
4,200.2
57,201.2
21,201.9
29,202.7
60,202.9
9,203.0
34,203.6
14,203.6
31,204.9
51,205.4
55,205.5
37,207.1
50,207.2
13,207.4
35,207.5
9,209.3
42,209.5
39,209.8
14,209.8
4,210.0
54,210.6
30,211.1
29,211.4
53,212.2
17,212.6
52,212.7
55,213.0
6,213.2
57,214.4
36,215.1
59,215.1
51,215.5
31,215.6
34,215.8
14,217.4
54,218.6
13,219.6
52,219.8
9,219.8
7,219.9
55,220.1
19,220.4
57,220.9
51,221.9
34,222.2
30,222.6
37,223.3
53,223.3
33,223.4
14,224.2
52,224.9
56,225.0
6,225.2
32,225.7
16,225.8
59,226.3
36,226.5
54,226.9
31,226.9
8,227.0
18,228.1
40,228.3
9,228.7
24,229.4
19,230.1
5,230.4
57,230.7
6,230.9
58,232.2
33,232.2
34,232.3
31,233.5
50,233.7
32,235.1
37,235.4
57,235.5
48,235.8
24,236.1
15,236.6
41,236.8
16,237.6
7,237.7
34,237.7
5,238.1
13,238.1
8,238.6
20,238.8
36,239.0
52,239.3
28,239.3
19,240.3
4,241.1
14,241.1
40,241.4
6,242.1
57,242.2
59,243.5
58,243.8
0,244.3
31,244.6
23,244.7
39,245.0
41,245.4
37,245.6
5,246.0
50,246.0
60,246.1
9,246.6
19,246.7
47,247.2
15,247.5
8,247.6
12,247.6
57,247.7
24,247.8
54,247.8
36,248.1
13,248.5
33,249.4
34,249.8
59,250.0
40,250.4
39,250.7
53,251.9
32,252.0
48,252.9
6,253.0
58,253.2
52,253.6
31,253.7
14,254.0
41,254.3
19,255.6
23,256.4
21,257.6
48,258.1
2,258.4
42,258.8
4,259.4
14,259.6
8,259.7
39,260.3
54,260.6
13,260.9
50,261.1
17,261.4
5,261.9
59,262.2
6,262.5
60,262.5
53,262.6
24,262.6
7,262.9
28,263.0
58,263.1
31,263.2
33,263.8
9,264.2
32,265.3
3,265.6
4,265.6
42,265.8
23,266.1
27,266.2
29,266.6
47,266.9
34,267.4
24,267.5
11,267.8
2,268.8
44,268.9
8,269.3
39,269.4
5,270.4
6,270.4
53,270.6
50,270.9
28,271.0
45,272.3
33,273.0
4,274.7
57,276.1
42,276.6
5,276.6
29,276.7
27,277.2
54,277.4
7,278.0
50,279.2
13,279.6
10,279.9
34,280.8
4,281.2
57,282.9
55,284.7
31,285.7
54,287.9
29,288.9
12,293.2
30,294.5
55,294.9
16,295.4
39,296.4
57,297.6
27,301.6
58,302.7
55,305.1
57,305.2
16,306.2
12,307.3
56,308.9
32,310.2
57,311.4
17,311.7
15,312.4
38,313.6
28,316.5
8,316.8
31,317.3
54,318.8
4,320.9
50,321.0
9,321.2
33,321.8
14,321.9
27,324.7
31,325.3
9,325.8
56,326.3
35,326.7
28,327.2
11,327.9
5,328.0
24,328.3
32,328.5
7,328.6
53,329.5
47,329.8
6,329.9
4,330.1
8,330.2
52,330.3
1,330.3
50,330.8
9,331.0
29,331.0
12,331.5
42,332.2
33,332.4
55,332.8
11,333.1
5,333.3
6,333.4
34,333.7
27,333.8
32,333.8
45,335.6
50,335.8
31,336.0
14,336.1
24,336.1
9,336.2
13,336.3
54,336.6
49,336.7
53,336.8
12,337.1
29,337.3
59,337.4
39,337.8
6,338.1
8,338.2
19,338.3
10,338.3
52,338.4
26,338.5
51,338.5
34,338.6
4,338.8
27,339.7
7,339.9
5,339.9
42,340.0
32,340.2
54,340.8
50,340.9
30,340.9
23,341.3
21,341.4
55,341.5
13,342.1
61,343.0
1,344.8
14,344.8
11,345.0
52,345.0
5,345.0
6,345.1
34,345.4
33,345.7
4,345.9
3,346.3
53,347.0
57,347.4
0,348.1
59,348.9
55,349.3
29,349.6
5,351.0
47,351.1
24,352.2
6,352.2
23,352.6
57,352.6
8,352.7
54,353.0
37,354.1
48,354.2
55,355.9
50,356.9
31,357.2
53,357.8
57,358.6
13,359.4
4,359.8
37,361.9
48,363.2
6,363.8
51,365.2
7,365.5
24,367.5
17,368.4
4,368.5
57,370.2
45,370.6
14,371.1
12,371.2
6,372.7
8,373.8
47,374.0
29,378.6
15,380.2
60,380.3
41,380.3
54,383.0
39,383.7
57,384.6
52,384.8
34,385.3
5,385.3
50,385.6
60,385.8
19,386.1
44,386.6
58,387.0
59,387.8
42,388.4
24,388.5
54,388.6
9,389.1
45,389.6
28,389.7
57,390.1
6,390.1
32,390.6
17,390.6
39,390.8
18,390.9
51,392.1
21,392.5
30,396.4
0,396.9
42,398.2
54,402.6
2,411.0
26,411.1
50,413.7
5,414.1
47,415.0
4,415.3
44,416.1
8,416.8
19,417.9
23,417.9
29,418.4
2,418.7
60,419.2
52,419.4
59,419.4
39,419.9
9,421.0
30,421.0
32,421.5
40,421.7
26,422.1
43,422.3
14,422.4
54,422.4
34,423.2
24,423.4
6,423.6
5,423.6
10,423.7
44,423.8
53,424.0
23,424.3
28,424.7
50,424.7
48,424.9
46,424.9
19,425.0
29,425.3
58,425.4
2,425.8
59,426.2
30,426.2
60,426.3
14,426.3
36,426.5
25,426.7
26,426.8
52,426.9
42,427.0
41,427.1
4,427.1
12,427.3
31,427.5
18,427.6
9,427.7
47,427.8
6,427.8
24,428.2
28,428.7
45,428.8
54,428.9
33,429.0
34,429.0
50,429.0
8,429.2
53,429.3
15,429.3
29,429.4
51,429.5
5,429.6
57,429.7
48,429.9
4,430.6
19,430.7
40,431.3
58,431.3
42,431.3
55,431.4
59,431.5
27,431.6
30,431.6
24,431.9
10,432.0
47,432.0
14,432.0
26,432.4
12,432.5
2,432.5
39,432.5
60,432.5
7,432.9
0,433.0
46,433.0
6,433.2
52,433.3
31,433.3
1,433.5
61,433.6
34,433.7
23,434.0
44,434.4
8,434.5
28,434.6
17,434.7
38,435.5
57,435.7
43,435.7
4,435.7
59,435.9
32,436.1
53,436.3
18,436.5
9,436.6
5,436.6
33,437.0
21,438.4
29,438.5
51,438.6
19,439.8
42,439.8
34,441.8
59,441.9
16,442.0
58,458.8
41,461.5
19,462.1
59,462.8
14,463.6
36,463.7
31,463.7
13,464.2
56,465.1
39,466.1
34,466.4
57,466.7
37,467.3
36,473.6
57,474.9
41,478.0
38,478.4
13,478.9
37,478.9
39,479.7
9,480.6
19,481.1
16,481.1
34,481.1
13,482.2
15,482.3
54,482.3
60,482.8
53,483.0
36,483.3
52,483.5
14,483.9
31,484.1
59,484.2
32,484.4
35,484.8
34,485.1
9,485.1
13,486.0
54,486.1
56,487.3
57,487.4
39,487.4
5,488.0
12,488.1
55,488.4
53,488.5
50,488.6
27,489.3
59,489.3
14,489.6
34,489.9
54,490.3
37,490.5
17,490.5
33,490.6
32,490.8
52,490.9
29,491.0
9,491.5
16,491.6
13,491.9
18,492.2
15,492.2
51,492.9
19,492.9
4,492.9
60,493.7
58,494.6
57,494.7
39,495.4
55,496.2
42,497.3
29,498.2
34,498.9
31,501.8
9,503.4
16,504.7
55,505.4
24,506.5
58,507.1
43,507.9
53,508.1
59,508.3
42,508.5
5,510.2
7,510.6
13,510.9
55,511.2
45,512.5
9,512.6
8,513.1
53,513.6
33,514.0
42,514.9
6,515.2
27,515.9
55,516.9
13,517.0
52,517.4
5,517.6
24,518.9
9,519.5
34,520.1
45,520.3
8,520.3
39,521.9
42,522.3
7,523.8
43,523.9
23,524.8
24,525.2
28,526.3
6,526.9
29,528.1
33,528.1
27,528.9
57,529.0
50,529.2
4,529.8
9,530.0
45,530.4
12,532.8
31,533.7
43,537.3
19,537.3
39,539.7
25,540.7
23,544.6
57,550.1
58,551.9
16,552.7
59,553.0
41,553.3
54,553.6
37,553.8
36,554.1
57,554.2
18,554.4
56,554.6
19,554.7
13,555.1
31,555.9
38,556.5
43,556.8
39,557.5
8,558.1
34,558.3
59,558.9
51,559.4
55,559.5
58,560.1
60,561.0
14,561.0
28,561.2
31,561.4
57,561.5
9,561.8
19,561.9
41,561.9
16,561.9
37,562.1
54,563.1
38,567.6
19,568.4
17,569.5
50,570.9
31,573.2
45,573.4
8,573.5
4,573.9
6,574.9
43,575.3
53,576.5
32,576.6
52,577.4
50,578.1
24,578.4
54,579.3
8,581.4
57,582.0
13,582.2
31,582.7
45,583.1
5,590.4
32,599.0
8,599.1
52,601.3
4,603.2
47,603.7
43,604.0
44,604.8
25,605.0
8,605.3
24,605.7
32,606.1
33,606.2
5,606.7
4,606.9
46,607.4
21,608.1
31,608.3
9,608.5
50,608.6
16,608.7
47,608.8
52,608.9
54,609.2
43,609.4
6,609.4
34,610.3
51,610.3
57,610.4
8,610.6
32,611.1
30,611.2
45,611.2
24,611.2
4,611.4
23,611.5
26,611.9
13,612.1
58,612.1
28,612.2
14,612.2
9,612.2
2,612.3
33,612.5
55,612.6
5,612.7
47,612.8
6,612.9
27,613.6
12,613.7
54,613.7
25,614.0
52,614.0
16,614.1
53,614.1
45,614.2
44,614.4
48,614.4
51,614.5
50,614.6
57,614.6
3,614.6
8,614.7
24,615.0
34,615.2
56,615.3
6,615.7
10,616.0
21,616.1
4,616.2
11,616.2
55,616.6
0,616.6
47,616.7
13,616.7
31,616.7
30,616.8
17,616.8
28,616.8
9,617.0
5,617.0
43,617.3
53,617.4
52,617.8
2,618.1
45,618.1
7,618.3
14,618.8
41,618.8
25,619.0
6,619.1
48,619.1
51,619.2
27,619.3
57,619.4
33,619.6
1,619.7
3,620.4
54,620.4
47,620.4
32,620.5
58,620.6
12,620.6
31,620.8
55,620.8
50,621.0
24,621.1
34,621.1
59,621.4
13,621.4
5,622.1
38,622.4
53,622.4
42,623.0
37,623.1
8,623.1
10,623.1
60,623.3
4,623.4
26,623.8
16,624.2
6,624.2
52,624.5
30,624.7
9,624.8
33,625.0
11,625.2
2,625.3
34,625.3
57,625.3
7,625.4
55,625.8
29,627.4
47,627.5
15,628.0
21,628.3
50,628.4
12,629.2
44,630.1
9,630.8
43,631.1
56,631.4
13,631.9
17,632.0
6,632.4
16,632.5
60,632.9
51,634.4
27,635.9
31,639.6
13,640.2
7,640.3
52,640.3
53,644.0
16,644.9
9,645.6
57,645.8
31,647.3
55,647.5
32,648.9
7,649.4
34,650.2
52,650.6
48,651.2
57,651.4
5,652.1
6,652.3
12,652.4
14,652.6
24,653.3
8,654.1
53,654.3
33,654.8
55,655.7
45,656.1
7,656.7
44,658.0
50,658.6
5,658.8
9,660.4
13,660.5
55,660.7
4,660.9
31,661.4
57,661.5
6,662.2
24,662.2
25,663.2
45,665.9
27,666.0
48,668.2
55,668.9
0,670.2
24,673.1
42,674.0
43,676.8
15,679.0
42,679.5
9,679.7
55,680.4
24,683.3
14,687.2
31,687.7
28,688.2
34,688.5
42,688.5
59,688.6
58,688.7
55,690.2
54,691.5
13,691.7
29,691.9
57,692.3
30,693.8
55,693.9
59,697.0
55,699.9
31,700.0
54,700.5
34,701.6
57,703.5
29,703.8
14,704.7
51,705.8
48,707.5
4,708.0
50,708.2
6,708.5
29,710.2
54,710.3
47,711.1
57,712.0
8,712.7
51,713.6
34,714.3
5,715.4
41,716.0
28,716.2
49,716.5
31,716.5
42,716.7
23,717.2
17,717.4
9,717.6
4,717.8
50,718.4
20,718.7
57,718.8
29,720.2
55,720.6
5,722.1
4,722.5
51,722.5
54,723.2
40,723.5
19,723.7
47,725.1
12,726.0
29,726.2
38,726.5
45,726.5
34,726.7
6,727.4
27,727.9
14,728.1
37,728.7
8,728.8
56,729.6
4,729.8
40,730.0
51,730.3
36,730.5
31,730.5
17,731.7
54,731.7
60,731.7
58,732.7
5,732.9
41,733.2
3,733.5
32,733.5
13,734.7
12,735.0
37,736.3
57,736.7
59,736.9
40,737.0
39,737.5
54,737.7
15,738.1
31,738.2
19,738.6
36,739.4
42,739.7
17,739.8
60,740.2
34,740.2
58,740.4
56,740.5
18,741.4
59,741.9
41,742.1
32,742.9
31,747.4
19,748.7
59,749.6
13,752.6
14,755.6
31,759.5
52,764.9
59,779.7
48,780.6
32,781.2
52,781.9
54,782.4
6,784.0
30,784.1
24,784.2
2,785.4
8,785.4
34,785.5
31,785.8
32,787.3
4,788.3
48,788.3
54,788.4
26,788.8
3,788.8
13,788.8
6,789.1
24,789.2
14,789.4
52,790.1
47,790.2
9,790.4
53,790.6
28,791.1
34,791.5
12,791.8
25,792.0
32,793.0
13,793.8
54,793.8
17,794.0
14,794.3
51,794.6
11,795.2
24,795.2
2,795.6
10,795.6
6,795.8
57,795.9
48,796.0
52,796.1
58,796.1
12,796.1
59,796.2
60,796.6
26,796.8
33,797.1
34,797.3
3,797.4
8,797.5
16,797.7
23,797.8
15,798.1
5,798.2
54,798.5
50,799.3
13,799.8
39,799.8
7,799.9
29,800.0
32,800.0
59,800.3
36,800.7
53,800.8
17,800.8
31,800.9
30,801.2
8,801.4
56,801.7
44,801.9
60,801.9
4,802.2
27,802.3
3,802.9
34,802.9
40,803.1
33,803.2
12,803.2
58,803.2
15,803.5
48,803.5
19,803.9
54,804.0
55,804.0
47,804.2
9,804.2
23,804.3
6,804.3
0,804.4
26,804.7
43,805.0
59,805.3
25,805.3
13,805.3
24,805.4
14,805.7
8,805.8
5,805.8
32,806.5
18,806.9
2,807.1
37,807.1
44,807.6
4,807.9
39,808.0
11,808.2
16,808.9
34,809.2
0,809.5
30,809.6
43,809.8
21,810.1
9,810.1
15,810.4
36,810.5
41,810.9
59,811.3
47,811.3
24,811.7
23,811.9
5,812.1
13,812.1
60,812.2
57,813.1
45,814.1
25,814.2
54,814.3
42,814.4
52,814.4
17,814.6
32,816.0
8,816.2
26,816.6
39,816.8
31,816.8
5,817.5
46,817.7
44,818.7
2,819.0
43,819.1
9,820.8
4,820.9
53,821.1
23,821.1
50,822.0
19,822.9
21,825.0
55,825.0
42,825.6
0,826.0
24,826.5
45,826.7
30,827.1
6,827.5
11,827.6
9,827.8
7,828.4
53,829.2
9,833.0
42,833.2
10,835.7
24,835.7
33,836.2
6,836.6
55,837.0
50,837.3
52,837.9
53,840.4
46,840.5
5,840.9
42,841.1
9,841.3
13,841.7
55,842.7
45,843.4
43,843.7
30,844.6
34,844.7
13,846.1
54,846.3
9,847.0
12,847.1
29,848.2
14,848.2
53,848.5
24,849.1
55,849.4
10,849.9
30,850.5
12,851.2
9,853.0
54,853.4
53,854.3
18,854.5
13,855.3
7,855.4
39,855.6
59,855.7
55,856.4
12,857.4
34,857.4
51,857.7
60,857.8
5,858.6
6,858.8
31,860.0
42,860.1
59,860.3
39,860.6
40,860.7
19,860.8
45,861.2
55,861.5
54,862.8
24,863.1
13,863.4
9,863.6
32,863.9
18,864.4
53,865.8
12,866.3
42,867.2
15,867.3
60,868.0
43,868.4
7,868.6
45,868.7
57,869.0
4,869.6
47,870.2
50,871.8
24,872.2
20,872.7
5,872.7
51,873.9
17,874.7
9,875.2
53,875.6
6,877.9
19,878.9
45,879.8
37,881.9
57,882.5
12,887.0
51,888.2
56,889.1
4,890.0
13,890.2
54,890.2
58,890.3
33,890.8
14,891.4
37,891.7
31,892.7
5,893.3
58,896.7
41,896.7
59,898.4
14,900.6
59,902.3
39,903.7
53,904.7
51,904.9
11,905.2
33,906.0
8,906.3
37,906.5
34,906.9
4,906.9
55,907.2
54,908.2
59,908.2
9,908.2
1,908.3
7,909.8
58,909.8
19,909.8
5,912.2
31,912.3
39,913.0
41,913.8
25,913.9
36,914.2
51,914.7
59,914.9
44,915.1
27,915.2
52,916.0
14,916.0
8,916.4
32,916.6
38,917.2
17,918.4
53,918.6
9,919.0
43,919.1
41,919.5
60,919.7
39,920.5
12,920.6
13,921.3
59,921.4
48,921.6
61,921.7
54,922.1
36,922.1
37,922.4
14,922.9
52,923.2
9,924.1
40,924.8
57,925.2
53,925.3
56,925.3
13,925.7
31,926.6
58,926.6
19,926.9
42,927.2
7,927.3
17,927.4
9,927.7
54,927.7
32,927.8
52,928.0
34,928.0
8,928.7
33,928.8
6,929.1
29,929.5
53,930.2
55,930.4
16,930.6
44,930.7
13,931.0
1,931.3
14,931.4
9,931.4
28,931.6
47,931.7
31,931.7
57,931.9
6,932.5
37,932.8
32,933.4
17,933.8
52,933.9
29,934.0
26,934.3
11,935.4
12,935.9
4,936.2
8,936.2
48,936.2
34,936.6
57,936.7
27,936.7
6,937.1
5,937.2
42,937.7
9,938.1
24,938.4
55,938.8
28,942.1
53,943.2
57,943.5
50,943.6
24,944.3
48,944.5
6,944.9
29,945.1
0,947.2
23,948.4
7,948.8
47,949.6
30,949.7
4,950.1
57,950.5
50,950.9
22,951.0
6,952.0
5,952.4
3,953.1
29,954.4
47,954.8
42,956.1
57,957.9
6,958.2
2,959.0
45,959.4
60,959.5
50,960.4
28,960.8
34,961.6
47,963.7
31,965.3
6,965.5
58,978.2
37,981.5
47,982.2
28,983.7
14,985.8
16,987.1
34,987.8
39,988.6
52,993.0
32,995.5
34,996.7
14,996.8
33,1000.4
11,1001.8
34,1005.3
32,1009.4
14,1013.3
13,1014.5
53,1018.1
10,1026.7
32,1027.2
47,1027.2
5,1027.6
24,1027.6
53,1027.8
13,1028.3
51,1028.3
45,1028.4
8,1028.4
4,1028.7
54,1030.6
30,1030.6
6,1030.7
55,1030.8
60,1031.8
47,1031.9
3,1032.1
57,1032.2
33,1032.7
9,1032.7
11,1032.7
52,1033.0
4,1033.1
5,1033.2
13,1033.4
24,1033.4
25,1033.5
45,1033.7
51,1034.3
23,1034.5
2,1034.7
6,1034.9
12,1035.0
8,1035.2
53,1035.4
21,1035.6
47,1035.8
55,1036.1
42,1036.2
60,1036.3
10,1036.8
44,1036.8
54,1037.0
0,1037.1
32,1037.3
48,1037.4
5,1037.7
43,1037.8
14,1038.1
17,1038.1
4,1038.1
57,1038.4
25,1038.6
3,1039.0
12,1039.3
24,1039.4
49,1039.4
6,1039.5
11,1039.7
2,1039.8
13,1039.9
8,1040.0
34,1040.1
1,1040.2
29,1040.6
45,1040.7
47,1040.9
42,1041.1
15,1041.2
30,1041.4
26,1041.5
9,1041.7
51,1041.9
52,1042.0
5,1042.1
40,1042.2
53,1042.3
4,1042.3
27,1042.3
60,1042.4
32,1042.5
54,1042.9
21,1043.0
33,1043.3
43,1043.3
50,1043.4
17,1043.4
0,1043.9
58,1044.0
25,1044.0
41,1044.3
12,1044.7
11,1044.8
45,1044.9
57,1044.9
61,1045.1
23,1045.1
24,1045.1
34,1045.2
13,1045.4
42,1045.6
6,1045.7
5,1046.1
1,1046.8
9,1047.1
2,1047.6
55,1047.6
37,1047.7
47,1047.7
35,1048.1
17,1048.3
29,1048.3
45,1048.9
51,1049.0
48,1049.4
46,1049.6
30,1049.8
4,1049.8
42,1049.9
15,1050.0
41,1050.2
32,1050.2
34,1050.4
40,1050.5
8,1050.6
50,1051.2
57,1051.3
25,1051.4
33,1052.0
53,1052.1
19,1052.3
43,1053.1
54,1053.2
36,1053.4
9,1053.4
58,1053.5
47,1053.5
61,1054.0
42,1054.8
29,1054.9
5,1055.3
52,1055.8
24,1056.1
6,1056.6
60,1056.9
45,1057.0
2,1057.0
34,1057.4
48,1057.6
54,1062.6
39,1063.4
13,1063.8
42,1067.5
29,1072.3
37,1083.1
5,1087.6
8,1088.5
45,1089.0
47,1091.0
52,1091.0
24,1091.6
9,1091.8
57,1091.8
50,1092.6
4,1092.7
54,1093.1
37,1093.1
19,1093.8
34,1093.9
5,1094.3
25,1094.5
30,1094.8
10,1095.1
27,1095.1
42,1095.7
45,1095.9
57,1097.5
8,1098.2
6,1098.4
50,1098.5
5,1099.9
59,1101.0
30,1102.7
23,1102.9
15,1104.0
6,1104.3
9,1104.4
24,1104.7
37,1104.8
7,1106.2
5,1106.4
12,1106.4
45,1106.6
44,1106.8
18,1106.9
19,1106.9
4,1107.0
32,1107.1
59,1107.5
11,1107.5
34,1107.6
52,1107.6
57,1107.7
39,1108.0
10,1108.2
27,1108.3
53,1109.0
54,1109.4
42,1109.4
50,1109.6
36,1109.8
15,1110.2
47,1110.2
8,1110.3
33,1110.5
58,1110.5
48,1110.6
37,1110.7
51,1110.8
28,1110.8
19,1111.2
40,1111.2
31,1111.2
9,1111.4
16,1111.7
59,1111.7
41,1111.9
34,1112.0
60,1112.0
32,1112.0
30,1112.1
5,1112.2
12,1112.5
39,1112.7
3,1112.8
18,1112.9
57,1113.3
55,1113.7
7,1113.8
50,1113.9
11,1114.2
58,1114.4
54,1115.1
14,1115.8
4,1115.8
59,1116.0
23,1116.2
0,1116.3
2,1116.4
6,1116.5
5,1116.7
26,1116.9
34,1117.0
19,1117.1
13,1117.6
41,1117.6
16,1117.8
37,1117.9
53,1118.0
10,1118.3
52,1118.4
18,1118.7
32,1119.0
29,1119.2
38,1119.3
57,1119.3
39,1119.4
36,1119.6
58,1120.1
42,1120.1
48,1120.3
9,1120.4
31,1120.7
59,1120.8
33,1121.3
30,1121.3
50,1121.9
12,1122.0
55,1122.1
60,1122.3
14,1123.0
24,1123.0
19,1123.2
6,1123.5
51,1123.8
29,1123.8
54,1125.5
53,1126.2
59,1126.7
12,1127.3
39,1128.0
13,1128.1
10,1128.7
57,1130.3
40,1130.5
17,1130.8
4,1132.8
5,1133.2
42,1133.6
29,1135.6
25,1160.2
45,1160.8
5,1161.1
24,1163.0
43,1164.6
45,1165.8
4,1166.0
48,1166.1
30,1166.9
9,1167.0
25,1168.1
31,1168.8
49,1168.8
47,1169.4
7,1169.4
48,1170.0
52,1170.5
32,1171.2
8,1171.6
54,1171.7
6,1172.0
9,1172.1
14,1172.2
34,1172.4
50,1172.9
56,1173.2
13,1173.2
12,1173.8
31,1173.9
29,1174.2
45,1174.2
30,1174.5
47,1174.5
57,1174.6
5,1174.7
17,1174.8
4,1174.9
24,1175.1
55,1175.3
32,1175.4
52,1175.4
54,1175.7
48,1176.1
3,1176.2
9,1176.2
8,1176.3
51,1176.4
44,1176.9
6,1177.0
34,1177.2
53,1177.2
2,1177.4
14,1178.0
12,1178.0
43,1178.1
11,1178.3
13,1178.5
7,1178.9
4,1179.0
50,1179.7
47,1179.7
9,1179.8
10,1179.9
57,1180.3
29,1180.3
5,1180.4
35,1180.5
32,1180.5
33,1180.6
54,1180.8
8,1181.6
49,1181.9
37,1181.9
28,1183.2
56,1183.2
46,1183.3
14,1183.8
21,1184.0
3,1184.3
9,1184.5
13,1184.5
31,1184.6
2,1185.0
4,1185.1
52,1185.1
47,1185.5
54,1187.5
51,1187.6
23,1187.7
11,1187.7
6,1187.8
48,1188.0
24,1189.2
0,1189.5
21,1189.5
12,1190.0
42,1190.1
29,1190.4
50,1190.5
32,1190.7
8,1190.9
55,1191.5
31,1192.3
5,1192.4
3,1192.5
52,1192.5
6,1192.6
58,1193.8
47,1194.2
4,1194.4
2,1194.6
12,1194.6
29,1195.4
30,1195.7
34,1196.0
45,1196.1
54,1196.3
16,1196.6
55,1196.8
17,1197.6
5,1197.7
50,1197.9
46,1197.9
14,1198.0
13,1198.5
42,1198.5
51,1200.6
31,1200.8
57,1202.5
28,1202.6
37,1210.1
41,1210.2
58,1211.0
55,1212.8
14,1213.7
41,1214.3
29,1214.6
59,1215.0
60,1215.9
57,1216.3
58,1216.6
12,1216.7
46,1217.9
59,1219.7
31,1219.9
41,1220.6
37,1220.9
34,1221.1
53,1221.2
30,1221.3
7,1222.0
14,1223.3
59,1224.5
50,1225.2
24,1226.8
42,1227.2
28,1227.4
11,1227.4
34,1228.3
39,1231.4
19,1231.8
14,1232.3
2,1232.3
60,1232.4
48,1232.6
59,1232.7
50,1233.0
6,1233.7
25,1234.2
26,1235.3
29,1235.8
43,1236.1
47,1237.4
0,1238.2
23,1239.8
4,1239.8
44,1240.3
25,1240.4
45,1244.2
32,1246.3
24,1249.1
31,1249.9
48,1251.0
0,1251.7
50,1251.9
45,1254.3
24,1254.8
44,1254.9
42,1255.1
6,1255.8
43,1256.0
29,1256.4
26,1257.0
25,1258.6
11,1261.1
50,1261.9
29,1263.1
7,1263.5
6,1264.0
32,1264.4
2,1265.1
49,1265.2
21,1265.5
37,1267.7
42,1267.7
59,1267.8
12,1268.9
18,1269.1
54,1269.6
15,1270.8
58,1270.9
57,1271.0
41,1271.2
36,1271.3
59,1271.4
39,1271.7
19,1271.9
34,1272.1
24,1272.9
40,1273.7
6,1273.9
14,1273.9
37,1274.6
51,1275.0
60,1275.5
55,1275.6
57,1275.7
58,1275.8
41,1276.4
59,1276.6
18,1276.6
54,1276.6
5,1277.1
12,1278.2
32,1279.8
39,1280.0
52,1281.0
13,1281.1
14,1281.6
54,1282.6
53,1282.8
19,1282.9
38,1283.0
59,1283.2
34,1284.0
57,1284.3
37,1284.8
5,1286.2
11,1286.2
51,1289.0
32,1290.2
13,1290.8
56,1290.8
12,1291.9
59,1292.2
32,1295.4
52,1295.6
19,1296.5
13,1297.0
54,1297.1
31,1297.5
33,1298.5
9,1298.6
59,1300.6
17,1303.7
56,1305.6
46,1306.5
58,1306.6
41,1306.9
40,1310.6
48,1312.4
59,1312.5
14,1313.2
61,1314.4
6,1316.7
32,1316.9
13,1317.4
33,1318.3
34,1318.4
41,1318.5
57,1319.2
17,1319.9
58,1319.9
55,1320.9
11,1321.2
40,1321.8
36,1322.1
8,1322.2
51,1322.4
30,1322.4
60,1322.8
9,1322.9
45,1323.0
59,1323.0
32,1323.0
56,1323.1
47,1323.2
13,1323.3
41,1323.7
21,1323.7
57,1323.7
5,1323.7
53,1323.9
33,1323.9
31,1324.2
14,1324.4
24,1324.4
12,1324.8
34,1324.9
19,1325.8
58,1326.0
10,1326.4
55,1326.6
6,1327.6
52,1327.7
28,1328.0
53,1328.2
57,1328.9
42,1329.2
9,1329.5
17,1329.6
59,1329.6
41,1329.6
34,1329.8
30,1330.3
51,1330.6
27,1330.8
5,1330.9
31,1331.5
33,1331.6
7,1331.7
24,1332.7
6,1332.8
55,1332.9
14,1332.9
45,1333.4
48,1334.3
8,1334.3
58,1334.8
52,1335.6
3,1335.8
10,1336.9
50,1337.2
4,1337.5
34,1338.1
13,1338.1
39,1338.2
11,1338.3
47,1338.8
53,1339.2
5,1339.3
57,1340.0
8,1340.6
6,1340.6
45,1340.9
27,1341.2
3,1341.4
0,1341.9
17,1342.2
25,1342.2
24,1342.7
48,1343.3
4,1343.6
52,1343.8
51,1344.1
28,1344.1
5,1344.4
47,1344.7
26,1345.4
23,1345.4
22,1345.6
33,1346.4
45,1346.4
44,1346.5
2,1346.9
57,1347.2
30,1347.3
7,1347.9
8,1348.4
0,1348.6
25,1349.1
21,1349.9
6,1349.9
47,1350.3
5,1350.3
9,1352.5
29,1355.6
28,1356.0
48,1357.5
55,1357.5
4,1358.9
9,1359.8
25,1361.1
52,1363.6
53,1364.1
57,1364.4
6,1366.5
9,1367.0
54,1368.6
33,1371.1
31,1372.4
57,1372.5
29,1374.8
9,1375.2
14,1375.9
16,1376.8
13,1377.2
58,1377.7
48,1379.6
36,1385.1
34,1385.9
33,1386.2
14,1386.5
58,1387.2
54,1388.1
13,1389.3
59,1389.5
39,1389.7
16,1389.8
6,1391.3
32,1391.5
38,1391.5
4,1391.7
29,1392.1
24,1393.1
15,1393.1
17,1393.2
8,1393.3
18,1393.4
11,1393.4
58,1394.6
42,1394.7
53,1394.8
54,1395.0
55,1395.3
7,1396.2
9,1397.1
56,1397.3
12,1397.5
19,1398.8
14,1399.6
1,1399.9
39,1399.9
4,1400.0
36,1400.0
7,1401.3
60,1401.4
47,1401.4
28,1401.7
54,1401.9
24,1402.0
8,1402.6
33,1402.7
29,1402.8
38,1402.9
41,1403.1
34,1403.2
9,1403.3
58,1403.8
6,1404.2
37,1404.3
4,1404.4
53,1404.7
31,1404.7
45,1404.7
57,1404.7
50,1405.1
55,1405.2
16,1405.2
47,1405.4
30,1405.5
5,1406.2
24,1406.6
8,1406.7
46,1406.8
29,1406.9
59,1407.3
13,1407.3
19,1407.4
34,1407.4
54,1407.7
42,1408.0
6,1408.2
32,1408.3
12,1408.5
41,1408.6
4,1409.0
37,1409.0
9,1409.3
57,1409.5
14,1409.7
48,1409.8
53,1410.1
55,1410.2
45,1410.5
26,1410.7
30,1410.7
38,1410.8
5,1411.1
31,1411.1
47,1411.3
15,1411.5
39,1411.6
29,1411.7
13,1411.8
50,1411.9
52,1412.0
6,1412.1
59,1412.2
54,1412.2
8,1412.5
44,1412.5
61,1412.9
20,1413.0
35,1413.0
19,1413.1
17,1413.2
34,1413.3
36,1413.4
21,1413.5
37,1413.6
51,1413.8
12,1414.0
48,1414.3
49,1414.5
28,1414.6
56,1414.9
2,1415.0
9,1415.4
18,1415.7
33,1415.7
53,1416.5
16,1416.6
7,1417.0
54,1417.0
31,1418.4
6,1418.7
57,1418.8
47,1419.2
48,1419.9
14,1420.1
45,1420.4
32,1421.1
8,1422.4
12,1422.4
4,1422.6
42,1422.7
37,1422.7
9,1422.9
13,1423.5
29,1424.7
54,1424.7
59,1425.5
14,1426.0
6,1426.1
34,1426.3
5,1426.6
42,1427.0
50,1427.4
47,1427.8
30,1427.8
58,1428.0
24,1428.3
11,1428.3
55,1428.3
48,1429.8
9,1430.5
41,1431.9
12,1433.7
59,1433.7
39,1434.1
19,1435.5
42,1435.9
31,1436.8
34,1438.0
50,1438.1
29,1439.6
57,1449.4
54,1450.0
29,1451.0
34,1451.2
30,1451.4
42,1451.5
6,1451.7
9,1452.3
58,1452.3
39,1452.7
14,1452.8
19,1452.9
59,1452.9
24,1453.6
55,1453.7
11,1453.7
13,1454.0
18,1454.5
53,1454.6
41,1454.7
5,1454.8
7,1454.8
32,1455.0
4,1455.4
31,1455.5
54,1456.1
57,1456.3
47,1456.5
9,1456.5
12,1456.8
6,1457.1
34,1457.1
30,1457.1
45,1457.2
51,1457.4
23,1457.5
37,1457.9
44,1458.2
1,1458.2
10,1458.7
42,1458.8
60,1459.3
59,1459.3
11,1460.3
29,1460.4
52,1460.5
53,1460.7
33,1460.7
9,1460.8
25,1460.9
55,1461.1
5,1461.2
45,1461.6
54,1462.1
24,1462.4
13,1462.7
27,1462.7
34,1462.8
30,1463.1
6,1463.8
4,1464.1
43,1464.4
48,1465.2
57,1465.4
37,1465.5
52,1466.5
10,1467.5
58,1468.0
9,1468.8
59,1468.8
33,1469.8
42,1473.1
39,1474.2
54,1474.6
57,1476.5
7,1484.0
52,1485.0
27,1486.5
34,1487.8
6,1487.9
33,1489.7
7,1490.9
57,1491.1
10,1491.7
60,1491.7
52,1492.0
51,1493.1
30,1493.6
24,1494.7
27,1494.9
41,1495.4
32,1495.5
57,1496.0
55,1496.0
58,1496.9
40,1497.7
60,1498.1
30,1498.9
19,1499.6
50,1500.4
17,1500.5
41,1500.6
7,1501.1
57,1501.2
28,1501.8
16,1502.0
12,1502.2
24,1502.6
53,1503.0
31,1503.2
55,1503.3
48,1503.8
54,1504.8
50,1505.0
57,1505.0
34,1505.1
30,1505.1
9,1505.4
32,1505.5
11,1506.2
27,1506.3
13,1506.5
58,1506.6
60,1507.0
45,1507.1
39,1507.2
51,1507.4
52,1507.6
10,1508.0
24,1508.5
33,1508.6
53,1508.6
55,1509.1
40,1509.1
31,1509.2
59,1509.2
54,1509.3
15,1509.5
57,1509.5
41,1509.9
6,1510.0
48,1510.6
30,1510.8
13,1511.0
42,1511.1
14,1511.3
17,1511.5
8,1511.5
51,1511.8
19,1512.0
28,1512.4
34,1512.7
25,1512.7
21,1512.9
3,1513.1
57,1513.1
2,1513.5
43,1513.5
54,1513.5
7,1513.7
55,1513.9
60,1514.0
16,1516.4
33,1517.7
59,1518.5
57,1518.5
51,1518.9
9,1520.4
8,1521.1
18,1521.7
19,1522.4
24,1522.7
48,1523.0
17,1523.6
42,1524.2
55,1524.4
14,1524.5
54,1525.2
32,1527.3
0,1527.5
57,1529.4
30,1529.7
5,1530.5
24,1532.9
28,1533.5
47,1533.5
8,1533.5
6,1533.5
50,1533.9
42,1534.2
45,1535.6
3,1536.0
46,1536.7
51,1537.4
5,1537.9
47,1538.8
14,1540.4
50,1541.5
4,1541.6
8,1541.6
42,1542.4
29,1542.6
23,1543.2
1,1543.7
45,1544.2
28,1547.2
6,1551.4
44,1556.2
5,1556.4
47,1556.9
58,1558.4
57,1559.5
19,1560.7
14,1561.8
9,1564.9
34,1565.1
48,1565.7
56,1566.4
31,1566.4
57,1567.6
41,1568.1
17,1569.4
51,1571.1
54,1571.1
37,1571.4
34,1571.6
29,1571.6
48,1572.2
52,1572.6
31,1572.7
59,1572.8
13,1573.1
61,1573.5
53,1573.7
57,1574.0
14,1574.2
30,1575.2
54,1575.3
5,1575.6
47,1576.1
9,1576.3
32,1576.7
25,1576.9
43,1577.5
19,1577.6
12,1577.7
13,1577.7
10,1577.8
2,1577.9
56,1578.3
4,1578.7
34,1579.2
59,1580.1
52,1580.3
54,1581.2
13,1582.9
42,1583.0
0,1585.0
47,1586.0
37,1586.6
16,1586.8
12,1586.9
5,1587.4
4,1587.9
8,1588.1
36,1588.8
18,1589.6
55,1591.0
59,1591.9
21,1593.6
39,1595.4
43,1596.2
9,1596.6
5,1597.8
6,1598.0
58,1598.3
47,1599.0
25,1599.5
44,1599.8
59,1602.4
28,1602.7
50,1603.0
30,1603.6
6,1603.7
5,1604.5
46,1605.3
10,1606.3
9,1606.3
8,1606.6
29,1607.6
60,1607.6
51,1609.0
50,1611.3
14,1611.9
6,1612.0
24,1612.5
30,1613.4
60,1614.0
57,1614.3
40,1614.3
48,1614.5
41,1615.2
32,1615.2
58,1615.4
39,1616.3
14,1616.6
6,1616.7
53,1617.5
28,1617.8
50,1618.3
9,1618.3
59,1618.4
34,1618.4
30,1618.4
11,1619.0
31,1619.2
60,1620.0
57,1620.1
4,1620.3
15,1621.1
58,1621.3
41,1621.6
14,1621.7
42,1622.5
30,1623.7
6,1623.7
28,1624.3
12,1624.4
37,1624.8
51,1625.8
32,1626.3
24,1627.2
14,1627.4
60,1628.9
16,1630.7
50,1631.6
29,1634.8
2,1638.5
4,1639.1
50,1640.9
44,1643.8
6,1644.4
8,1645.1
52,1645.7
9,1646.3
34,1646.5
51,1647.2
25,1647.6
14,1647.7
3,1648.4
23,1648.4
31,1648.7
32,1649.0
54,1649.6
5,1649.8
46,1650.5
28,1650.8
6,1650.9
50,1650.9
29,1652.3
52,1652.4
53,1653.2
9,1653.9
31,1654.1
51,1655.4
50,1657.4
44,1657.5
58,1657.9
42,1660.3
28,1661.0
14,1661.4
31,1661.8
57,1661.8
10,1661.9
33,1662.1
55,1662.7
36,1663.6
52,1663.7
9,1664.2
17,1664.5
54,1664.7
24,1664.8
13,1665.2
16,1665.2
51,1665.3
8,1665.9
32,1666.3
3,1666.5
7,1666.7
15,1666.7
35,1667.4
57,1667.4
33,1667.5
44,1668.0
9,1668.0
6,1668.5
25,1668.6
55,1668.6
43,1668.8
0,1669.1
5,1669.5
38,1669.6
56,1669.8
53,1669.8
23,1670.2
45,1670.2
34,1670.3
13,1670.3
19,1670.6
8,1671.0
54,1671.1
39,1671.2
17,1671.6
59,1671.7
42,1671.7
47,1671.8
52,1671.8
4,1672.0
15,1672.1
24,1672.5
57,1673.3
50,1673.3
9,1673.4
5,1673.7
40,1673.8
27,1673.8
51,1674.6
14,1674.6
43,1674.7
0,1674.9
3,1675.4
44,1675.6
8,1675.7
13,1675.8
31,1675.8
32,1675.8
34,1676.3
30,1676.5
45,1677.0
36,1677.4
47,1677.7
15,1677.7
28,1677.7
22,1677.8
59,1677.8
54,1678.1
1,1678.2
21,1678.4
39,1678.4
37,1678.5
57,1678.7
4,1678.9
2,1679.1
60,1679.1
5,1679.2
55,1679.2
23,1679.2
6,1679.5
50,1679.6
19,1680.3
31,1680.3
38,1680.4
32,1680.4
49,1681.8
29,1682.6
16,1682.6
57,1683.3
48,1683.5
47,1683.6
7,1683.6
14,1684.0
30,1684.0
42,1684.1
18,1684.3
41,1684.3
52,1684.3
11,1685.3
17,1685.9
50,1685.9
9,1686.0
20,1687.2
13,1687.3
8,1687.3
58,1687.7
19,1687.7
37,1689.0
40,1689.9
32,1690.5
21,1690.8
57,1691.6
5,1692.5
44,1692.5
16,1693.1
4,1694.5
15,1695.7
13,1696.7
51,1700.1
57,1700.3
39,1701.7
59,1703.3
38,1705.5
24,1715.8
7,1719.4
53,1720.7
45,1720.7
54,1722.6
9,1724.0
6,1724.6
5,1725.0
59,1725.2
45,1725.8
8,1726.2
47,1727.2
24,1727.2
1,1727.3
53,1727.4
32,1727.8
48,1727.8
9,1727.8
7,1728.2
57,1728.7
14,1728.7
52,1729.1
45,1729.4
42,1729.6
34,1729.7
30,1729.9
33,1730.0
25,1730.2
29,1730.2
41,1730.5
6,1730.6
60,1730.7
17,1730.8
35,1730.8
4,1730.9
24,1731.2
2,1731.2
9,1731.4
37,1731.6
51,1731.7
57,1732.0
43,1732.0
21,1732.1
53,1732.3
8,1732.3
39,1732.9
48,1733.4
50,1733.8
54,1734.0
6,1734.1
14,1734.1
42,1734.2
45,1734.3
28,1734.3
19,1734.4
5,1734.6
13,1734.7
34,1735.3
47,1735.4
32,1735.5
15,1735.5
0,1735.8
17,1735.8
9,1735.8
52,1736.0
60,1736.2
55,1736.2
41,1736.5
57,1736.5
29,1736.5
53,1736.6
33,1736.6
24,1737.8
6,1737.9
59,1737.9
36,1737.9
8,1738.0
12,1738.1
37,1738.1
2,1738.3
25,1738.4
30,1738.6
20,1738.8
7,1738.9
13,1739.0
5,1739.1
45,1739.1
38,1739.2
31,1739.4
54,1739.9
50,1740.1
51,1740.3
9,1740.8
40,1741.0
27,1741.4
53,1741.6
26,1741.7
47,1741.8
48,1742.6
3,1742.6
18,1742.8
52,1743.3
21,1743.6
55,1743.8
32,1743.8
60,1743.9
23,1743.9
0,1744.2
34,1744.2
57,1744.8
45,1744.9
39,1745.0
14,1745.2
5,1745.5
42,1745.5
4,1746.1
43,1746.3
37,1746.4
6,1746.6
35,1746.9
9,1747.0
31,1747.3
2,1747.3
24,1748.1
11,1748.4
47,1749.1
12,1749.7
59,1749.8
15,1750.4
17,1750.6
39,1753.2
10,1753.9
33,1758.0
13,1758.6
57,1760.6
58,1761.2
54,1762.3
59,1762.7
39,1763.6
19,1764.1
13,1764.5
34,1765.6
36,1765.8
14,1767.6
18,1767.8
27,1768.3
5,1770.5
59,1772.4
13,1772.9
60,1772.9
58,1773.8
54,1774.6
57,1778.3
39,1778.4
46,1779.7
16,1780.5
11,1781.3
30,1781.3
48,1781.5
23,1782.3
12,1783.3
50,1785.4
29,1785.5
24,1786.0
42,1789.5
53,1789.7
6,1789.9
2,1791.5
3,1799.7
13,1800.2
46,1800.4
50,1803.9
42,1805.6
3,1808.3
8,1811.1
29,1812.4
46,1814.7
2,1814.9
43,1815.3
0,1817.0
23,1817.2
26,1819.8
39,1820.5
32,1820.5
19,1822.3
0,1822.9
59,1822.9
29,1822.9
11,1824.6
34,1825.4
36,1825.7
33,1825.8
5,1826.4
24,1826.9
45,1827.0
13,1827.6
27,1828.1
8,1828.1
58,1828.2
19,1828.2
38,1828.5
25,1828.8
4,1829.0
18,1829.1
32,1829.1
54,1829.6
59,1830.3
47,1830.4
61,1831.5
43,1831.6
60,1832.0
41,1832.3
10,1832.3
39,1832.3
5,1833.0
50,1833.2
6,1833.6
26,1833.7
53,1833.9
45,1834.6
58,1835.2
24,1835.2
48,1836.0
37,1836.0
4,1836.5
34,1836.9
19,1837.2
8,1837.2
59,1837.3
47,1837.3
21,1837.6
38,1837.6
40,1837.8
13,1838.1
57,1838.2
31,1838.4
32,1838.7
33,1839.1
30,1839.4
15,1839.6
24,1839.8
18,1840.2
25,1840.3
27,1840.4
54,1840.4
9,1840.8
16,1840.9
52,1841.1
34,1841.3
12,1841.6
14,1842.0
26,1843.0
31,1843.5
58,1843.7
56,1843.7
32,1844.0
35,1844.1
45,1844.4
59,1844.7
10,1844.9
30,1846.2
14,1846.5
34,1846.8
52,1847.0
8,1847.3
27,1847.6
24,1847.9
58,1848.2
31,1848.3
61,1848.8
16,1848.8
57,1849.6
59,1849.8
49,1849.9
37,1850.3
41,1850.3
28,1851.1
60,1852.7
48,1853.7
57,1855.0
55,1855.5
21,1856.2
14,1856.2
42,1858.0
43,1858.1
9,1859.0
60,1860.4
41,1861.2
14,1862.9
37,1863.6
44,1863.9
50,1864.5
9,1865.1
31,1866.0
48,1866.5
41,1866.7
14,1867.3
58,1868.3
57,1868.4
55,1868.6
51,1869.1
28,1870.4
14,1875.8
14,1883.5
5,1886.4
30,1887.0
47,1888.7
48,1888.8
50,1892.4
6,1893.2
44,1897.3
5,1897.7
7,1908.4
11,1909.4
50,1911.1
6,1911.2
32,1912.2
9,1913.7
31,1913.8
57,1914.7
12,1915.5
6,1915.7
5,1915.9
53,1915.9
52,1915.9
51,1916.3
32,1916.5
17,1916.5
24,1916.5
7,1916.6
54,1916.7
25,1916.8
34,1917.0
49,1917.2
14,1917.8
26,1917.9
55,1918.3
57,1918.7
13,1918.8
4,1918.8
41,1918.9
33,1919.0
42,1919.1
8,1919.1
9,1919.1
60,1919.2
45,1919.2
31,1919.2
11,1919.2
50,1919.5
28,1920.5
51,1920.6
30,1920.7
34,1921.1
10,1921.1
37,1921.1
52,1921.1
54,1921.3
48,1921.3
12,1921.3
14,1922.1
53,1922.2
25,1922.3
24,1922.3
15,1922.3
55,1922.6
19,1922.6
7,1922.7
6,1922.9
32,1923.3
57,1923.8
9,1923.8
13,1923.8
8,1923.9
36,1924.0
5,1924.2
33,1924.2
3,1924.6
31,1924.9
45,1925.0
27,1925.1
51,1925.2
41,1925.2
30,1925.4
58,1925.7
54,1925.8
59,1925.8
35,1925.8
6,1925.9
48,1925.9
52,1926.0
11,1926.1
34,1926.2
60,1926.2
39,1926.3
17,1926.4
42,1926.7
24,1926.8
9,1926.9
29,1927.0
53,1927.1
49,1927.1
57,1927.2
26,1927.2
4,1927.3
28,1927.6
38,1927.6
14,1927.7
32,1927.7
13,1927.9
55,1927.9
37,1928.0
12,1928.1
21,1928.4
3,1928.4
18,1928.5
36,1928.5
8,1928.5
15,1928.6
10,1928.7
51,1929.0
19,1929.1
47,1929.1
33,1929.3
6,1929.3
41,1929.3
44,1929.3
17,1929.4
30,1929.4
27,1929.7
54,1929.7
45,1929.9
50,1930.1
34,1930.1
48,1930.2
59,1930.2
5,1930.2
24,1930.3
60,1930.4
9,1930.6
7,1930.8
58,1930.9
2,1930.9
39,1931.1
25,1931.3
40,1931.4
57,1931.5
42,1931.7
28,1931.7
14,1931.8
46,1931.9
29,1932.0
11,1932.2
13,1932.2
26,1932.4
0,1932.5
31,1932.8
17,1933.1
33,1933.2
19,1933.5
8,1933.7
12,1933.7
16,1933.7
51,1933.7
53,1934.1
37,1934.1
6,1934.2
54,1934.3
24,1934.3
38,1934.4
23,1934.5
45,1934.8
41,1934.9
18,1935.1
3,1935.2
55,1935.7
35,1936.1
58,1936.2
5,1936.2
60,1936.3
48,1936.3
57,1936.4
30,1936.5
36,1936.6
34,1936.6
50,1936.7
59,1936.7
42,1936.9
28,1937.1
14,1937.3
15,1937.5
21,1937.6
9,1937.9
29,1938.1
0,1938.6
2,1939.0
44,1939.2
17,1939.5
46,1939.6
56,1940.0
31,1940.2
24,1940.4
12,1940.9
13,1941.3
32,1941.8
37,1941.8
55,1941.9
57,1942.0
26,1942.1
30,1942.7
14,1942.8
16,1943.8
38,1943.9
39,1943.9
59,1944.3
34,1945.0
6,1945.7
50,1946.6
23,1946.9
5,1946.9
46,1949.4
43,1949.5
0,1950.1
6,1950.8
7,1952.2
57,1952.3
50,1952.6
48,1953.9
47,1955.6
24,1955.7
6,1956.8
45,1957.4
32,1957.5
12,1957.9
4,1960.7
50,1969.7
4,1971.9
54,1979.2
5,1980.1
31,1988.9
9,1991.6
57,1992.7
54,1993.5
31,1993.7
55,1995.0
39,1995.5
51,1996.2
58,1997.2
14,1997.2
13,1997.8
57,1997.8
41,1997.9
9,1998.1
31,1999.2
37,2000.6
16,2001.2
54,2001.3
20,2001.4
9,2002.6
19,2004.0
57,2004.3
8,2004.7
39,2005.5
59,2005.8
51,2005.9
9,2006.4
34,2006.5
14,2007.3
31,2007.6
44,2012.1
9,2012.5
33,2013.6
42,2014.8
19,2015.8
60,2015.8
23,2015.9
43,2018.7
34,2018.9
8,2020.0
57,2023.9
19,2023.9
40,2024.1
61,2027.6
57,2034.9
42,2035.4
9,2037.8
57,2040.9
54,2041.7
34,2043.6
16,2043.6
9,2044.8
54,2047.2
32,2047.9
37,2048.2
52,2048.4
51,2049.0
12,2049.4
14,2052.1
42,2053.1
53,2054.5
24,2054.5
5,2054.9
31,2055.2
50,2056.0
9,2056.3
29,2056.6
54,2056.6
12,2057.6
23,2057.7
48,2058.2
11,2059.2
45,2059.5
42,2059.7
52,2059.8
34,2059.8
24,2060.1
56,2060.2
53,2060.2
13,2060.4
31,2060.6
14,2061.6
32,2062.0
47,2062.0
28,2062.0
6,2062.6
39,2062.8
35,2063.2
16,2063.6
4,2063.8
9,2063.9
15,2064.0
30,2064.2
13,2064.4
17,2065.0
10,2065.3
12,2065.3
8,2065.5
34,2066.0
7,2066.3
55,2066.5
33,2066.5
51,2066.6
52,2067.1
53,2067.1
31,2067.3
11,2067.3
27,2067.5
6,2067.7
56,2067.8
42,2067.8
32,2068.1
46,2068.8
57,2069.1
13,2069.2
1,2069.3
24,2069.4
14,2069.4
50,2069.4
5,2069.6
28,2069.9
9,2069.9
45,2070.0
17,2070.2
36,2070.3
0,2070.8
10,2070.9
3,2071.2
42,2071.7
30,2071.8
52,2072.0
54,2072.2
8,2072.2
6,2072.2
33,2072.4
31,2072.8
24,2072.9
27,2073.4
48,2073.5
37,2073.7
56,2073.9
47,2074.0
25,2074.2
43,2074.3
29,2074.6
44,2074.7
34,2074.8
50,2074.8
46,2074.8
45,2075.1
2,2075.2
9,2075.6
32,2075.6
3,2075.9
51,2076.0
28,2076.2
0,2076.7
57,2076.9
42,2077.5
23,2077.5
24,2077.7
6,2077.8
8,2078.0
16,2078.0
54,2078.1
48,2078.7
47,2078.7
58,2078.8
13,2078.8
4,2078.9
11,2078.9
5,2079.0
50,2080.0
21,2080.1
9,2080.2
55,2080.4
29,2080.5
31,2080.5
2,2081.0
43,2081.3
46,2081.7
22,2081.8
45,2082.0
26,2082.2
47,2082.4
5,2082.8
0,2082.8
57,2083.0
4,2083.4
54,2083.5
33,2084.0
24,2084.8
28,2084.9
8,2085.2
15,2085.2
32,2085.5
1,2085.5
29,2085.6
50,2085.7
58,2086.0
16,2086.1
23,2086.5
5,2087.3
48,2087.7
9,2087.7
57,2087.8
52,2087.8
55,2087.8
14,2087.9
17,2088.2
45,2088.5
4,2089.0
6,2089.1
7,2089.2
51,2089.3
47,2089.8
34,2090.3
54,2090.3
31,2091.2
24,2091.4
50,2091.8
57,2091.9
29,2092.0
55,2092.6
21,2093.0
30,2093.1
6,2093.4
32,2093.6
8,2093.6
12,2093.6
2,2093.8
9,2094.0
51,2094.1
48,2094.4
47,2094.6
53,2094.6
28,2094.6
11,2095.2
4,2095.2
10,2095.3
54,2095.4
5,2095.4
49,2095.4
7,2095.5
31,2095.6
33,2095.7
29,2096.0
13,2096.0
57,2096.1
46,2096.1
45,2096.2
50,2096.3
52,2096.3
24,2096.5
42,2096.8
9,2096.9
55,2096.9
30,2097.1
27,2097.4
6,2097.4
44,2097.5
3,2097.9
34,2098.0
18,2098.2
17,2098.2
12,2098.8
14,2099.1
53,2099.2
54,2099.5
37,2099.5
15,2099.6
51,2099.6
29,2099.7
5,2099.8
48,2100.0
57,2100.1
47,2100.2
38,2100.3
9,2100.3
4,2100.3
21,2100.7
6,2101.2
28,2101.2
45,2101.5
7,2101.6
13,2102.2
42,2102.4
24,2103.7
12,2103.8
50,2103.9
55,2104.5
59,2104.5
31,2104.6
57,2104.7
9,2104.8
32,2105.4
30,2105.8
54,2105.8
19,2106.0
37,2107.2
6,2107.4
34,2109.3
2,2109.5
41,2109.6
29,2109.9
5,2116.1
59,2117.2
4,2117.4
37,2119.3
58,2121.4
9,2121.7
57,2122.2
14,2122.3
41,2122.6
51,2123.4
50,2124.1
57,2127.3
19,2128.0
34,2128.9
11,2129.6
58,2131.3
31,2132.5
13,2133.7
19,2134.4
29,2135.5
46,2136.6
40,2137.1
60,2137.2
59,2137.2
39,2137.3
15,2137.5
54,2137.6
41,2139.1
9,2139.1
38,2140.7
58,2140.8
42,2141.8
13,2141.9
19,2142.4
57,2143.7
60,2145.1
18,2147.1
61,2148.8
5,2158.9
6,2159.2
33,2160.7
4,2161.8
29,2162.1
9,2162.7
2,2163.1
32,2163.8
5,2164.1
47,2164.5
48,2164.9
53,2165.2
8,2166.0
7,2166.2
1,2166.4
11,2166.5
45,2166.7
9,2166.8
54,2166.9
52,2167.1
25,2168.7
43,2168.8
17,2169.1
12,2169.3
27,2169.7
50,2169.9
45,2171.1
47,2171.1
4,2171.3
24,2171.5
33,2171.9
55,2171.9
9,2173.6
5,2173.7
44,2173.9
8,2174.7
7,2179.0
43,2179.2
5,2180.0
8,2181.4
44,2182.3
6,2182.3
4,2183.0
55,2184.8
52,2184.9
5,2186.4
24,2187.8
53,2188.3
47,2188.3
29,2189.2
4,2190.0
50,2193.5
23,2196.8
54,2200.2
33,2200.7
25,2201.0
55,2201.2
45,2201.4
51,2201.4
53,2201.6
11,2202.0
5,2202.2
42,2202.8
47,2203.1
8,2203.6
9,2203.9
32,2204.0
24,2204.1
4,2204.4
10,2205.1
6,2205.6
2,2206.0
45,2206.1
29,2206.3
15,2206.9
12,2207.1
43,2207.3
54,2207.3
59,2207.3
13,2207.7
25,2208.2
51,2208.3
52,2208.4
47,2208.5
42,2208.6
46,2209.0
18,2209.1
26,2209.1
32,2209.1
11,2209.2
24,2209.5
3,2210.3
34,2211.4
6,2211.4
27,2211.4
49,2211.6
9,2211.8
50,2212.1
48,2212.1
59,2212.7
44,2212.8
36,2213.1
19,2213.1
38,2213.2
29,2213.6
11,2214.2
2,2214.4
15,2214.6
33,2214.6
13,2214.6
8,2214.9
45,2215.3
5,2215.3
0,2215.4
37,2215.7
12,2215.8
26,2216.2
54,2216.3
10,2217.0
42,2217.2
53,2217.2
51,2217.3
40,2217.5
34,2217.7
23,2217.7
24,2217.9
13,2218.0
55,2218.7
56,2218.8
17,2218.9
39,2219.0
59,2219.4
9,2219.5
54,2219.6
18,2219.9
38,2219.9
36,2220.4
12,2220.5
14,2220.8
5,2220.8
37,2221.3
4,2221.6
25,2222.0
11,2222.0
13,2222.2
32,2222.4
29,2223.2
59,2223.2
55,2223.3
54,2223.6
51,2223.7
39,2224.0
34,2224.1
40,2224.1
19,2224.2
56,2224.5
57,2224.6
12,2224.7
52,2224.9
36,2225.1
20,2225.3
42,2225.5
41,2225.9
15,2225.9
38,2225.9
14,2226.0
37,2226.3
46,2226.7
59,2226.8
10,2226.8
18,2226.9
17,2226.9
47,2227.1
13,2227.2
29,2227.4
31,2227.4
54,2227.6
34,2228.5
9,2228.8
60,2229.3
16,2229.4
19,2229.4
58,2229.5
37,2229.7
30,2229.8
57,2230.5
41,2230.8
39,2230.9
50,2231.0
42,2231.4
3,2231.4
6,2231.6
38,2231.6
59,2231.7
29,2232.6
31,2234.7
11,2234.8
53,2235.0
34,2235.0
55,2235.5
37,2235.8
60,2238.7
29,2241.6
41,2241.7
39,2245.6
34,2249.1
48,2250.3
13,2252.0
50,2252.6
57,2253.9
37,2256.3
48,2256.7
26,2257.0
9,2258.0
47,2258.6
14,2258.6
57,2258.9
60,2259.0
6,2259.5
31,2259.8
24,2260.5
30,2260.5
32,2260.6
23,2260.7
4,2261.0
52,2261.0
54,2261.8
58,2261.8
34,2262.2
13,2262.3
14,2262.5
9,2262.8
50,2263.0
2,2263.1
41,2263.3
48,2263.3
11,2263.9
57,2264.0
12,2264.5
40,2264.6
29,2264.8
51,2264.8
54,2264.9
31,2265.0
56,2265.3
17,2265.6
13,2265.8
32,2266.0
14,2266.1
33,2266.3
30,2266.3
6,2266.5
60,2267.2
10,2267.3
55,2267.5
0,2267.6
42,2267.9
34,2268.5
39,2268.8
54,2269.1
57,2269.3
9,2269.4
48,2269.6
13,2269.6
12,2269.8
24,2270.0
2,2270.2
29,2270.5
14,2270.7
47,2270.8
31,2271.0
33,2271.4
25,2271.6
30,2271.7
45,2272.1
58,2272.2
52,2272.6
6,2272.7
41,2273.5
57,2274.0
42,2274.2
34,2275.6
35,2276.6
13,2276.6
12,2279.0
0,2279.1
23,2280.6
17,2280.6
57,2281.2
48,2281.3
37,2281.6
2,2282.1
5,2282.2
32,2282.6
7,2283.0
31,2283.2
9,2284.0
58,2284.6
13,2284.6
55,2285.5
33,2285.5
0,2286.0
14,2286.4
54,2286.4
56,2286.7
57,2287.7
34,2288.4
5,2288.6
47,2289.3
32,2289.3
12,2289.4
48,2289.8
29,2289.8
4,2290.1
21,2290.4
22,2290.8
42,2291.1
54,2291.4
51,2291.6
13,2291.8
50,2291.8
6,2293.9
28,2298.4
0,2299.5
1,2299.7
8,2299.9
24,2300.1
4,2301.7
2,2306.3
48,2306.5
43,2307.1
24,2308.8
31,2311.7
49,2315.3
4,2316.8
0,2320.3
43,2320.7
4,2322.0
47,2322.6
48,2322.8
33,2323.7
8,2324.3
44,2324.5
42,2324.8
29,2325.1
2,2327.0
25,2327.6
28,2327.8
5,2327.9
23,2328.8
43,2329.8
45,2330.0
33,2330.2
47,2332.3
49,2332.7
50,2333.3
24,2334.0
3,2337.2
43,2339.1
33,2339.9
5,2340.3
45,2340.7
59,2341.1
4,2342.0
47,2344.1
36,2344.3
39,2344.4
8,2344.8
13,2345.3
5,2345.8
9,2346.4
53,2346.7
15,2347.4
45,2348.1
21,2349.4
61,2349.7
4,2351.2
51,2351.6
47,2352.3
8,2352.8
13,2353.0
44,2353.6
5,2353.6
9,2354.1
25,2354.9
54,2356.1
49,2356.2
15,2357.4
6,2357.5
43,2358.0
59,2358.4
60,2359.5
39,2360.0
53,2360.4
9,2360.7
40,2361.1
13,2361.9
25,2362.0
11,2362.9
59,2362.9
45,2362.9
15,2363.4
34,2363.5
54,2363.7
36,2364.0
60,2364.3
5,2364.5
19,2364.5
52,2364.7
51,2365.3
57,2365.6
13,2365.7
8,2366.2
4,2366.2
18,2366.8
10,2366.9
30,2367.0
34,2367.0
9,2367.0
59,2367.3
32,2367.4
14,2367.4
39,2367.5
54,2367.6
49,2368.0
40,2368.3
27,2368.7
17,2368.9
58,2369.0
41,2369.1
13,2369.4
57,2369.4
53,2369.4
55,2369.6
60,2369.8
12,2370.0
56,2370.1
51,2370.5
14,2370.6
15,2370.6
52,2370.9
50,2371.1
34,2371.1
31,2371.6
54,2371.9
0,2372.0
59,2372.0
30,2372.2
42,2372.5
19,2372.8
61,2372.8
13,2372.8
32,2373.2
39,2373.8
57,2374.2
25,2374.2
10,2374.4
14,2374.5
60,2374.7
38,2374.8
5,2374.9
44,2374.9
48,2375.1
17,2375.1
45,2375.2
8,2375.2
58,2375.4
6,2375.6
34,2375.6
11,2376.1
59,2376.1
24,2376.7
47,2377.1
12,2377.3
18,2377.9
56,2378.3
13,2379.0
55,2379.1
31,2379.4
41,2379.4
54,2379.5
30,2379.8
16,2379.9
14,2380.3
21,2380.5
57,2380.7
51,2382.2
32,2387.1
6,2388.4
19,2389.6
59,2389.9
13,2390.7
55,2390.7
34,2392.2
31,2394.3
16,2394.3
57,2396.9
13,2397.8
6,2411.9
57,2412.5
52,2415.2
8,2416.4
50,2420.7
57,2425.1
28,2427.9
8,2428.2
31,2428.6
50,2428.6
24,2428.7
33,2430.9
13,2431.0
57,2431.9
29,2432.3
32,2432.4
17,2432.5
9,2432.7
14,2433.4
4,2433.4
52,2433.6
53,2433.9
5,2434.5
6,2434.6
46,2435.0
36,2435.1
13,2435.5
7,2436.2
54,2436.7
33,2436.7
11,2437.1
55,2437.4
31,2437.5
8,2437.7
57,2438.2
48,2438.7
35,2438.8
32,2438.9
17,2438.9
13,2439.0
12,2439.2
45,2439.3
53,2439.3
1,2439.3
51,2439.6
30,2439.7
58,2439.7
34,2439.9
5,2439.9
29,2440.2
47,2440.4
55,2440.5
4,2440.8
6,2441.1
42,2441.3
54,2441.4
41,2441.5
14,2441.5
27,2441.7
37,2441.7
9,2441.9
56,2442.0
38,2442.0
8,2442.2
31,2442.3
33,2442.3
10,2442.5
11,2442.5
13,2442.6
50,2442.6
43,2442.8
12,2443.3
24,2443.3
28,2443.3
45,2443.5
20,2444.0
55,2444.3
7,2444.4
47,2444.8
17,2444.9
53,2445.2
21,2445.5
9,2445.8
51,2445.8
27,2446.0
54,2446.3
4,2446.4
25,2446.4
52,2446.5
1,2446.6
29,2446.9
13,2447.3
43,2447.5
57,2447.6
58,2447.7
32,2447.7
35,2447.9
30,2448.5
45,2448.9
8,2449.0
12,2449.3
19,2449.5
33,2449.6
9,2449.6
11,2449.9
24,2450.0
60,2450.0
38,2450.1
17,2450.5
55,2451.1
27,2451.4
5,2451.4
16,2451.6
42,2452.6
6,2452.7
4,2453.1
57,2454.2
15,2454.4
21,2454.4
39,2455.4
2,2455.8
41,2456.0
43,2457.2
12,2460.4
46,2460.5
47,2478.5
45,2479.8
24,2480.0
43,2480.1
42,2480.1
44,2480.2
9,2481.8
23,2482.8
25,2483.0
53,2483.1
27,2484.9
42,2485.6
45,2485.6
0,2487.0
9,2487.3
24,2487.9
43,2490.3
21,2490.6
2,2491.2
5,2491.7
29,2491.7
44,2491.8
55,2492.4
45,2492.4
25,2492.7
8,2492.7
0,2492.9
59,2493.0
9,2493.6
30,2494.1
50,2494.4
34,2494.5
23,2494.9
48,2495.2
24,2495.7
6,2497.1
19,2497.3
39,2497.3
54,2497.3
21,2497.5
47,2497.6
52,2497.6
60,2497.6
59,2497.7
57,2498.0
4,2498.3
33,2498.4
26,2498.4
42,2498.7
5,2498.9
0,2500.5
44,2501.5
50,2501.5
14,2501.5
34,2503.4
55,2503.9
10,2504.5
30,2516.4
55,2520.0
34,2520.3
57,2520.3
30,2521.3
6,2522.2
57,2523.5
51,2523.8
41,2523.9
12,2524.5
55,2524.6
60,2524.9
54,2525.8
59,2525.8
30,2526.0
15,2526.0
31,2526.0
36,2526.1
34,2526.1
13,2526.2
37,2526.3
57,2526.7
16,2527.4
19,2527.6
58,2527.6
10,2528.2
41,2528.7
39,2528.8
60,2529.2
56,2529.3
55,2529.3
12,2529.3
34,2529.4
20,2529.5
31,2529.6
59,2529.9
54,2529.9
14,2530.0
11,2530.2
32,2530.2
13,2530.3
7,2530.3
30,2530.5
57,2530.6
53,2530.7
40,2530.8
18,2531.1
17,2532.1
33,2532.2
16,2532.6
37,2532.8
19,2532.8
51,2533.2
60,2533.3
10,2533.3
34,2533.4
50,2533.6
31,2533.8
58,2533.9
55,2534.0
54,2534.3
57,2534.5
41,2534.6
14,2534.7
6,2535.0
13,2535.1
39,2535.2
32,2535.3
59,2535.6
8,2535.7
36,2535.8
52,2536.1
27,2536.3
30,2536.3
12,2536.3
11,2536.3
48,2536.6
17,2536.6
53,2537.1
7,2537.1
34,2537.3
33,2537.3
18,2537.9
57,2538.2
55,2538.5
45,2538.8
5,2539.2
40,2539.3
37,2539.4
24,2539.8
31,2539.9
51,2540.0
19,2540.0
13,2540.4
50,2541.6
54,2542.4
11,2542.6
32,2542.6
9,2542.9
8,2543.0
27,2543.2
6,2543.3
4,2543.7
5,2543.8
55,2544.2
7,2544.6
57,2545.1
48,2546.2
54,2548.6
28,2548.9
9,2549.2
13,2549.4
37,2549.9
50,2550.0
5,2550.1
32,2550.4
49,2550.4
31,2550.5
8,2551.0
51,2551.7
53,2552.3
4,2552.3
57,2552.9
47,2553.1
11,2553.7
24,2554.1
54,2554.1
42,2554.4
50,2554.6
45,2554.9
6,2555.3
48,2556.2
5,2556.4
29,2557.1
0,2557.6
8,2557.7
4,2558.0
27,2558.0
21,2558.2
50,2559.1
51,2559.2
33,2559.3
2,2559.5
57,2560.8
24,2561.4
45,2561.4
5,2562.0
48,2563.1
37,2563.1
4,2565.3
50,2566.0
57,2567.5
54,2567.8
19,2568.9
41,2569.2
16,2569.3
15,2569.6
21,2570.1
51,2572.2
26,2572.3
54,2573.6
24,2574.9
50,2575.9
59,2576.0
49,2576.1
42,2576.4
57,2576.8
29,2576.9
48,2578.2
2,2578.7
5,2584.1
58,2592.6
54,2594.8
42,2601.2
29,2602.4
30,2603.3
8,2603.5
47,2603.6
12,2605.3
14,2606.4
48,2606.4
55,2610.2
14,2612.4
42,2613.4
56,2614.8
33,2615.9
58,2617.0
19,2619.6
30,2621.7
36,2624.0
5,2624.7
29,2625.2
33,2625.3
9,2627.5
59,2629.1
19,2629.2
6,2631.6
32,2631.8
14,2632.0
8,2632.0
34,2632.4
16,2632.5
58,2632.9
51,2633.3
59,2633.5
57,2634.0
19,2634.1
33,2634.6
4,2634.7
12,2634.8
56,2635.0
29,2635.2
47,2635.4
5,2635.6
28,2635.9
61,2635.9
38,2636.0
14,2636.0
13,2636.1
17,2636.2
52,2636.3
41,2636.7
34,2636.8
3,2637.0
59,2637.1
18,2637.3
55,2637.6
57,2637.6
51,2637.9
32,2638.0
35,2638.1
58,2638.4
15,2638.5
39,2639.3
33,2639.9
37,2640.0
8,2640.3
10,2640.4
4,2640.4
13,2640.5
9,2640.9
53,2641.0
31,2641.1
12,2641.1
19,2641.2
47,2641.4
5,2641.4
57,2641.5
59,2641.7
20,2641.7
16,2641.8
24,2641.9
27,2642.3
23,2642.4
52,2642.5
54,2642.6
55,2642.6
41,2642.8
38,2642.9
14,2643.0
28,2643.2
34,2643.3
11,2643.3
56,2643.4
51,2643.4
29,2643.6
40,2643.6
17,2643.7
50,2644.1
8,2644.4
15,2644.7
45,2644.8
42,2644.8
60,2644.8
36,2645.0
7,2645.2
18,2645.3
37,2645.3
13,2645.3
31,2645.4
1,2645.5
53,2645.5
57,2645.7
33,2646.2
32,2646.6
26,2646.8
54,2646.8
5,2646.9
4,2647.0
9,2647.1
47,2647.5
24,2647.7
52,2647.7
55,2647.9
27,2648.0
6,2648.3
8,2648.6
49,2648.6
29,2648.7
14,2648.9
31,2649.2
10,2649.2
34,2649.2
28,2649.3
44,2649.3
20,2649.7
50,2649.7
48,2649.8
40,2649.8
56,2649.9
23,2650.1
13,2650.1
57,2650.1
59,2650.2
45,2650.2
0,2650.3
46,2650.4
22,2650.4
30,2650.5
51,2650.7
19,2650.8
5,2650.9
42,2651.1
4,2651.2
53,2651.3
9,2651.3
12,2651.5
1,2651.6
11,2651.7
32,2651.7
47,2651.8
26,2652.2
17,2652.2
35,2652.4
21,2652.5
3,2652.8
37,2652.9
31,2653.4
57,2653.5
7,2653.6
24,2653.6
34,2653.7
43,2653.8
54,2653.9
39,2654.0
8,2654.1
25,2654.5
38,2654.9
52,2655.1
6,2655.2
13,2655.7
59,2655.8
44,2656.2
9,2656.3
12,2656.6
4,2656.8
23,2656.8
46,2656.9
47,2657.0
50,2657.1
5,2657.4
48,2657.5
57,2658.0
58,2658.2
49,2658.2
41,2658.4
42,2659.3
47,2662.1
29,2662.1
61,2662.4
2,2662.5
17,2662.7
32,2662.8
50,2663.5
15,2664.3
45,2664.3
8,2664.5
31,2665.0
4,2665.4
48,2666.7
13,2666.7
37,2667.9
25,2668.0
0,2669.0
43,2670.1
58,2671.1
50,2671.6
42,2674.0
34,2674.1
19,2674.4
57,2674.7
9,2675.0
47,2678.7
24,2681.0
2,2681.0
40,2682.3
41,2683.5
13,2683.6
6,2684.0
57,2684.2
32,2685.2
48,2690.7
45,2691.4
24,2691.9
34,2691.9
9,2692.8
52,2694.6
25,2694.6
5,2696.6
9,2700.2
6,2700.6
57,2701.7
30,2706.3
33,2708.3
5,2710.3
47,2710.4
8,2711.0
19,2711.2
9,2712.0
14,2713.2
45,2713.2
57,2714.6
36,2714.7
39,2715.0
37,2715.2
13,2715.4
17,2715.7
34,2716.3
6,2716.3
54,2716.5
9,2716.7
60,2717.5
2,2718.2
59,2718.4
5,2718.7
14,2719.0
58,2719.6
13,2719.8
32,2720.4
12,2720.5
41,2720.5
11,2720.6
6,2721.2
4,2721.3
52,2721.5
34,2721.6
16,2722.3
54,2722.3
29,2722.5
37,2722.5
47,2722.8
53,2723.0
33,2723.1
5,2723.4
27,2723.6
50,2723.7
57,2724.2
15,2724.2
39,2724.6
60,2724.7
14,2724.8
32,2724.9
55,2725.1
13,2725.2
31,2725.3
6,2725.5
59,2725.6
19,2725.6
30,2726.0
52,2726.9
4,2726.9
51,2727.0
34,2727.1
44,2727.3
11,2727.6
54,2727.6
48,2727.8
7,2728.2
55,2728.3
45,2728.4
8,2728.4
58,2728.4
10,2728.5
17,2728.6
47,2728.7
24,2728.8
9,2728.9
5,2729.3
26,2729.4
13,2729.5
30,2729.6
6,2729.7
41,2729.7
1,2729.8
12,2729.8
53,2730.2
32,2730.3
29,2730.3
14,2730.4
50,2731.1
54,2731.2
2,2731.6
38,2731.7
52,2731.7
28,2732.2
51,2732.4
34,2732.4
31,2732.5
55,2732.5
37,2732.6
4,2732.7
48,2732.8
45,2732.9
59,2733.0
47,2733.0
39,2733.0
27,2733.3
5,2733.4
9,2733.4
12,2733.5
13,2733.6
30,2733.6
57,2734.3
6,2734.3
50,2734.5
8,2734.8
7,2734.9
3,2735.0
54,2735.3
29,2736.1
11,2736.9
10,2737.2
24,2737.9
34,2738.9
31,2739.4
9,2739.4
28,2739.4
44,2739.5
55,2739.6
0,2739.7
50,2739.8
48,2739.8
4,2740.2
30,2741.5
8,2741.6
47,2741.7
12,2742.1
29,2742.6
32,2743.5
6,2744.6
50,2745.0
11,2746.3
55,2747.3
51,2747.5
48,2748.2
30,2748.8
24,2750.1
3,2750.4
46,2750.6
6,2750.7
57,2752.4
21,2752.6
54,2754.1
29,2755.2
2,2755.3
42,2755.4
50,2755.5
24,2756.8
4,2756.9
51,2757.2
5,2758.4
12,2758.8
6,2758.8
42,2760.3
45,2760.8
29,2763.3
26,2763.6
47,2764.1
2,2764.2
24,2764.8
42,2765.5
32,2766.4
43,2766.6
8,2768.5
11,2768.6
25,2768.7
9,2769.0
48,2769.2
30,2769.2
23,2769.4
45,2769.7
6,2770.2
50,2770.3
31,2770.6
5,2771.4
42,2771.7
21,2772.0
24,2772.0
0,2772.6
32,2774.1
30,2775.1
27,2775.9
54,2776.9
43,2777.0
25,2777.4
13,2777.8
42,2778.9
47,2779.2
40,2779.7
21,2783.2
34,2784.7
8,2787.1
10,2787.4
59,2787.9
29,2789.3
13,2789.4
24,2790.7
12,2790.8
9,2792.7
55,2793.0
57,2793.0
42,2793.3
37,2793.4
39,2793.6
15,2793.8
54,2793.9
30,2795.2
36,2796.7
13,2798.1
17,2798.2
57,2798.4
12,2799.9
59,2800.9
19,2802.4
53,2802.6
6,2802.8
56,2805.3
14,2806.0
41,2806.0
57,2806.4
60,2809.8
18,2813.6
12,2814.5
30,2815.1
7,2818.0
53,2818.2
58,2818.4
54,2819.1
12,2819.4
14,2819.4
37,2820.5
16,2820.5
41,2820.7
5,2820.8
32,2820.9
34,2821.0
24,2821.0
26,2821.0
44,2821.2
13,2821.4
38,2821.4
46,2821.5
4,2821.5
55,2822.1
36,2822.5
56,2822.5
8,2822.5
11,2822.6
19,2823.5
54,2823.5
42,2824.0
31,2824.0
29,2824.3
23,2825.1
12,2825.4
58,2825.8
53,2826.1
37,2826.3
38,2826.3
32,2827.7
34,2828.2
40,2828.3
56,2828.5
17,2828.7
41,2829.0
18,2829.2
59,2829.9
54,2830.2
30,2830.3
58,2830.9
16,2831.0
13,2831.3
31,2831.5
8,2831.5
47,2832.4
5,2832.4
12,2833.1
39,2833.5
36,2833.6
3,2833.7
57,2834.5
17,2835.6
4,2835.8
59,2836.5
34,2836.8
10,2837.0
56,2837.3
31,2839.1
5,2839.4
54,2839.6
38,2840.0
19,2841.4
25,2845.8
13,2847.7
48,2850.6
28,2852.4
54,2853.8
57,2857.5
50,2859.5
7,2859.5
31,2861.7
59,2862.6
15,2878.0
32,2878.9
16,2879.9
54,2879.9
49,2880.7
24,2882.3
52,2882.5
57,2882.6
28,2882.8
51,2883.4
42,2884.6
13,2885.0
17,2885.1
54,2885.5
34,2885.6
57,2886.9
13,2888.7
19,2888.8
33,2888.8
5,2889.0
15,2889.0
59,2889.3
40,2889.5
32,2890.2
54,2891.6
11,2891.7
51,2891.8
48,2892.1
17,2892.5
13,2892.5
8,2892.7
34,2892.9
50,2894.9
57,2894.9
15,2896.3
28,2896.6
60,2897.2
30,2897.3
13,2897.4
40,2897.5
59,2897.7
32,2898.0
54,2899.3
39,2899.4
51,2899.9
14,2900.9
10,2901.0
13,2901.2
17,2901.8
36,2902.5
34,2903.1
3,2903.1
59,2903.3
15,2903.8
32,2904.5
29,2904.6
6,2905.1
55,2905.4
30,2905.5
42,2905.8
13,2906.1
52,2907.0
14,2907.3
2,2907.4
3,2909.7
51,2913.1
59,2913.1
29,2913.4
38,2914.3
13,2915.9
9,2916.0
26,2916.1
46,2916.2
5,2916.8
48,2916.8
50,2917.5
32,2918.0
39,2918.3
34,2918.9
4,2919.1
8,2920.3
13,2921.4
14,2921.5
11,2921.5
2,2921.6
12,2921.6
51,2921.8
47,2922.4
5,2922.7
6,2922.9
29,2923.3
34,2924.6
55,2925.6
32,2925.7
52,2925.7
4,2926.0
31,2926.1
25,2927.2
14,2927.4
12,2927.5
29,2927.8
3,2928.0
26,2928.2
5,2928.3
28,2928.9
9,2929.1
17,2929.8
6,2930.4
53,2931.5
24,2931.7
48,2932.0
29,2932.9
42,2933.2
9,2933.2
52,2933.3
4,2933.5
7,2933.7
12,2933.8
30,2934.0
8,2934.0
23,2934.3
28,2934.5
45,2935.0
31,2935.7
34,2936.8
5,2936.8
9,2937.5
6,2937.5
24,2937.6
47,2938.0
42,2938.8
57,2939.1
53,2939.3
46,2941.9
6,2943.4
5,2944.4
24,2945.4
45,2945.9
53,2946.8
42,2950.1
5,2950.9
51,2951.1
23,2951.6
24,2951.8
8,2951.9
12,2952.3
45,2954.0
55,2955.1
6,2955.1
46,2957.8
45,2958.1
0,2959.0
22,2959.2
47,2959.4
5,2959.6
42,2959.7
50,2959.7
29,2959.7
51,2960.7
4,2961.0
28,2961.5
25,2961.6
24,2961.6
6,2962.8
30,2963.1
55,2965.0
12,2965.9
10,2966.3
53,2966.4
45,2966.5
50,2966.7
30,2967.5
5,2967.6
8,2967.6
29,2967.9
12,2969.4
57,2969.8
23,2969.9
37,2970.0
13,2970.1
31,2970.3
6,2970.9
46,2971.8
54,2972.1
12,2974.5
55,2974.7
57,2979.4
19,2984.2
57,2984.3
57,2992.1
50,2995.2
19,2995.9
