23,11.8
15,12.3
21,12.6
19,12.8
22,12.9
12,13.0
10,17.6
2,17.6
9,17.7
3,17.7
28,17.8
6,17.8
26,17.8
0,17.8
20,20.6
17,21.2
18,21.5
1,21.9
23,22.1
8,22.4
29,22.7
10,24.4
28,24.7
2,24.9
0,25.3
9,25.3
15,26.2
26,27.4
21,27.8
6,27.9
3,28.1
20,28.3
25,28.4
12,28.4
14,28.5
18,28.5
5,28.5
27,28.6
11,28.7
1,29.7
29,30.2
28,30.7
19,31.0
2,31.0
8,32.1
9,32.3
17,33.0
26,34.4
22,34.4
0,35.2
18,35.3
4,35.5
20,35.8
6,36.0
1,36.1
28,36.4
15,37.1
7,37.2
25,37.4
3,37.7
29,37.8
12,37.9
5,38.3
9,38.5
21,38.5
19,38.7
30,38.8
27,39.9
14,40.5
11,40.6
31,40.8
26,40.8
24,41.3
18,42.3
1,42.3
20,42.5
22,42.5
6,43.1
16,44.3
7,44.3
9,44.4
3,44.5
25,44.8
19,45.2
8,45.4
17,45.7
4,45.8
5,45.9
29,45.9
26,47.2
14,47.4
30,47.5
23,47.8
1,48.5
20,48.6
31,48.9
18,49.3
0,49.4
11,49.4
12,49.5
6,49.5
15,50.2
3,50.5
7,50.6
22,50.8
19,51.1
16,51.2
25,51.3
17,52.6
5,52.7
29,53.4
14,53.4
13,53.7
26,53.9
20,54.2
4,54.2
1,54.5
6,55.6
21,56.0
3,56.3
27,56.5
30,56.8
19,57.0
7,57.1
16,57.4
25,57.8
18,58.1
31,58.5
17,58.5
11,59.1
14,59.3
22,59.5
15,59.5
1,60.3
5,60.3
8,60.5
0,60.8
26,61.0
13,61.6
4,61.7
6,62.0
3,62.0
19,63.2
7,63.3
16,63.5
29,63.9
30,64.3
23,64.3
17,64.3
25,64.6
20,64.8
12,65.5
14,65.9
1,66.1
22,66.4
21,66.4
15,66.4
26,67.8
6,68.4
4,69.2
19,69.3
7,69.7
16,69.8
0,69.9
17,70.1
25,70.6
11,70.6
1,71.6
23,71.8
22,72.5
15,72.6
13,72.8
21,73.2
30,74.0
26,74.0
14,74.2
6,74.8
12,74.9
19,75.3
31,75.4
17,76.0
25,76.4
4,76.5
16,76.6
7,77.1
1,77.2
0,77.3
22,78.5
23,78.5
15,78.5
5,78.7
21,79.1
26,80.0
8,80.9
19,81.2
6,81.2
11,81.7
17,81.8
25,82.0
14,82.3
1,82.8
31,84.0
12,84.4
0,84.6
15,84.7
22,85.0
16,85.2
23,86.0
4,86.0
26,86.3
19,87.2
17,87.7
25,87.8
1,88.6
13,88.6
6,88.6
27,88.7
18,89.1
5,90.4
14,90.5
15,92.2
22,93.9
19,94.1
25,94.2
17,94.2
7,94.3
31,94.4
26,94.5
23,95.1
30,95.1
1,95.4
16,96.4
13,97.0
5,97.3
6,97.5
12,97.5
0,97.7
27,97.8
14,97.8
15,98.7
18,99.5
11,99.9
4,100.3
17,100.5
25,100.6
7,101.1
31,101.7
23,102.0
30,102.0
1,102.2
19,102.7
16,103.4
22,103.6
13,103.8
15,104.6
14,104.6
29,105.2
17,106.3
25,106.7
6,106.9
18,107.3
11,107.3
4,108.1
30,108.1
8,108.2
23,108.3
26,108.5
1,108.9
24,109.0
16,109.6
31,109.6
0,110.4
15,110.5
13,110.6
17,111.8
2,112.0
25,112.6
14,113.0
11,114.0
30,114.1
27,114.8
16,115.9
23,116.0
15,116.4
31,116.5
17,117.0
24,117.1
26,117.1
1,117.1
29,117.3
18,117.6
2,117.6
25,118.2
4,118.3
30,120.1
11,120.3
13,120.4
0,121.4
16,122.1
15,122.7
31,123.1
2,123.4
25,123.8
8,124.0
1,124.0
18,124.4
24,125.2
6,125.7
30,126.1
29,126.2
11,126.3
19,128.0
26,128.1
16,128.5
2,128.8
31,129.1
25,129.3
1,130.2
15,130.4
3,131.7
30,132.1
29,133.4
8,133.5
0,133.7
24,133.7
14,134.0
13,134.0
2,134.3
25,134.6
31,134.7
16,134.8
6,134.9
22,134.9
1,136.2
26,136.4
3,137.3
15,138.6
2,139.7
25,140.1
29,141.1
16,141.2
14,141.8
1,141.9
24,141.9
13,142.3
22,142.9
0,142.9
3,143.6
4,143.7
23,144.0
12,144.4
26,144.4
27,144.4
2,145.1
25,145.7
8,146.1
6,146.7
16,147.5
1,147.5
15,149.6
13,149.6
24,149.9
14,150.2
3,150.3
2,150.9
25,151.1
0,151.9
22,152.8
1,153.2
16,153.4
26,154.0
18,154.9
13,156.3
2,156.9
24,157.4
3,157.7
14,157.8
16,159.3
1,159.5
18,160.3
26,161.3
2,162.8
13,163.5
24,164.0
3,164.3
6,164.6
14,164.8
16,165.3
18,166.2
0,166.9
26,167.8
1,169.0
24,170.4
3,170.7
15,171.5
29,171.5
16,171.7
14,172.5
11,172.9
18,173.3
6,173.3
26,173.8
13,174.3
0,175.9
3,176.7
24,177.1
16,178.1
11,178.4
13,181.0
5,181.2
14,181.6
4,181.7
1,182.2
15,182.5
29,182.6
3,182.8
22,183.1
6,183.2
24,183.6
11,183.7
16,185.0
0,185.0
18,185.7
13,186.9
14,188.3
1,189.2
3,189.4
4,190.0
6,190.1
24,190.7
22,191.3
14,194.1
18,194.7
16,194.9
1,195.5
23,195.5
0,195.6
6,196.6
19,196.7
8,198.5
3,198.6
14,200.0
4,200.6
27,202.3
1,202.3
22,202.5
24,202.6
2,203.0
18,203.6
11,204.3
19,204.9
6,205.1
3,205.7
0,206.0
14,206.2
2,208.6
15,208.8
12,208.8
22,209.4
23,209.8
11,209.9
27,211.1
19,211.4
3,211.8
6,212.2
1,212.4
18,213.4
2,214.5
14,214.6
4,214.9
16,215.4
22,215.4
29,216.1
11,216.1
19,217.3
15,217.4
23,218.6
6,219.1
1,219.2
2,220.1
12,220.2
8,222.1
16,222.9
24,223.6
4,223.8
11,224.3
1,225.2
23,225.8
15,225.9
6,226.3
12,228.7
16,229.3
27,230.0
1,230.8
4,230.9
23,232.3
11,232.3
15,232.5
14,233.1
6,233.2
16,235.3
4,237.8
23,238.0
8,238.1
18,238.4
12,239.3
6,239.7
14,240.5
29,241.6
11,242.4
23,243.6
4,244.5
24,244.8
6,245.6
27,246.4
18,246.7
12,246.8
14,247.0
8,248.5
0,248.6
23,249.4
11,249.5
6,251.4
4,252.0
14,253.0
18,253.5
29,253.9
24,254.1
12,254.2
11,255.6
23,255.7
27,256.0
8,256.7
0,258.8
14,259.0
18,259.5
4,260.5
19,261.1
11,261.5
12,262.2
29,262.4
24,263.1
8,264.2
14,264.8
23,265.4
19,266.4
11,267.2
4,267.8
27,267.8
0,269.3
29,270.7
14,271.1
24,271.3
19,272.4
8,272.9
15,273.7
12,275.3
4,276.1
14,277.4
15,279.2
0,279.8
19,281.3
14,284.3
29,285.0
8,285.2
23,285.6
24,287.5
0,287.7
16,289.2
14,292.8
12,293.6
23,293.7
19,294.6
24,296.5
8,298.4
0,299.5
14,300.0
23,301.1
19,302.0
12,305.3
24,305.3
4,307.1
14,307.4
0,308.3
19,309.3
16,309.9
23,310.8
18,311.7
11,312.3
16,315.2
18,317.0
0,317.7
24,317.8
11,318.0
29,318.6
14,319.1
16,320.8
19,322.3
18,322.9
4,323.9
11,324.5
24,325.7
0,325.8
16,327.2
12,328.9
29,329.9
18,329.9
11,331.4
23,331.5
4,332.5
16,334.3
0,334.5
24,335.6
18,336.4
27,337.1
19,337.4
11,337.9
12,338.7
14,338.9
23,338.9
16,341.1
18,342.4
11,344.2
27,345.8
23,346.3
18,348.4
16,348.5
19,349.0
4,349.2
12,350.7
11,351.0
31,351.0
29,351.2
1,351.6
24,352.0
23,352.8
18,355.1
31,356.2
1,356.9
4,359.1
19,359.2
23,359.4
16,360.7
11,361.7
24,361.8
27,362.0
31,362.0
14,362.1
18,362.2
29,362.2
12,363.0
8,365.3
23,365.7
19,366.5
4,367.1
16,367.5
31,368.8
11,369.3
18,369.9
12,370.5
14,370.8
23,372.0
27,372.0
16,373.5
4,373.8
19,374.0
8,375.7
31,375.9
11,376.2
22,376.8
14,377.9
18,378.2
12,378.4
23,379.1
16,379.4
4,379.9
24,381.1
19,382.1
22,382.3
31,382.6
11,383.8
29,384.6
16,385.0
14,385.0
8,385.1
27,385.2
7,385.5
4,386.2
22,388.6
15,390.0
31,390.5
16,390.5
7,390.7
18,391.8
4,394.0
14,394.8
11,395.1
15,395.2
16,396.5
7,396.8
19,398.0
24,398.3
18,399.2
6,399.3
22,400.4
4,401.0
15,401.2
11,403.6
7,403.9
16,404.0
2,404.5
31,404.8
6,405.2
19,405.9
14,406.1
18,406.5
24,406.6
8,406.8
4,407.4
15,409.3
2,410.0
7,410.4
0,410.5
11,411.0
6,411.3
16,411.3
31,411.6
19,413.0
14,413.1
18,413.5
4,413.6
2,415.7
7,416.5
8,417.2
6,417.3
11,417.5
16,417.7
27,417.7
24,417.8
22,418.2
12,418.3
23,418.8
14,419.1
15,419.4
18,419.9
4,420.2
0,420.5
19,421.4
7,422.4
6,423.0
11,423.5
16,423.7
18,426.0
22,426.3
27,426.3
8,426.6
6,428.7
15,428.7
4,429.2
16,429.4
0,429.5
11,429.5
18,432.4
7,433.1
6,434.5
16,435.2
11,436.4
22,438.0
7,438.4
14,439.4
27,439.8
5,441.0
2,441.2
6,441.3
16,441.6
18,442.2
20,443.0
15,443.8
7,443.9
14,444.7
22,444.9
5,446.3
2,446.5
20,448.5
4,448.9
24,449.1
11,450.3
14,450.5
22,451.0
5,452.0
2,452.5
15,452.9
16,453.1
23,455.5
6,455.8
22,456.8
14,457.3
4,457.4
5,457.7
24,458.7
8,459.4
15,459.7
2,460.3
16,461.2
18,462.2
22,462.7
11,463.1
6,463.4
23,463.5
15,465.8
24,468.3
8,468.5
16,468.7
22,469.2
4,469.2
6,469.8
14,470.5
23,470.7
2,471.4
11,471.6
18,472.0
15,472.1
0,473.5
12,475.0
22,475.3
19,475.4
6,476.0
8,476.7
4,476.9
23,477.2
16,477.3
29,477.5
24,477.6
15,478.2
2,478.3
14,479.0
18,479.2
17,481.2
22,481.3
6,482.2
11,483.2
23,483.5
0,483.8
8,484.1
2,484.2
15,484.5
19,485.3
18,485.6
4,486.3
12,486.3
14,486.4
17,486.6
22,487.1
29,487.3
6,489.1
2,489.9
23,490.3
16,490.7
8,491.7
15,491.7
18,492.4
0,493.0
22,493.3
2,495.7
27,496.0
14,496.4
23,497.0
19,497.1
16,497.6
12,497.7
8,498.5
15,498.6
3,498.7
18,499.1
22,499.7
24,500.1
6,501.5
2,502.0
0,502.2
23,503.5
16,503.7
4,504.8
27,505.0
8,505.3
15,506.0
22,506.4
18,506.6
11,507.5
2,508.2
19,508.4
6,509.0
24,509.3
12,509.4
16,509.7
23,510.9
0,512.1
29,512.5
2,514.2
8,514.3
15,515.2
16,515.6
6,515.7
22,515.9
11,517.1
23,517.8
18,519.6
24,520.7
2,520.8
15,522.0
14,522.2
0,522.4
6,522.5
22,523.5
8,523.9
23,524.3
19,527.0
11,527.0
15,528.0
2,529.5
14,530.0
24,530.1
22,530.3
4,530.4
6,530.5
23,531.9
15,534.1
11,534.9
18,535.0
19,536.1
6,538.1
22,538.2
14,538.6
4,539.6
15,540.8
23,542.0
12,542.2
11,542.3
19,543.5
22,544.7
18,545.2
3,545.6
6,545.9
0,546.1
15,546.9
4,548.4
23,548.9
11,549.2
22,550.9
3,551.3
19,551.5
6,552.9
12,554.2
8,554.7
23,554.9
14,555.1
18,555.3
0,556.1
11,557.4
22,557.8
3,557.9
4,559.3
6,560.8
23,561.0
3,564.5
23,567.0
4,567.3
22,567.5
19,567.7
14,568.9
12,569.3
3,571.9
23,573.5
14,576.7
15,577.5
24,578.5
4,578.6
6,578.8
23,579.7
22,580.5
28,580.8
16,580.8
3,583.5
14,585.7
23,585.8
28,586.1
16,586.3
24,586.6
19,587.8
6,588.7
4,592.2
28,592.3
23,592.3
16,592.5
0,596.1
22,596.7
3,596.8
19,597.0
24,598.5
2,599.0
27,599.1
18,599.5
16,599.6
4,599.6
23,601.8
12,603.3
28,603.8
19,603.8
22,604.0
31,604.3
3,605.9
14,606.0
6,606.0
0,606.1
4,606.3
2,606.4
16,606.6
27,606.6
11,607.0
18,607.2
23,608.8
19,609.7
31,609.8
29,610.0
22,610.4
12,610.4
28,611.1
2,612.6
3,612.6
4,612.9
6,613.2
18,613.6
11,614.3
27,614.6
16,614.8
19,615.3
31,615.6
23,615.6
12,616.4
22,616.5
14,616.7
8,617.0
28,617.8
2,618.4
3,618.9
6,619.5
18,619.6
4,620.4
11,620.8
24,622.1
31,622.2
23,622.3
22,622.4
12,622.6
27,623.8
28,623.9
2,624.2
3,625.2
18,625.5
6,625.6
19,625.7
16,628.1
11,628.1
22,628.2
12,629.3
28,629.8
14,629.9
29,630.1
24,630.1
23,630.5
19,631.0
8,631.3
18,631.4
6,631.8
3,631.9
22,633.8
0,634.3
31,634.9
12,635.6
11,635.7
27,635.7
19,636.7
23,637.5
6,638.0
4,638.6
3,639.2
29,639.2
8,640.6
24,640.8
14,641.1
12,641.7
16,644.1
6,644.2
23,644.4
11,644.4
3,645.6
0,646.2
4,647.1
27,647.5
12,647.7
14,650.6
6,650.8
16,651.0
23,651.1
3,651.4
11,651.5
31,653.4
12,653.5
16,657.0
3,657.1
4,657.3
23,657.5
6,659.0
11,659.2
12,659.4
8,659.6
0,661.6
16,662.9
3,663.0
23,664.6
12,665.7
2,667.6
16,668.7
0,669.2
3,669.6
18,670.1
8,670.4
19,671.4
23,671.8
11,672.1
12,672.5
31,672.8
2,673.1
6,673.6
28,674.6
16,674.7
18,675.6
0,676.0
3,676.2
27,678.0
13,678.0
23,678.7
12,679.1
11,679.2
2,679.4
14,679.6
8,680.3
16,680.5
31,681.0
6,681.1
4,682.0
3,682.6
30,684.8
0,685.4
11,685.5
27,685.5
12,685.8
16,686.5
23,686.6
2,688.0
6,688.1
8,688.2
3,688.9
30,690.1
14,690.3
31,690.8
29,691.3
11,691.4
27,692.4
12,692.5
6,694.7
28,695.1
3,695.3
0,695.5
19,696.1
30,696.1
7,697.1
14,697.4
13,698.5
8,699.0
12,700.6
6,700.8
29,701.0
23,701.1
19,701.6
27,701.8
3,702.9
13,704.1
14,704.2
30,704.4
0,704.9
6,706.8
19,707.4
23,708.0
12,708.3
8,709.3
27,709.4
3,709.9
13,710.0
11,712.4
6,712.9
19,713.2
23,713.8
14,714.3
2,714.5
31,714.5
13,715.6
29,716.1
27,716.2
4,716.2
3,717.0
11,717.6
6,719.3
22,719.5
12,719.6
23,719.6
19,719.7
16,720.6
13,721.0
14,722.8
3,723.3
11,723.4
31,723.7
27,724.3
23,725.5
19,726.5
13,726.6
30,727.0
6,727.0
29,727.4
3,729.4
14,729.7
11,730.5
31,730.8
23,731.5
13,732.6
19,734.7
30,735.0
27,735.6
3,736.0
14,736.1
6,736.5
2,737.3
23,737.4
31,737.5
13,738.7
16,741.5
3,742.4
14,743.3
19,743.6
27,744.1
23,744.3
30,744.7
31,744.9
13,745.0
4,745.6
16,747.1
6,748.1
3,748.7
23,751.2
13,752.8
19,753.3
16,753.5
14,753.8
31,754.2
3,755.5
30,755.6
6,758.1
23,758.4
17,760.9
31,762.2
14,762.2
30,763.5
16,764.1
11,764.2
18,764.3
25,764.7
6,766.7
3,767.3
31,768.8
2,769.2
23,769.7
11,771.2
16,772.2
19,772.5
14,772.7
29,773.8
30,773.8
6,774.5
31,774.8
2,776.0
3,776.3
11,777.2
19,779.7
31,780.5
6,781.3
14,781.3
2,781.8
12,782.6
23,782.9
11,783.0
16,783.1
3,783.1
29,784.4
4,784.6
8,784.7
27,784.8
19,785.8
31,786.2
13,787.1
6,787.6
14,787.7
30,787.9
11,788.8
3,789.3
12,789.8
16,791.1
23,791.4
19,791.5
24,792.3
29,792.7
14,793.5
8,793.5
6,793.9
13,794.5
30,794.6
27,794.6
4,796.1
3,796.1
12,796.7
19,797.2
16,798.1
23,798.6
0,799.5
11,799.6
6,800.5
13,800.6
24,802.0
19,802.9
29,803.6
12,804.4
11,804.9
4,805.0
3,805.7
16,805.7
23,806.1
6,807.2
27,807.7
19,808.4
0,809.2
24,809.9
11,810.4
8,811.1
12,811.8
16,812.7
6,813.6
3,813.6
29,813.8
19,814.0
15,815.4
11,816.0
24,817.8
23,818.7
12,819.1
8,819.4
6,819.6
27,820.0
16,820.2
3,820.2
19,820.4
15,821.1
11,822.0
24,825.0
6,825.2
31,825.8
3,826.1
22,826.9
8,827.1
27,827.5
15,827.7
12,827.7
0,827.7
16,828.1
11,828.2
30,830.2
19,831.3
3,831.7
24,832.1
22,832.7
11,834.3
27,834.7
30,835.7
0,836.8
3,837.1
14,837.1
23,837.3
8,838.0
15,838.0
22,838.8
24,839.2
12,839.4
11,840.2
19,840.4
16,840.5
30,841.1
27,841.5
14,842.3
3,842.6
29,842.7
22,845.1
23,845.2
0,845.4
11,846.2
15,846.4
30,846.7
16,847.4
8,847.8
27,848.0
24,848.1
3,848.3
12,850.7
19,852.3
22,852.4
11,852.5
23,853.4
16,853.5
3,853.8
15,854.4
27,854.4
4,855.7
8,856.2
11,858.9
16,859.4
3,859.5
23,860.3
22,860.9
15,861.2
27,861.6
12,861.7
30,862.3
19,864.7
3,864.9
16,865.1
11,865.5
8,865.9
23,866.5
30,867.8
15,867.8
22,867.8
16,871.1
12,872.2
23,872.5
11,873.6
19,873.6
15,873.9
22,874.1
29,874.1
30,874.1
23,878.3
16,878.8
15,879.7
22,880.5
11,880.9
30,883.5
23,884.0
12,884.4
19,884.7
8,884.7
29,884.8
15,885.4
4,886.9
22,888.1
11,889.2
27,889.3
0,890.1
23,890.3
15,891.1
30,891.2
29,894.2
1,896.9
15,897.0
19,897.7
30,897.8
27,898.1
23,899.9
4,900.2
22,901.2
16,901.2
0,901.9
29,902.5
8,903.0
15,903.1
24,903.3
30,903.9
19,904.9
23,907.2
15,909.1
3,909.1
30,909.6
11,909.7
29,909.8
4,909.9
8,911.2
19,911.3
27,911.8
24,912.2
22,912.9
23,914.0
30,915.0
15,915.2
0,917.3
19,917.6
4,918.3
29,919.0
22,919.6
12,919.7
23,920.2
30,920.3
15,921.2
8,922.2
19,923.6
0,925.2
22,925.4
30,925.9
23,926.2
4,926.6
15,927.1
16,927.2
12,930.4
11,930.6
30,932.0
23,932.3
0,932.9
15,933.1
16,935.6
27,935.9
11,937.4
12,937.4
23,938.5
15,939.4
4,939.5
30,940.0
0,942.6
11,943.3
12,943.5
16,944.4
23,944.7
27,945.6
15,946.4
11,949.0
0,950.1
12,950.1
23,952.6
19,953.8
11,954.8
30,955.0
4,955.3
22,955.3
0,957.3
16,957.8
15,959.0
12,959.3
19,959.5
11,961.0
22,961.1
30,962.6
4,963.8
23,964.8
19,965.5
15,967.0
22,967.1
12,967.5
0,968.2
30,970.3
11,971.2
19,971.8
23,973.2
22,973.5
4,975.3
15,975.9
30,977.2
12,979.3
19,979.6
22,980.0
29,980.5
15,983.8
30,984.7
23,985.0
22,986.9
29,992.4
18,993.2
15,993.7
25,994.7
30,994.8
24,994.9
22,995.5
18,999.1
25,1000.1
19,1000.7
17,1002.4
22,1002.7
30,1002.8
24,1003.5
1,1005.3
25,1005.9
7,1006.0
18,1007.3
17,1007.6
19,1008.3
5,1008.8
22,1009.9
1,1010.9
7,1011.8
25,1011.9
30,1012.2
17,1013.3
24,1013.4
5,1014.5
15,1014.9
19,1015.3
23,1015.8
12,1016.5
22,1017.0
1,1017.3
25,1017.7
27,1018.9
11,1018.9
7,1019.2
17,1019.3
18,1020.0
5,1020.6
24,1021.0
19,1021.8
15,1022.8
4,1022.8
23,1023.3
1,1023.6
22,1023.7
12,1023.8
29,1023.8
31,1024.3
17,1025.4
5,1026.7
19,1027.9
18,1028.4
27,1028.6
11,1028.7
8,1029.2
16,1029.4
24,1029.4
15,1029.5
1,1029.6
31,1029.7
12,1030.0
23,1030.1
22,1030.5
17,1031.4
4,1031.5
30,1032.0
29,1033.1
5,1033.2
19,1033.7
1,1035.4
31,1035.6
15,1035.9
12,1036.3
22,1037.0
17,1037.4
23,1037.4
7,1038.8
19,1039.3
18,1039.4
16,1039.8
8,1040.1
5,1041.1
31,1041.5
15,1042.8
4,1043.1
22,1043.4
17,1043.6
12,1043.7
30,1044.8
19,1045.3
11,1046.6
18,1047.6
31,1047.6
8,1047.8
29,1047.9
5,1048.5
16,1049.1
23,1049.4
22,1050.6
17,1050.6
4,1051.1
19,1052.6
30,1052.7
18,1054.5
8,1054.8
15,1054.9
31,1054.9
29,1056.6
5,1057.4
24,1059.4
6,1059.9
4,1061.5
18,1061.6
17,1062.6
30,1062.7
8,1062.8
22,1063.5
29,1065.1
6,1065.3
24,1067.5
18,1068.8
6,1071.7
22,1071.8
8,1073.4
17,1073.7
31,1074.0
11,1074.2
5,1074.2
18,1075.1
29,1075.5
16,1076.4
4,1077.4
30,1077.5
6,1078.0
15,1078.0
23,1078.2
7,1078.2
24,1079.3
19,1079.6
14,1080.2
18,1081.0
5,1081.1
11,1081.5
31,1082.0
17,1082.9
22,1083.5
16,1084.1
6,1084.2
15,1085.0
12,1085.0
23,1085.1
30,1085.3
8,1085.3
14,1085.7
4,1085.7
19,1086.6
18,1086.9
5,1087.2
7,1087.4
11,1088.2
31,1089.8
6,1090.9
23,1091.1
29,1091.1
15,1091.2
14,1092.0
22,1092.1
16,1092.8
19,1093.1
17,1093.2
18,1093.3
5,1093.5
30,1094.9
11,1096.1
12,1096.7
31,1096.9
23,1097.1
4,1097.2
15,1097.4
6,1097.4
14,1098.3
7,1098.4
18,1099.8
19,1099.8
17,1100.3
22,1100.5
16,1100.6
5,1101.1
29,1101.4
30,1101.5
11,1102.6
31,1103.1
15,1103.3
0,1103.4
23,1103.7
6,1103.9
14,1104.2
4,1104.9
7,1105.2
24,1105.3
18,1106.4
17,1106.5
8,1107.6
16,1107.8
22,1107.9
19,1108.0
5,1108.4
11,1108.6
15,1109.2
14,1109.8
6,1110.9
4,1112.4
18,1112.7
27,1113.1
24,1113.2
16,1114.2
23,1114.4
0,1114.9
11,1114.9
5,1115.0
14,1115.2
8,1115.2
15,1115.4
22,1116.0
12,1116.7
6,1117.8
18,1119.4
16,1120.5
5,1121.1
15,1121.7
27,1121.9
8,1122.1
11,1123.1
22,1123.4
24,1123.9
4,1124.1
6,1124.6
16,1126.9
18,1127.2
5,1127.4
15,1128.3
8,1129.8
22,1130.8
0,1132.1
6,1132.6
24,1133.8
16,1134.3
5,1135.0
15,1136.4
14,1140.4
22,1141.8
0,1142.2
8,1144.1
24,1144.4
16,1144.4
31,1145.0
14,1145.7
18,1145.9
27,1146.8
19,1146.9
5,1147.3
7,1148.4
31,1150.3
14,1151.6
3,1153.4
7,1153.8
22,1154.8
16,1155.0
5,1155.2
19,1155.2
18,1155.3
27,1155.5
8,1155.5
31,1156.1
15,1157.6
4,1158.1
3,1158.8
14,1159.0
7,1159.4
6,1160.2
23,1161.0
29,1161.4
22,1161.5
12,1161.6
19,1161.6
31,1163.3
15,1164.6
5,1164.9
7,1165.1
4,1166.8
22,1167.4
19,1167.4
6,1168.8
23,1169.1
15,1170.8
16,1171.6
29,1171.7
12,1172.2
24,1172.5
18,1172.8
5,1173.2
4,1174.3
31,1175.7
15,1177.9
14,1178.8
6,1179.6
11,1179.6
24,1180.0
16,1180.0
5,1180.2
18,1180.5
23,1180.9
27,1181.1
4,1181.3
30,1182.9
31,1184.5
15,1186.0
5,1186.5
14,1187.0
18,1187.1
12,1187.3
6,1187.8
11,1188.0
24,1188.4
30,1188.7
23,1188.8
16,1188.8
4,1189.1
27,1189.9
7,1191.0
31,1192.2
5,1192.3
29,1192.5
18,1193.2
15,1195.3
24,1195.6
30,1195.6
14,1196.0
7,1196.6
20,1196.8
27,1197.6
5,1198.0
6,1198.4
23,1198.5
11,1198.8
16,1198.9
18,1199.4
12,1200.8
31,1201.1
7,1202.3
24,1202.3
30,1202.5
15,1202.6
14,1204.5
27,1204.7
18,1205.6
6,1205.9
23,1205.9
2,1206.1
16,1206.4
11,1206.4
19,1207.1
31,1208.2
24,1209.1
12,1209.2
30,1209.6
15,1209.7
4,1210.5
8,1210.6
14,1211.3
27,1211.8
18,1212.0
6,1212.2
16,1212.8
19,1212.9
11,1213.5
31,1214.4
23,1214.7
30,1216.0
24,1216.9
20,1217.5
14,1217.6
18,1218.0
6,1218.1
16,1219.0
19,1219.0
12,1219.1
8,1219.9
11,1220.2
15,1220.7
30,1222.0
27,1222.1
20,1222.8
22,1223.1
6,1224.0
14,1224.0
18,1224.1
16,1225.4
19,1225.7
11,1226.8
2,1226.8
30,1227.9
20,1228.5
22,1228.7
8,1229.6
24,1230.0
18,1230.2
6,1230.4
16,1231.6
14,1231.7
2,1232.2
19,1233.9
30,1234.1
22,1234.2
20,1234.8
11,1235.2
0,1236.7
18,1237.4
16,1237.7
2,1238.1
22,1239.4
31,1240.2
6,1240.5
20,1241.3
8,1241.3
30,1242.8
11,1243.4
16,1243.7
24,1244.1
22,1245.0
31,1245.5
13,1245.9
0,1246.0
2,1246.0
20,1247.6
29,1250.3
15,1250.5
22,1251.3
31,1251.3
13,1252.0
24,1252.1
11,1252.6
7,1253.5
3,1253.5
8,1253.5
14,1254.2
20,1254.5
18,1255.7
6,1256.4
30,1257.1
0,1258.3
15,1258.4
23,1258.5
3,1258.9
11,1259.4
13,1260.2
27,1260.7
20,1261.0
14,1261.3
22,1262.2
29,1262.9
18,1263.2
6,1263.9
30,1264.2
3,1264.3
24,1264.8
15,1265.2
11,1265.8
23,1266.6
20,1267.0
4,1267.4
13,1267.6
14,1267.8
27,1269.4
3,1270.1
18,1270.4
30,1270.5
12,1270.8
6,1271.5
15,1271.8
29,1272.9
2,1273.0
20,1273.1
11,1273.2
16,1273.8
8,1274.6
14,1274.6
13,1275.9
22,1276.5
3,1276.8
30,1277.4
23,1278.0
24,1278.5
15,1278.9
16,1279.3
20,1280.3
14,1281.4
18,1281.9
30,1284.5
6,1284.6
16,1285.1
22,1285.4
3,1285.8
19,1286.3
24,1287.0
14,1287.7
15,1290.5
30,1291.1
16,1291.1
1,1291.3
22,1292.7
6,1293.1
14,1293.6
20,1293.6
3,1293.7
19,1296.7
1,1296.9
2,1297.2
30,1297.4
16,1297.6
14,1299.5
13,1300.7
22,1301.2
29,1302.6
9,1303.2
3,1303.2
30,1303.6
1,1303.6
6,1303.9
15,1304.7
2,1305.2
16,1305.8
19,1306.4
23,1306.5
20,1307.2
11,1307.3
18,1308.1
13,1308.3
22,1308.4
9,1308.6
3,1310.0
30,1310.3
6,1310.5
12,1310.6
27,1311.1
15,1311.9
0,1312.4
2,1313.3
20,1314.0
23,1314.5
11,1314.6
13,1314.8
29,1315.1
18,1315.4
22,1315.8
3,1315.9
19,1316.2
30,1316.7
12,1318.3
15,1318.6
8,1319.0
27,1319.7
20,1319.8
24,1320.8
11,1321.5
13,1321.5
3,1321.8
4,1321.9
18,1322.3
22,1323.0
30,1323.4
16,1323.6
0,1323.8
19,1324.8
23,1325.5
11,1327.7
12,1327.9
15,1328.1
18,1328.7
22,1330.6
16,1331.2
13,1331.8
19,1332.0
30,1332.8
27,1332.9
11,1333.5
0,1333.7
1,1334.5
18,1334.6
12,1335.9
4,1336.0
2,1337.7
19,1338.2
16,1339.0
18,1340.3
22,1341.0
1,1341.5
19,1344.3
4,1345.7
18,1345.9
12,1347.3
16,1347.4
1,1347.7
22,1349.2
0,1349.9
30,1350.2
13,1350.5
24,1350.5
19,1351.0
18,1351.4
14,1352.4
1,1354.4
7,1355.0
22,1356.5
18,1357.0
15,1357.6
30,1357.7
19,1357.9
14,1357.9
13,1358.9
24,1360.3
1,1361.1
0,1362.6
22,1362.9
18,1363.0
14,1364.1
30,1364.2
19,1364.9
6,1365.1
16,1365.2
15,1367.0
1,1367.9
23,1368.5
13,1369.8
18,1370.2
30,1370.3
6,1370.8
4,1371.1
19,1372.1
16,1372.9
14,1374.5
24,1374.7
11,1376.0
30,1376.4
29,1376.6
1,1376.9
6,1377.3
15,1377.5
13,1378.9
24,1381.7
11,1381.8
19,1382.1
16,1382.1
30,1382.4
14,1382.9
15,1384.5
13,1386.5
0,1387.5
2,1387.8
12,1387.9
11,1387.9
18,1387.9
24,1388.0
27,1388.5
29,1388.6
6,1388.7
8,1389.0
16,1389.6
23,1389.9
14,1391.5
15,1391.5
13,1393.7
1,1393.7
4,1394.1
11,1394.3
2,1395.4
19,1395.4
24,1395.5
27,1396.6
16,1396.7
0,1397.2
6,1397.6
18,1397.7
15,1397.8
23,1397.8
13,1400.1
1,1400.7
11,1401.6
2,1402.8
4,1402.8
12,1402.9
19,1402.9
15,1403.7
23,1404.2
16,1404.2
27,1404.7
14,1405.3
24,1406.2
29,1406.6
1,1406.9
18,1407.6
6,1407.7
8,1409.1
2,1409.2
19,1409.9
23,1410.1
4,1410.8
1,1412.9
11,1414.6
29,1414.7
18,1415.0
2,1415.0
24,1415.4
12,1415.7
23,1416.2
19,1416.8
8,1417.5
4,1417.8
2,1420.8
18,1421.5
11,1423.2
29,1423.3
23,1423.6
4,1424.2
16,1424.8
19,1425.6
3,1425.8
2,1426.3
18,1427.6
6,1428.9
4,1430.3
11,1430.6
0,1431.5
3,1431.5
2,1431.8
14,1432.4
18,1433.5
12,1434.4
27,1434.7
8,1435.6
4,1436.4
11,1437.4
2,1437.6
6,1437.7
3,1438.2
0,1438.9
18,1439.2
19,1439.6
14,1439.7
29,1441.1
4,1442.7
12,1443.0
11,1443.5
2,1443.6
27,1444.3
6,1444.4
23,1444.9
0,1446.0
14,1446.0
19,1447.4
8,1448.1
3,1448.1
29,1448.9
16,1448.9
11,1449.3
4,1449.6
6,1451.0
12,1451.6
14,1452.3
0,1454.0
11,1454.8
29,1456.0
3,1456.2
27,1457.0
8,1457.0
19,1457.1
6,1457.8
14,1458.4
11,1460.4
15,1460.8
4,1461.7
13,1463.2
14,1464.8
12,1465.1
11,1465.8
15,1466.1
29,1466.2
6,1466.7
3,1468.4
13,1468.8
0,1470.6
4,1470.6
11,1471.5
15,1471.9
14,1472.7
6,1473.7
13,1474.7
27,1475.7
3,1475.8
12,1476.5
4,1479.1
15,1479.3
6,1480.0
16,1480.1
0,1480.3
14,1480.7
13,1480.7
3,1483.2
12,1484.4
27,1485.2
15,1485.8
23,1485.9
6,1485.9
14,1487.1
16,1487.1
13,1488.1
8,1488.3
3,1490.2
4,1490.9
15,1492.0
14,1492.8
16,1493.1
0,1493.6
12,1493.7
23,1494.0
13,1495.4
19,1496.6
3,1497.7
15,1497.7
8,1497.8
4,1497.9
27,1499.8
12,1500.5
23,1500.6
13,1503.2
0,1503.2
15,1503.5
4,1503.8
19,1504.1
8,1506.0
29,1506.5
12,1506.8
23,1506.9
3,1508.2
24,1508.9
15,1509.0
4,1509.7
19,1512.4
13,1512.4
8,1513.5
23,1513.7
12,1514.2
15,1514.3
29,1515.5
4,1515.5
16,1518.8
13,1519.5
15,1519.9
22,1519.9
3,1521.3
23,1522.2
4,1522.3
8,1522.8
24,1523.5
12,1523.9
19,1524.1
16,1524.3
15,1525.6
13,1526.2
29,1527.7
3,1528.3
27,1530.7
15,1531.3
23,1531.5
8,1531.9
24,1532.0
4,1532.5
13,1533.9
3,1534.5
19,1536.0
15,1536.7
16,1539.8
14,1540.0
4,1540.1
3,1540.6
15,1541.9
11,1543.0
19,1543.2
24,1545.1
16,1545.3
14,1545.4
3,1546.5
23,1547.1
11,1548.4
4,1548.6
19,1550.1
14,1551.0
16,1551.3
8,1551.9
3,1552.4
13,1553.0
27,1553.4
11,1554.6
23,1554.9
14,1556.8
16,1557.7
3,1559.0
17,1559.3
13,1560.1
4,1560.3
11,1561.0
19,1561.5
8,1562.0
27,1562.2
29,1562.3
14,1562.4
23,1563.5
16,1563.9
13,1566.3
11,1567.4
14,1567.8
4,1568.7
3,1569.4
19,1570.0
16,1570.2
8,1571.1
13,1572.3
14,1573.1
12,1573.5
29,1573.9
11,1574.4
23,1576.8
13,1577.8
16,1578.5
14,1578.6
19,1580.1
4,1580.6
11,1582.1
13,1583.2
14,1584.6
19,1588.8
4,1588.9
11,1589.8
15,1590.2
24,1590.7
14,1592.8
16,1595.0
3,1595.1
12,1595.3
27,1595.8
15,1596.0
11,1596.5
24,1598.9
14,1599.4
4,1600.2
17,1600.2
15,1602.2
11,1602.6
16,1602.6
23,1602.6
3,1602.8
12,1603.8
13,1603.8
27,1605.4
17,1605.6
24,1606.2
22,1606.7
15,1608.6
11,1608.8
13,1609.3
19,1609.4
3,1609.5
23,1610.4
16,1610.6
17,1611.7
22,1612.4
0,1613.7
12,1614.2
24,1614.7
15,1615.3
13,1615.5
11,1615.5
3,1616.1
27,1617.4
17,1617.8
22,1619.8
23,1620.0
11,1621.8
0,1623.7
17,1623.8
12,1624.2
13,1624.4
3,1625.4
15,1626.0
19,1627.9
11,1628.1
16,1628.3
4,1629.5
17,1630.0
23,1631.6
22,1632.9
3,1633.0
12,1633.2
15,1633.8
11,1634.3
19,1634.8
24,1635.6
17,1637.5
4,1638.8
23,1639.7
3,1640.0
11,1640.3
19,1640.7
15,1642.1
22,1643.6
24,1643.6
12,1643.7
0,1645.6
17,1645.9
11,1646.6
19,1646.9
14,1647.6
3,1649.0
15,1650.2
22,1650.4
23,1651.4
24,1652.4
13,1652.6
19,1652.9
14,1653.3
17,1654.3
4,1655.0
11,1655.3
3,1655.9
12,1656.3
22,1656.5
15,1656.9
18,1658.1
0,1658.4
23,1658.6
13,1659.8
14,1660.2
24,1660.7
16,1661.1
4,1662.1
3,1662.1
15,1663.3
11,1663.6
18,1663.8
23,1665.8
13,1666.3
17,1666.6
14,1666.9
12,1667.1
4,1668.0
29,1668.7
16,1668.8
18,1670.2
15,1670.3
24,1671.6
11,1671.8
13,1672.3
23,1672.4
4,1673.9
14,1674.2
17,1675.3
15,1676.9
16,1677.8
23,1678.7
24,1679.0
4,1679.9
15,1682.9
18,1682.9
12,1683.0
23,1684.6
11,1684.9
14,1685.3
24,1685.4
17,1685.9
4,1686.9
15,1688.9
23,1690.4
24,1692.0
22,1692.5
14,1694.5
5,1694.8
15,1694.9
12,1695.7
23,1696.2
22,1697.6
6,1697.8
17,1699.1
5,1700.0
14,1701.4
24,1701.7
15,1701.8
19,1701.8
23,1702.8
0,1703.0
6,1703.2
22,1703.4
4,1705.4
5,1706.0
17,1706.8
19,1707.3
14,1707.6
6,1709.2
22,1710.1
3,1711.6
11,1711.9
5,1712.3
18,1712.4
19,1712.8
17,1713.6
14,1713.7
8,1714.0
4,1714.2
15,1714.3
29,1714.5
23,1714.8
6,1715.2
0,1716.3
16,1716.5
22,1716.8
3,1717.3
19,1718.4
5,1718.4
18,1719.6
14,1719.8
17,1719.8
11,1720.2
6,1721.1
8,1721.2
4,1721.9
15,1721.9
23,1722.3
24,1723.3
29,1723.6
22,1723.7
16,1724.0
5,1724.0
19,1724.3
18,1725.7
11,1727.0
12,1727.0
8,1727.4
15,1728.1
23,1728.5
4,1729.1
22,1730.2
19,1730.2
16,1730.4
18,1731.7
24,1732.1
11,1733.5
8,1733.8
15,1733.9
19,1736.0
22,1736.8
16,1736.8
18,1737.2
12,1737.5
4,1738.6
15,1739.6
11,1739.7
8,1741.8
19,1742.3
16,1743.2
22,1744.5
15,1745.3
24,1745.7
11,1745.9
12,1747.2
19,1749.2
16,1750.1
15,1750.9
4,1751.1
27,1751.7
11,1751.9
22,1754.7
12,1754.9
24,1755.0
15,1756.7
8,1759.3
29,1759.4
4,1759.7
23,1759.9
19,1760.9
27,1761.3
16,1761.7
12,1762.1
24,1762.8
15,1763.3
23,1765.3
3,1765.9
8,1767.9
29,1768.1
24,1769.8
3,1771.1
16,1771.3
23,1771.4
12,1771.9
4,1772.8
8,1775.4
15,1775.8
24,1776.9
16,1779.5
23,1780.2
8,1782.4
19,1784.0
22,1784.0
24,1784.1
15,1785.5
12,1785.7
3,1786.9
23,1787.1
16,1788.5
24,1790.3
29,1790.6
8,1790.8
3,1792.1
22,1792.4
19,1792.4
15,1793.1
23,1793.6
12,1795.3
24,1796.2
3,1797.9
19,1800.0
23,1800.5
24,1801.8
15,1802.7
3,1804.4
22,1804.6
11,1805.6
8,1806.3
29,1807.3
19,1808.2
11,1811.2
3,1811.6
23,1813.6
4,1813.9
5,1814.6
8,1815.1
16,1815.6
15,1815.6
22,1815.8
29,1816.7
12,1817.0
11,1818.0
3,1819.0
6,1820.1
24,1822.2
4,1822.8
16,1823.4
22,1824.0
15,1825.3
6,1825.3
24,1827.7
8,1828.1
3,1829.1
11,1830.7
6,1830.9
22,1831.0
16,1832.9
24,1834.0
6,1837.2
22,1837.9
12,1838.7
27,1839.0
29,1840.2
16,1840.4
4,1841.2
11,1841.5
0,1841.5
19,1842.5
15,1842.6
23,1842.9
6,1843.5
24,1845.4
28,1846.3
12,1847.1
22,1847.4
27,1848.9
6,1849.4
4,1849.5
16,1850.2
11,1850.4
23,1850.7
15,1850.7
0,1851.8
28,1851.9
19,1854.1
12,1857.5
11,1857.6
28,1858.3
15,1860.5
4,1860.5
23,1860.6
11,1863.9
27,1863.9
12,1865.3
11,1869.8
28,1870.0
11,1875.5
22,1875.8
13,1876.5
12,1876.5
15,1876.8
19,1877.3
4,1877.8
11,1881.4
22,1884.5
15,1887.1
4,1887.1
11,1888.0
19,1889.1
2,1891.7
13,1891.7
8,1893.8
29,1894.2
3,1894.3
28,1894.3
23,1895.0
16,1895.4
15,1896.0
11,1896.2
13,1896.9
0,1900.2
28,1901.2
3,1901.4
29,1902.2
8,1902.8
16,1902.9
13,1903.0
15,1903.0
23,1903.2
11,1905.0
22,1905.3
28,1907.2
3,1908.0
12,1908.2
4,1909.0
15,1909.1
27,1909.3
16,1909.4
19,1909.5
23,1909.8
29,1910.0
0,1911.3
13,1911.6
22,1912.3
11,1913.2
15,1915.2
12,1915.7
16,1916.2
23,1916.3
3,1916.4
24,1916.6
19,1917.2
4,1917.3
8,1918.1
27,1918.6
22,1918.8
29,1919.1
13,1919.2
11,1920.2
0,1920.6
15,1921.1
12,1922.4
23,1923.5
24,1923.7
4,1924.3
19,1924.3
16,1924.7
22,1925.0
13,1926.6
11,1926.7
15,1927.1
0,1928.4
3,1928.5
24,1930.1
12,1930.4
29,1930.9
22,1931.1
8,1931.3
27,1932.2
19,1932.5
4,1932.5
15,1933.1
11,1933.5
23,1935.5
0,1935.8
13,1936.0
16,1936.0
24,1937.0
22,1937.2
3,1937.2
12,1938.3
15,1939.3
11,1940.5
19,1941.1
13,1943.3
22,1943.5
16,1943.7
3,1943.9
15,1945.4
23,1945.5
29,1946.5
11,1947.9
0,1948.3
24,1948.4
3,1949.9
12,1951.0
13,1951.8
15,1951.8
22,1952.0
16,1952.8
11,1954.7
4,1955.4
3,1955.9
29,1958.8
15,1959.2
13,1959.3
11,1961.3
3,1962.8
4,1963.6
13,1965.7
11,1967.6
16,1969.6
13,1971.6
4,1972.0
11,1973.4
24,1976.4
0,1977.1
16,1977.3
13,1977.4
11,1979.3
23,1981.6
15,1981.6
22,1982.5
19,1982.6
12,1982.6
13,1983.1
0,1984.5
11,1985.6
16,1986.2
24,1986.4
15,1988.4
23,1988.5
22,1989.7
8,1989.7
29,1990.2
4,1990.5
19,1991.0
0,1992.2
12,1992.7
13,1993.5
11,1993.9
15,1994.3
23,1994.5
22,1995.8
14,1996.9
19,1998.2
8,1998.5
4,1998.9
13,1999.0
29,1999.4
3,1999.5
15,1999.9
23,2000.8
22,2001.6
14,2002.6
19,2005.0
13,2005.2
15,2005.4
12,2006.8
23,2007.1
22,2007.3
4,2007.6
3,2007.8
14,2008.5
15,2010.9
13,2011.4
19,2011.8
22,2012.9
23,2013.0
14,2014.3
4,2015.2
25,2017.0
24,2018.1
13,2018.3
22,2018.7
23,2018.8
8,2019.2
16,2019.5
3,2019.7
19,2019.8
11,2020.3
14,2020.6
25,2022.3
23,2024.5
4,2025.4
22,2025.4
24,2026.2
25,2028.1
11,2028.6
14,2029.1
8,2029.7
16,2029.8
13,2030.4
23,2030.5
22,2031.6
12,2032.4
3,2033.2
19,2033.4
25,2035.1
11,2036.2
23,2036.5
29,2036.6
8,2036.8
24,2037.6
16,2039.4
23,2042.3
3,2042.4
0,2042.4
8,2043.1
19,2044.6
12,2044.6
13,2045.0
25,2045.4
29,2045.7
24,2046.2
11,2046.8
16,2047.0
23,2048.6
8,2049.5
3,2050.0
0,2052.2
25,2052.3
19,2052.9
13,2053.2
12,2054.4
24,2054.9
23,2055.0
16,2055.2
3,2056.4
8,2056.7
25,2058.5
11,2060.0
19,2060.3
24,2062.0
23,2062.0
16,2062.8
13,2063.2
25,2064.5
19,2067.3
8,2067.4
11,2067.7
24,2069.0
16,2069.1
13,2072.1
12,2072.8
23,2073.7
11,2074.2
16,2074.8
19,2075.2
8,2077.3
24,2078.5
13,2079.0
27,2079.4
11,2080.1
16,2080.5
23,2080.9
0,2081.4
12,2081.7
19,2082.1
4,2082.7
29,2082.9
13,2085.2
16,2085.7
11,2085.9
24,2085.9
23,2087.8
27,2088.2
0,2088.6
19,2088.6
4,2090.6
13,2091.1
29,2092.0
12,2092.5
24,2092.8
23,2094.0
8,2094.0
14,2094.5
19,2095.5
0,2095.6
13,2097.4
23,2100.1
4,2100.6
27,2100.7
16,2101.1
24,2101.2
29,2102.4
12,2103.9
13,2105.1
14,2105.7
19,2105.8
23,2106.0
16,2106.3
0,2107.4
12,2110.9
27,2111.0
8,2111.6
16,2111.8
23,2111.9
19,2115.2
14,2115.4
12,2117.3
16,2117.4
23,2117.5
24,2117.7
0,2119.8
4,2120.3
29,2121.5
8,2121.9
13,2122.5
14,2122.7
16,2122.8
23,2123.3
12,2125.1
24,2125.6
4,2128.1
16,2128.2
14,2128.8
23,2129.9
0,2130.8
13,2131.5
8,2131.6
14,2134.7
24,2136.1
4,2137.1
14,2140.1
23,2141.8
2,2142.8
0,2144.4
13,2144.4
14,2145.6
3,2147.8
2,2148.3
29,2149.2
14,2151.4
24,2152.7
13,2152.9
16,2153.7
2,2154.5
19,2154.8
0,2156.6
14,2158.1
16,2159.0
4,2159.1
13,2159.6
29,2160.9
6,2161.3
8,2162.3
24,2162.7
19,2162.9
2,2164.5
16,2164.9
13,2165.6
11,2165.9
0,2166.0
4,2167.1
6,2167.1
23,2167.3
14,2169.4
19,2170.2
16,2171.1
11,2171.2
13,2171.9
0,2174.0
6,2174.1
31,2174.6
15,2175.6
4,2175.6
11,2176.6
16,2177.2
13,2178.3
19,2179.5
31,2180.1
15,2180.8
11,2181.8
0,2182.7
4,2183.0
16,2183.8
3,2183.9
13,2184.9
29,2185.5
31,2186.2
8,2187.1
18,2187.1
11,2187.3
2,2188.0
19,2190.4
16,2190.5
4,2191.6
14,2191.9
18,2192.7
13,2193.3
23,2193.3
11,2193.5
24,2193.6
31,2193.8
12,2194.0
8,2196.2
16,2196.6
29,2197.3
19,2197.8
18,2198.6
14,2198.9
11,2199.7
31,2200.4
23,2201.4
24,2201.5
13,2203.1
16,2203.2
18,2204.4
19,2204.7
14,2205.0
12,2205.2
11,2206.1
8,2206.3
31,2206.4
29,2206.8
24,2208.0
2,2208.4
23,2209.4
3,2209.7
4,2210.2
18,2210.3
14,2210.9
13,2211.1
16,2211.3
19,2211.4
6,2211.8
31,2212.0
11,2212.4
24,2213.9
12,2214.1
8,2214.4
29,2214.4
3,2215.1
27,2215.6
0,2215.8
23,2215.9
18,2216.4
14,2216.8
2,2216.8
13,2217.7
19,2217.7
11,2218.6
6,2219.2
24,2219.8
16,2220.8
8,2221.0
29,2221.7
23,2221.7
14,2222.6
2,2223.7
19,2223.8
13,2224.0
27,2224.4
11,2224.7
12,2225.0
0,2225.6
24,2225.8
6,2226.6
8,2227.1
23,2227.2
14,2228.8
4,2229.9
13,2230.3
16,2230.3
19,2230.6
11,2230.8
2,2232.1
29,2232.2
24,2232.6
23,2232.7
6,2233.5
8,2234.1
14,2234.9
3,2236.2
13,2236.8
11,2236.9
4,2238.1
23,2238.5
2,2240.1
6,2240.5
14,2241.0
19,2241.2
3,2241.9
13,2243.6
11,2243.7
12,2244.3
27,2244.7
23,2245.1
6,2246.7
2,2246.7
0,2247.2
14,2247.2
3,2247.7
19,2248.9
4,2249.7
11,2249.9
23,2251.6
2,2252.7
12,2252.8
29,2253.0
14,2253.2
8,2254.0
16,2254.1
13,2254.2
27,2254.4
19,2255.7
11,2255.9
23,2258.3
29,2260.3
8,2261.6
12,2262.1
19,2262.6
24,2262.9
16,2263.8
23,2266.2
29,2266.7
8,2268.6
19,2269.3
16,2271.3
11,2271.3
29,2273.0
13,2273.7
8,2275.2
19,2277.3
16,2277.8
29,2280.2
13,2281.1
8,2282.8
14,2284.1
16,2284.1
13,2287.4
24,2287.5
14,2289.4
23,2289.6
16,2290.2
0,2292.2
13,2293.5
14,2295.4
19,2296.1
24,2297.1
29,2298.9
13,2299.6
0,2302.1
14,2303.0
31,2304.1
19,2304.6
16,2306.3
13,2306.3
8,2308.3
31,2309.4
29,2309.6
14,2310.3
4,2310.8
19,2311.2
15,2313.6
31,2315.4
30,2315.9
8,2316.9
14,2317.2
19,2317.2
13,2317.3
15,2319.2
4,2319.9
30,2321.3
2,2321.8
31,2322.6
19,2323.0
11,2323.3
23,2323.8
24,2324.0
14,2324.7
15,2325.5
13,2325.5
8,2326.0
2,2327.4
19,2328.8
11,2329.0
31,2329.4
13,2332.3
24,2333.6
2,2334.0
19,2334.7
11,2335.1
31,2336.4
15,2337.3
12,2338.6
13,2338.6
23,2338.8
24,2340.6
19,2340.7
11,2342.0
13,2344.6
14,2344.9
15,2345.7
5,2346.1
19,2346.6
31,2346.8
24,2346.9
23,2347.2
2,2347.8
13,2350.2
12,2350.3
4,2351.0
8,2351.3
29,2351.5
5,2351.5
7,2351.8
14,2351.9
19,2352.6
24,2352.7
11,2353.4
31,2354.2
27,2354.5
16,2355.2
2,2356.0
15,2357.2
24,2358.6
19,2358.8
23,2359.0
12,2359.1
4,2359.4
8,2360.1
29,2360.4
31,2360.5
16,2360.7
27,2362.0
2,2362.9
11,2363.1
24,2364.4
19,2364.8
12,2365.9
15,2365.9
4,2366.3
23,2366.4
16,2366.5
31,2366.5
27,2368.7
2,2369.0
24,2370.7
29,2370.8
19,2370.9
16,2372.1
12,2372.3
31,2372.5
8,2372.8
11,2372.9
23,2373.2
15,2373.8
4,2374.0
2,2375.2
27,2376.9
19,2377.2
7,2377.3
16,2377.7
31,2378.7
12,2379.2
23,2379.9
24,2380.0
4,2380.9
15,2381.0
2,2381.5
7,2382.4
19,2383.2
16,2383.6
31,2385.0
23,2386.3
12,2386.3
15,2388.0
4,2388.1
7,2388.2
19,2389.0
2,2389.2
6,2389.4
16,2390.7
23,2392.4
31,2392.5
12,2393.6
19,2394.6
6,2394.9
15,2395.0
7,2395.1
4,2395.3
17,2396.7
23,2398.7
17,2401.9
2,2402.3
8,2402.4
4,2402.5
29,2402.6
15,2404.9
12,2405.7
23,2406.8
16,2407.8
17,2407.9
11,2408.6
2,2409.2
8,2411.3
29,2411.6
4,2413.3
0,2413.7
2,2414.9
24,2415.3
16,2415.5
17,2415.6
7,2415.7
15,2417.7
11,2418.0
2,2420.5
24,2422.4
7,2423.1
23,2423.1
16,2424.2
0,2424.4
27,2424.6
15,2424.7
12,2425.0
29,2425.6
17,2425.7
31,2425.8
11,2426.3
2,2426.4
24,2428.4
7,2429.5
19,2429.5
15,2430.7
8,2430.8
23,2430.9
16,2431.7
27,2432.1
2,2432.7
17,2432.9
12,2433.8
11,2434.4
24,2434.5
19,2434.8
4,2435.1
29,2435.2
7,2435.7
0,2436.8
16,2438.6
23,2439.0
17,2439.2
27,2439.3
24,2440.5
19,2440.7
2,2440.9
7,2441.9
12,2443.8
0,2444.5
17,2445.1
11,2445.7
24,2447.0
16,2447.7
7,2448.4
19,2449.0
27,2450.3
17,2450.8
0,2451.9
11,2453.5
7,2456.2
17,2456.6
15,2456.7
24,2457.4
6,2460.3
11,2461.4
17,2462.0
15,2462.1
0,2462.2
8,2463.9
14,2464.0
16,2464.3
12,2465.0
19,2465.7
6,2465.7
27,2466.7
24,2467.1
15,2468.0
11,2469.3
14,2469.7
6,2471.0
16,2471.7
12,2473.1
19,2473.8
8,2474.6
2,2474.8
15,2474.9
23,2474.9
27,2475.1
14,2475.5
31,2475.9
7,2476.4
6,2476.6
11,2477.1
24,2477.1
4,2477.7
16,2478.0
19,2480.9
29,2481.0
14,2481.5
22,2481.7
8,2481.9
6,2482.1
2,2482.5
27,2482.9
12,2483.0
31,2483.5
16,2483.8
11,2484.6
4,2484.7
7,2486.1
22,2487.3
14,2487.7
6,2487.9
8,2488.3
19,2488.7
2,2488.9
29,2489.5
27,2489.7
4,2491.0
31,2491.0
12,2491.2
11,2491.4
15,2492.7
6,2493.7
22,2493.8
14,2494.8
2,2494.9
8,2495.5
23,2495.9
27,2496.7
4,2498.0
11,2499.3
6,2499.6
16,2499.6
2,2500.8
29,2502.5
16,2504.9
6,2505.4
2,2506.5
14,2508.4
11,2509.1
17,2509.9
27,2509.9
12,2510.5
16,2510.7
6,2511.3
15,2511.8
22,2511.9
19,2512.0
23,2512.1
7,2513.3
4,2514.8
31,2515.1
17,2515.6
11,2515.8
16,2516.2
6,2517.1
27,2517.2
12,2518.3
15,2518.6
22,2518.9
23,2519.1
14,2520.0
7,2520.3
16,2521.6
11,2521.7
17,2521.8
4,2522.4
19,2522.8
31,2522.8
0,2522.9
27,2523.8
29,2524.1
15,2524.2
23,2524.9
12,2525.3
22,2525.4
7,2526.4
8,2526.9
14,2527.0
2,2527.1
11,2527.2
17,2528.0
31,2530.9
23,2530.9
4,2531.0
27,2531.6
22,2531.6
7,2532.5
11,2532.6
2,2532.6
29,2533.2
12,2533.3
14,2533.5
0,2533.9
23,2536.8
24,2536.8
22,2537.6
11,2538.0
19,2538.3
2,2538.5
7,2539.1
14,2541.2
12,2541.4
29,2541.8
23,2543.0
22,2543.6
11,2543.7
31,2544.1
24,2544.8
7,2545.4
2,2545.5
4,2548.6
14,2548.6
23,2549.7
22,2549.9
8,2551.0
19,2551.6
7,2551.7
24,2552.3
12,2554.2
14,2555.6
22,2556.0
4,2556.2
7,2557.8
31,2558.1
2,2559.2
29,2560.0
8,2560.3
23,2560.5
22,2562.1
14,2562.1
7,2563.6
24,2563.6
4,2564.1
31,2564.9
8,2568.2
14,2568.4
22,2568.8
29,2570.9
31,2571.0
14,2575.4
8,2577.2
31,2577.3
22,2579.3
2,2581.8
29,2582.6
3,2584.7
8,2585.0
31,2585.1
4,2585.5
19,2586.7
24,2587.9
14,2587.9
2,2588.7
29,2589.9
6,2589.9
3,2590.8
8,2592.5
4,2593.6
2,2594.8
6,2595.5
14,2595.7
29,2597.3
19,2597.8
24,2597.8
3,2599.6
22,2600.3
2,2600.6
4,2601.0
6,2601.0
23,2601.2
12,2601.3
31,2603.1
14,2603.3
8,2603.7
19,2605.1
11,2605.3
2,2606.4
6,2606.5
3,2607.0
22,2607.4
4,2609.6
24,2609.6
16,2609.8
31,2610.5
11,2611.1
19,2611.8
6,2612.4
2,2612.6
22,2613.6
14,2614.8
15,2614.9
3,2615.3
16,2615.8
24,2617.6
31,2617.9
23,2617.9
19,2618.2
6,2618.5
11,2618.8
12,2619.0
22,2619.8
4,2619.8
2,2620.9
14,2621.5
27,2623.8
16,2624.4
31,2624.5
24,2624.6
6,2624.7
19,2624.9
22,2625.8
3,2626.0
23,2626.3
14,2627.5
31,2630.2
6,2631.0
11,2631.0
12,2631.4
22,2631.5
24,2632.6
27,2632.8
3,2632.8
14,2633.4
19,2633.5
16,2633.7
23,2633.9
8,2635.1
0,2635.1
2,2635.1
29,2635.4
17,2636.5
6,2637.0
22,2637.2
11,2638.1
3,2638.7
14,2639.2
23,2640.4
16,2640.6
19,2640.7
17,2642.1
2,2642.3
4,2642.9
8,2643.5
12,2643.9
29,2644.1
0,2644.6
11,2644.7
23,2646.5
16,2646.6
19,2647.7
24,2648.6
2,2649.0
27,2650.9
8,2652.1
16,2652.3
11,2652.8
23,2652.8
19,2654.5
14,2654.9
4,2655.9
2,2656.8
29,2656.8
16,2658.0
14,2660.3
24,2660.4
8,2660.6
19,2660.9
23,2661.2
6,2662.4
3,2663.9
4,2664.7
6,2667.9
19,2668.2
2,2668.6
24,2668.7
8,2669.0
3,2669.3
23,2671.6
4,2673.7
16,2674.0
3,2675.0
2,2676.0
12,2677.4
19,2677.8
23,2678.5
16,2679.4
3,2680.6
17,2681.1
24,2681.3
2,2682.5
4,2684.0
23,2684.4
19,2685.1
16,2685.3
3,2686.2
17,2686.2
28,2686.8
11,2686.9
12,2688.3
2,2689.5
23,2690.3
18,2691.2
13,2691.8
3,2692.1
17,2692.1
19,2692.2
28,2692.4
4,2692.4
16,2692.8
6,2693.4
31,2695.0
23,2696.2
18,2696.8
17,2698.2
3,2698.2
28,2698.5
12,2698.8
19,2698.8
14,2698.9
6,2699.1
2,2699.2
4,2700.0
24,2700.2
23,2702.2
18,2703.6
29,2703.9
14,2704.2
3,2704.4
17,2704.5
28,2704.6
19,2705.3
6,2705.4
4,2706.5
11,2706.7
23,2708.2
27,2709.8
18,2709.8
24,2709.9
14,2709.9
12,2710.2
17,2710.5
3,2711.3
6,2711.7
4,2712.6
29,2712.8
19,2713.0
2,2713.7
23,2713.9
11,2714.2
18,2715.6
17,2716.1
12,2717.1
3,2717.5
6,2717.6
27,2718.5
4,2719.0
19,2720.4
2,2720.6
11,2721.2
18,2721.5
17,2721.8
29,2722.5
16,2722.8
3,2723.2
12,2723.5
4,2725.4
27,2725.5
2,2726.6
19,2727.2
17,2727.2
24,2727.5
11,2727.9
16,2730.4
12,2730.5
4,2731.8
2,2732.7
17,2732.8
27,2732.8
19,2734.9
24,2735.0
11,2735.1
16,2736.7
12,2737.8
6,2737.9
17,2738.6
4,2738.9
2,2739.6
29,2741.2
11,2741.6
19,2742.5
24,2742.6
16,2742.6
6,2743.5
14,2744.4
27,2745.2
8,2746.0
12,2746.7
11,2747.7
31,2749.0
4,2749.7
6,2749.8
2,2749.9
14,2750.2
19,2750.8
29,2752.0
8,2753.7
11,2754.1
31,2754.5
24,2755.6
14,2756.2
2,2756.6
19,2757.6
23,2759.0
31,2760.1
6,2760.3
8,2760.6
29,2760.8
4,2761.0
14,2762.0
11,2762.2
2,2762.3
19,2763.8
23,2764.5
31,2765.8
8,2767.4
29,2767.6
14,2767.9
4,2768.7
19,2770.3
6,2770.5
23,2770.9
31,2771.5
24,2773.3
14,2773.7
29,2774.2
8,2776.6
4,2776.8
31,2777.5
19,2777.8
6,2778.4
11,2778.6
14,2779.3
24,2780.3
0,2781.7
23,2781.7
29,2781.9
16,2782.5
31,2783.6
4,2783.9
14,2784.8
6,2785.0
19,2785.8
24,2786.5
11,2786.5
16,2788.0
23,2788.9
31,2789.5
14,2790.7
12,2791.2
6,2791.2
4,2791.5
24,2793.4
3,2793.4
0,2793.8
16,2794.1
31,2795.6
23,2796.1
8,2796.2
11,2796.6
29,2797.0
14,2797.4
6,2797.7
3,2798.8
31,2802.8
24,2803.4
16,2803.9
3,2804.8
8,2804.9
19,2805.0
4,2805.1
29,2805.4
14,2806.1
6,2806.7
23,2807.2
27,2808.0
31,2809.8
24,2811.0
3,2812.7
29,2813.0
19,2813.3
14,2813.5
23,2814.4
6,2814.7
27,2816.4
31,2816.6
8,2816.9
12,2817.4
3,2819.7
11,2820.0
29,2820.1
19,2820.4
24,2820.5
14,2821.6
23,2821.8
31,2824.3
6,2825.2
27,2825.5
3,2826.3
19,2826.8
16,2829.5
29,2829.9
11,2831.2
31,2831.9
3,2832.8
17,2833.0
23,2833.3
19,2833.5
6,2833.7
8,2833.8
16,2837.3
17,2838.1
11,2838.3
31,2839.1
4,2839.3
3,2839.3
29,2839.5
19,2841.3
6,2843.3
17,2843.9
0,2845.2
11,2845.2
3,2845.8
16,2846.6
31,2847.5
4,2847.9
17,2850.0
19,2851.8
3,2852.7
14,2854.0
31,2855.0
0,2855.2
11,2855.6
17,2856.0
3,2861.2
16,2861.4
17,2861.9
14,2862.0
31,2862.0
11,2864.6
0,2864.7
22,2864.7
8,2864.9
4,2867.7
23,2867.7
17,2868.0
12,2868.4
16,2868.4
3,2868.6
19,2868.8
18,2869.7
7,2869.9
31,2870.0
29,2870.0
30,2870.4
14,2871.6
17,2874.2
11,2874.2
16,2874.6
18,2875.0
3,2875.2
7,2875.3
8,2875.5
23,2875.8
4,2876.0
19,2876.3
2,2879.5
6,2879.7
12,2880.6
14,2880.6
17,2880.9
16,2881.0
18,2881.1
7,2881.4
3,2881.5
26,2882.3
29,2882.4
31,2882.5
4,2883.1
19,2884.7
24,2884.7
2,2885.0
8,2885.7
23,2886.6
14,2887.5
7,2887.8
3,2887.8
16,2888.1
26,2888.2
6,2888.2
31,2890.4
2,2891.1
18,2891.2
4,2891.4
17,2891.6
24,2891.8
14,2893.3
19,2893.5
7,2894.1
3,2894.3
6,2895.4
26,2896.1
11,2896.6
23,2896.8
12,2897.3
31,2897.8
24,2898.3
18,2898.7
17,2899.0
14,2899.1
2,2899.7
7,2900.3
16,2900.5
29,2900.9
19,2902.3
6,2902.4
27,2902.8
3,2903.3
11,2903.9
26,2903.9
12,2905.1
18,2905.1
31,2905.8
17,2906.0
7,2906.7
24,2907.1
23,2908.6
6,2909.9
29,2910.1
26,2910.5
11,2910.6
27,2910.7
18,2911.0
12,2911.9
17,2915.3
0,2915.4
7,2915.6
3,2916.4
26,2916.6
18,2916.7
19,2916.9
27,2917.6
31,2918.3
11,2918.6
2,2918.6
6,2918.6
12,2919.6
18,2922.1
15,2922.7
17,2922.8
0,2922.8
3,2924.7
27,2925.9
2,2926.0
19,2927.4
18,2927.7
15,2928.2
24,2929.0
14,2929.1
17,2930.3
0,2930.7
30,2930.9
8,2930.9
23,2931.1
3,2931.6
2,2933.5
18,2933.7
15,2934.3
14,2934.8
30,2936.2
12,2936.3
24,2937.0
19,2937.8
16,2938.0
3,2938.1
17,2938.4
23,2938.7
8,2939.2
13,2940.3
15,2940.6
14,2941.4
18,2941.6
30,2942.3
11,2942.8
31,2943.6
3,2944.2
2,2944.9
16,2945.4
17,2945.7
13,2945.8
23,2946.4
24,2946.9
8,2947.1
15,2947.2
12,2947.8
5,2948.6
19,2948.8
3,2950.0
30,2950.3
27,2951.0
11,2951.6
16,2951.7
17,2952.7
23,2953.3
2,2953.3
14,2953.5
4,2953.7
18,2953.7
15,2953.8
6,2953.9
24,2955.6
8,2956.6
12,2957.6
19,2957.8
16,2957.9
23,2959.8
27,2959.9
2,2960.0
15,2960.5
17,2961.1
6,2961.8
7,2962.4
24,2963.8
11,2964.0
16,2964.9
23,2965.9
18,2965.9
2,2966.1
15,2966.7
30,2967.3
4,2968.6
6,2968.9
19,2970.5
12,2971.2
7,2971.7
23,2972.0
16,2972.4
15,2972.7
2,2972.9
22,2972.9
30,2974.9
11,2974.9
6,2975.9
4,2977.6
23,2978.1
7,2978.7
15,2978.8
16,2979.4
9,2979.6
30,2981.2
14,2981.9
31,2981.9
19,2982.6
2,2984.4
15,2984.6
11,2984.6
23,2984.8
7,2984.9
9,2985.1
6,2985.3
1,2987.0
30,2987.1
16,2987.3
14,2988.9
31,2989.9
15,2990.6
7,2990.7
19,2990.7
17,2991.3
1,2992.2
6,2992.7
30,2993.0
22,2993.6
4,2994.1
14,2994.9
9,2995.9
23,2995.9
7,2996.4
15,2997.8
30,2998.8
22,2999.2
3,2999.4
