11,30.8
52,31.0
48,32.0
54,33.0
10,33.7
44,34.5
24,36.5
48,36.8
1,37.2
7,37.7
32,38.2
33,39.0
53,39.0
52,39.1
55,39.4
56,40.1
29,40.2
4,40.4
21,40.5
30,40.6
48,41.0
9,41.1
11,41.7
50,42.3
7,42.6
44,42.8
54,43.7
41,43.9
34,44.2
8,44.6
53,44.9
32,45.0
29,45.1
26,45.4
2,45.6
48,45.7
56,45.8
28,45.8
52,45.9
10,46.3
13,46.8
31,46.9
4,47.0
9,47.4
21,47.4
25,47.7
55,47.7
45,47.7
50,47.7
30,47.8
7,48.0
24,48.1
6,48.7
54,49.3
41,49.3
62,49.8
1,49.9
29,50.2
37,50.2
40,50.4
49,51.2
36,52.0
18,52.1
23,52.2
35,52.2
26,52.2
33,52.2
47,52.2
42,52.2
20,52.3
48,52.4
57,52.6
3,52.7
39,53.1
44,53.5
31,53.5
61,53.6
8,53.7
2,53.8
43,54.0
62,54.2
4,54.2
0,54.2
50,54.4
24,54.4
14,54.5
52,54.8
45,54.8
7,54.9
56,55.0
28,55.0
21,55.1
25,55.4
41,55.4
37,55.5
30,55.7
11,55.9
32,56.0
54,56.0
40,56.2
19,56.6
1,56.7
55,57.5
29,57.6
34,57.7
23,58.0
18,58.1
22,58.2
36,58.4
42,58.8
53,58.8
26,59.4
39,59.6
0,59.9
50,59.9
44,60.0
62,60.2
20,60.8
61,60.9
10,61.1
35,61.5
57,61.5
43,61.7
41,61.8
3,61.8
17,62.0
24,62.4
33,62.6
19,62.6
9,62.7
7,63.0
54,63.1
37,63.6
32,64.0
48,64.6
16,64.8
60,64.9
12,65.1
14,65.4
18,66.4
45,67.0
52,68.5
50,68.8
40,68.9
5,69.1
42,69.3
28,70.4
4,70.5
31,73.2
12,74.5
26,74.7
11,79.6
50,81.0
13,82.5
57,85.1
57,117.9
61,120.1
48,133.1
7,135.7
9,136.7
53,140.3
41,143.6
31,144.7
41,151.1
25,152.3
60,154.9
31,155.5
23,157.9
30,158.0
35,164.2
29,165.0
28,168.2
24,172.2
48,173.9
56,176.4
23,179.1
26,179.1
21,179.7
29,179.8
48,180.3
50,182.1
44,182.2
24,182.5
7,185.9
52,186.0
53,186.6
45,187.6
50,188.9
48,189.5
51,190.8
14,191.2
11,191.6
37,191.9
53,192.2
28,192.3
24,192.4
35,192.6
57,192.8
8,192.9
29,193.1
62,193.5
56,193.7
55,194.3
36,194.6
1,194.6
9,194.6
42,194.9
26,195.0
5,195.1
21,195.3
13,195.3
52,195.4
48,195.8
22,196.1
61,196.4
15,196.7
20,197.2
7,197.3
41,197.6
34,197.6
2,197.7
50,197.9
53,197.9
37,199.0
54,199.0
57,199.2
39,199.3
56,199.6
35,199.6
29,200.6
8,201.1
18,201.1
4,202.0
32,202.3
40,202.3
14,202.6
30,202.6
13,202.7
33,203.4
9,203.5
62,203.9
61,204.0
0,204.2
21,204.5
36,204.6
3,204.7
17,205.7
10,206.9
15,207.0
37,207.7
41,210.0
55,210.7
6,210.8
26,211.0
24,211.0
44,213.2
43,216.5
45,217.3
16,217.4
7,217.6
18,217.9
52,218.1
0,218.7
11,219.1
33,220.5
54,221.7
10,222.7
58,223.2
62,223.8
19,224.1
48,224.6
44,225.7
31,226.9
56,227.2
16,227.2
59,227.4
25,227.9
4,229.1
28,231.2
52,231.7
11,233.0
23,233.5
31,233.8
8,235.5
32,235.5
13,236.7
48,236.9
56,237.5
29,237.8
57,238.1
12,238.2
26,238.2
28,238.4
25,239.0
31,239.3
62,239.7
18,239.7
2,240.8
24,240.8
16,241.3
33,242.0
52,242.2
4,243.1
57,244.1
36,244.2
50,245.0
62,245.2
61,245.8
56,245.8
14,246.3
40,246.4
0,246.7
18,246.9
48,247.1
31,247.8
16,250.4
23,250.4
42,251.2
1,251.7
41,253.0
60,253.8
48,256.5
50,259.0
13,259.2
22,259.2
0,259.7
42,260.3
45,260.8
44,261.5
6,261.9
53,263.8
1,263.8
48,263.9
9,267.2
7,267.2
50,267.6
37,268.1
24,268.4
42,268.4
2,268.6
5,268.8
29,269.9
13,270.4
54,271.9
10,273.0
53,275.1
34,278.9
11,279.1
13,284.6
41,297.9
37,302.1
57,303.9
16,304.3
37,309.6
39,309.6
62,312.0
48,314.1
7,315.3
56,315.5
37,316.6
33,319.0
50,323.0
48,324.5
31,324.9
32,327.9
13,328.0
10,329.5
50,330.2
9,330.5
53,331.9
48,332.1
35,332.5
59,335.2
52,335.5
2,336.7
46,336.9
11,336.9
28,338.8
16,340.7
48,341.3
57,342.0
52,342.2
35,342.3
29,343.2
11,343.6
7,344.6
26,344.7
56,345.2
16,347.1
3,347.7
61,347.9
23,348.0
0,349.7
28,350.4
9,350.5
45,350.7
56,350.9
42,352.3
26,352.7
16,355.6
19,358.0
31,358.1
7,358.5
48,358.8
34,360.3
29,361.3
14,361.5
50,362.4
60,363.4
13,363.7
8,364.9
31,365.8
53,366.2
32,367.4
26,368.4
50,369.4
48,370.6
33,371.7
39,371.7
41,372.9
4,373.4
13,374.5
50,375.0
14,375.2
35,376.1
9,376.5
48,376.5
6,376.5
32,376.7
26,376.8
34,376.9
53,377.4
28,378.0
39,378.3
41,379.8
33,380.1
3,380.2
52,380.9
57,381.6
48,382.2
62,382.2
54,382.4
31,382.8
34,383.0
56,383.6
58,383.8
45,384.4
11,384.5
61,384.8
50,385.5
18,386.1
37,386.5
14,387.0
10,387.3
40,387.5
36,387.6
35,388.8
3,389.9
26,392.8
37,394.1
57,395.4
29,396.0
42,397.5
45,408.6
0,413.4
45,415.6
2,417.7
46,419.7
62,422.1
35,423.0
21,424.0
61,424.1
28,424.6
29,424.8
2,424.9
56,425.0
41,425.3
44,425.4
24,425.9
50,426.5
6,426.5
8,427.0
18,427.1
48,427.3
35,427.4
26,427.9
46,428.2
62,428.6
52,429.3
7,429.7
45,430.0
22,430.1
32,430.2
13,430.2
33,430.3
28,430.3
29,430.6
31,430.7
21,431.0
41,431.7
23,432.3
47,432.5
40,432.9
50,433.2
57,433.4
48,434.1
56,434.1
37,434.2
16,434.2
11,434.6
44,434.6
61,434.8
6,435.0
26,435.1
35,435.3
4,435.4
8,436.0
51,437.0
45,437.9
29,439.0
24,439.0
52,439.0
7,439.4
62,441.3
32,441.5
37,441.7
43,441.9
1,442.1
16,442.7
60,458.8
16,467.7
10,468.2
41,470.0
13,470.3
61,471.8
14,472.2
59,472.8
54,474.9
60,475.4
53,476.2
16,476.3
15,476.8
13,477.7
10,478.1
31,480.9
28,481.3
33,482.4
57,482.6
29,482.7
55,482.7
54,482.9
13,483.3
52,483.4
15,484.5
11,485.4
53,485.6
10,486.7
34,486.8
31,487.1
32,488.5
37,489.9
57,490.4
51,491.6
62,491.8
56,492.1
48,492.3
46,492.7
16,492.7
4,496.0
55,496.9
37,498.2
54,498.3
25,498.6
1,498.9
31,499.3
0,503.4
3,505.0
11,507.3
48,509.4
0,510.4
50,510.9
16,511.3
13,512.2
10,512.6
42,516.6
50,517.8
6,518.4
1,518.4
2,518.7
52,519.1
44,519.1
23,519.2
0,520.5
16,522.4
45,522.6
29,522.6
57,522.9
26,523.0
28,523.1
24,523.6
35,523.6
32,523.9
2,524.8
7,524.9
13,525.5
42,525.9
4,526.0
50,526.6
30,526.8
5,529.2
62,529.6
32,529.9
23,530.1
29,530.1
57,530.1
28,530.6
26,530.9
4,531.2
14,531.4
31,532.3
51,532.4
22,532.4
41,532.9
40,533.4
35,533.6
6,533.6
2,534.0
21,534.6
53,534.9
62,535.0
12,535.0
58,535.1
33,538.4
41,541.0
37,542.3
31,543.4
62,545.9
20,548.7
57,552.9
16,555.3
61,558.0
59,558.7
13,559.8
37,560.3
16,563.0
9,566.2
13,566.4
10,566.7
57,566.9
48,567.3
54,567.9
18,568.2
15,571.7
55,572.0
22,572.8
14,574.1
29,577.5
61,581.9
46,587.6
24,604.5
45,606.7
21,606.9
7,607.4
48,607.9
29,608.0
2,608.1
1,608.7
8,608.8
52,609.1
50,609.6
4,609.7
31,610.1
0,610.3
24,610.4
26,611.3
29,612.1
32,612.2
48,612.2
45,612.3
6,612.5
2,612.8
28,612.9
10,613.2
30,613.2
56,613.3
13,613.5
33,614.2
22,614.2
31,614.2
50,614.2
11,614.3
21,614.5
53,614.5
4,614.7
8,614.8
25,615.1
54,615.3
52,615.3
43,615.5
7,615.6
3,616.1
60,616.1
48,616.1
9,616.4
12,616.5
0,616.5
29,617.0
2,617.2
26,617.2
28,617.3
32,617.8
10,617.8
47,617.9
6,618.0
31,618.4
13,618.4
24,618.4
35,618.6
50,618.8
44,619.3
33,619.4
15,619.8
46,619.8
56,619.9
51,620.0
48,620.0
52,620.4
55,620.6
11,620.8
4,621.0
8,621.0
41,621.1
53,621.3
22,621.5
7,621.6
54,621.8
45,621.8
14,622.0
28,622.1
37,622.5
32,622.6
62,622.6
31,623.5
16,623.5
3,623.7
13,623.8
10,624.4
60,624.8
34,625.1
39,625.1
35,625.7
9,626.0
40,626.4
52,626.6
48,626.9
50,626.9
61,626.9
21,627.4
29,627.5
37,627.8
41,627.9
44,628.0
49,628.5
14,629.2
16,629.9
57,630.0
19,630.9
39,632.1
32,632.6
58,632.6
12,635.4
54,637.7
37,637.7
40,638.9
41,639.0
31,640.1
60,640.2
39,642.0
34,642.3
31,648.4
56,649.4
48,653.1
41,653.2
31,653.7
23,655.7
10,655.9
53,657.9
29,658.3
25,658.6
50,658.7
31,659.3
26,659.4
35,659.5
13,659.7
0,659.9
39,660.5
16,663.9
50,664.0
27,666.8
37,669.2
50,671.8
13,681.8
32,682.9
48,685.2
28,688.4
6,690.0
57,690.4
16,693.6
51,693.9
31,694.2
37,694.5
50,696.4
34,696.4
10,696.6
29,697.0
48,697.6
56,698.7
37,699.0
33,700.1
39,700.6
62,701.4
35,702.0
7,702.2
6,702.7
50,705.0
26,705.7
16,705.9
13,706.3
42,706.4
29,706.7
14,707.1
37,707.5
36,709.0
62,709.0
53,709.1
0,709.2
48,709.4
52,709.7
9,711.3
40,711.4
14,711.5
16,712.1
61,712.2
10,713.0
45,714.3
11,714.5
14,717.1
7,717.2
54,717.4
57,717.5
46,717.8
28,718.1
35,718.5
13,719.6
48,720.8
55,722.3
50,723.7
44,724.1
48,728.0
32,728.4
51,728.5
33,729.9
22,730.5
4,731.2
2,732.4
62,736.9
10,737.8
35,739.5
37,740.6
18,742.5
41,744.3
62,747.1
31,749.3
10,749.4
35,750.2
54,750.7
14,751.4
57,753.0
13,754.1
15,754.7
31,759.0
61,762.1
20,774.5
0,777.9
15,779.6
2,781.0
4,782.2
23,782.9
21,783.2
37,785.3
52,785.4
0,786.1
48,786.4
9,786.6
26,787.6
53,788.8
7,789.1
54,789.2
52,790.2
10,790.5
24,790.7
29,790.7
57,790.7
31,791.2
56,791.7
28,791.8
0,792.2
16,792.9
48,793.3
37,793.5
33,793.5
45,793.8
25,793.9
31,794.3
55,794.5
52,794.5
57,794.6
54,794.7
2,794.7
53,794.8
41,794.8
7,795.5
11,795.7
35,795.7
39,796.7
40,796.7
20,796.8
18,797.2
10,797.2
16,797.4
62,797.4
37,797.5
21,797.6
24,797.7
29,797.8
31,797.8
59,798.3
3,798.6
14,798.7
41,799.1
48,799.2
34,799.3
42,799.5
28,799.5
57,800.0
26,800.0
27,800.1
1,800.6
55,800.8
23,800.9
39,801.5
0,801.6
51,801.9
35,802.2
25,802.2
31,802.4
4,802.4
52,802.6
61,802.7
37,802.7
6,802.8
40,803.5
54,803.5
15,803.6
18,804.4
62,805.5
16,805.6
41,805.6
21,805.7
3,805.7
34,806.0
1,806.5
24,806.5
36,806.7
60,806.8
45,807.2
13,807.4
42,808.3
58,808.9
44,809.5
61,809.6
6,810.3
33,810.6
50,811.1
5,812.2
32,812.6
13,814.6
29,816.9
28,817.3
60,817.4
21,819.3
32,820.3
50,821.0
22,822.2
4,823.2
61,824.7
29,825.2
48,826.9
30,827.2
2,828.7
31,829.4
7,829.5
6,829.5
56,829.6
4,830.3
53,830.5
26,830.9
10,831.0
45,831.5
48,832.1
3,833.6
32,833.9
11,834.8
29,835.2
51,835.3
7,835.4
31,835.5
54,836.5
44,836.8
10,836.9
50,837.0
53,837.7
13,837.9
48,839.2
52,840.8
31,842.0
34,843.7
27,844.4
46,844.8
28,847.7
16,848.6
52,849.3
31,849.8
57,850.5
6,852.3
35,852.9
39,853.7
13,853.8
40,854.0
62,854.2
16,854.7
14,855.5
55,855.6
37,857.0
4,857.4
57,857.7
41,857.8
1,858.0
16,859.4
35,860.1
22,860.9
2,861.3
62,862.1
15,862.9
43,863.1
39,863.1
37,863.5
0,863.6
13,863.7
40,865.1
26,865.4
48,865.5
36,865.8
16,866.8
31,866.8
60,869.5
61,870.0
45,870.3
46,872.8
28,873.7
0,874.1
10,874.3
42,874.4
13,879.4
62,881.1
53,881.4
57,883.0
46,883.2
50,883.5
52,885.5
33,885.6
32,885.6
37,886.9
50,887.9
9,889.1
14,889.3
39,889.4
31,889.9
53,890.8
51,892.2
35,892.3
62,892.4
11,892.6
15,893.0
56,893.1
57,893.8
16,894.3
59,894.4
48,895.2
25,895.4
10,895.4
37,896.1
50,896.9
41,897.0
35,897.2
14,899.0
13,900.1
60,900.2
11,900.3
62,902.7
16,903.2
48,904.9
35,905.5
6,906.2
61,908.7
32,912.9
33,920.2
33,927.1
52,928.8
25,930.2
26,930.5
32,931.1
33,932.4
37,932.5
48,933.2
52,934.4
51,934.4
14,934.5
29,935.5
56,935.9
31,936.2
21,936.3
62,936.4
8,936.6
32,937.0
44,938.0
4,938.0
28,938.0
10,938.2
30,938.2
39,938.5
26,939.4
55,939.5
48,939.7
7,940.3
37,940.9
13,940.9
23,941.1
31,941.3
29,941.9
2,942.4
24,942.6
28,943.0
16,943.3
47,943.4
32,943.6
50,943.6
21,944.7
42,944.9
3,945.0
31,946.6
48,947.2
6,948.2
28,949.1
29,949.5
0,949.5
2,950.5
50,950.9
46,951.9
42,951.9
5,952.2
1,953.1
44,953.4
21,953.7
41,953.9
54,954.0
37,954.9
45,955.4
22,955.6
24,956.2
43,957.8
10,960.5
5,961.3
41,962.4
18,963.0
57,972.5
56,973.7
16,976.0
61,976.7
9,978.0
57,978.5
56,979.8
31,979.8
60,981.6
16,982.5
59,982.8
13,986.2
56,986.4
10,989.1
19,989.6
7,991.4
54,996.9
10,999.8
37,1000.2
39,1001.8
37,1009.8
54,1010.6
62,1012.2
26,1016.3
48,1023.1
52,1023.1
53,1025.5
2,1027.0
31,1027.8
24,1028.6
13,1029.2
48,1030.0
29,1030.2
52,1031.7
46,1031.8
3,1032.1
50,1032.4
2,1032.8
45,1033.3
21,1033.7
53,1034.1
25,1035.1
31,1035.2
48,1035.6
39,1035.7
29,1036.8
6,1037.3
11,1037.4
2,1037.7
50,1037.8
35,1038.7
52,1038.7
62,1038.9
33,1039.0
31,1039.0
37,1039.2
28,1039.7
8,1039.8
41,1040.1
3,1040.1
26,1040.3
40,1040.3
39,1040.7
10,1042.0
50,1042.1
46,1042.5
31,1042.6
29,1042.8
25,1042.8
14,1042.9
48,1043.0
52,1043.2
62,1043.2
51,1043.3
36,1043.4
55,1043.8
2,1044.3
32,1044.5
37,1044.6
45,1045.5
18,1045.8
28,1046.4
53,1046.5
42,1046.7
35,1046.9
61,1048.5
26,1048.7
16,1049.0
33,1049.3
57,1049.4
62,1049.8
29,1050.3
18,1051.9
31,1052.2
36,1052.2
55,1054.2
4,1054.7
54,1054.7
35,1056.1
26,1057.5
40,1059.1
7,1059.4
3,1080.3
24,1084.7
42,1084.8
2,1085.8
23,1087.3
50,1087.7
29,1088.3
21,1089.0
11,1091.2
6,1091.6
24,1092.8
13,1093.2
2,1093.8
29,1093.9
28,1094.0
26,1094.2
50,1094.6
0,1095.5
54,1095.8
15,1096.0
53,1097.4
31,1097.5
57,1098.0
61,1098.1
14,1098.9
11,1098.9
46,1099.1
35,1099.4
33,1099.5
6,1099.7
34,1099.8
49,1100.2
28,1100.5
48,1100.6
21,1101.2
50,1101.3
10,1101.5
31,1101.8
32,1102.1
56,1102.1
52,1102.5
29,1102.7
15,1102.9
60,1103.2
61,1104.6
33,1104.8
14,1105.2
12,1105.6
57,1105.7
35,1105.7
42,1106.0
48,1106.1
24,1107.1
16,1107.4
3,1107.8
41,1107.8
56,1108.0
0,1108.1
31,1108.1
60,1108.4
55,1108.5
62,1109.2
51,1109.8
61,1110.4
32,1110.5
40,1110.7
11,1110.9
57,1111.0
17,1111.1
7,1111.3
18,1112.0
50,1112.1
33,1112.2
9,1112.4
26,1112.5
37,1112.7
16,1113.0
41,1113.3
14,1113.8
62,1114.4
42,1114.8
44,1115.3
31,1115.5
57,1115.7
35,1115.8
60,1116.7
32,1116.9
45,1117.3
40,1117.3
48,1117.8
36,1118.2
26,1118.4
52,1118.4
16,1118.5
46,1118.6
59,1118.7
18,1118.7
23,1119.1
5,1119.7
56,1119.7
41,1119.9
11,1120.9
28,1121.4
50,1122.0
10,1122.0
7,1125.0
44,1125.6
2,1125.8
35,1125.9
52,1127.1
26,1131.0
13,1131.2
31,1164.0
8,1165.6
7,1166.5
50,1168.5
4,1168.6
31,1169.5
48,1169.6
25,1169.6
21,1170.3
30,1170.9
8,1171.5
52,1171.6
32,1172.0
9,1172.1
50,1173.1
13,1173.5
46,1174.3
31,1175.4
7,1175.6
48,1175.7
56,1175.9
25,1177.0
37,1177.3
50,1177.6
35,1177.6
53,1177.7
52,1177.7
6,1177.8
11,1177.9
54,1177.9
4,1178.3
33,1178.7
55,1178.7
26,1179.3
51,1180.1
9,1180.4
10,1180.5
29,1180.6
0,1182.6
48,1182.8
50,1183.5
37,1183.8
45,1184.2
32,1184.7
59,1184.9
28,1184.9
7,1185.1
54,1185.1
13,1185.4
4,1186.8
1,1187.7
25,1188.6
10,1188.8
57,1188.9
26,1188.9
29,1189.4
48,1190.7
2,1190.8
0,1191.0
31,1193.0
18,1193.0
23,1193.6
44,1193.6
56,1194.0
42,1195.2
31,1198.1
7,1202.2
31,1205.1
6,1205.4
6,1213.0
16,1213.8
14,1215.2
10,1215.3
62,1215.4
31,1216.6
52,1220.7
41,1220.9
40,1221.5
35,1222.8
62,1223.2
23,1223.4
14,1223.6
60,1223.7
59,1223.8
39,1225.6
41,1228.0
35,1228.0
13,1228.2
10,1228.5
42,1228.5
51,1229.0
29,1229.4
50,1229.4
48,1230.3
16,1230.3
25,1230.8
61,1231.6
0,1231.9
46,1233.2
45,1233.5
2,1234.0
31,1234.6
56,1235.4
21,1239.4
46,1240.1
28,1242.3
23,1243.5
23,1250.9
50,1259.4
57,1260.8
26,1262.7
5,1264.7
57,1264.8
25,1265.5
50,1265.6
16,1266.2
14,1266.2
24,1266.6
8,1266.7
9,1268.0
62,1268.8
20,1268.9
57,1269.2
41,1270.3
61,1270.3
40,1270.4
35,1270.4
14,1270.8
16,1271.0
26,1271.7
11,1272.0
48,1273.0
27,1274.0
15,1275.1
37,1275.3
62,1276.7
14,1277.1
59,1277.1
57,1277.6
7,1278.0
35,1278.0
33,1278.9
16,1279.3
61,1279.5
48,1279.6
8,1280.6
60,1280.6
53,1282.2
9,1283.1
35,1287.3
10,1288.1
41,1292.3
13,1294.8
62,1296.8
36,1301.1
54,1301.4
25,1302.6
37,1303.1
57,1303.3
39,1303.3
16,1305.9
37,1307.7
29,1309.0
35,1309.3
0,1309.3
54,1310.1
24,1310.5
55,1311.2
61,1311.4
39,1312.5
16,1312.7
37,1312.7
62,1313.2
40,1313.3
14,1313.9
53,1316.6
48,1317.8
15,1318.3
20,1318.4
52,1318.6
35,1318.8
36,1319.1
2,1319.4
13,1320.0
37,1320.9
14,1321.4
24,1322.6
7,1322.6
53,1322.6
48,1322.7
55,1322.7
33,1323.4
50,1323.5
61,1323.7
34,1323.8
11,1324.6
3,1324.7
52,1325.9
32,1326.1
47,1326.1
35,1326.8
17,1327.0
10,1327.4
33,1327.7
13,1327.7
58,1328.2
18,1328.3
31,1328.8
48,1330.2
26,1330.2
37,1330.7
34,1330.8
7,1331.9
57,1332.3
2,1332.9
30,1333.0
42,1333.1
41,1333.6
3,1333.7
39,1333.7
29,1333.7
53,1334.1
28,1334.2
50,1334.4
6,1335.0
33,1336.1
54,1336.6
27,1336.7
23,1336.7
13,1337.9
10,1338.6
26,1339.1
29,1339.7
45,1340.5
28,1341.3
4,1342.2
50,1343.6
46,1344.0
2,1344.4
42,1344.4
23,1345.2
45,1346.8
57,1346.9
0,1347.0
3,1347.0
5,1347.2
26,1347.3
6,1349.1
21,1349.3
28,1350.0
16,1351.0
54,1352.1
16,1357.0
52,1357.7
9,1358.1
31,1358.8
29,1366.0
56,1366.5
31,1367.4
56,1373.5
31,1373.6
41,1374.1
57,1375.5
7,1375.8
37,1376.6
10,1377.3
54,1377.4
37,1381.7
48,1382.2
31,1382.9
41,1385.4
51,1385.4
53,1386.1
62,1386.8
62,1391.6
16,1391.7
52,1392.0
48,1392.4
37,1393.3
50,1394.3
5,1396.2
16,1396.8
60,1397.1
26,1397.9
24,1398.9
58,1399.0
62,1399.8
52,1399.8
4,1399.9
29,1400.0
48,1400.4
31,1401.0
50,1401.9
2,1402.2
23,1402.7
26,1402.8
21,1403.1
8,1403.3
22,1404.4
24,1404.4
16,1405.1
1,1405.2
28,1405.4
52,1405.8
29,1405.9
32,1406.0
9,1406.2
25,1406.3
50,1406.7
17,1406.8
4,1406.9
31,1407.0
56,1407.1
61,1408.2
48,1408.3
8,1409.0
14,1410.1
44,1410.6
35,1411.2
50,1412.3
7,1412.5
26,1412.5
47,1413.4
32,1414.6
43,1414.8
25,1414.9
31,1416.0
12,1416.2
0,1416.3
26,1417.1
28,1417.4
53,1417.6
29,1417.7
13,1417.7
56,1417.9
50,1418.7
24,1418.9
10,1420.1
48,1420.2
45,1420.6
55,1420.7
21,1420.8
42,1421.3
7,1421.7
11,1422.1
14,1422.4
54,1422.7
1,1422.9
32,1423.6
35,1424.4
60,1424.9
59,1435.8
61,1445.1
18,1447.2
16,1448.1
33,1448.5
48,1450.5
41,1452.1
37,1452.2
52,1452.5
2,1452.9
21,1453.3
57,1454.6
9,1454.9
16,1454.9
31,1455.0
48,1455.1
33,1455.2
46,1455.5
10,1456.4
13,1456.5
53,1456.5
60,1456.5
50,1456.8
56,1457.3
61,1457.7
28,1457.9
34,1458.7
41,1458.8
7,1459.1
15,1459.5
62,1459.5
3,1460.2
2,1460.4
16,1460.4
31,1460.4
6,1460.5
57,1460.9
25,1461.2
48,1462.3
14,1464.4
49,1464.5
26,1464.6
55,1465.1
53,1465.1
60,1465.4
27,1465.5
62,1465.6
11,1466.2
17,1466.5
57,1466.9
52,1467.1
46,1467.3
50,1467.4
15,1468.2
35,1468.5
32,1469.3
58,1471.5
25,1471.7
0,1471.8
7,1472.2
14,1472.2
23,1474.6
54,1475.8
35,1476.4
21,1478.9
29,1486.0
31,1488.1
37,1490.7
31,1492.2
16,1492.8
39,1493.4
57,1493.8
10,1494.8
61,1495.2
37,1495.8
40,1496.6
36,1497.4
31,1497.4
16,1498.5
52,1498.9
62,1499.2
33,1499.3
57,1499.3
56,1500.0
50,1502.1
32,1502.9
37,1503.3
14,1503.3
35,1503.4
26,1503.7
13,1504.0
15,1504.1
41,1504.5
29,1504.6
33,1504.7
39,1505.2
34,1505.4
10,1505.5
45,1505.8
16,1505.8
11,1506.5
36,1506.9
57,1508.0
4,1508.2
62,1509.0
31,1509.2
24,1509.9
26,1510.7
28,1511.1
8,1511.1
14,1511.3
25,1511.5
48,1512.1
6,1513.5
55,1513.8
35,1514.9
29,1515.6
53,1516.9
47,1518.1
28,1518.8
48,1519.3
7,1519.8
52,1520.1
29,1520.9
31,1521.0
55,1521.4
39,1522.1
10,1522.7
3,1522.8
27,1522.8
37,1522.8
61,1522.9
26,1523.7
42,1524.3
50,1524.3
14,1525.1
31,1526.0
24,1526.1
28,1526.8
32,1528.2
8,1528.8
29,1529.0
56,1529.2
30,1529.6
40,1529.8
42,1531.1
31,1531.2
50,1531.4
23,1533.3
2,1533.9
50,1536.0
31,1538.5
7,1540.5
23,1540.6
52,1542.8
50,1542.9
25,1544.4
1,1546.1
7,1548.3
5,1549.3
62,1550.0
4,1552.4
31,1553.2
25,1555.1
26,1558.4
62,1558.6
48,1563.2
37,1563.7
52,1565.8
54,1567.4
15,1567.5
37,1567.9
11,1568.1
35,1568.4
10,1568.6
9,1568.9
14,1569.5
29,1571.2
57,1573.1
36,1573.5
15,1573.6
16,1573.7
37,1573.9
60,1574.1
53,1574.5
33,1574.9
50,1575.3
54,1575.5
61,1576.5
21,1576.6
45,1576.7
52,1577.2
51,1577.8
6,1579.0
13,1579.3
16,1580.3
58,1583.0
42,1583.3
0,1584.2
5,1587.2
3,1588.9
56,1589.2
32,1590.1
26,1591.0
50,1595.2
8,1597.4
32,1599.1
48,1599.5
35,1600.1
52,1601.4
31,1602.1
53,1602.8
23,1604.5
6,1605.7
11,1605.7
13,1605.9
35,1606.0
2,1606.0
31,1606.7
7,1607.1
56,1607.5
29,1607.7
50,1608.5
48,1608.7
55,1609.8
39,1610.9
31,1611.2
14,1611.2
10,1611.8
15,1611.8
37,1612.0
16,1612.1
53,1612.1
35,1612.3
13,1612.8
7,1612.9
2,1612.9
52,1613.0
23,1613.0
9,1613.4
8,1613.5
54,1613.5
29,1613.8
48,1614.5
40,1614.5
36,1614.7
31,1615.6
57,1615.8
10,1617.0
14,1617.4
41,1617.4
28,1618.4
50,1618.4
61,1618.9
12,1619.1
44,1619.2
39,1619.2
13,1620.8
37,1624.7
35,1627.6
22,1627.8
44,1628.9
31,1630.7
45,1634.3
46,1636.4
62,1637.7
9,1639.1
41,1639.6
28,1641.1
45,1642.5
22,1643.5
4,1645.3
16,1646.8
57,1646.8
51,1650.8
9,1651.4
31,1651.9
2,1652.8
23,1653.2
57,1653.9
10,1653.9
25,1654.3
13,1654.3
7,1654.4
37,1657.1
41,1659.1
33,1659.1
13,1659.3
29,1660.5
52,1660.6
48,1661.4
59,1661.4
34,1662.2
2,1662.8
16,1664.1
50,1664.4
12,1665.1
57,1666.0
33,1667.4
20,1667.5
41,1667.6
48,1668.0
13,1669.1
50,1669.1
26,1669.8
24,1669.8
18,1669.8
62,1670.4
40,1670.4
16,1671.1
2,1671.3
35,1671.7
52,1671.8
14,1671.8
50,1673.4
39,1674.0
29,1676.2
14,1676.9
36,1677.1
37,1677.4
32,1677.4
62,1677.7
61,1677.9
16,1678.0
6,1678.4
48,1680.6
33,1681.3
57,1681.4
37,1682.8
14,1682.9
42,1683.1
40,1685.0
53,1685.0
61,1685.3
13,1685.4
45,1686.4
31,1687.3
15,1689.6
29,1691.6
60,1691.6
25,1692.2
16,1693.8
13,1695.4
54,1695.4
5,1695.7
31,1696.0
10,1697.7
26,1700.8
35,1703.5
55,1704.7
26,1710.3
40,1717.8
50,1719.2
2,1720.1
8,1721.3
48,1721.4
33,1722.0
3,1722.8
25,1723.6
57,1723.7
53,1724.2
24,1724.4
56,1724.8
55,1724.9
16,1725.6
52,1726.0
42,1726.3
48,1726.6
1,1726.8
26,1726.8
34,1726.8
8,1727.2
50,1727.2
25,1727.4
7,1727.8
2,1728.3
28,1728.5
62,1728.9
37,1729.4
35,1729.5
41,1729.5
0,1729.5
31,1729.6
57,1730.0
53,1730.3
14,1730.4
54,1730.8
46,1731.2
4,1731.4
29,1731.5
48,1731.7
32,1731.8
50,1731.9
39,1732.0
42,1732.2
33,1732.3
10,1732.4
52,1732.5
21,1732.6
9,1732.7
25,1732.8
30,1733.3
61,1733.4
35,1733.4
26,1733.4
47,1733.6
8,1733.6
27,1733.7
15,1733.9
24,1734.0
13,1734.4
31,1734.4
60,1734.4
34,1734.9
0,1734.9
57,1734.9
16,1735.0
11,1735.2
62,1735.5
54,1735.5
2,1735.6
37,1735.7
55,1736.1
1,1736.3
28,1736.6
52,1736.7
46,1737.2
48,1737.6
36,1737.9
10,1737.9
50,1738.0
35,1738.1
29,1738.1
31,1738.2
33,1738.5
53,1738.6
3,1739.0
32,1739.5
56,1739.7
14,1739.7
39,1741.0
5,1741.6
44,1741.7
13,1742.2
62,1742.2
60,1742.3
37,1742.9
58,1743.0
40,1743.0
11,1743.0
54,1743.1
16,1743.3
46,1744.6
42,1745.6
31,1746.2
61,1746.4
12,1746.4
26,1746.9
48,1747.5
55,1747.6
3,1747.6
0,1747.9
35,1750.2
37,1752.8
10,1769.0
18,1770.2
31,1771.3
54,1771.6
41,1772.8
10,1774.5
7,1775.4
16,1776.3
52,1776.5
15,1776.8
39,1779.7
60,1780.4
29,1780.5
48,1781.4
52,1781.9
62,1782.5
53,1784.0
31,1784.8
4,1785.6
2,1787.5
37,1787.9
56,1789.5
28,1791.2
31,1792.2
13,1793.0
23,1795.1
35,1801.9
51,1801.9
57,1805.1
45,1807.1
39,1807.9
36,1808.3
16,1809.4
35,1809.5
41,1814.4
39,1816.2
37,1817.5
16,1817.8
25,1819.2
7,1821.9
13,1822.7
23,1825.5
2,1826.0
25,1826.8
62,1827.8
18,1829.1
7,1829.5
50,1829.6
29,1830.1
41,1830.7
13,1831.4
2,1832.7
52,1832.8
1,1832.9
62,1833.5
56,1833.6
48,1834.1
4,1834.4
59,1834.8
50,1836.4
61,1836.5
30,1836.6
31,1836.6
14,1837.2
57,1838.2
3,1838.8
10,1839.3
41,1839.7
29,1840.1
35,1840.5
31,1840.6
61,1841.8
24,1841.9
16,1842.1
6,1844.2
55,1844.3
48,1844.4
26,1844.7
31,1845.4
22,1845.4
57,1846.6
21,1846.6
14,1847.8
0,1848.1
51,1849.3
13,1849.9
26,1850.6
29,1850.7
50,1851.3
6,1852.5
45,1852.7
14,1855.4
48,1855.5
28,1856.0
43,1856.3
9,1858.1
40,1858.3
15,1858.9
13,1859.2
39,1860.1
53,1861.3
21,1862.1
54,1865.0
61,1865.4
10,1865.6
37,1867.0
1,1867.0
56,1867.2
13,1867.6
46,1868.6
15,1869.5
10,1872.4
37,1872.9
16,1873.0
57,1873.3
60,1873.4
53,1873.5
54,1876.5
41,1877.2
61,1878.6
20,1879.1
50,1892.7
8,1894.6
50,1900.3
42,1902.9
62,1905.3
24,1909.4
42,1913.3
0,1914.3
29,1914.5
7,1915.7
23,1915.9
48,1916.2
25,1916.5
11,1916.6
53,1917.2
31,1917.4
28,1917.8
56,1917.9
4,1918.0
14,1918.6
32,1919.1
57,1919.1
2,1919.1
52,1919.4
29,1919.5
41,1920.7
26,1921.0
50,1921.4
33,1921.4
48,1921.5
16,1921.6
35,1921.8
31,1922.0
30,1922.7
10,1922.8
8,1922.9
57,1923.0
14,1923.0
54,1923.0
34,1923.1
24,1923.2
9,1923.5
40,1924.2
39,1924.3
28,1924.4
32,1924.5
41,1924.7
1,1924.9
31,1925.0
53,1925.1
55,1925.2
25,1925.3
56,1925.4
7,1925.5
62,1925.6
35,1925.8
33,1926.0
52,1926.1
16,1926.1
48,1926.2
50,1926.2
59,1926.3
29,1926.4
2,1926.5
44,1926.7
57,1927.0
19,1927.1
15,1927.1
11,1927.2
37,1927.3
4,1927.6
13,1927.8
14,1928.0
31,1928.0
8,1928.0
51,1928.4
10,1928.5
26,1928.6
62,1928.8
39,1929.0
41,1929.1
46,1929.2
54,1929.4
25,1929.5
34,1929.5
61,1929.6
40,1929.7
18,1930.0
16,1930.1
7,1930.3
35,1930.5
31,1930.9
52,1930.9
48,1931.2
45,1931.5
47,1931.5
23,1931.5
60,1931.6
55,1931.7
15,1931.9
50,1931.9
37,1932.1
33,1932.2
58,1932.3
36,1932.6
11,1932.7
57,1932.9
6,1933.0
62,1933.1
53,1933.1
22,1933.4
24,1933.5
28,1933.6
25,1934.2
26,1934.3
13,1934.6
31,1934.6
14,1934.7
0,1934.7
61,1935.1
41,1935.5
44,1936.1
1,1936.4
16,1936.5
5,1937.1
48,1937.2
42,1937.2
60,1937.5
7,1937.6
9,1938.1
45,1938.1
27,1938.2
35,1938.3
39,1938.3
43,1938.5
10,1938.8
23,1938.9
52,1939.3
55,1939.6
50,1939.8
26,1939.9
40,1940.0
37,1940.3
46,1940.5
36,1940.6
12,1940.9
32,1941.9
31,1941.9
21,1942.5
29,1943.4
48,1945.6
42,1945.8
61,1946.4
28,1946.9
3,1947.2
62,1949.5
29,1951.6
4,1952.3
6,1956.3
2,1956.7
48,1959.2
13,1961.4
56,1961.5
50,1963.1
7,1964.2
53,1965.6
50,1970.6
16,1988.0
13,1993.7
16,1993.8
31,1994.5
10,1996.5
57,1997.1
61,1998.6
16,1999.1
60,2001.9
33,2002.9
56,2003.0
57,2003.1
14,2003.9
16,2004.9
62,2005.1
31,2005.6
10,2007.6
3,2007.8
35,2008.1
54,2008.9
52,2009.3
50,2010.6
0,2012.1
26,2012.6
35,2014.7
8,2016.9
25,2019.1
37,2023.6
37,2033.4
53,2033.7
15,2034.1
60,2037.0
15,2039.3
45,2040.6
11,2040.7
33,2042.1
52,2043.2
54,2045.0
13,2045.5
31,2045.9
55,2048.2
51,2048.9
31,2049.4
4,2049.9
10,2050.3
29,2050.4
25,2050.6
56,2050.8
48,2051.0
9,2051.1
57,2051.2
28,2052.5
13,2052.6
21,2052.9
31,2053.2
7,2053.4
2,2053.5
24,2053.7
8,2054.6
53,2055.3
48,2056.0
29,2056.0
51,2056.4
50,2056.5
31,2057.1
44,2057.3
11,2057.4
28,2058.0
13,2058.1
26,2058.4
55,2059.0
52,2059.1
47,2059.2
2,2059.4
7,2059.5
30,2059.8
10,2060.0
37,2060.1
48,2060.2
4,2060.2
56,2060.6
32,2060.8
1,2060.8
16,2061.4
31,2062.4
23,2063.7
53,2063.7
62,2063.7
48,2064.4
25,2064.5
42,2064.6
45,2064.8
21,2064.8
3,2065.4
50,2066.0
9,2066.6
22,2067.2
7,2067.2
4,2068.0
0,2068.1
37,2068.3
54,2068.6
41,2068.9
13,2068.9
1,2069.0
53,2069.3
36,2069.3
46,2069.4
23,2070.4
27,2070.6
48,2070.8
50,2071.1
44,2071.3
6,2071.8
52,2071.9
2,2072.5
29,2073.5
31,2074.4
59,2074.8
24,2075.5
48,2075.6
20,2075.6
50,2075.7
34,2075.8
23,2075.9
26,2075.9
42,2076.0
54,2077.2
10,2077.7
18,2078.6
37,2079.6
2,2080.1
52,2081.5
62,2082.0
3,2083.5
0,2084.0
26,2085.1
23,2085.1
29,2087.2
14,2088.4
42,2088.6
5,2089.0
11,2089.7
50,2090.6
46,2091.1
26,2091.5
24,2092.2
2,2092.3
48,2092.3
58,2092.7
32,2092.7
28,2093.1
14,2094.2
29,2094.3
15,2094.3
45,2094.6
31,2094.9
50,2095.1
21,2095.3
11,2095.8
52,2095.8
57,2095.9
9,2095.9
51,2096.2
53,2096.5
16,2096.9
37,2097.2
31,2097.6
26,2098.0
48,2098.0
56,2098.4
33,2098.7
50,2098.9
14,2099.3
46,2099.3
55,2099.4
7,2099.4
57,2100.1
8,2100.3
15,2100.4
16,2100.6
32,2100.8
28,2101.2
10,2101.2
6,2101.4
31,2101.4
11,2101.9
48,2102.5
50,2102.9
35,2103.9
13,2104.0
16,2104.1
25,2104.6
33,2105.1
62,2105.3
42,2106.1
52,2106.9
23,2107.1
53,2107.2
32,2107.4
57,2107.4
31,2109.0
16,2109.2
59,2110.7
50,2111.7
48,2112.8
27,2114.4
13,2117.3
39,2125.4
35,2125.6
41,2127.7
29,2130.1
61,2131.3
31,2132.4
14,2133.0
46,2133.2
37,2134.5
62,2134.7
51,2136.5
9,2137.1
39,2137.3
28,2138.2
40,2138.3
25,2138.7
15,2139.0
60,2139.1
16,2139.4
29,2140.5
31,2140.8
14,2142.0
36,2142.9
62,2142.9
61,2142.9
10,2143.6
16,2144.0
46,2144.4
37,2145.9
4,2148.6
57,2149.1
0,2152.0
2,2166.4
3,2167.5
11,2167.8
26,2168.5
48,2168.7
0,2170.3
21,2170.4
50,2170.9
46,2170.9
5,2171.0
26,2172.7
52,2172.9
32,2173.3
48,2173.7
50,2174.6
26,2179.2
28,2179.2
50,2179.5
46,2179.7
48,2179.8
45,2180.2
21,2180.6
5,2181.8
29,2182.2
24,2182.5
62,2203.6
33,2205.6
41,2206.4
57,2207.1
2,2207.2
52,2207.6
16,2207.8
35,2208.0
46,2208.2
33,2210.0
13,2211.0
11,2211.3
39,2211.3
34,2212.2
61,2212.2
26,2212.3
40,2213.1
41,2213.4
57,2214.1
35,2214.2
32,2214.2
48,2214.8
51,2215.5
46,2215.5
2,2216.4
37,2217.0
7,2217.2
33,2217.3
31,2217.7
34,2217.8
60,2218.0
13,2218.1
55,2218.8
57,2218.8
54,2218.8
25,2219.1
48,2219.4
26,2219.4
9,2219.4
39,2219.6
12,2219.6
35,2219.7
14,2220.4
59,2220.7
16,2220.8
37,2221.2
40,2221.3
61,2221.6
11,2222.2
27,2222.2
10,2222.2
31,2222.8
52,2223.1
53,2223.1
7,2223.4
48,2223.8
33,2224.1
34,2224.2
57,2224.3
62,2224.6
41,2224.6
56,2224.7
58,2224.7
20,2224.8
54,2225.0
55,2225.0
14,2225.3
13,2225.4
35,2225.5
60,2226.6
6,2226.7
18,2227.5
37,2227.8
36,2227.9
3,2227.9
16,2228.3
52,2228.7
44,2228.9
62,2228.9
50,2229.1
1,2230.9
57,2230.9
59,2231.0
31,2231.1
61,2231.1
48,2231.8
42,2232.2
15,2232.3
16,2232.8
52,2234.4
5,2234.6
45,2234.6
62,2235.4
14,2235.6
37,2235.9
16,2237.6
42,2238.1
7,2238.5
36,2240.4
0,2242.6
22,2247.1
28,2248.0
29,2250.6
21,2253.3
28,2253.5
53,2257.1
10,2257.4
37,2257.5
56,2257.6
29,2257.7
2,2257.9
54,2258.2
23,2258.6
48,2259.0
9,2259.1
31,2259.5
21,2259.5
4,2260.6
35,2261.2
46,2261.5
13,2261.6
28,2261.8
25,2261.9
7,2261.9
39,2262.2
14,2262.7
15,2262.8
26,2262.9
10,2263.2
37,2263.2
50,2263.3
24,2263.4
53,2263.8
48,2264.1
32,2264.6
56,2264.7
54,2264.7
31,2264.8
55,2266.2
52,2266.3
51,2266.9
36,2267.4
9,2267.4
48,2267.8
15,2268.3
7,2268.4
37,2269.0
35,2269.1
53,2269.5
11,2269.5
29,2269.6
3,2269.9
13,2270.2
50,2270.3
39,2270.4
14,2270.6
52,2271.2
6,2271.3
16,2271.4
31,2272.4
32,2276.4
42,2277.3
56,2277.5
26,2277.7
29,2279.4
7,2279.9
57,2280.3
24,2285.5
2,2285.7
42,2286.3
31,2286.8
26,2287.1
50,2288.7
0,2288.7
4,2290.3
44,2290.4
23,2291.8
54,2292.9
31,2293.5
0,2294.4
28,2299.5
31,2300.5
1,2301.8
45,2310.2
21,2311.2
24,2313.1
45,2321.4
50,2322.7
37,2324.6
48,2327.7
50,2328.5
29,2331.8
37,2335.6
50,2336.2
13,2336.3
48,2338.1
16,2339.5
13,2344.8
11,2346.3
26,2346.7
29,2350.3
59,2351.3
2,2352.0
16,2352.2
62,2353.4
33,2357.7
35,2358.0
62,2358.6
60,2359.4
13,2359.9
46,2360.0
40,2361.4
41,2362.0
10,2362.1
35,2362.2
34,2362.3
36,2363.0
18,2363.1
39,2363.5
57,2364.0
31,2364.0
14,2364.2
61,2364.2
55,2364.4
62,2364.8
5,2365.6
33,2366.2
41,2366.3
35,2366.4
37,2367.3
23,2367.3
31,2368.3
39,2368.4
10,2368.7
52,2369.2
36,2369.3
7,2369.4
57,2370.2
60,2370.2
37,2370.5
6,2370.5
58,2370.6
8,2370.8
13,2370.9
34,2371.0
25,2371.1
40,2371.4
32,2371.6
61,2372.0
16,2372.6
31,2372.6
41,2372.7
15,2372.9
48,2373.1
14,2373.3
35,2373.5
33,2373.5
59,2374.4
54,2375.1
4,2375.7
37,2376.0
7,2376.1
57,2376.6
25,2376.7
18,2377.2
55,2378.1
53,2378.1
23,2378.3
31,2378.7
30,2379.4
8,2379.6
47,2379.8
13,2380.4
39,2381.9
28,2382.9
15,2383.4
10,2383.7
31,2384.1
52,2388.5
16,2390.7
54,2391.2
62,2391.8
31,2392.6
14,2393.0
1,2394.8
37,2398.6
37,2403.6
24,2418.6
33,2418.6
52,2419.2
48,2420.0
6,2420.7
48,2425.4
26,2426.2
50,2426.8
62,2427.0
52,2427.1
53,2428.0
37,2429.2
25,2429.3
3,2430.2
7,2430.3
48,2431.0
39,2431.6
29,2431.7
13,2432.4
40,2433.0
51,2433.0
52,2433.5
53,2433.6
28,2435.0
34,2435.2
31,2435.4
23,2435.5
2,2436.0
44,2436.1
62,2436.4
37,2436.5
48,2436.9
4,2437.0
13,2437.3
11,2437.3
45,2437.4
16,2437.5
41,2437.8
50,2437.8
3,2438.7
6,2439.3
58,2439.6
14,2439.7
7,2439.8
39,2439.8
26,2440.0
10,2440.5
0,2440.7
29,2440.8
37,2441.0
15,2441.7
59,2442.0
32,2442.5
35,2443.1
1,2443.3
33,2443.6
22,2443.7
11,2443.8
62,2444.4
13,2445.9
58,2445.9
41,2446.4
12,2447.0
24,2447.1
54,2447.1
26,2448.0
50,2448.4
37,2449.1
14,2449.3
48,2449.8
42,2450.0
52,2450.4
2,2450.5
32,2450.6
5,2451.0
56,2451.2
29,2451.3
0,2451.8
1,2451.8
33,2452.9
44,2453.4
10,2454.3
43,2456.6
3,2456.8
22,2460.4
21,2460.9
48,2464.9
45,2471.9
21,2472.8
2,2476.4
45,2479.8
23,2483.0
46,2484.4
42,2487.4
6,2489.5
62,2489.6
0,2489.9
29,2490.2
35,2491.7
23,2492.6
41,2492.6
7,2492.8
26,2493.1
25,2493.2
32,2493.3
50,2493.4
8,2494.5
6,2496.2
48,2497.4
42,2497.8
13,2498.1
35,2498.2
3,2498.3
26,2498.7
29,2499.0
61,2500.1
37,2502.3
25,2502.6
4,2502.9
31,2504.1
48,2507.3
29,2508.5
50,2509.9
10,2511.2
28,2513.3
32,2516.9
30,2517.9
31,2522.0
13,2522.4
57,2523.1
56,2525.9
31,2526.5
28,2527.0
12,2528.2
57,2528.4
15,2528.4
34,2528.8
11,2529.1
53,2530.2
16,2530.3
14,2530.4
31,2530.5
36,2531.1
35,2531.7
33,2532.1
32,2532.2
62,2532.3
56,2532.4
13,2532.7
15,2533.0
60,2534.2
39,2534.4
10,2534.5
17,2534.9
16,2534.9
11,2535.1
31,2535.6
37,2535.7
14,2535.7
61,2535.9
36,2536.0
57,2536.0
40,2536.2
52,2536.3
62,2536.5
53,2536.7
16,2539.2
48,2539.7
50,2540.4
60,2540.4
39,2540.5
37,2540.6
52,2541.2
61,2541.3
41,2541.8
33,2542.3
54,2542.3
31,2543.2
35,2544.4
10,2544.6
50,2546.4
32,2546.6
11,2546.7
26,2546.8
48,2547.1
24,2547.2
14,2547.4
13,2548.0
29,2548.4
16,2548.5
23,2548.6
9,2549.0
53,2549.9
51,2551.2
31,2551.6
7,2551.6
0,2552.3
26,2552.6
46,2552.9
50,2554.1
23,2554.3
28,2556.2
29,2556.2
0,2557.8
42,2558.6
4,2559.7
23,2561.0
22,2561.5
2,2561.5
26,2561.7
0,2569.1
50,2570.4
57,2570.9
15,2571.2
37,2573.7
61,2573.8
56,2575.4
13,2576.0
54,2576.3
60,2576.5
15,2576.6
14,2577.7
20,2578.2
9,2580.5
16,2582.4
59,2582.6
35,2583.8
61,2584.5
48,2601.8
50,2605.3
8,2605.7
25,2608.0
7,2611.3
62,2613.2
48,2614.8
31,2616.8
39,2617.5
58,2617.6
50,2618.2
37,2618.3
26,2620.1
52,2621.4
37,2624.5
62,2625.1
41,2625.9
59,2625.9
39,2626.0
48,2626.8
31,2627.4
29,2627.8
35,2628.2
16,2628.5
2,2629.9
57,2631.2
60,2631.3
40,2632.2
62,2632.2
41,2632.2
10,2632.4
19,2632.5
59,2632.5
13,2632.5
16,2632.5
7,2632.7
37,2632.8
11,2633.6
48,2634.2
33,2634.3
61,2634.9
53,2635.0
35,2635.0
52,2635.5
55,2635.9
13,2636.3
16,2636.6
57,2637.0
14,2637.2
2,2637.8
62,2638.3
54,2638.5
36,2638.9
58,2639.1
9,2639.3
26,2639.3
5,2639.8
35,2639.9
34,2640.4
24,2640.7
6,2641.3
27,2642.0
55,2642.0
25,2642.1
7,2642.3
13,2642.5
29,2642.9
37,2643.1
50,2643.2
61,2643.4
11,2643.9
16,2644.0
1,2644.9
33,2645.0
14,2645.9
15,2646.6
35,2647.3
6,2647.4
62,2647.4
20,2647.9
42,2648.1
4,2648.2
31,2648.3
46,2648.7
10,2648.8
28,2648.9
23,2649.2
24,2649.3
22,2649.3
5,2649.6
25,2651.5
52,2651.5
40,2651.8
7,2651.8
1,2651.9
39,2652.4
55,2652.7
50,2652.7
18,2653.1
4,2653.8
29,2653.9
0,2653.9
48,2654.3
53,2655.1
28,2655.2
56,2655.3
16,2655.4
3,2655.5
26,2655.6
37,2656.0
36,2656.0
24,2656.4
14,2656.4
30,2657.0
23,2657.0
31,2657.1
44,2657.1
50,2657.3
52,2657.5
42,2657.7
25,2657.7
45,2657.9
2,2658.0
29,2658.1
54,2658.5
58,2658.5
21,2658.7
10,2659.4
6,2659.4
3,2661.0
15,2661.4
0,2662.7
48,2663.3
29,2664.2
45,2664.2
14,2665.1
57,2665.1
37,2668.2
18,2668.5
21,2669.2
54,2670.7
46,2674.0
11,2685.8
52,2687.3
31,2687.4
32,2689.8
25,2690.5
8,2691.0
28,2691.3
31,2691.6
13,2692.3
26,2693.5
50,2693.9
31,2696.4
33,2697.1
14,2698.8
2,2699.3
46,2699.5
39,2700.1
28,2704.1
32,2706.1
50,2710.0
48,2713.1
62,2713.1
41,2715.6
57,2716.8
9,2717.3
60,2717.5
48,2718.3
16,2719.5
62,2719.6
61,2720.0
37,2720.1
13,2720.3
41,2720.3
52,2721.1
33,2721.9
51,2722.1
56,2722.3
32,2722.4
48,2722.4
60,2722.4
57,2722.7
53,2722.9
46,2723.5
16,2723.6
40,2724.2
11,2724.2
59,2724.2
18,2724.4
52,2724.6
10,2724.8
26,2725.0
50,2725.5
34,2725.7
31,2725.9
35,2726.0
13,2726.3
61,2726.3
28,2726.4
33,2726.5
48,2727.0
32,2727.7
41,2727.8
26,2727.9
2,2728.0
4,2728.0
24,2728.0
37,2728.1
53,2728.1
11,2728.4
51,2728.4
56,2728.4
29,2728.4
8,2728.7
54,2728.8
58,2728.9
52,2729.1
50,2729.2
39,2729.5
16,2729.5
31,2729.7
55,2730.0
6,2730.1
35,2730.4
40,2730.5
25,2730.6
28,2731.1
46,2731.3
44,2731.3
17,2731.5
13,2731.6
60,2731.6
26,2731.9
31,2733.4
14,2733.4
15,2733.5
48,2733.6
34,2733.6
50,2733.8
29,2734.3
10,2734.4
11,2736.1
28,2736.4
13,2736.7
53,2736.9
7,2737.0
6,2737.6
31,2737.7
37,2738.2
29,2739.5
25,2739.9
46,2740.5
31,2741.7
50,2742.8
9,2743.0
26,2743.5
10,2743.9
23,2745.6
35,2746.5
29,2747.6
7,2749.1
0,2749.6
31,2751.6
48,2751.8
23,2752.1
13,2754.3
2,2754.3
48,2763.0
2,2763.1
3,2764.3
24,2764.6
42,2765.6
55,2765.7
50,2766.2
21,2769.0
25,2769.1
62,2769.7
26,2769.9
6,2770.1
52,2771.0
50,2771.9
45,2772.1
48,2772.9
31,2772.9
37,2773.0
35,2773.8
1,2774.4
3,2774.8
21,2775.5
52,2776.7
4,2778.1
0,2778.1
31,2778.3
35,2778.5
37,2778.8
46,2779.6
42,2780.4
18,2780.5
36,2780.9
32,2781.0
7,2781.5
37,2784.5
5,2785.6
54,2786.2
45,2786.3
57,2787.5
51,2788.3
2,2789.4
23,2790.4
39,2792.6
37,2792.7
33,2792.9
26,2793.1
11,2794.5
61,2796.0
10,2797.7
16,2798.3
15,2799.6
25,2799.8
50,2800.0
2,2800.6
48,2801.0
14,2801.6
8,2803.0
60,2804.0
25,2806.8
3,2809.8
42,2810.1
31,2812.5
58,2813.7
7,2815.0
52,2817.5
16,2817.7
62,2817.9
7,2820.7
41,2822.4
12,2824.0
33,2826.8
7,2827.0
10,2829.8
52,2829.9
14,2831.1
50,2832.6
6,2832.9
29,2836.0
33,2837.0
37,2838.1
17,2838.6
14,2841.8
54,2842.4
15,2842.8
57,2846.1
37,2847.3
56,2847.7
49,2848.3
34,2848.6
15,2850.6
11,2852.0
13,2854.6
32,2855.0
30,2858.0
56,2858.2
48,2860.0
32,2861.6
52,2863.1
16,2863.1
8,2863.8
11,2866.3
31,2866.5
50,2872.4
52,2875.2
33,2879.3
57,2880.3
31,2881.6
18,2884.6
33,2885.7
37,2886.2
36,2886.4
49,2886.6
62,2886.8
14,2888.1
60,2889.6
37,2890.4
52,2891.1
48,2892.5
39,2892.6
62,2893.2
58,2894.8
35,2894.9
14,2895.0
37,2895.3
36,2895.5
61,2896.3
52,2896.8
51,2896.8
57,2896.8
16,2897.2
17,2897.7
39,2898.4
40,2899.4
35,2900.0
53,2900.1
41,2900.2
57,2901.0
31,2902.9
35,2904.1
34,2904.2
16,2904.3
62,2904.9
37,2905.2
33,2905.7
58,2905.7
61,2907.5
41,2908.0
13,2909.0
57,2914.5
35,2914.7
39,2922.1
32,2927.2
48,2927.6
10,2928.2
7,2930.7
62,2930.8
21,2932.0
48,2932.4
54,2936.0
32,2936.6
48,2936.6
31,2936.7
2,2936.8
46,2938.0
50,2939.0
52,2939.1
7,2939.6
23,2940.8
31,2940.8
48,2942.4
11,2942.4
2,2944.8
53,2944.8
31,2945.2
28,2945.8
50,2948.0
26,2948.1
25,2948.5
42,2951.9
45,2952.0
23,2952.1
29,2954.1
26,2954.9
31,2955.5
28,2955.6
24,2955.7
6,2959.4
13,2959.7
42,2959.8
4,2959.9
51,2959.9
2,2960.1
29,2960.5
26,2961.0
48,2961.6
11,2962.0
21,2962.2
44,2962.6
24,2964.0
52,2964.3
35,2966.0
55,2967.2
28,2967.3
31,2967.4
25,2967.9
11,2968.8
52,2970.7
16,2970.9
46,2971.3
50,2972.0
31,2972.3
2,2973.1
7,2977.1
57,2978.5
23,2981.1
16,2981.8
56,2984.9
14,2988.4
62,2990.7
40,2992.8
61,2999.7
