52,27.1
12,27.7
58,27.8
14,27.9
54,29.3
15,29.8
34,30.2
56,30.4
8,30.6
29,30.9
33,31.0
10,31.0
11,31.4
53,32.3
35,32.9
52,33.5
12,34.8
26,35.2
3,35.4
31,36.0
45,36.5
11,37.3
54,37.4
24,37.8
29,37.9
10,38.2
33,38.4
25,38.6
52,38.7
8,38.9
9,39.3
55,39.4
27,39.7
35,39.9
56,40.0
2,40.6
15,40.7
26,41.0
38,41.2
12,41.2
5,41.3
14,42.1
48,42.1
7,42.5
31,42.9
49,42.9
34,43.0
44,43.1
54,43.2
58,43.9
51,44.1
8,44.2
10,44.4
29,44.5
35,44.6
24,44.6
27,45.0
52,45.0
55,45.1
3,45.3
9,45.3
56,45.8
45,45.8
11,46.1
48,46.2
14,46.6
42,46.6
5,46.7
33,46.7
4,46.7
21,47.0
28,47.1
25,47.4
26,47.5
12,47.6
44,47.7
31,47.7
13,47.8
60,47.9
16,48.1
53,48.5
22,48.6
24,48.9
18,49.0
54,49.0
8,49.0
15,49.5
27,49.5
29,49.6
0,49.6
34,49.7
2,49.8
17,50.0
46,50.2
38,50.3
50,50.5
35,50.6
47,50.8
48,50.9
40,51.3
45,51.3
59,51.3
7,51.5
55,51.7
61,51.8
6,51.9
58,51.9
21,51.9
56,52.0
43,52.2
9,52.2
3,52.3
20,52.4
28,52.8
10,52.8
32,53.1
19,53.5
60,53.5
1,53.6
31,53.7
24,53.8
44,54.0
62,54.1
4,54.1
18,54.4
8,54.6
42,54.6
0,54.8
5,54.8
57,55.1
22,55.6
27,55.7
36,55.7
26,56.0
46,56.2
2,56.3
54,56.5
23,56.5
40,56.6
33,56.6
37,56.9
39,57.0
43,57.1
21,57.4
35,57.4
56,57.6
14,57.7
25,58.1
15,58.3
11,58.7
44,59.0
34,59.3
38,59.5
12,59.7
61,60.3
28,60.4
42,60.5
55,60.6
0,60.7
60,61.0
19,61.2
13,61.4
1,61.4
3,62.9
62,62.9
45,63.1
9,63.1
24,63.3
31,63.5
59,63.6
5,63.7
18,65.4
43,66.9
20,68.0
22,70.6
39,77.7
9,166.3
9,175.9
9,182.4
26,192.0
9,194.0
5,194.4
38,200.2
59,200.3
51,201.0
57,201.7
56,206.6
3,208.7
28,209.1
32,209.7
61,213.7
55,214.7
35,215.5
33,215.6
17,216.4
60,217.4
58,217.9
12,218.6
54,219.2
15,219.4
34,221.5
14,221.6
55,221.9
8,222.6
10,222.6
27,222.8
58,223.8
62,224.1
35,224.8
12,225.6
60,226.0
17,226.0
39,226.7
9,226.8
11,226.8
31,226.9
37,227.6
8,227.9
27,228.1
15,228.2
59,228.4
44,228.4
24,228.7
48,229.1
51,231.5
14,231.5
58,231.6
50,231.8
5,232.0
32,232.0
29,232.1
10,232.3
9,233.0
54,233.5
27,233.8
33,234.3
35,234.4
26,234.8
39,235.2
12,235.4
3,235.6
24,235.7
59,235.9
31,236.2
16,237.1
57,237.2
44,237.5
6,237.5
8,238.0
21,238.1
55,238.2
28,238.5
5,239.3
56,239.3
4,239.4
18,239.7
60,240.1
14,240.3
34,240.9
54,241.3
27,241.3
39,241.3
40,241.7
29,241.7
61,241.7
53,242.8
26,242.8
58,242.9
19,243.2
41,243.5
16,243.6
15,243.6
24,243.7
9,243.8
33,243.8
32,244.7
51,245.0
10,245.1
49,245.6
0,245.8
37,246.0
25,246.4
42,246.5
57,246.6
52,247.3
50,247.4
18,247.7
20,248.1
60,248.3
59,248.5
55,249.4
26,249.8
23,249.9
22,250.1
48,250.4
39,251.1
4,251.9
11,252.3
27,253.1
8,253.6
1,254.3
2,254.6
55,254.7
46,254.8
16,255.2
45,255.2
43,256.7
41,257.6
0,258.0
59,258.1
28,258.3
24,259.2
22,260.0
17,260.3
55,261.4
2,261.7
21,262.1
45,262.9
15,263.0
26,264.0
8,265.3
23,266.7
43,266.9
11,268.3
59,268.7
4,269.2
24,269.7
26,271.1
29,276.1
11,286.9
59,305.1
33,305.3
34,310.6
10,330.3
9,342.2
10,344.1
3,349.4
56,352.6
54,352.9
35,353.9
51,354.2
22,356.5
27,356.6
55,356.6
9,356.7
46,358.4
54,358.5
24,358.9
52,359.7
29,359.8
4,359.9
6,363.3
31,363.3
55,363.4
27,363.7
44,364.3
10,364.4
35,364.4
8,364.6
11,364.9
12,365.5
54,365.7
13,365.8
24,366.0
48,367.0
29,367.3
34,368.5
52,369.7
55,371.1
26,371.5
5,371.7
16,372.6
24,372.9
8,372.9
12,373.5
56,374.8
21,374.9
4,374.9
31,375.0
54,375.1
55,375.4
44,375.6
29,376.0
9,377.1
38,377.3
30,377.9
42,378.8
48,378.8
26,380.2
34,380.9
55,381.3
35,382.0
56,382.4
58,382.4
16,383.2
9,384.2
29,384.3
12,384.6
54,384.6
19,384.7
23,385.0
15,385.5
38,386.4
6,386.4
26,388.9
51,390.7
52,391.1
11,391.4
5,392.2
50,393.1
25,393.1
22,395.8
46,397.4
42,398.1
45,406.3
28,407.2
59,411.9
18,423.5
9,427.3
6,428.0
24,428.4
8,429.1
39,429.3
56,430.1
3,430.6
44,431.1
59,432.1
45,433.4
24,433.6
59,439.9
33,441.8
24,444.6
4,445.9
22,448.9
21,450.0
57,451.8
59,452.3
24,452.3
7,452.4
51,453.3
48,455.5
55,455.9
14,456.7
57,459.5
27,463.3
39,464.3
32,465.0
53,465.2
33,465.6
37,469.1
51,469.5
14,470.0
16,471.3
38,471.4
58,471.5
27,477.6
11,478.1
12,478.8
58,479.0
37,479.7
38,480.6
17,480.7
39,481.1
41,481.3
10,481.4
16,482.2
34,482.7
15,482.9
28,482.9
3,483.3
8,483.5
29,483.5
14,483.9
58,484.6
12,485.0
60,485.1
5,485.4
57,485.5
54,485.7
53,485.9
51,486.1
61,486.8
31,489.0
26,489.7
9,490.0
17,490.2
35,490.2
15,490.3
10,490.9
52,491.0
33,491.1
47,491.3
58,491.3
7,491.8
18,493.2
60,493.3
27,493.3
34,493.8
11,494.0
12,494.0
53,494.5
8,494.8
45,495.6
57,495.8
3,496.5
16,496.8
29,497.1
39,497.3
54,497.8
24,497.8
32,498.2
59,498.3
52,498.9
10,499.2
49,499.6
35,500.0
14,500.1
56,501.9
8,502.4
15,503.8
54,504.2
51,504.6
53,505.2
3,505.4
12,505.7
55,506.0
10,506.1
27,506.1
0,506.1
33,507.5
2,507.7
8,513.7
23,513.8
24,514.1
1,514.9
29,520.0
0,521.1
26,524.3
43,524.7
24,528.7
0,532.3
24,535.9
44,539.9
22,542.0
46,545.2
57,557.4
39,560.9
21,565.3
4,590.0
16,605.0
3,605.9
39,606.0
5,607.3
27,608.0
10,608.4
44,609.9
4,612.4
29,613.4
3,613.4
8,613.6
33,613.7
39,613.9
48,614.6
27,614.6
45,615.1
52,615.2
44,615.8
5,615.8
35,616.2
21,616.3
26,616.9
54,617.3
10,617.4
14,617.6
55,618.1
42,619.1
29,619.3
4,619.5
12,620.1
17,621.1
8,621.1
28,621.6
48,621.7
56,621.8
34,621.9
54,622.6
26,622.6
27,622.6
22,623.5
9,623.8
45,623.9
29,624.1
15,624.2
46,624.5
25,624.7
14,625.5
55,625.8
11,625.9
58,626.8
57,627.0
6,627.0
52,627.5
51,627.5
4,627.8
12,627.9
56,628.2
31,628.3
0,628.6
38,629.0
55,631.2
29,631.2
33,631.7
54,631.7
8,632.3
59,632.4
26,633.1
48,633.3
24,633.5
15,635.1
22,635.6
23,636.2
58,636.5
29,636.5
6,636.6
12,638.4
56,638.5
11,638.6
19,638.7
55,639.3
36,639.5
54,639.6
59,639.7
35,640.1
24,640.3
34,641.4
42,641.5
14,642.1
7,642.7
8,642.8
60,643.4
12,644.3
38,644.3
15,644.5
17,645.6
44,646.6
37,648.8
26,649.4
33,649.9
9,650.0
59,650.0
28,650.5
8,653.2
32,653.3
12,654.4
44,654.8
31,655.9
3,656.0
21,657.6
59,658.2
27,659.6
6,663.5
29,667.8
22,674.0
17,687.6
55,689.2
24,693.3
45,703.4
24,705.5
55,707.9
54,709.5
33,709.6
13,710.7
24,712.3
39,714.2
55,715.7
23,716.2
10,718.0
45,718.7
35,719.6
24,720.1
60,723.8
33,725.0
27,725.2
52,725.8
55,726.2
18,727.3
10,728.2
16,728.5
14,728.8
4,728.8
13,729.4
19,729.6
24,730.0
62,730.1
54,730.5
55,730.9
7,731.0
2,731.4
60,733.2
17,734.6
27,735.2
19,735.6
18,736.1
56,737.0
54,738.0
36,738.0
48,738.2
55,738.3
35,739.0
16,740.4
31,740.8
51,740.8
4,742.6
14,743.2
56,743.5
27,744.4
10,745.3
7,745.5
9,746.3
3,746.5
33,746.6
54,746.7
55,746.7
59,747.0
60,748.5
36,748.5
29,749.7
51,751.1
59,757.6
61,760.2
32,764.0
4,771.3
28,774.6
21,779.2
6,780.0
28,780.2
29,783.3
21,786.2
9,786.4
2,787.4
28,787.8
8,788.0
31,788.9
11,789.2
27,790.0
5,790.1
26,791.0
58,791.2
12,792.1
52,792.2
3,792.4
0,792.8
8,793.3
17,793.4
55,793.6
60,794.3
61,794.6
25,795.1
9,795.8
29,795.8
21,796.0
15,796.4
31,796.7
16,796.7
28,797.1
26,797.7
56,797.8
49,798.0
53,798.5
4,798.7
12,799.3
8,799.4
58,799.5
55,799.7
59,799.9
11,800.9
50,801.0
41,801.6
16,802.4
33,802.5
17,802.5
0,803.3
61,803.8
44,805.4
45,805.5
59,805.6
15,805.6
60,805.6
38,805.7
27,805.8
18,806.3
52,806.5
4,806.5
3,806.5
55,806.7
26,807.2
16,807.5
19,808.0
57,808.2
21,808.2
41,808.5
58,808.7
34,809.0
46,809.5
35,809.7
40,810.1
61,810.7
5,811.0
12,811.0
59,811.1
37,811.2
24,811.5
56,812.9
54,813.4
1,813.5
43,813.8
44,814.2
16,815.3
29,816.0
59,816.1
42,816.3
52,816.8
26,817.4
9,818.1
38,818.3
62,818.5
57,819.1
24,819.2
39,819.5
22,821.5
59,822.6
29,824.0
23,824.1
5,824.6
15,825.0
53,825.6
45,825.8
44,830.5
11,830.8
8,834.6
27,834.9
9,837.4
26,837.9
59,840.8
29,842.6
4,844.8
6,846.4
24,848.3
17,851.9
33,854.0
54,855.4
55,856.3
51,857.4
59,858.9
23,860.9
22,864.3
34,868.0
23,870.1
54,873.5
60,873.8
30,878.8
24,879.4
18,881.0
55,881.5
39,882.0
27,883.5
57,883.6
56,884.1
29,884.6
10,884.7
24,886.2
60,887.0
33,887.2
55,888.1
51,889.0
12,890.2
11,890.3
61,891.1
6,892.3
29,892.8
60,894.7
10,895.1
39,895.9
13,897.0
19,897.2
56,898.2
16,898.7
17,898.8
54,899.9
61,900.2
36,900.3
33,900.4
35,901.6
10,902.3
56,903.1
55,903.6
38,904.1
51,905.0
54,905.5
3,905.7
13,906.8
61,907.1
8,908.3
44,908.7
12,909.0
41,909.4
54,910.2
29,911.1
56,911.3
11,911.8
31,912.8
60,913.2
16,913.4
58,913.8
37,914.2
18,914.2
39,914.8
48,914.9
13,914.9
41,915.5
61,915.7
20,917.3
16,918.9
29,919.1
14,921.1
9,922.8
60,923.9
8,924.0
58,924.3
16,925.1
12,925.2
5,925.8
48,926.8
15,928.3
3,928.6
31,929.1
34,929.1
53,929.1
26,929.7
32,930.1
54,931.1
9,931.4
12,931.6
57,933.5
14,933.8
59,935.4
52,935.5
56,937.3
26,937.3
3,938.8
22,939.0
9,939.1
32,942.0
53,942.1
45,943.0
59,943.7
5,944.1
28,944.3
26,944.8
43,945.4
8,947.6
29,948.7
45,955.6
26,958.9
4,962.7
24,973.4
57,973.8
55,974.1
4,1024.5
44,1027.3
27,1030.1
11,1030.6
9,1030.8
52,1030.9
56,1031.8
4,1032.3
35,1032.9
5,1033.2
10,1033.3
44,1033.4
31,1033.5
55,1034.1
51,1034.6
17,1036.4
12,1036.6
62,1036.7
8,1037.0
60,1037.1
29,1037.1
48,1037.2
21,1037.3
33,1037.3
34,1037.3
39,1037.6
52,1037.8
42,1037.8
22,1038.0
56,1038.5
55,1039.3
11,1039.5
58,1040.3
5,1041.1
31,1041.3
27,1041.4
46,1041.7
19,1042.3
22,1043.1
44,1043.2
4,1043.3
6,1043.4
29,1043.4
51,1043.9
18,1043.9
48,1044.0
3,1044.4
9,1044.5
7,1044.6
38,1044.6
55,1044.9
26,1045.0
16,1045.1
52,1045.3
10,1045.4
24,1045.7
42,1046.0
14,1046.1
8,1046.4
53,1046.5
12,1046.8
15,1046.8
54,1046.9
60,1046.9
27,1047.0
5,1047.1
32,1047.3
21,1047.6
29,1048.1
46,1048.3
50,1048.3
30,1048.6
57,1048.6
49,1048.7
22,1048.8
28,1048.9
6,1049.1
13,1049.1
56,1049.4
48,1049.7
51,1050.0
19,1050.0
1,1050.2
7,1050.5
25,1050.5
26,1050.9
36,1051.7
44,1051.9
2,1052.1
55,1052.2
29,1052.3
54,1052.3
61,1052.5
9,1052.5
4,1052.6
38,1052.7
11,1052.8
35,1052.8
33,1053.1
24,1053.1
60,1053.1
0,1053.3
31,1053.6
53,1054.1
8,1054.4
6,1054.5
51,1054.5
52,1054.7
10,1054.9
7,1055.1
27,1055.2
14,1055.2
26,1055.5
32,1056.0
16,1056.5
19,1057.3
56,1057.3
57,1057.5
59,1057.9
3,1058.5
22,1058.7
43,1058.9
53,1059.3
54,1059.7
45,1059.8
28,1059.9
61,1060.0
40,1061.9
15,1063.1
0,1064.0
42,1064.1
37,1064.2
46,1065.4
29,1090.0
22,1098.7
6,1098.8
55,1103.6
56,1108.5
39,1110.0
6,1111.6
29,1112.9
55,1113.0
8,1113.4
9,1114.0
56,1115.0
33,1115.1
59,1115.2
4,1116.9
54,1117.1
39,1117.2
24,1121.9
59,1123.0
55,1123.5
22,1123.7
56,1124.1
24,1127.2
61,1127.7
59,1130.1
39,1130.3
40,1133.2
24,1133.6
24,1139.5
3,1161.4
5,1164.6
26,1169.1
55,1169.2
24,1169.4
9,1170.8
34,1171.1
12,1171.9
14,1173.1
31,1173.2
27,1173.5
26,1175.2
5,1175.5
58,1175.9
42,1176.5
35,1176.9
51,1177.7
33,1178.1
55,1178.3
9,1178.5
0,1179.1
7,1179.7
12,1181.2
8,1181.2
48,1181.3
4,1181.7
29,1181.7
26,1181.8
10,1182.3
42,1183.0
11,1184.1
34,1184.2
27,1184.6
51,1184.7
0,1185.5
55,1185.5
54,1185.8
45,1186.1
60,1186.3
21,1186.7
9,1187.0
15,1187.4
32,1187.4
2,1187.5
4,1188.2
19,1188.5
50,1188.9
17,1188.9
33,1188.9
58,1189.0
7,1189.1
8,1189.6
11,1190.3
14,1190.4
23,1190.7
51,1190.7
10,1190.8
13,1190.8
29,1191.1
0,1191.7
26,1191.8
53,1191.8
57,1192.4
27,1193.0
55,1193.3
35,1193.5
45,1193.9
24,1194.5
54,1194.8
59,1194.8
9,1195.7
48,1196.0
29,1196.2
15,1196.4
26,1196.6
32,1197.1
1,1197.2
6,1197.4
22,1197.9
12,1198.5
49,1198.9
60,1199.1
33,1199.1
17,1199.2
59,1199.5
13,1199.9
27,1200.1
11,1200.4
24,1200.6
0,1200.6
4,1201.1
56,1201.4
57,1201.5
54,1202.0
44,1205.9
45,1205.9
46,1206.0
4,1208.0
38,1208.5
59,1208.5
10,1208.6
3,1208.7
56,1208.8
18,1208.9
54,1210.6
13,1212.7
37,1213.7
16,1213.9
6,1214.2
59,1215.3
9,1221.4
22,1228.7
28,1229.8
24,1232.2
24,1240.6
8,1247.0
24,1264.8
40,1267.3
59,1267.8
61,1272.6
18,1280.4
51,1287.7
41,1288.9
39,1292.6
61,1294.2
16,1294.6
9,1295.1
60,1295.6
62,1296.7
56,1298.7
39,1300.2
61,1300.3
13,1300.4
41,1300.5
60,1301.1
18,1302.4
16,1302.9
19,1303.6
62,1304.0
20,1305.6
56,1306.3
40,1308.9
61,1310.4
60,1310.7
62,1311.8
16,1312.2
20,1312.6
13,1313.1
54,1313.3
41,1313.5
18,1315.1
11,1316.4
33,1316.7
5,1317.0
61,1317.2
27,1317.4
52,1317.7
9,1317.7
16,1318.0
31,1318.2
62,1318.9
60,1319.4
56,1319.9
10,1320.1
29,1320.7
54,1320.9
17,1321.1
38,1321.2
48,1321.7
11,1322.2
55,1322.4
8,1322.4
12,1324.2
35,1324.3
44,1324.4
20,1324.6
61,1324.7
33,1324.8
59,1324.8
13,1325.2
14,1325.5
56,1325.5
16,1328.1
37,1330.7
55,1331.2
28,1331.6
3,1331.6
7,1331.6
33,1332.0
8,1332.6
56,1332.8
31,1333.5
23,1334.7
59,1335.5
10,1335.6
9,1335.7
27,1336.5
45,1337.3
28,1337.5
3,1339.5
26,1339.6
21,1342.5
28,1342.5
29,1344.0
46,1344.2
8,1344.5
52,1345.1
44,1347.2
55,1347.2
3,1347.8
28,1348.1
43,1348.1
59,1348.7
50,1349.4
12,1349.5
31,1349.5
4,1350.7
5,1351.8
46,1353.2
22,1353.3
51,1353.6
28,1356.0
32,1357.1
4,1357.3
3,1359.1
55,1359.8
22,1368.4
55,1368.6
24,1371.3
9,1379.3
4,1385.7
55,1387.9
9,1391.9
9,1400.6
26,1400.9
5,1402.1
29,1404.3
3,1405.6
13,1406.1
32,1406.4
6,1406.4
54,1406.6
27,1407.2
51,1408.4
5,1408.4
56,1408.5
39,1408.7
52,1408.8
42,1410.0
53,1410.0
16,1410.4
55,1412.7
14,1413.0
12,1413.7
31,1413.7
9,1413.9
32,1413.9
29,1414.1
53,1414.1
35,1414.2
27,1414.2
26,1414.4
51,1414.4
33,1414.5
48,1414.6
34,1414.9
7,1415.1
24,1415.2
8,1415.7
45,1416.0
54,1416.1
57,1416.3
52,1416.4
6,1417.0
55,1417.2
10,1417.8
5,1418.0
22,1418.6
4,1418.6
50,1418.8
29,1418.8
53,1419.6
51,1420.0
31,1420.8
26,1420.9
56,1421.0
15,1421.0
58,1421.4
44,1421.4
32,1421.4
7,1421.7
42,1421.7
24,1421.8
27,1422.1
35,1422.2
34,1422.4
48,1422.5
45,1423.1
9,1423.2
21,1423.7
29,1424.6
55,1424.6
12,1424.6
22,1424.8
6,1424.9
8,1425.1
54,1425.8
51,1426.1
53,1426.4
2,1426.4
46,1427.0
39,1428.4
26,1429.0
4,1429.5
33,1429.9
11,1430.5
19,1431.3
62,1432.1
52,1432.9
23,1433.1
7,1433.5
45,1434.1
25,1434.6
57,1436.3
22,1436.9
21,1442.3
37,1449.4
17,1450.5
8,1455.9
11,1456.7
37,1458.9
54,1463.4
41,1464.7
17,1467.6
61,1469.2
16,1470.2
12,1470.7
60,1474.4
16,1477.5
41,1479.2
55,1483.2
54,1486.0
8,1487.3
16,1488.2
39,1489.7
56,1492.9
38,1494.6
39,1494.7
18,1494.7
29,1496.1
16,1497.2
59,1499.1
14,1500.1
57,1500.5
54,1502.1
39,1502.3
40,1503.7
38,1504.4
59,1505.1
18,1505.9
56,1506.4
60,1506.6
57,1506.8
33,1506.8
34,1507.6
39,1508.2
12,1508.3
40,1511.4
17,1511.6
24,1512.3
59,1512.6
8,1514.1
55,1514.8
56,1515.0
34,1515.5
54,1515.9
35,1516.2
57,1517.0
61,1517.1
24,1519.8
10,1520.4
14,1520.5
12,1524.0
8,1525.1
24,1525.3
35,1526.7
5,1529.9
6,1530.3
24,1531.9
34,1532.6
51,1533.6
4,1536.5
29,1536.9
26,1538.2
27,1538.4
24,1538.4
44,1538.6
8,1539.5
6,1539.7
9,1540.3
22,1540.7
46,1542.0
45,1544.8
7,1548.2
22,1549.0
46,1558.2
32,1561.8
14,1562.1
27,1563.8
53,1564.1
13,1564.4
51,1564.6
33,1565.2
48,1565.4
9,1566.7
55,1567.9
38,1569.0
62,1570.5
33,1571.9
13,1572.2
3,1573.2
28,1573.3
10,1574.7
55,1577.5
4,1577.6
38,1579.6
13,1581.1
61,1582.8
56,1584.4
60,1584.5
54,1584.7
21,1585.4
4,1588.3
61,1589.2
32,1590.2
37,1592.6
5,1593.7
42,1596.0
41,1598.1
20,1599.5
56,1599.8
44,1601.8
9,1603.0
29,1603.4
56,1604.7
51,1606.7
5,1607.4
18,1609.8
54,1611.0
11,1611.5
9,1612.3
29,1612.5
56,1613.1
35,1613.3
59,1613.5
14,1614.1
51,1615.5
27,1615.6
34,1617.5
24,1617.6
49,1619.0
8,1619.5
26,1619.7
6,1619.8
45,1620.2
38,1620.4
22,1620.4
52,1622.2
48,1622.8
27,1623.5
9,1623.6
60,1623.7
40,1623.8
29,1624.4
61,1624.8
7,1625.5
59,1625.9
46,1626.5
45,1627.1
14,1627.6
54,1629.4
26,1629.6
11,1631.1
43,1632.7
22,1632.7
21,1633.8
8,1635.1
28,1635.2
59,1637.6
33,1640.4
12,1640.7
44,1641.5
15,1641.8
34,1642.5
31,1642.8
24,1644.7
57,1644.9
28,1645.6
21,1645.6
58,1646.0
17,1646.9
35,1647.7
29,1647.7
51,1647.9
3,1648.6
10,1649.6
45,1650.3
12,1651.2
0,1652.1
48,1653.5
35,1654.0
34,1655.3
29,1655.9
15,1656.1
33,1657.4
14,1660.1
35,1661.1
58,1661.6
12,1662.9
33,1663.1
44,1664.0
59,1664.5
29,1664.6
54,1665.0
10,1665.4
48,1666.1
15,1666.2
55,1667.1
31,1667.7
17,1668.4
3,1669.0
56,1669.4
39,1669.6
33,1669.8
57,1670.4
59,1670.7
44,1670.7
35,1670.8
54,1671.0
58,1671.3
8,1671.4
12,1671.9
24,1674.7
34,1675.9
10,1676.6
48,1677.0
29,1678.1
42,1680.0
6,1683.3
5,1684.5
55,1684.7
54,1685.4
29,1685.5
46,1685.8
22,1688.0
4,1688.2
55,1692.3
59,1694.9
22,1697.0
53,1697.1
4,1698.9
1,1703.3
8,1723.1
5,1723.2
27,1725.3
26,1725.7
24,1727.0
18,1727.2
29,1728.6
32,1731.0
8,1731.1
5,1732.1
39,1732.3
44,1733.5
9,1733.6
53,1733.9
26,1734.3
27,1734.4
12,1734.6
54,1735.8
34,1736.2
22,1737.3
23,1737.5
51,1737.6
29,1737.8
31,1738.4
60,1738.9
26,1740.5
53,1740.5
28,1740.5
8,1741.1
16,1741.1
14,1741.4
39,1741.4
32,1741.8
18,1742.1
48,1742.2
12,1742.3
34,1742.4
27,1742.7
61,1743.1
56,1743.1
15,1743.1
29,1743.1
51,1743.4
7,1743.4
52,1743.5
38,1744.0
60,1744.3
58,1744.8
11,1744.8
35,1744.8
22,1745.0
9,1745.7
50,1746.3
40,1746.4
54,1746.8
16,1747.0
26,1747.1
42,1747.5
46,1747.6
17,1747.9
62,1748.1
57,1748.4
53,1749.9
24,1749.9
6,1750.2
37,1750.3
61,1750.4
0,1750.7
39,1751.0
2,1752.1
21,1752.6
59,1752.9
60,1753.0
38,1753.6
36,1754.9
57,1754.9
29,1754.9
26,1755.1
14,1755.2
40,1755.3
16,1756.3
24,1756.5
37,1756.6
19,1756.7
28,1757.6
58,1757.9
59,1758.1
55,1758.9
61,1759.4
38,1759.5
15,1759.8
0,1759.8
41,1759.8
17,1760.3
12,1761.4
60,1761.6
37,1762.1
57,1762.3
59,1764.2
61,1766.6
11,1767.4
19,1767.4
16,1771.4
24,1777.0
24,1785.3
26,1789.4
24,1803.2
10,1832.6
27,1833.7
8,1840.0
51,1840.4
6,1842.1
27,1842.8
5,1844.2
9,1844.9
8,1847.4
5,1856.8
8,1858.0
52,1858.3
48,1860.1
29,1861.9
27,1865.3
48,1868.5
29,1869.6
32,1870.3
56,1872.3
34,1873.4
53,1875.1
59,1875.4
38,1876.1
11,1877.1
45,1877.8
4,1879.5
55,1883.1
61,1883.3
33,1885.5
20,1885.9
37,1887.8
42,1889.8
59,1890.1
5,1890.3
44,1891.0
54,1891.0
56,1892.4
31,1893.4
61,1894.0
20,1895.8
60,1896.8
31,1903.8
29,1904.8
14,1906.1
24,1906.4
54,1908.1
7,1909.2
11,1909.7
9,1909.9
10,1909.9
3,1910.0
35,1910.5
8,1910.7
31,1911.4
56,1912.3
12,1912.5
28,1913.2
14,1914.7
21,1914.8
33,1915.2
2,1915.2
54,1915.5
10,1916.2
9,1916.4
27,1916.5
51,1916.5
52,1916.6
3,1916.6
7,1916.9
8,1916.9
11,1917.3
43,1917.5
25,1917.5
12,1917.7
56,1917.9
35,1917.9
29,1918.1
50,1918.5
53,1918.7
31,1919.1
24,1919.4
32,1919.5
55,1919.5
46,1920.2
58,1920.5
18,1920.9
6,1921.2
49,1921.3
26,1921.3
9,1921.7
52,1921.7
22,1921.9
8,1921.9
12,1922.0
54,1922.2
51,1922.3
33,1922.5
5,1922.5
59,1922.6
15,1923.0
48,1923.1
35,1923.5
56,1923.6
16,1923.8
34,1924.0
11,1924.1
60,1924.5
17,1924.5
55,1924.6
53,1924.9
10,1924.9
14,1925.1
31,1925.1
32,1925.3
27,1925.5
7,1925.5
45,1925.7
29,1925.8
50,1925.8
58,1925.8
3,1926.0
26,1926.0
39,1926.1
6,1926.1
8,1926.2
24,1926.5
59,1926.6
61,1926.6
9,1926.7
37,1926.8
52,1927.1
41,1927.6
44,1927.6
12,1927.6
28,1927.9
33,1927.9
30,1928.2
16,1928.2
54,1928.6
51,1928.6
56,1928.7
49,1928.8
13,1929.0
15,1929.3
62,1929.3
40,1929.4
18,1929.4
2,1929.5
25,1929.5
34,1929.7
19,1929.8
4,1929.8
35,1929.9
60,1929.9
45,1930.1
59,1930.4
21,1930.6
26,1930.8
38,1930.9
5,1931.3
23,1931.8
39,1931.8
48,1932.8
61,1932.8
55,1933.0
22,1933.1
58,1933.4
32,1933.7
40,1933.7
59,1933.8
44,1933.9
9,1934.5
57,1934.9
16,1934.9
8,1935.0
24,1935.0
6,1935.0
18,1935.4
53,1935.4
7,1935.4
37,1935.6
56,1935.6
62,1935.7
46,1936.4
54,1936.5
26,1936.9
19,1937.1
34,1937.1
45,1937.2
43,1937.8
59,1938.1
41,1938.4
4,1938.4
22,1939.1
0,1940.2
42,1940.7
60,1940.8
44,1941.9
51,1943.2
6,1943.7
40,1944.4
59,1945.0
5,1946.0
27,1946.3
24,1947.3
34,1948.7
9,1949.2
26,1954.6
24,1954.6
55,1956.1
24,1972.7
39,2017.6
14,2049.6
24,2052.0
29,2055.9
27,2059.5
24,2059.6
4,2061.1
16,2063.7
44,2067.1
29,2067.2
54,2067.4
4,2067.7
24,2067.8
27,2069.0
34,2070.2
8,2071.3
59,2072.2
9,2073.2
29,2075.2
57,2076.7
17,2076.8
24,2076.9
59,2077.0
45,2077.0
27,2077.7
23,2078.5
33,2078.5
44,2078.5
26,2078.9
6,2080.4
28,2081.3
59,2082.7
51,2083.2
24,2083.5
21,2083.6
57,2083.6
27,2083.7
3,2085.1
29,2086.1
35,2086.3
5,2086.6
33,2087.0
55,2087.3
8,2087.9
14,2088.0
51,2088.6
9,2089.0
10,2089.1
31,2089.1
4,2089.2
24,2089.2
23,2089.6
44,2089.8
11,2090.0
17,2090.1
7,2090.1
56,2090.2
27,2090.4
3,2090.5
12,2090.6
21,2090.6
32,2090.9
45,2091.3
29,2091.3
28,2091.5
57,2091.5
6,2091.5
35,2091.6
33,2092.0
52,2092.1
5,2092.3
42,2092.5
55,2092.7
15,2092.8
4,2093.1
48,2093.1
54,2093.2
24,2093.6
26,2093.8
10,2094.2
22,2094.7
46,2094.8
43,2094.8
51,2094.9
29,2095.2
11,2095.2
8,2095.2
9,2095.4
56,2095.7
31,2095.9
44,2095.9
30,2096.6
55,2096.8
6,2096.8
3,2096.9
12,2097.0
4,2097.2
24,2097.3
39,2097.3
7,2097.9
35,2097.9
33,2098.0
54,2098.1
21,2098.2
5,2099.1
52,2099.3
2,2099.5
38,2099.6
26,2099.7
14,2100.1
13,2100.5
29,2100.6
42,2100.6
53,2101.1
22,2101.2
9,2101.2
49,2101.6
24,2101.8
17,2102.1
15,2102.1
48,2102.3
55,2102.5
56,2102.7
54,2102.7
51,2103.3
44,2103.8
32,2104.0
4,2104.6
6,2105.1
7,2106.7
46,2107.1
21,2107.2
55,2108.3
61,2108.3
27,2108.4
38,2108.7
60,2110.0
8,2110.5
24,2111.2
26,2111.4
54,2111.5
53,2115.3
37,2116.2
39,2121.5
51,2123.1
55,2127.0
16,2136.5
19,2137.4
62,2142.1
24,2142.8
16,2146.2
10,2205.3
56,2205.7
45,2211.1
60,2211.2
58,2213.3
55,2214.2
56,2215.0
29,2216.4
33,2218.5
11,2220.4
12,2221.0
17,2221.5
59,2221.6
31,2221.7
55,2222.5
54,2222.6
51,2222.7
29,2223.0
58,2223.1
56,2223.2
18,2223.5
24,2223.7
15,2223.7
35,2224.5
13,2225.3
33,2225.3
16,2225.5
52,2225.8
45,2225.9
36,2226.3
38,2226.4
3,2226.4
39,2226.9
61,2227.0
53,2227.0
14,2227.5
22,2227.8
51,2228.0
9,2228.4
17,2228.8
37,2228.9
34,2229.1
59,2229.2
57,2229.4
7,2229.8
60,2230.8
54,2231.5
35,2232.0
15,2232.3
41,2232.7
58,2233.1
61,2233.2
12,2233.7
59,2234.2
33,2234.6
16,2234.7
28,2234.9
51,2235.0
39,2235.6
48,2235.7
3,2235.7
36,2235.9
18,2235.9
45,2236.0
23,2236.1
60,2236.7
22,2236.8
38,2236.9
6,2236.9
10,2237.0
34,2237.2
35,2237.2
55,2237.5
31,2237.6
57,2237.7
20,2237.8
19,2238.0
13,2238.5
29,2238.6
8,2238.7
14,2238.8
40,2239.2
37,2239.4
54,2240.9
41,2241.2
32,2242.0
38,2242.1
62,2242.2
6,2242.5
19,2242.9
36,2243.1
7,2243.2
28,2243.5
39,2243.9
9,2244.0
18,2244.0
27,2244.8
24,2244.9
48,2245.0
44,2245.3
53,2245.6
52,2245.8
60,2246.3
5,2247.5
3,2247.6
35,2247.7
33,2248.0
24,2249.3
28,2249.8
20,2250.7
8,2250.8
26,2251.2
49,2251.3
50,2251.3
4,2251.4
27,2251.9
44,2252.6
21,2252.6
0,2254.3
46,2254.5
45,2254.6
24,2254.7
6,2256.2
5,2256.3
14,2256.4
28,2256.4
25,2256.6
48,2257.0
26,2257.0
51,2257.3
4,2257.4
55,2257.7
8,2258.0
27,2258.5
16,2260.6
9,2260.7
59,2260.9
23,2261.0
61,2261.4
2,2261.8
45,2262.1
11,2263.3
24,2263.6
26,2264.8
55,2265.6
4,2265.9
59,2269.7
24,2270.5
38,2272.5
55,2273.1
33,2274.5
9,2275.6
61,2278.2
59,2280.6
54,2282.9
14,2283.5
9,2283.5
21,2312.8
24,2313.6
55,2316.3
21,2328.3
34,2333.8
29,2340.2
56,2353.3
11,2355.4
22,2355.5
4,2355.8
44,2357.4
46,2357.4
58,2360.4
56,2361.2
22,2361.5
10,2362.5
38,2364.0
55,2364.9
17,2365.7
57,2366.6
60,2366.8
46,2366.8
18,2367.4
12,2367.6
15,2367.9
8,2369.7
29,2370.9
16,2370.9
22,2371.0
56,2371.1
59,2371.2
54,2371.8
34,2372.0
55,2373.5
52,2375.4
13,2375.5
27,2375.6
38,2375.6
59,2376.6
57,2377.1
8,2377.1
12,2377.2
22,2377.6
56,2377.9
15,2377.9
5,2378.0
10,2378.5
17,2380.2
54,2380.4
52,2380.5
55,2380.8
42,2381.1
35,2381.4
16,2381.6
33,2382.0
34,2382.6
48,2382.7
59,2383.0
6,2383.0
53,2383.1
57,2383.3
60,2383.3
29,2383.6
12,2385.3
44,2385.4
46,2385.5
31,2385.8
58,2386.0
15,2386.3
27,2388.8
33,2389.1
52,2389.2
26,2389.4
55,2389.6
48,2389.9
60,2391.1
53,2391.3
6,2391.4
51,2391.4
35,2391.8
54,2392.2
57,2393.3
29,2393.7
7,2395.2
9,2395.4
17,2403.2
39,2405.5
34,2408.9
62,2409.6
8,2410.3
45,2425.0
43,2425.6
3,2431.6
11,2434.0
33,2436.6
32,2437.0
10,2437.0
13,2437.2
59,2437.7
53,2438.4
27,2440.9
11,2441.0
52,2441.6
2,2442.8
8,2443.4
3,2443.5
54,2443.9
55,2444.0
59,2444.1
22,2444.3
33,2444.6
56,2445.1
29,2445.9
11,2445.9
50,2447.3
52,2447.7
14,2447.7
10,2447.8
53,2449.1
24,2449.3
26,2450.4
3,2451.2
59,2452.7
55,2453.2
54,2453.2
6,2454.2
33,2454.4
29,2455.2
8,2455.7
56,2457.3
50,2458.4
11,2458.5
52,2458.7
45,2459.3
54,2459.8
24,2463.5
22,2468.0
21,2477.1
23,2477.8
0,2479.9
44,2481.6
42,2492.0
24,2492.6
37,2494.0
43,2496.1
29,2496.5
45,2504.9
52,2511.8
24,2513.3
26,2514.3
9,2515.9
35,2521.4
33,2522.5
17,2522.8
54,2523.3
39,2523.4
38,2524.3
12,2525.0
57,2525.2
59,2525.4
27,2526.4
33,2527.2
56,2527.7
14,2527.9
10,2528.7
55,2528.9
39,2529.2
8,2530.6
54,2530.8
38,2530.8
51,2531.2
17,2531.6
33,2532.1
11,2532.3
35,2532.5
15,2532.7
12,2532.9
4,2533.1
27,2533.5
10,2534.0
52,2534.1
16,2534.1
13,2534.4
56,2534.9
54,2535.2
39,2535.5
18,2535.8
14,2535.9
8,2535.9
6,2536.0
2,2536.4
57,2536.5
38,2537.6
55,2538.4
59,2538.8
54,2539.3
33,2539.3
31,2539.4
28,2539.5
21,2539.6
19,2539.9
35,2540.1
12,2540.5
3,2540.7
27,2540.8
52,2540.9
34,2542.0
6,2542.1
14,2542.4
9,2542.6
5,2542.9
10,2543.0
11,2543.1
29,2543.3
13,2543.3
56,2543.4
55,2543.6
54,2543.8
51,2544.0
8,2545.5
36,2545.7
4,2545.8
7,2545.9
35,2546.0
39,2546.5
24,2546.9
19,2547.2
28,2547.3
3,2547.5
6,2548.0
60,2548.3
30,2548.4
9,2548.6
18,2548.9
45,2549.6
44,2549.6
14,2549.8
54,2550.0
12,2550.4
56,2551.0
29,2551.0
31,2551.8
61,2552.3
16,2552.3
27,2553.0
5,2554.2
23,2554.2
21,2554.3
2,2554.4
24,2554.4
34,2554.5
6,2554.7
45,2556.0
1,2558.0
55,2558.4
46,2558.6
29,2558.9
28,2559.6
43,2559.9
24,2560.5
22,2561.4
23,2561.6
8,2561.8
56,2562.5
6,2563.3
24,2564.5
4,2565.0
26,2566.3
0,2566.7
22,2568.2
61,2568.9
24,2569.3
21,2571.7
26,2573.0
24,2574.3
46,2574.5
22,2576.8
61,2586.4
24,2593.3
44,2601.4
9,2619.5
51,2628.0
39,2630.7
59,2632.3
57,2634.9
56,2640.4
29,2642.5
62,2645.7
17,2646.9
40,2647.2
54,2648.7
59,2648.8
18,2649.2
14,2651.5
60,2651.9
39,2652.2
29,2653.9
27,2654.1
3,2656.5
22,2656.9
38,2657.2
53,2657.4
33,2657.4
5,2657.9
6,2658.7
16,2659.3
14,2659.4
24,2659.9
61,2660.6
46,2661.5
8,2661.7
45,2661.7
62,2661.9
60,2662.1
32,2662.4
35,2662.8
20,2662.9
34,2663.0
28,2663.1
22,2663.9
38,2665.0
59,2665.2
4,2665.3
55,2665.4
29,2665.8
10,2667.5
6,2667.8
48,2668.6
41,2670.3
55,2671.0
24,2671.1
56,2671.8
4,2672.0
60,2673.0
61,2673.4
3,2674.5
26,2675.1
7,2676.1
18,2676.6
24,2677.6
27,2680.5
16,2682.1
19,2682.3
6,2682.5
9,2683.3
18,2684.0
55,2684.1
8,2684.8
49,2684.8
51,2684.9
5,2685.0
60,2685.9
4,2685.9
39,2687.1
27,2687.1
44,2687.6
38,2688.0
31,2688.8
33,2689.1
58,2689.3
12,2691.3
48,2691.9
32,2695.3
15,2695.3
5,2695.7
6,2695.8
54,2696.0
53,2696.4
31,2697.0
52,2697.0
8,2697.0
29,2697.4
34,2699.3
51,2700.5
55,2700.5
7,2701.8
30,2702.6
48,2702.8
12,2703.2
32,2703.6
29,2703.8
44,2703.9
42,2705.3
50,2707.4
9,2707.8
14,2708.7
39,2708.9
5,2709.1
58,2709.5
59,2710.5
37,2711.9
29,2712.4
12,2712.9
48,2713.2
10,2713.5
33,2713.6
16,2713.9
53,2713.9
54,2714.2
51,2714.3
55,2714.3
31,2714.7
41,2715.1
11,2715.3
32,2716.6
57,2716.8
9,2717.4
58,2717.8
16,2718.3
2,2718.4
52,2718.8
15,2719.7
12,2720.1
37,2720.4
42,2720.4
59,2720.6
55,2720.7
8,2720.8
54,2721.1
26,2721.6
17,2722.3
39,2723.6
9,2723.6
13,2723.6
10,2723.7
22,2724.3
16,2724.4
1,2724.4
58,2724.5
34,2724.9
56,2724.9
11,2725.3
15,2725.5
27,2725.7
35,2726.1
12,2726.4
55,2726.4
62,2726.7
26,2727.5
38,2728.0
41,2728.0
9,2728.3
52,2728.3
54,2728.4
17,2728.6
14,2729.1
33,2729.5
44,2729.6
57,2729.7
3,2730.0
8,2731.8
31,2733.2
27,2733.8
29,2733.8
55,2733.8
56,2734.2
5,2734.6
9,2735.0
26,2735.7
54,2737.6
15,2738.7
51,2738.8
6,2739.1
29,2741.0
19,2741.3
55,2741.4
4,2741.6
35,2743.4
13,2743.5
24,2744.3
53,2744.4
54,2744.4
45,2744.7
34,2745.4
21,2746.3
55,2747.0
51,2747.0
56,2748.2
7,2749.8
6,2750.7
24,2751.3
4,2751.8
8,2754.4
21,2755.5
24,2756.7
23,2757.1
52,2759.4
29,2759.7
44,2760.0
24,2760.7
2,2760.8
21,2761.3
22,2762.5
3,2763.9
4,2764.5
24,2764.6
46,2766.6
44,2767.3
21,2767.5
54,2767.8
55,2768.5
24,2768.6
26,2768.8
22,2769.7
0,2770.1
7,2772.7
24,2772.8
24,2780.3
21,2783.3
33,2787.6
59,2791.9
54,2793.3
61,2796.7
26,2797.4
56,2797.6
54,2800.9
27,2802.6
20,2804.8
26,2807.7
39,2815.5
61,2819.8
14,2821.3
55,2823.6
38,2826.0
32,2826.3
13,2827.5
22,2830.6
53,2831.0
14,2831.5
16,2835.7
33,2839.8
28,2844.3
46,2853.8
33,2857.5
59,2860.2
35,2861.8
35,2879.8
33,2881.9
31,2882.3
24,2882.6
60,2882.7
10,2886.8
57,2891.0
58,2891.1
56,2891.8
60,2891.9
62,2892.3
55,2892.7
38,2895.8
18,2896.8
4,2897.0
54,2897.0
40,2898.3
6,2899.2
56,2899.4
11,2903.5
54,2903.9
59,2905.8
55,2906.2
18,2906.6
34,2907.0
61,2908.5
56,2908.9
40,2909.1
13,2909.7
41,2910.2
38,2910.2
52,2910.4
45,2911.5
55,2912.0
8,2912.8
11,2912.9
12,2913.4
59,2914.0
16,2915.0
61,2915.1
31,2915.1
54,2915.2
50,2915.3
60,2915.6
52,2915.8
6,2917.2
55,2917.8
2,2917.9
9,2919.3
15,2919.8
17,2920.0
3,2921.1
10,2921.5
52,2921.8
31,2922.0
8,2922.2
27,2922.4
61,2923.2
12,2923.3
35,2923.9
5,2924.2
13,2924.5
60,2924.8
20,2925.3
33,2925.3
9,2925.6
3,2925.7
55,2926.0
54,2926.0
38,2926.4
14,2926.8
48,2926.9
7,2927.1
16,2927.2
52,2928.1
32,2928.2
34,2928.4
35,2929.7
6,2929.9
28,2930.2
27,2930.2
17,2931.4
54,2931.5
41,2931.7
61,2931.9
5,2931.9
3,2932.0
51,2932.2
33,2932.3
10,2932.7
55,2933.3
9,2933.7
52,2934.4
43,2935.0
4,2935.2
8,2935.5
26,2935.9
20,2936.6
27,2938.0
44,2938.2
29,2938.9
45,2939.9
49,2940.5
25,2940.6
4,2940.8
26,2942.9
9,2943.8
4,2947.8
44,2953.8
29,2955.1
24,2955.3
4,2956.6
29,2963.9
24,2965.3
27,2965.7
6,2968.8
51,2969.1
42,2970.4
21,2970.5
22,2971.5
24,2972.3
7,2973.0
29,2973.3
24,2979.5
6,2979.5
14,2981.6
54,2992.5
39,2995.1
