29,14.9
23,15.2
4,15.2
7,15.9
6,16.7
28,18.5
5,20.1
13,20.3
0,20.3
11,20.5
29,20.6
4,21.1
3,21.2
25,21.9
27,22.5
23,22.8
20,23.4
2,23.7
28,24.8
26,25.0
19,25.0
11,25.3
29,25.6
4,26.4
5,26.6
7,26.9
3,27.9
0,28.6
2,28.8
18,28.9
27,29.5
1,29.8
13,29.8
28,30.4
19,30.5
11,30.5
22,31.0
4,31.6
5,32.0
20,32.2
12,32.8
25,32.9
7,33.7
29,34.3
27,35.4
2,35.7
3,35.7
18,35.9
13,36.7
11,36.7
0,37.2
22,37.7
12,38.0
28,38.1
25,38.4
24,38.6
5,38.9
1,39.0
19,39.2
4,39.7
27,41.0
0,41.2
7,41.3
18,41.4
9,41.8
11,41.9
2,42.2
12,42.2
15,42.7
17,42.8
30,43.0
13,43.1
28,43.3
26,43.4
3,43.8
0,44.9
24,45.1
22,45.2
25,45.6
4,45.8
11,46.0
9,46.5
19,46.9
7,47.0
18,47.4
28,47.5
2,47.6
12,47.6
13,47.6
26,47.8
14,48.0
0,48.2
1,48.2
27,48.8
10,48.8
17,49.3
20,49.7
29,49.9
8,50.0
11,50.4
19,50.7
3,50.7
24,50.8
0,50.9
22,50.9
15,50.9
9,51.5
28,51.6
13,51.7
25,51.7
2,51.9
30,52.6
12,52.7
26,52.8
27,53.3
18,53.7
19,53.9
0,54.1
1,54.5
5,54.6
14,55.0
11,55.3
25,55.7
8,55.7
24,55.7
4,55.8
28,56.1
2,56.2
9,56.3
20,56.3
13,56.6
29,56.7
0,57.2
22,57.2
19,57.2
12,57.8
27,57.9
17,58.3
7,58.6
3,58.6
26,58.8
1,59.3
8,60.0
19,60.3
25,60.3
0,60.5
10,60.7
9,61.6
24,61.7
20,62.2
22,62.5
11,62.6
29,62.7
30,62.8
28,63.1
5,63.2
2,63.4
18,63.6
23,63.7
12,64.0
0,64.0
27,64.1
13,64.1
19,64.3
25,65.4
1,65.4
8,65.9
4,66.6
26,66.9
29,67.4
6,67.5
7,67.5
0,68.1
28,68.2
3,68.3
9,68.4
19,68.6
24,68.6
11,68.7
23,69.1
22,69.2
20,69.7
1,69.7
27,70.4
13,70.4
25,70.8
5,70.8
29,71.0
2,71.3
14,71.4
0,71.4
28,71.5
12,71.7
8,72.2
4,72.4
3,72.5
9,73.1
19,73.2
11,73.3
20,73.7
30,73.8
26,73.9
29,74.1
23,74.1
22,74.2
7,74.5
5,74.6
1,74.6
0,75.0
24,75.2
28,75.4
25,75.8
27,76.4
21,76.7
13,76.7
6,77.4
31,77.7
29,77.7
2,77.8
3,77.8
5,78.5
11,78.7
20,78.8
19,79.1
30,79.4
22,79.7
0,79.7
23,79.8
4,80.0
12,80.2
28,80.3
29,80.9
9,81.1
7,82.0
1,82.4
5,82.7
25,83.2
21,83.4
27,85.1
13,85.1
31,85.5
0,85.5
29,85.6
30,85.9
22,86.0
24,86.0
3,87.0
12,87.2
20,87.4
28,87.4
23,87.8
11,87.9
26,88.8
5,88.8
6,88.9
19,89.0
4,89.7
25,90.1
29,90.3
9,90.7
2,91.8
0,92.5
8,93.7
11,93.8
28,93.9
7,95.0
30,95.1
29,95.2
22,95.3
24,95.5
9,95.8
19,96.3
15,96.7
17,96.7
13,97.6
12,97.7
27,97.8
0,98.0
10,98.0
23,98.6
7,98.8
11,98.9
30,99.4
28,99.9
24,100.3
25,100.7
9,101.1
5,101.2
17,101.4
15,101.5
0,102.3
7,102.5
31,102.7
29,102.8
11,103.1
8,103.4
12,103.6
24,104.2
30,104.3
19,104.5
27,104.6
1,105.0
21,105.3
26,105.5
28,105.7
17,105.7
13,105.7
23,105.7
0,106.0
25,106.4
10,106.5
15,106.6
7,106.8
11,107.4
2,107.5
9,107.7
19,108.6
18,109.1
0,109.3
8,109.7
24,110.0
27,110.1
5,110.6
12,110.7
28,111.3
26,111.5
1,111.9
30,112.1
17,112.6
19,112.8
31,112.8
7,113.3
0,113.4
11,113.5
2,114.4
10,115.3
20,115.8
15,115.8
5,116.5
3,117.1
25,118.1
0,118.2
11,118.3
8,118.8
24,119.0
27,119.0
19,119.6
29,119.8
10,120.3
2,120.4
31,120.4
9,120.4
17,120.5
28,120.7
20,120.8
23,121.1
26,121.6
11,121.8
13,122.0
0,122.1
24,123.1
4,123.4
3,123.6
25,123.9
17,124.8
11,125.5
5,126.3
8,126.6
10,126.9
18,127.2
0,127.2
20,127.4
7,127.8
1,127.9
26,128.1
31,128.4
24,128.5
9,128.8
21,129.3
28,129.8
12,129.9
11,130.3
19,130.5
2,130.6
17,131.6
3,131.7
30,131.8
4,132.3
20,132.6
25,132.7
27,133.2
29,133.4
0,133.6
31,134.3
24,134.5
28,134.6
2,134.9
10,135.1
19,135.2
9,135.8
13,135.9
20,136.0
6,136.0
15,136.8
7,136.9
18,137.0
3,137.9
11,138.2
0,138.3
30,138.9
17,139.3
29,139.6
20,139.6
31,139.7
28,139.9
2,139.9
19,140.6
24,141.4
0,142.4
27,142.8
6,142.9
9,142.9
10,143.0
21,143.1
26,143.3
7,143.4
20,143.7
15,144.2
3,145.2
2,145.4
28,145.7
19,145.8
29,146.0
8,146.4
0,146.6
31,147.1
1,147.4
17,148.1
20,148.4
30,148.5
24,148.9
26,149.5
6,150.1
11,150.6
19,150.8
0,151.3
9,152.5
1,153.3
31,154.1
8,154.2
20,154.4
4,154.5
28,155.2
2,155.2
18,155.6
7,156.3
29,156.5
26,156.6
12,156.9
19,157.1
0,157.3
5,157.4
1,158.3
30,158.9
22,159.2
21,159.4
31,160.7
10,160.9
6,162.0
3,162.4
4,162.7
19,162.9
26,163.0
8,163.3
1,163.3
0,163.3
29,163.5
5,163.5
20,163.6
11,164.0
30,165.2
25,165.7
2,165.8
13,165.9
21,166.8
10,166.9
3,167.5
27,167.7
22,167.9
11,167.9
18,168.0
31,168.2
5,168.2
0,168.2
12,169.7
20,169.9
19,171.0
1,171.2
24,172.0
2,172.1
28,172.7
13,172.8
11,173.1
5,173.2
4,173.5
0,173.5
29,174.0
3,174.4
25,174.5
27,174.5
18,174.5
26,174.9
19,175.3
10,175.3
1,175.7
8,175.8
30,176.0
0,177.3
2,177.9
9,178.1
19,178.7
20,178.7
23,178.8
12,178.8
31,179.6
1,179.7
6,180.3
5,180.5
28,180.6
8,180.7
18,181.0
11,181.6
25,181.7
4,181.7
0,181.9
7,182.1
27,182.1
15,182.4
19,182.5
26,183.3
13,183.5
3,183.7
30,183.7
12,184.2
31,184.4
1,184.7
14,184.8
20,184.9
22,185.0
0,185.3
11,185.7
9,185.8
21,186.1
15,186.5
7,186.7
5,186.7
27,187.1
6,187.1
8,187.2
2,187.8
13,188.0
19,188.1
25,188.4
3,189.0
0,189.5
31,189.7
11,189.8
12,190.1
28,190.8
30,191.3
14,191.3
15,192.3
17,192.3
13,193.2
7,193.4
22,193.5
20,193.6
1,193.9
27,194.4
0,195.1
11,195.2
21,196.0
19,196.1
18,196.4
28,196.4
2,196.4
29,196.5
3,197.0
5,197.0
12,197.3
9,197.6
20,198.9
13,199.0
31,199.1
0,199.8
2,200.7
17,201.1
28,201.6
11,201.6
19,202.4
29,202.4
6,202.4
25,203.3
18,203.3
9,203.4
8,203.4
12,203.8
15,204.7
14,204.9
20,205.7
0,205.9
28,206.0
11,206.7
2,207.2
29,207.5
19,208.9
9,209.0
7,209.3
13,209.4
28,209.8
30,210.8
11,211.1
4,211.1
3,211.2
23,211.2
27,211.3
29,211.5
6,212.7
25,212.9
20,213.6
31,213.8
28,214.0
0,214.4
12,214.8
13,215.3
1,215.4
11,215.5
9,215.6
29,215.8
7,216.1
24,216.4
3,216.5
22,216.7
27,216.9
4,217.1
23,217.3
28,217.3
25,217.7
0,218.3
9,219.0
11,219.7
20,220.0
3,220.2
19,220.3
12,220.6
17,220.6
10,220.7
31,220.8
24,221.0
28,221.2
2,221.3
0,221.8
1,221.9
13,221.9
18,222.2
29,222.5
6,223.1
9,223.1
27,223.6
25,223.6
3,224.2
0,224.9
11,225.8
26,225.9
1,225.9
4,226.0
28,226.1
24,226.2
19,226.8
8,227.4
12,227.4
22,227.5
7,227.9
23,228.0
9,228.5
29,228.6
0,228.6
20,229.0
1,229.4
3,229.9
30,230.3
4,230.4
17,230.6
10,230.7
5,230.7
19,231.0
18,231.2
26,231.5
28,231.5
25,231.6
7,231.7
11,231.7
12,231.8
23,231.8
8,231.9
31,231.9
0,232.1
6,232.5
27,232.7
29,233.1
15,233.2
9,233.2
1,233.2
24,234.0
22,234.2
30,234.8
19,235.2
0,235.4
13,235.5
21,235.7
5,235.8
20,235.8
7,236.0
11,236.0
12,236.5
31,236.7
23,236.7
8,236.8
9,237.0
4,237.1
25,237.1
27,237.2
3,237.4
28,237.5
29,238.0
1,238.1
17,238.2
30,238.9
10,239.8
2,240.0
22,240.0
0,240.1
15,240.3
11,240.3
19,240.5
5,240.5
20,240.7
31,240.9
7,241.0
16,241.2
9,241.4
27,241.4
23,241.8
13,241.8
24,241.8
12,242.3
29,242.4
26,242.8
25,242.9
21,243.2
30,243.2
8,244.0
11,244.5
17,244.9
28,245.1
31,245.2
5,245.2
3,245.2
22,245.3
20,245.4
27,245.5
7,245.7
1,246.0
6,246.5
0,246.7
9,246.8
15,247.7
2,247.8
25,248.0
13,248.6
24,248.8
29,249.0
5,249.0
11,249.0
23,249.2
19,249.5
12,249.6
17,249.7
31,249.8
30,249.9
16,249.9
22,250.2
20,250.3
27,250.3
28,250.7
7,250.7
8,250.8
0,250.9
18,251.7
25,252.0
5,252.1
21,252.7
6,252.9
11,253.2
31,253.3
13,253.4
3,253.5
2,254.0
17,254.6
20,254.7
27,254.8
19,254.8
24,254.9
29,255.3
0,255.3
28,255.3
5,255.6
22,255.6
9,255.7
4,256.0
30,256.2
11,256.8
25,257.5
26,257.7
7,258.0
31,258.1
1,258.2
3,258.3
13,258.4
28,259.0
8,259.1
19,259.5
0,259.6
11,259.7
27,259.9
20,260.1
5,260.4
17,260.7
6,260.7
9,261.1
18,261.2
12,261.4
2,261.6
3,261.9
26,262.2
15,262.2
31,262.2
11,262.4
4,262.5
1,262.6
28,263.0
25,263.6
23,263.6
13,264.3
19,264.5
0,264.6
22,264.8
27,265.2
11,265.7
7,265.8
8,265.9
29,266.6
24,266.7
3,266.8
9,267.0
5,267.0
20,267.2
26,267.4
31,267.5
12,267.7
1,267.8
10,268.1
21,268.7
30,268.9
28,269.0
0,269.1
11,269.3
15,269.5
6,270.9
19,271.0
27,271.1
5,272.7
31,273.4
17,273.5
21,274.1
11,274.4
3,274.6
22,275.0
25,275.2
7,275.2
29,275.4
14,275.4
1,275.4
4,275.5
26,275.6
30,275.7
0,275.7
8,275.9
12,276.0
13,276.4
2,276.8
20,277.1
9,277.2
5,277.2
23,277.6
28,278.5
27,279.1
11,279.7
21,280.2
31,280.3
5,280.6
29,280.8
22,280.9
0,281.5
30,281.5
15,281.9
3,282.0
19,282.2
20,282.7
25,283.0
13,283.1
11,283.5
5,284.2
29,284.4
26,284.7
4,284.9
2,285.0
28,285.2
23,285.5
20,286.3
22,286.5
27,286.9
21,287.0
30,287.2
11,287.4
31,287.5
3,287.7
29,288.4
6,289.2
5,289.4
19,289.6
20,290.2
0,290.7
26,291.2
1,291.5
13,292.4
28,292.7
4,292.8
2,292.8
11,292.9
29,293.2
8,293.3
22,293.6
31,293.7
23,293.9
20,294.0
6,294.4
25,294.6
14,294.7
7,295.0
19,295.0
30,295.1
5,295.6
26,296.9
29,297.2
0,297.3
3,297.3
20,298.3
22,298.3
13,298.4
4,298.5
23,298.5
1,298.7
28,298.9
6,299.5
19,300.4
14,300.9
11,301.0
8,301.1
12,301.2
31,301.6
29,301.7
7,302.2
0,302.8
28,302.9
9,303.3
5,303.3
20,303.4
26,304.0
13,304.0
17,304.2
19,304.9
6,305.0
23,305.0
1,305.3
22,305.7
25,306.1
4,306.1
8,306.3
30,306.7
0,307.2
28,307.7
11,308.1
27,308.6
29,308.9
5,309.0
31,309.3
21,309.5
19,309.7
9,310.0
20,310.4
13,310.5
1,311.2
3,311.8
28,311.9
0,312.0
8,312.0
17,312.7
14,312.9
6,313.7
11,313.9
9,314.5
25,315.8
1,316.0
28,316.1
5,316.2
19,316.5
2,317.0
3,317.0
20,317.2
23,317.5
7,317.5
29,317.8
10,318.4
11,318.5
0,319.3
22,319.4
28,319.7
26,320.1
2,320.5
19,320.6
9,320.7
20,321.1
8,321.8
27,321.9
3,322.1
18,322.7
1,322.8
11,322.8
29,323.5
13,323.6
31,323.6
28,323.7
19,323.9
2,324.2
10,324.7
25,324.8
12,324.8
20,324.8
15,326.2
27,326.2
11,326.3
0,326.4
9,326.8
3,327.3
7,327.8
19,328.5
31,328.7
20,329.2
28,329.3
8,329.3
13,329.6
2,329.6
11,329.7
25,330.5
27,330.7
12,330.7
1,331.7
5,332.0
24,332.6
17,333.1
0,333.4
15,333.7
29,333.7
19,334.5
11,334.6
8,334.6
31,334.7
25,335.0
3,335.0
20,335.7
26,335.9
9,336.7
1,336.8
28,337.0
7,337.2
0,337.5
23,337.7
19,337.8
4,337.8
29,338.1
27,338.1
6,338.3
8,338.6
11,339.2
24,339.2
2,339.4
25,339.8
13,340.4
10,340.6
19,341.2
18,341.4
26,341.8
29,341.8
1,341.8
9,341.9
28,342.1
0,342.2
12,342.7
4,343.0
11,343.1
23,343.6
7,343.6
8,343.6
17,343.8
3,344.3
25,345.3
19,345.8
27,346.1
1,346.2
29,346.5
13,346.8
31,347.1
28,347.3
11,347.3
6,347.9
4,348.1
20,348.4
9,348.5
0,349.5
23,350.2
7,350.3
12,350.4
30,350.5
18,350.7
17,351.5
19,351.8
1,351.9
28,352.1
11,352.3
8,352.3
26,352.4
13,353.0
2,353.4
29,353.6
27,354.4
3,354.4
9,354.8
6,355.0
31,355.1
24,355.2
20,355.3
28,355.7
25,355.7
7,355.8
4,356.4
23,356.5
1,356.7
19,356.9
11,357.2
30,357.5
0,358.0
12,358.3
18,358.3
22,359.6
28,359.7
27,359.7
3,360.0
9,360.2
2,360.6
24,361.6
25,361.8
31,361.8
6,361.9
7,362.0
20,362.1
5,362.6
1,363.4
17,363.5
0,363.8
11,363.9
12,364.2
19,364.4
13,364.6
22,364.8
27,365.4
28,365.6
9,366.6
23,367.2
7,367.5
29,367.8
2,367.8
24,368.2
25,368.4
0,368.4
5,368.6
16,369.0
26,369.1
8,369.6
1,369.7
30,369.7
19,369.9
22,370.1
3,370.2
12,370.2
27,370.4
17,371.3
11,371.3
31,371.4
0,372.7
9,372.9
7,373.3
25,373.4
5,373.4
15,373.6
21,373.6
13,373.7
27,373.8
12,374.3
19,375.0
22,375.1
11,375.1
2,375.1
26,375.2
24,375.2
29,375.4
1,375.4
8,375.7
20,376.0
31,376.3
28,376.4
30,376.5
0,376.7
27,377.4
25,377.7
3,377.9
16,378.0
9,378.2
5,378.4
19,379.2
12,379.2
11,379.8
6,380.2
8,380.5
18,380.6
1,380.8
7,380.9
13,381.2
21,381.2
0,381.4
22,381.4
17,381.6
15,381.6
31,382.7
27,382.7
25,382.9
29,384.1
19,384.2
9,384.4
30,385.2
8,386.1
26,386.3
5,386.8
11,386.9
0,387.3
1,387.6
12,387.8
25,389.5
19,389.7
9,391.4
24,391.4
2,391.9
27,392.4
8,393.5
0,395.1
22,395.6
25,395.8
31,396.2
11,396.7
17,396.8
12,396.9
3,397.4
24,397.6
7,397.8
15,398.1
9,398.8
2,399.0
10,399.1
1,399.2
20,399.3
19,399.3
0,399.4
18,399.6
8,400.0
27,400.2
28,400.4
11,400.8
12,401.2
25,401.4
23,401.4
13,403.7
15,404.0
2,404.1
31,404.2
0,404.7
7,404.7
11,404.9
24,405.2
3,405.4
9,405.4
30,405.6
10,405.7
12,405.8
27,406.3
29,406.3
17,406.5
25,407.5
5,407.7
20,407.9
0,408.9
15,409.0
18,409.2
22,409.3
2,409.5
24,409.7
7,410.0
12,410.1
16,410.4
8,410.5
11,410.5
27,410.6
30,410.8
25,411.0
31,411.3
9,411.6
5,411.9
17,412.1
21,412.2
0,412.3
13,413.2
3,413.7
24,414.0
27,414.4
29,414.5
25,414.6
22,414.6
20,414.9
0,415.6
11,415.6
12,415.8
14,415.9
2,415.9
5,415.9
1,416.0
30,416.1
31,416.3
8,416.8
15,416.8
19,417.0
17,417.5
13,417.6
26,417.6
9,418.3
7,418.5
4,418.5
22,418.7
29,419.0
25,419.2
0,419.3
16,419.3
18,419.6
27,419.6
5,419.7
20,419.7
24,419.8
21,419.9
11,420.1
1,420.4
28,420.8
30,421.1
12,421.5
19,421.8
23,421.8
31,421.8
14,422.4
8,422.7
10,423.0
29,423.2
0,423.5
22,423.5
26,423.8
13,423.9
9,424.1
5,424.7
11,425.2
1,425.5
3,425.7
20,425.9
25,426.8
19,427.2
17,427.3
0,427.9
2,428.1
4,428.8
29,428.9
27,429.2
30,429.2
5,429.4
22,430.4
28,430.5
12,431.8
31,431.8
20,431.8
23,432.2
24,432.3
9,432.8
8,432.9
11,433.0
1,434.1
0,434.5
29,434.9
5,435.1
26,435.2
19,436.9
13,437.5
30,437.5
18,438.2
14,438.6
22,439.0
20,440.6
0,444.6
5,445.5
29,445.8
3,445.9
11,446.4
23,446.5
20,447.0
25,447.0
17,448.3
28,448.3
30,448.4
31,448.5
22,448.5
13,449.0
12,450.2
0,451.0
20,451.0
27,451.1
7,451.3
11,451.3
15,451.8
6,451.9
31,452.7
3,453.3
29,453.4
5,453.6
9,453.8
20,454.1
19,454.5
8,454.7
23,455.0
1,455.1
11,455.4
30,455.9
12,456.0
31,456.4
22,456.4
0,456.8
17,456.9
7,457.0
25,457.1
28,457.2
13,457.4
20,458.1
27,458.6
6,459.2
15,459.2
9,459.6
19,460.1
8,460.4
23,461.0
11,461.2
30,461.7
31,461.9
7,462.1
1,462.2
2,462.2
16,463.1
3,463.1
29,463.2
9,463.5
17,463.5
28,463.6
20,464.1
0,464.6
27,464.7
5,464.7
21,465.3
12,466.7
11,466.9
9,467.4
1,467.7
25,468.0
3,468.9
31,469.1
23,469.4
19,469.5
6,469.8
20,469.9
28,470.0
7,470.1
30,470.4
2,470.4
17,470.5
27,470.7
11,471.1
8,471.7
16,471.7
13,471.7
15,472.3
0,472.7
9,472.9
3,472.9
12,473.1
22,473.7
31,473.9
5,474.1
25,474.7
21,474.8
7,474.8
11,475.0
29,475.3
27,475.4
30,475.5
23,475.6
4,476.5
3,476.7
0,477.1
6,477.3
1,477.4
28,478.1
11,478.2
5,478.5
31,478.5
13,478.7
20,479.0
7,479.1
12,479.1
26,479.1
15,479.4
29,479.7
4,480.7
23,480.8
30,480.9
3,480.9
27,481.0
21,481.5
11,481.9
22,481.9
0,482.0
5,482.7
9,482.8
31,483.8
29,484.3
7,484.4
6,484.5
4,485.6
28,486.3
11,486.3
3,486.6
25,486.7
20,486.9
26,487.0
23,487.5
30,488.8
5,488.8
31,489.3
17,489.5
0,489.7
12,490.0
27,490.6
29,490.7
2,491.2
9,491.3
20,491.6
11,491.8
19,492.2
4,492.4
24,492.5
28,492.8
10,493.1
13,493.7
3,493.8
7,494.2
16,494.3
17,494.9
0,494.9
29,495.4
22,495.4
9,495.5
21,495.7
27,495.8
15,495.8
2,495.9
20,496.0
31,496.0
11,496.2
25,496.9
28,497.4
19,497.6
23,497.9
9,498.4
1,498.4
6,498.5
8,498.7
29,498.8
4,498.9
24,499.0
0,499.7
3,500.1
11,500.1
20,500.3
17,500.7
28,500.7
26,500.7
2,500.9
9,501.1
19,501.3
7,501.7
27,501.8
5,502.0
29,502.1
31,502.5
10,502.9
13,503.0
1,503.0
16,503.4
25,503.5
9,504.1
11,504.1
28,504.2
6,504.3
8,504.5
3,504.6
20,504.8
0,505.3
19,505.7
29,506.0
23,506.0
4,506.5
9,507.2
24,508.0
28,508.3
2,508.4
31,508.5
17,508.7
11,508.7
27,508.8
7,509.0
1,509.1
6,509.5
25,509.6
13,510.0
3,510.0
20,510.2
0,510.2
29,510.9
30,511.0
9,511.3
10,511.8
19,512.0
5,512.5
8,512.7
23,513.9
0,514.0
11,514.0
26,514.5
28,514.6
4,514.8
27,514.9
1,515.0
9,515.5
17,515.7
2,516.6
16,516.7
7,516.8
19,517.2
29,517.6
0,517.7
5,517.7
24,517.9
20,517.9
30,518.0
25,518.2
3,518.4
6,518.6
23,518.8
13,518.9
22,519.1
31,519.3
8,519.6
26,520.3
1,520.9
9,521.7
5,522.2
0,522.3
20,522.3
7,522.5
30,522.6
29,522.9
11,523.2
19,523.2
27,523.3
23,523.8
31,524.5
21,524.7
22,525.5
6,526.0
5,526.5
30,526.9
0,527.0
20,527.2
17,527.2
29,527.4
28,527.4
2,527.7
9,528.1
12,528.5
18,528.6
23,529.4
31,530.4
8,530.8
5,530.9
22,531.0
7,531.1
26,531.1
0,531.6
30,531.7
1,532.0
21,532.2
29,532.8
19,533.7
20,533.8
9,534.2
2,536.9
0,537.3
12,537.3
5,537.7
18,538.1
11,538.3
21,538.7
24,539.0
31,539.3
9,539.5
23,539.5
10,539.6
30,540.1
17,540.1
27,540.2
15,540.8
7,541.1
29,541.4
22,541.8
12,542.7
11,543.4
0,543.4
6,543.8
20,543.8
28,544.0
4,544.3
31,544.3
13,545.2
9,545.5
23,545.6
17,545.8
7,546.1
24,546.3
29,546.9
5,547.2
0,547.5
10,547.9
21,547.9
27,548.2
15,548.4
30,548.7
11,548.9
23,549.9
31,549.9
28,550.1
7,550.2
3,550.3
12,550.4
4,550.6
20,550.8
17,552.0
0,552.1
6,552.3
5,552.8
9,553.4
29,553.5
13,553.6
7,554.9
23,555.2
11,555.5
24,555.7
30,556.0
0,556.4
21,556.5
10,557.7
28,558.0
31,558.2
17,558.4
5,558.9
9,559.2
11,560.7
7,560.7
12,560.9
0,561.4
1,561.4
3,561.6
15,561.9
27,562.2
20,562.5
23,563.3
28,563.3
9,563.7
4,564.5
11,565.2
24,565.7
31,565.9
29,566.5
5,567.1
12,567.3
7,567.5
0,567.7
30,567.8
3,568.1
9,568.3
17,568.8
21,568.9
10,569.0
15,569.1
1,569.2
27,570.0
22,570.1
11,570.4
28,570.8
31,571.5
5,573.0
24,573.2
29,573.8
30,574.3
9,574.4
0,575.1
21,575.9
12,577.2
11,578.3
31,578.4
7,579.2
10,579.2
22,579.5
13,579.5
3,579.6
5,580.0
20,580.1
23,580.6
30,580.6
2,581.3
11,583.4
17,584.2
29,584.5
10,584.9
7,585.2
9,586.0
30,586.5
15,587.1
0,587.3
3,587.8
23,587.8
20,588.4
2,588.5
28,589.3
12,589.4
18,589.7
11,591.0
9,592.1
0,592.3
7,592.3
31,592.9
27,593.5
10,593.8
12,594.1
19,594.6
8,594.7
24,594.9
17,595.0
1,595.0
11,595.5
15,595.5
0,595.7
9,595.9
5,596.1
2,596.5
25,596.6
30,597.0
13,597.0
21,598.3
12,598.5
18,598.7
29,598.7
20,598.7
0,598.8
23,598.9
28,598.9
22,599.3
11,599.4
9,599.4
19,599.5
7,599.6
1,599.9
27,600.1
8,600.7
24,600.8
31,601.1
5,601.2
0,601.3
4,601.4
17,601.6
12,601.6
25,601.9
9,602.5
10,602.5
11,603.1
28,603.3
29,603.4
1,604.1
0,604.1
18,604.2
15,604.3
3,604.9
2,605.2
19,605.2
9,605.2
23,605.2
12,605.2
22,605.4
24,605.4
7,605.6
13,605.6
5,605.9
4,606.1
27,606.6
11,606.9
6,606.9
28,606.9
0,607.1
29,607.1
30,607.5
20,607.5
25,607.9
9,608.2
1,608.4
17,608.6
12,608.7
22,609.3
23,609.4
3,609.8
5,609.9
7,609.9
24,609.9
0,610.2
18,610.5
29,610.8
11,610.8
28,611.0
8,611.2
4,611.4
25,611.6
13,612.0
9,612.2
27,612.3
12,613.7
22,613.9
0,614.0
24,614.1
7,614.7
5,614.7
17,614.8
23,614.8
19,614.8
1,615.0
29,615.1
25,615.2
11,615.3
20,615.3
3,615.5
2,616.2
6,616.2
28,616.4
4,617.1
30,617.4
10,617.7
9,617.9
13,618.1
27,618.9
0,619.3
25,619.7
8,619.7
24,619.8
29,620.2
11,620.4
22,620.5
23,620.6
5,620.8
7,621.2
20,622.2
12,622.7
18,622.9
3,623.3
28,624.9
31,625.2
17,625.5
6,625.7
29,625.8
30,626.3
25,626.6
9,626.8
13,626.8
20,627.1
4,627.4
11,627.8
0,627.9
5,628.0
23,628.2
1,628.6
22,628.8
3,630.9
26,631.0
27,631.1
24,631.1
7,631.8
31,631.9
6,632.1
11,632.1
20,632.3
4,633.7
5,633.8
29,633.8
13,634.5
25,634.6
22,634.8
28,635.0
3,635.4
23,635.6
19,635.8
2,635.8
20,635.9
11,636.3
0,636.3
7,636.8
29,637.1
6,637.8
30,637.8
12,638.0
9,638.4
5,638.4
18,638.8
4,638.9
27,638.9
22,639.2
0,639.4
20,639.8
3,639.8
25,640.1
28,640.4
2,640.6
26,640.6
24,640.9
29,641.2
23,641.3
13,641.9
11,642.0
12,642.1
7,642.2
0,642.6
9,643.0
31,643.6
3,643.7
22,644.1
1,644.3
28,644.4
4,644.5
5,644.8
19,644.8
6,644.9
0,645.1
29,645.5
24,645.6
20,645.6
27,645.6
25,645.8
9,646.3
10,646.7
18,646.8
26,647.0
2,647.2
3,647.3
8,647.3
11,647.4
7,647.5
23,647.5
12,647.6
17,647.6
0,648.2
1,648.9
22,649.0
28,649.2
9,650.3
5,650.4
19,650.5
24,650.9
0,651.1
29,651.6
4,652.2
3,652.4
26,652.8
7,652.9
6,653.3
23,653.5
10,654.4
1,654.6
28,654.6
0,655.0
9,655.1
8,655.4
11,655.5
20,655.9
17,656.4
25,656.7
30,656.7
22,657.3
12,657.4
29,657.4
19,657.9
24,658.1
13,659.6
27,659.6
5,660.1
9,660.2
2,660.3
4,660.6
7,660.6
0,660.7
3,661.4
28,661.9
23,661.9
16,662.5
29,662.9
26,663.1
17,663.2
20,663.4
19,664.7
2,665.2
1,665.6
5,665.8
0,665.8
9,666.1
27,666.5
28,667.5
29,668.3
11,668.6
17,668.6
6,669.2
20,669.6
13,670.4
16,670.6
2,670.7
0,671.4
5,672.1
28,672.9
7,673.5
23,673.5
29,673.6
4,673.7
19,674.1
9,674.3
17,675.1
21,675.8
11,676.8
27,676.9
28,677.3
0,677.5
5,677.9
29,678.6
6,678.6
13,678.9
24,679.0
7,679.4
22,679.7
2,680.0
9,680.1
23,680.3
4,680.6
18,680.7
28,680.8
17,681.5
20,681.8
19,682.2
11,682.2
5,682.6
16,682.6
29,682.6
27,684.3
7,684.3
0,684.7
9,684.9
28,684.9
26,685.7
1,686.3
22,686.5
21,686.9
8,686.9
19,687.0
29,687.9
3,688.1
5,688.3
11,689.0
0,689.7
23,689.9
2,690.7
4,691.2
28,691.4
17,691.5
26,691.8
7,691.9
19,692.0
9,692.3
6,692.5
13,692.9
10,692.9
14,693.3
1,693.4
22,693.4
5,693.6
0,693.7
8,693.8
24,694.6
25,694.7
29,696.8
19,697.5
17,697.8
27,697.8
2,698.3
28,698.5
0,698.7
13,699.1
11,700.1
16,700.1
9,700.1
14,700.2
22,700.7
8,700.8
18,700.8
24,701.1
25,701.4
5,702.1
7,702.3
26,702.5
23,702.7
17,702.7
19,702.7
27,703.0
2,703.7
28,703.7
30,703.8
0,704.0
29,705.6
4,706.2
7,706.5
13,706.7
23,707.0
6,707.3
11,707.3
9,707.3
28,707.7
19,708.5
1,708.5
5,708.7
17,709.7
3,709.8
29,709.9
28,710.8
7,710.9
30,711.2
11,711.2
0,711.3
9,711.3
23,711.5
27,712.4
4,712.6
2,713.4
29,714.1
13,714.5
28,714.5
1,715.0
19,715.2
9,715.7
11,715.8
3,716.3
25,716.6
24,716.9
6,717.0
5,717.4
22,717.6
18,717.9
7,717.9
29,718.2
28,718.3
23,718.5
30,718.8
21,719.0
17,719.6
31,719.7
19,720.2
2,720.7
11,720.7
9,720.7
27,721.0
28,721.7
0,722.3
29,722.5
5,723.3
30,723.4
7,723.5
24,724.8
10,724.8
13,724.8
28,725.0
17,725.0
23,725.1
9,725.4
4,725.5
19,725.6
22,725.7
11,725.9
21,726.4
18,727.5
30,727.7
7,728.2
31,728.2
29,728.6
15,728.8
0,729.0
28,729.1
2,729.2
17,730.2
1,730.2
9,730.3
24,731.2
27,731.2
5,731.4
3,731.7
11,731.9
30,732.8
13,733.0
7,733.5
10,733.5
28,734.6
19,734.9
0,735.4
9,736.5
29,736.7
15,737.2
11,737.5
17,737.9
3,738.4
23,739.7
28,740.5
0,741.0
30,741.3
13,742.7
11,743.0
7,743.2
9,743.7
24,744.4
29,744.7
28,745.1
19,745.4
22,745.6
17,745.8
3,746.5
0,748.2
30,748.5
23,748.7
11,748.8
7,749.1
28,749.4
9,750.6
29,751.5
7,753.6
30,753.7
5,753.7
3,754.7
15,754.9
28,755.5
0,755.7
23,756.1
19,756.5
11,757.4
7,758.0
30,758.7
15,762.2
9,762.5
13,763.6
0,764.2
7,764.2
3,764.7
29,765.4
24,765.4
17,765.8
30,766.5
10,766.5
28,767.4
21,767.4
25,767.8
0,768.2
9,768.7
24,769.3
8,769.4
1,770.6
17,770.8
0,771.5
4,771.7
18,771.8
12,772.0
3,772.1
9,773.4
2,773.8
24,774.2
25,774.4
23,774.6
19,775.1
0,775.1
11,775.6
21,775.7
18,775.9
27,776.1
10,776.4
28,776.6
7,777.5
12,777.5
13,777.6
1,777.9
3,778.2
2,778.7
9,778.8
17,778.9
0,779.0
25,780.5
18,781.2
30,781.4
19,781.5
5,781.6
28,781.6
27,781.6
29,782.1
4,782.2
21,782.5
24,782.5
11,782.7
22,782.9
31,783.6
0,783.6
3,783.7
8,784.0
7,784.4
23,785.1
25,785.6
5,785.7
13,786.1
28,786.3
2,786.4
6,786.4
4,786.5
30,786.6
29,786.6
26,786.9
17,787.0
21,787.3
12,787.4
11,787.4
7,787.6
9,787.7
0,787.8
22,787.8
24,788.1
15,788.4
18,788.6
3,789.4
5,789.9
4,790.7
7,791.0
23,791.2
25,791.2
0,791.3
30,791.4
29,791.5
10,791.7
28,792.2
9,792.3
27,792.6
31,792.6
24,792.8
17,793.0
8,793.3
11,793.3
6,793.4
2,793.8
12,794.1
22,794.4
21,794.4
20,794.6
18,794.8
5,795.0
15,795.1
7,795.2
0,795.4
19,796.2
31,796.5
30,796.5
9,797.0
29,797.0
26,797.5
4,797.8
24,798.0
11,798.2
12,798.4
3,798.6
0,798.8
6,799.2
27,799.7
17,799.9
7,800.1
5,800.1
15,800.4
10,800.4
31,800.5
25,800.8
1,800.9
9,801.0
20,801.6
2,801.7
18,801.8
8,801.9
0,802.0
22,802.5
28,802.7
19,803.0
23,803.1
21,803.1
30,803.4
11,803.5
12,803.6
5,804.6
24,805.2
0,805.4
29,805.5
9,805.5
7,805.6
31,806.3
1,806.4
4,807.0
13,807.1
8,807.4
25,808.0
6,808.6
5,808.6
12,808.9
22,808.9
19,808.9
18,809.2
15,809.4
27,809.7
0,809.9
11,810.3
9,811.3
1,811.3
4,811.6
3,811.7
26,812.0
17,812.2
7,812.2
2,813.1
5,813.4
11,814.2
27,814.8
16,815.3
25,815.8
13,815.9
22,815.9
0,816.6
12,816.7
3,816.8
9,817.0
4,817.0
8,817.5
11,817.5
10,818.2
20,818.2
1,818.3
2,818.6
31,818.9
28,818.9
27,819.2
17,819.5
5,819.6
7,819.6
19,819.7
30,819.8
18,820.4
3,820.4
11,820.7
9,821.1
26,821.4
22,823.5
13,823.7
1,823.8
16,823.8
3,823.9
10,824.1
11,824.1
2,824.2
25,824.3
28,824.6
5,825.6
27,825.6
9,825.7
20,825.8
29,826.4
7,826.5
11,827.4
4,827.7
0,828.0
24,828.3
3,828.3
19,829.6
28,830.2
11,830.3
10,830.4
9,830.5
5,830.5
2,830.6
13,830.7
1,831.0
25,832.2
20,832.4
21,832.7
27,832.8
29,832.8
3,833.0
12,833.2
17,833.7
18,834.0
11,834.1
6,834.6
31,834.6
4,835.1
0,835.6
5,836.4
22,836.4
1,836.4
9,836.6
28,838.0
23,838.1
20,838.1
7,839.3
11,839.3
29,839.5
6,839.7
4,840.2
10,840.5
3,840.6
19,840.7
13,841.0
2,841.2
21,841.3
31,841.3
0,841.7
1,842.2
9,842.2
25,842.3
8,842.7
12,843.3
29,843.4
28,843.5
7,843.6
5,843.7
30,843.8
15,844.2
11,844.3
23,844.3
6,845.3
4,845.4
0,845.5
9,845.5
19,845.6
22,846.0
20,846.1
14,846.5
27,846.6
24,846.6
17,846.8
29,847.4
21,847.6
5,847.7
13,847.7
31,847.9
18,848.0
7,848.0
30,848.3
1,848.4
10,848.6
8,848.6
16,849.0
9,849.0
0,849.5
25,849.6
2,849.7
28,850.4
19,850.9
22,850.9
26,850.9
29,851.1
11,851.1
15,851.6
9,851.9
5,852.0
21,852.2
17,852.2
24,852.6
14,852.8
23,853.0
30,853.3
0,853.4
27,853.6
4,853.6
7,854.7
31,854.8
6,855.1
8,855.1
25,855.2
9,855.4
29,855.9
13,856.0
28,856.4
3,856.4
17,856.7
16,856.8
1,856.8
24,857.0
10,857.0
11,857.1
2,857.3
0,857.9
22,858.0
5,858.3
19,858.6
9,858.8
30,859.1
21,859.4
7,860.1
23,860.6
25,861.2
28,861.4
3,861.9
17,862.2
9,862.4
27,862.6
1,862.8
8,863.2
24,863.2
11,863.3
29,863.3
0,864.0
30,864.8
7,865.5
16,865.5
2,865.6
5,866.3
31,866.5
3,866.7
9,867.3
21,867.4
23,867.6
22,867.7
14,868.4
28,868.5
17,869.2
0,869.5
29,869.7
30,870.1
1,870.2
3,870.8
11,871.2
7,871.2
4,871.5
9,872.2
6,872.5
27,872.5
23,872.6
25,872.7
13,872.9
28,873.1
22,874.2
14,874.7
19,874.8
5,874.8
29,875.1
24,875.1
2,875.2
3,875.4
21,875.6
28,876.3
11,876.5
1,876.6
7,876.9
17,877.1
13,877.6
9,877.6
4,877.7
0,877.7
18,877.7
23,878.2
30,879.3
27,879.6
31,879.8
28,880.1
29,880.9
19,881.0
22,881.2
21,881.6
6,881.8
2,881.9
14,881.9
3,882.3
11,882.9
5,882.9
13,883.4
28,883.9
9,884.2
17,884.7
1,884.9
30,886.1
31,886.3
7,886.3
20,887.3
29,887.5
23,887.8
19,887.9
28,887.9
18,888.1
27,888.4
4,888.6
2,888.7
3,888.7
11,889.0
21,889.1
22,889.8
9,890.3
28,891.2
29,891.2
20,891.8
5,892.2
13,892.5
19,892.5
31,892.9
1,893.6
11,893.7
2,893.8
30,893.9
7,894.3
9,894.4
28,894.4
29,894.7
15,894.8
0,894.9
3,894.9
18,896.6
20,896.7
19,896.8
21,897.3
12,897.7
2,897.7
28,897.9
30,898.1
9,898.1
22,898.3
29,898.5
27,898.6
31,898.7
5,898.8
11,898.8
0,899.2
25,900.1
7,900.5
24,900.8
18,902.0
12,902.1
19,902.3
2,902.4
17,902.5
28,902.6
3,902.8
20,902.8
15,902.8
9,902.9
0,903.3
11,903.4
4,903.7
31,903.9
29,904.2
1,904.2
30,904.3
27,904.5
22,904.7
26,905.0
6,905.5
7,906.2
14,906.5
23,906.8
25,907.0
5,907.4
21,907.5
20,907.6
2,907.6
19,907.8
28,907.8
11,907.9
31,908.1
12,908.2
24,908.5
18,908.5
30,908.7
0,909.4
3,909.7
29,909.9
9,910.6
22,911.4
7,911.6
27,911.6
4,911.7
6,912.2
31,912.8
20,913.2
28,913.4
30,913.4
23,914.0
11,914.5
25,914.7
0,914.8
12,914.8
5,915.5
26,915.7
3,916.0
24,916.1
13,916.2
2,916.2
27,917.2
19,917.5
0,918.2
22,918.6
28,919.0
21,919.0
7,919.2
25,919.2
29,919.5
11,919.9
3,920.3
12,920.5
31,920.5
30,921.0
5,921.1
6,921.3
23,921.4
4,921.5
0,921.6
18,922.3
27,922.8
13,922.8
20,923.5
28,923.5
24,923.5
9,923.7
29,924.6
7,925.2
25,925.5
0,925.8
2,926.3
3,926.5
23,926.9
4,927.2
5,927.4
19,927.4
28,927.7
11,927.8
29,928.5
6,928.7
20,929.2
1,929.3
12,929.3
22,929.6
0,931.0
26,931.7
18,932.2
4,932.2
19,932.2
2,932.8
28,932.9
7,933.6
8,933.6
29,933.7
1,933.8
27,934.0
5,935.3
23,935.8
0,935.9
12,936.8
25,936.8
19,936.9
13,936.9
20,937.0
24,937.5
26,937.6
22,937.6
8,937.8
1,938.0
17,939.2
9,939.5
7,939.6
0,939.6
3,939.6
4,939.8
5,940.8
25,940.9
19,941.0
30,941.2
28,941.4
8,941.5
11,942.0
29,942.6
1,943.0
0,943.0
24,943.2
31,943.5
22,944.2
5,944.5
25,944.9
19,945.6
2,945.7
13,945.8
9,946.4
8,946.5
21,946.5
27,946.5
0,947.4
26,947.6
7,947.7
6,947.8
3,947.9
30,948.2
11,948.7
5,948.8
29,949.0
18,949.1
17,949.3
25,949.9
20,950.7
1,950.7
22,950.9
19,951.1
31,951.3
28,951.4
2,953.1
5,953.5
29,953.5
0,953.6
21,953.6
13,953.6
24,954.4
12,954.4
30,954.9
8,954.9
11,956.1
27,956.5
20,956.6
19,957.3
7,957.6
28,957.9
31,958.0
15,958.1
25,958.2
5,958.5
29,959.1
0,960.2
9,960.2
11,960.2
12,960.3
2,960.7
22,961.5
13,961.6
17,961.7
3,962.9
27,963.4
28,964.3
23,964.7
7,965.1
31,965.4
11,965.4
29,965.5
15,965.8
4,965.9
5,966.5
20,967.3
6,967.6
19,967.8
12,968.8
0,968.9
8,968.9
13,969.0
1,969.1
28,969.6
25,969.7
17,970.1
11,970.5
29,970.6
9,970.7
30,970.8
7,971.0
23,971.0
4,972.1
27,972.4
19,973.7
31,973.7
3,973.8
13,974.3
25,974.8
8,975.0
20,975.0
11,975.7
21,975.8
0,975.9
28,977.1
1,977.5
9,977.8
29,977.8
6,978.7
19,979.9
13,980.4
31,980.5
27,981.0
7,981.1
2,981.1
23,981.3
3,981.4
17,981.6
11,981.7
0,982.2
28,982.3
25,982.4
20,982.5
14,984.1
18,984.3
22,984.4
13,984.5
4,984.6
8,984.8
19,985.0
3,986.2
27,986.2
11,987.3
2,987.9
28,988.2
13,988.8
0,988.9
25,989.7
5,990.0
14,990.6
3,992.3
19,992.5
27,992.7
22,993.6
11,993.8
31,994.0
13,994.2
9,994.7
29,995.6
20,995.9
6,997.3
28,999.6
31,1000.6
25,1000.8
0,1001.0
18,1001.6
20,1002.0
2,1002.3
12,1003.6
13,1003.9
9,1004.1
6,1004.5
3,1004.9
28,1006.1
11,1006.3
0,1006.5
27,1007.4
1,1007.7
18,1008.4
14,1008.8
31,1010.0
19,1010.2
2,1010.7
20,1011.0
9,1011.4
8,1012.4
12,1012.4
0,1012.5
6,1012.7
1,1013.7
25,1013.8
28,1014.9
11,1015.0
10,1015.2
3,1015.4
4,1015.4
9,1015.8
20,1016.1
19,1016.1
18,1016.1
1,1017.0
2,1017.3
7,1017.9
8,1018.3
29,1018.3
23,1018.8
0,1018.8
28,1019.2
31,1019.3
11,1019.3
22,1019.4
6,1019.4
5,1019.4
3,1019.5
12,1019.5
9,1019.6
4,1020.2
1,1021.1
18,1022.1
7,1022.2
10,1022.3
25,1022.8
2,1023.0
0,1023.1
9,1023.2
28,1023.2
20,1023.2
19,1023.5
12,1023.9
29,1024.0
3,1024.2
22,1024.4
11,1024.6
27,1024.9
23,1025.2
24,1025.3
1,1025.6
5,1025.6
4,1025.9
0,1026.4
8,1026.5
9,1026.8
18,1026.8
14,1026.9
13,1027.0
6,1027.2
28,1027.2
2,1027.4
25,1027.5
7,1027.5
19,1027.5
12,1028.0
22,1028.5
27,1029.4
29,1029.6
3,1029.8
9,1029.9
1,1030.2
0,1030.5
28,1031.0
11,1031.1
5,1031.4
2,1031.6
23,1031.6
4,1032.0
19,1032.2
30,1032.3
31,1032.4
22,1032.5
17,1032.5
21,1032.6
18,1032.6
14,1032.7
16,1033.0
13,1033.7
9,1034.0
27,1034.1
7,1034.1
24,1034.2
12,1034.2
25,1034.9
29,1035.0
28,1035.5
3,1035.8
8,1035.8
0,1035.9
2,1036.0
1,1036.5
5,1036.5
22,1037.0
19,1037.6
9,1037.7
6,1038.5
30,1038.5
18,1038.8
27,1039.0
4,1039.1
11,1039.4
3,1039.9
31,1040.2
28,1040.2
21,1040.4
20,1040.6
17,1040.6
12,1040.8
1,1040.9
14,1041.0
0,1041.0
16,1041.3
29,1042.0
2,1042.1
9,1042.7
13,1042.9
22,1044.1
10,1044.4
5,1044.6
27,1045.2
12,1045.3
11,1045.3
3,1045.4
7,1045.6
4,1045.7
23,1045.8
18,1046.3
1,1046.6
15,1046.9
31,1047.5
19,1048.1
28,1048.1
11,1048.7
0,1049.0
26,1049.2
12,1050.0
3,1050.8
9,1051.1
27,1051.2
4,1051.2
25,1051.4
30,1052.6
11,1052.7
2,1054.7
7,1054.7
15,1055.1
31,1055.6
1,1056.3
12,1057.6
11,1057.8
3,1058.3
4,1058.5
26,1058.5
10,1061.0
20,1061.3
11,1061.6
29,1061.9
27,1062.4
2,1062.7
3,1063.1
0,1063.2
18,1063.3
19,1063.8
8,1063.9
9,1064.0
5,1064.6
28,1064.9
4,1065.2
25,1065.3
11,1065.4
1,1065.7
26,1066.0
22,1066.3
3,1067.4
10,1067.9
0,1068.1
19,1069.4
8,1069.6
20,1070.5
11,1070.5
9,1070.7
3,1071.5
1,1072.7
2,1072.7
4,1073.5
28,1073.9
0,1074.0
11,1074.5
26,1074.8
25,1075.0
3,1075.3
9,1075.4
19,1076.9
1,1077.0
8,1077.6
21,1077.6
12,1077.6
11,1078.1
0,1078.2
7,1078.5
31,1078.7
9,1079.5
3,1079.6
27,1079.9
28,1080.0
26,1080.0
18,1080.1
15,1080.2
1,1080.3
4,1080.6
23,1081.0
30,1081.1
12,1081.3
11,1081.3
19,1081.5
0,1081.6
2,1081.8
8,1082.2
9,1082.7
1,1083.2
7,1083.6
3,1084.1
26,1084.8
12,1084.9
11,1084.9
25,1085.0
18,1085.1
4,1085.1
0,1085.3
19,1085.9
23,1086.2
28,1086.2
1,1086.8
9,1086.9
31,1087.0
29,1087.1
7,1087.5
15,1087.7
27,1087.9
8,1088.2
6,1088.2
30,1088.6
3,1089.0
11,1089.3
12,1089.5
0,1089.6
4,1089.7
2,1090.4
18,1090.6
9,1090.8
28,1091.0
23,1091.1
1,1091.2
26,1091.9
7,1092.1
19,1092.1
29,1092.8
21,1093.0
11,1094.4
27,1094.5
3,1094.6
0,1094.6
12,1094.9
2,1095.2
4,1095.3
5,1095.3
18,1095.3
13,1095.4
9,1095.5
30,1095.8
25,1095.9
28,1096.0
19,1096.3
1,1096.4
31,1096.4
8,1097.0
22,1097.3
6,1097.7
26,1098.0
23,1098.2
7,1098.3
29,1098.7
0,1098.9
10,1099.0
15,1099.6
27,1099.6
11,1099.8
30,1100.0
21,1100.3
19,1100.4
25,1100.7
5,1100.9
20,1101.0
2,1101.1
8,1101.1
3,1101.2
31,1101.2
24,1101.3
1,1101.3
18,1101.4
9,1101.6
28,1102.0
0,1102.2
12,1102.3
17,1102.5
29,1102.6
7,1102.8
22,1102.9
13,1103.0
19,1103.6
26,1103.7
30,1103.8
15,1104.1
11,1104.2
20,1104.4
25,1104.6
27,1104.9
23,1105.0
8,1105.2
4,1105.2
2,1105.5
31,1105.5
0,1106.4
29,1106.7
1,1107.0
5,1107.1
19,1107.2
20,1107.4
28,1107.4
10,1107.6
9,1107.6
12,1107.8
7,1107.9
11,1107.9
3,1108.1
24,1108.1
27,1108.9
2,1108.9
30,1109.3
15,1109.3
25,1109.4
8,1109.6
17,1109.7
31,1110.0
20,1111.0
16,1111.2
19,1111.3
11,1111.3
13,1111.4
0,1111.6
29,1112.2
9,1112.3
21,1112.4
22,1112.4
2,1112.9
27,1112.9
3,1113.6
1,1113.7
12,1114.2
28,1114.2
26,1114.3
18,1114.3
10,1114.5
11,1114.6
25,1115.0
7,1115.2
20,1115.5
19,1115.7
8,1115.8
17,1115.8
31,1116.0
29,1116.5
9,1116.5
5,1116.7
23,1116.8
15,1117.0
30,1117.2
22,1118.0
13,1118.0
2,1118.2
14,1118.2
27,1118.3
11,1118.4
0,1118.5
20,1119.4
19,1119.6
16,1119.6
9,1120.0
28,1120.3
29,1120.4
1,1120.7
25,1121.0
8,1121.6
17,1122.7
22,1123.4
31,1123.4
11,1123.6
3,1124.0
13,1124.2
27,1124.3
14,1124.6
2,1124.7
9,1124.8
19,1125.0
20,1125.1
29,1126.0
5,1126.1
24,1126.4
23,1126.6
30,1127.2
12,1127.4
0,1128.1
10,1131.0
11,1131.4
16,1131.5
28,1131.6
8,1131.8
9,1132.0
7,1132.6
20,1132.6
25,1132.6
19,1132.8
0,1132.9
1,1133.0
5,1133.3
22,1133.3
31,1133.5
6,1134.1
29,1135.1
14,1135.6
4,1136.9
13,1137.4
27,1137.5
0,1137.7
8,1138.2
20,1138.3
19,1138.5
9,1138.6
2,1139.0
5,1139.2
31,1139.7
25,1140.6
6,1140.9
1,1141.0
17,1141.3
0,1143.3
9,1144.5
19,1146.0
27,1146.3
2,1146.3
8,1146.5
11,1146.5
16,1146.5
12,1146.6
18,1146.7
1,1147.3
20,1147.3
0,1148.0
9,1148.3
4,1148.4
29,1148.5
5,1148.6
28,1149.6
17,1150.4
31,1150.9
12,1151.5
18,1151.6
9,1152.0
2,1152.4
11,1152.9
19,1152.9
1,1153.1
0,1153.2
29,1154.7
27,1154.8
3,1155.1
16,1155.8
4,1155.8
9,1156.2
12,1157.2
0,1157.6
18,1158.1
25,1158.2
17,1158.6
28,1158.6
2,1159.7
11,1159.7
27,1160.3
13,1160.3
1,1160.4
24,1160.6
3,1160.7
6,1161.0
22,1161.2
0,1161.5
19,1161.6
12,1161.9
28,1162.2
29,1162.3
9,1162.7
25,1162.9
4,1163.3
23,1163.7
7,1164.0
27,1164.2
11,1164.5
18,1165.0
13,1165.2
2,1165.4
28,1165.6
3,1165.6
0,1166.0
17,1166.2
19,1167.2
29,1167.6
25,1168.4
12,1168.6
27,1168.8
4,1169.0
6,1169.1
24,1169.1
28,1169.3
8,1169.6
23,1169.7
11,1169.8
1,1170.0
9,1170.2
0,1170.6
7,1171.2
13,1171.3
19,1171.8
22,1172.7
25,1173.2
2,1173.3
3,1173.5
0,1173.7
24,1173.8
10,1174.0
17,1174.0
9,1174.2
20,1174.3
27,1174.6
12,1174.7
29,1174.7
18,1174.8
28,1174.9
11,1175.4
8,1175.5
19,1176.7
0,1177.3
1,1177.8
25,1177.9
13,1178.2
24,1178.4
10,1178.4
4,1178.8
3,1178.9
11,1178.9
9,1179.0
17,1179.2
2,1179.4
5,1179.7
22,1179.8
27,1179.9
0,1180.4
12,1180.7
8,1180.8
28,1180.8
25,1181.0
20,1181.1
31,1181.1
29,1181.1
30,1181.2
21,1181.4
19,1181.4
24,1181.8
11,1182.1
23,1182.1
9,1182.5
16,1183.3
13,1183.4
17,1183.5
0,1183.8
10,1183.9
25,1184.2
3,1184.6
29,1185.4
1,1185.5
11,1185.8
8,1185.8
5,1185.9
24,1186.0
22,1186.2
27,1186.2
19,1186.5
9,1186.7
28,1186.9
30,1187.9
25,1188.3
6,1188.4
0,1188.6
2,1188.8
31,1188.8
21,1189.0
13,1189.4
11,1189.6
17,1190.4
29,1190.5
12,1191.5
3,1191.7
24,1192.2
7,1192.3
9,1192.4
10,1193.2
19,1193.6
25,1193.8
11,1194.1
20,1194.3
27,1194.5
8,1194.5
5,1194.7
28,1195.4
0,1196.1
29,1196.5
2,1197.3
22,1197.4
11,1198.0
9,1198.3
3,1198.4
13,1198.5
10,1198.9
30,1199.1
19,1199.5
1,1199.8
7,1200.0
26,1200.1
23,1200.9
20,1201.1
0,1201.8
5,1201.8
11,1201.9
8,1202.1
31,1202.7
29,1202.7
28,1203.7
19,1203.9
22,1204.0
25,1204.1
24,1204.2
7,1204.4
9,1204.7
3,1205.5
2,1205.6
17,1205.8
26,1206.0
30,1206.0
0,1206.1
1,1206.5
10,1206.6
11,1206.9
20,1206.9
5,1207.8
23,1208.1
7,1209.2
19,1209.8
3,1209.9
31,1210.0
8,1210.4
0,1210.8
27,1211.0
29,1211.1
11,1211.1
2,1211.6
9,1211.8
30,1212.1
22,1212.4
13,1212.4
20,1212.5
15,1213.2
7,1213.6
25,1213.6
16,1213.9
10,1214.0
3,1214.4
17,1214.6
11,1215.9
27,1216.1
26,1216.2
28,1216.9
0,1217.2
9,1217.7
2,1217.7
31,1218.0
30,1218.1
20,1218.7
25,1218.9
5,1219.0
24,1219.0
7,1219.0
12,1219.7
17,1219.8
13,1220.1
1,1220.2
8,1220.4
18,1220.5
19,1220.5
15,1220.9
3,1221.0
0,1221.0
16,1222.0
27,1222.4
9,1222.7
11,1222.7
2,1223.3
25,1223.6
23,1223.8
24,1225.3
0,1225.8
17,1226.4
13,1227.2
12,1227.5
3,1227.8
7,1228.4
9,1228.7
10,1229.1
0,1229.2
18,1229.4
25,1229.8
27,1230.3
11,1230.4
30,1230.6
24,1230.6
31,1230.6
20,1231.1
8,1231.3
2,1232.0
17,1232.9
0,1233.0
3,1233.4
29,1233.9
9,1234.2
24,1236.2
10,1236.9
0,1237.3
28,1237.6
19,1238.3
2,1238.6
20,1238.6
9,1239.6
17,1239.9
29,1240.1
27,1241.1
0,1241.6
26,1241.6
16,1242.2
1,1242.3
3,1242.4
2,1242.8
19,1242.9
8,1243.0
25,1243.0
11,1243.3
20,1243.5
10,1244.0
28,1244.5
24,1245.2
13,1245.6
29,1246.1
9,1246.3
0,1246.3
2,1246.5
19,1247.2
17,1247.3
26,1247.7
20,1247.8
27,1249.0
11,1249.0
3,1249.3
1,1249.6
10,1249.7
2,1250.2
16,1250.8
19,1251.4
28,1251.5
8,1251.7
0,1252.8
9,1253.4
18,1253.8
2,1254.2
20,1254.5
27,1254.6
26,1254.6
29,1255.0
19,1255.1
21,1256.0
30,1256.1
17,1256.3
5,1256.7
1,1257.1
7,1257.5
31,1257.5
22,1257.8
28,1258.1
15,1258.3
11,1258.7
30,1259.6
0,1259.7
2,1259.9
19,1260.1
10,1260.2
21,1260.7
8,1260.8
29,1261.0
23,1261.2
7,1261.5
27,1262.6
9,1262.7
5,1262.8
31,1263.0
20,1263.1
30,1263.6
3,1264.2
28,1264.8
11,1265.0
26,1265.2
19,1265.6
29,1265.8
7,1265.9
15,1266.1
22,1267.4
21,1267.7
30,1268.3
18,1268.6
23,1268.7
2,1268.9
31,1269.0
9,1269.1
20,1270.0
19,1270.4
28,1270.8
11,1272.1
27,1272.1
29,1272.4
7,1272.4
0,1272.6
5,1273.7
2,1275.6
19,1275.7
30,1275.8
28,1277.2
3,1277.2
31,1277.7
20,1278.0
18,1278.4
10,1278.6
11,1279.0
0,1279.2
7,1280.1
15,1280.3
27,1280.5
2,1280.8
3,1281.6
9,1281.6
30,1282.2
19,1283.5
10,1284.4
20,1284.5
11,1285.0
0,1285.4
29,1285.5
17,1285.8
14,1285.9
7,1285.9
22,1286.3
13,1286.4
28,1286.9
24,1287.1
15,1287.2
2,1287.9
3,1288.3
9,1288.3
31,1289.6
30,1289.6
20,1290.5
10,1290.7
0,1291.2
14,1292.4
21,1292.8
28,1293.3
24,1293.6
9,1294.3
17,1294.4
13,1294.7
11,1294.7
22,1295.4
7,1295.7
15,1297.3
30,1297.8
0,1298.5
10,1299.7
1,1299.9
4,1301.5
19,1301.5
18,1301.7
9,1302.4
12,1302.6
2,1302.8
20,1302.8
8,1302.9
28,1303.3
25,1304.0
7,1304.1
14,1304.1
31,1304.5
1,1304.5
0,1304.9
3,1305.1
27,1305.2
13,1305.6
19,1305.6
30,1306.0
15,1306.0
22,1306.1
24,1306.9
28,1307.5
23,1307.7
9,1307.8
18,1308.2
7,1308.4
8,1309.0
1,1309.1
2,1309.5
14,1309.7
19,1309.8
11,1310.3
21,1310.8
28,1311.0
30,1311.0
22,1311.3
3,1311.4
7,1311.5
9,1311.6
5,1311.9
0,1312.1
25,1312.5
13,1313.2
4,1313.3
1,1313.3
15,1313.3
29,1313.6
19,1313.7
20,1313.7
28,1314.4
2,1314.7
7,1314.8
27,1315.2
23,1315.3
8,1315.4
30,1316.5
9,1316.7
22,1316.8
5,1318.3
28,1318.5
3,1318.6
19,1318.7
14,1318.9
7,1319.6
1,1319.8
29,1320.2
20,1320.2
11,1320.3
2,1321.3
12,1321.4
18,1321.7
28,1322.9
0,1323.0
22,1323.4
17,1324.1
7,1324.6
19,1324.7
5,1324.8
21,1324.8
25,1324.8
9,1324.9
8,1324.9
24,1325.7
30,1326.5
1,1326.6
26,1326.6
20,1326.7
29,1327.2
0,1327.4
2,1327.5
28,1327.8
15,1329.1
19,1329.4
8,1330.1
25,1330.2
0,1330.9
17,1332.3
9,1332.5
24,1332.5
2,1332.5
18,1332.6
26,1332.7
1,1332.8
7,1332.9
22,1333.0
12,1333.2
28,1333.5
20,1333.5
5,1333.7
19,1334.0
29,1334.2
0,1334.2
23,1335.3
13,1335.4
3,1335.9
25,1336.1
27,1337.0
8,1337.2
0,1337.5
12,1337.6
2,1337.6
24,1337.9
21,1338.3
22,1338.5
9,1338.7
18,1339.3
19,1339.8
26,1340.6
0,1340.6
1,1340.9
7,1341.3
28,1342.0
25,1342.1
12,1342.5
20,1342.8
5,1342.9
0,1343.9
3,1344.0
8,1344.8
29,1345.0
2,1345.0
24,1345.2
19,1346.2
22,1347.1
21,1347.8
9,1347.9
0,1348.1
27,1348.6
30,1349.1
26,1350.4
20,1350.4
12,1350.5
28,1351.1
2,1351.6
3,1351.7
18,1352.2
29,1352.3
31,1352.7
1,1353.0
19,1353.0
6,1353.0
0,1354.1
20,1354.9
25,1355.3
17,1355.5
28,1357.0
2,1357.8
11,1357.8
29,1358.4
20,1358.7
31,1359.7
6,1360.1
21,1360.1
5,1360.5
22,1360.6
28,1361.2
19,1361.4
23,1361.8
0,1361.8
13,1362.2
30,1362.2
3,1362.3
20,1363.3
17,1364.5
7,1364.6
29,1364.8
24,1366.1
0,1366.4
28,1366.4
9,1366.7
31,1367.0
11,1367.4
20,1368.1
10,1368.4
3,1369.0
2,1370.0
17,1370.1
13,1370.5
0,1371.3
28,1371.7
20,1372.2
22,1372.4
5,1372.6
29,1372.9
24,1373.1
9,1373.3
31,1373.8
30,1374.0
23,1374.2
10,1374.3
11,1375.0
3,1375.7
20,1376.0
28,1376.5
2,1376.6
17,1376.9
19,1376.9
0,1377.1
21,1377.2
9,1377.8
5,1377.9
1,1378.2
29,1378.6
22,1378.6
31,1378.7
6,1378.7
10,1379.2
11,1379.3
20,1379.5
27,1379.6
30,1379.6
3,1379.7
18,1380.0
28,1380.2
2,1381.2
24,1382.7
9,1382.7
31,1382.9
19,1383.0
20,1383.2
5,1383.2
29,1384.3
21,1384.3
22,1384.9
3,1385.0
11,1385.0
30,1385.0
28,1385.2
1,1385.9
6,1386.3
0,1386.3
20,1386.4
23,1386.6
31,1387.0
10,1387.5
5,1387.9
2,1388.1
19,1388.1
26,1388.2
8,1389.3
1,1390.0
18,1390.0
0,1390.6
20,1390.8
29,1390.8
9,1391.0
4,1391.3
27,1391.4
12,1391.7
22,1392.7
5,1392.7
30,1392.8
19,1393.0
31,1393.4
28,1393.5
0,1393.7
1,1393.9
26,1394.0
25,1394.7
3,1394.7
8,1394.8
11,1395.0
23,1395.5
24,1395.7
17,1395.9
7,1396.0
9,1396.1
12,1396.2
20,1396.3
29,1396.3
19,1396.6
0,1396.8
5,1397.1
1,1397.6
30,1397.6
22,1397.8
18,1398.1
4,1398.9
6,1399.2
27,1399.3
25,1399.4
8,1399.7
0,1399.9
19,1400.2
9,1400.3
28,1400.4
23,1400.5
29,1400.5
11,1401.0
7,1401.2
12,1401.3
1,1402.4
20,1402.5
3,1402.7
30,1403.0
24,1403.1
5,1403.3
0,1403.4
2,1403.9
4,1404.2
21,1404.4
29,1404.4
22,1404.4
23,1404.8
19,1405.1
9,1405.9
31,1406.0
26,1406.0
7,1406.0
28,1406.1
6,1406.2
25,1406.4
8,1406.9
0,1407.7
11,1407.8
20,1408.2
3,1408.2
4,1408.2
18,1408.4
1,1408.7
29,1408.8
27,1409.0
12,1409.1
19,1409.6
23,1410.1
13,1410.1
28,1410.1
10,1410.1
2,1410.9
30,1411.2
17,1411.3
24,1411.8
4,1412.0
11,1412.0
0,1412.1
6,1412.2
7,1412.5
25,1412.6
22,1412.8
26,1412.8
31,1413.4
20,1414.0
3,1414.2
27,1414.5
12,1414.5
18,1414.7
28,1414.9
19,1415.0
9,1415.1
1,1415.2
29,1415.4
5,1415.6
4,1416.7
11,1416.7
0,1416.8
13,1418.6
24,1418.6
31,1418.6
20,1419.0
6,1419.2
23,1419.3
25,1419.5
17,1419.5
12,1419.6
2,1419.7
22,1420.3
28,1421.2
27,1421.8
30,1421.9
11,1421.9
29,1422.1
0,1422.5
8,1422.6
7,1422.8
1,1422.8
20,1423.0
31,1423.1
19,1423.4
18,1423.4
4,1423.5
24,1423.6
5,1423.9
12,1424.0
25,1424.5
15,1424.5
26,1424.6
3,1425.4
17,1425.8
11,1426.4
23,1427.1
31,1428.0
27,1428.0
0,1428.4
22,1428.6
20,1428.7
24,1429.0
12,1429.3
25,1429.6
8,1430.3
29,1431.1
7,1431.2
28,1431.5
11,1432.0
15,1432.4
17,1432.8
5,1432.9
2,1433.2
0,1433.5
20,1433.7
19,1433.7
31,1434.3
12,1434.6
30,1434.6
27,1434.9
6,1435.3
24,1435.8
22,1435.8
7,1436.4
29,1436.6
25,1437.0
5,1437.0
0,1437.7
28,1437.8
13,1438.1
11,1438.3
2,1438.5
20,1438.9
9,1438.9
12,1439.0
18,1439.1
4,1439.6
1,1439.8
5,1439.9
31,1440.1
15,1440.3
22,1440.5
21,1440.6
19,1440.7
29,1440.9
7,1441.2
27,1441.5
0,1441.7
2,1441.9
30,1442.1
12,1442.6
28,1442.7
18,1443.2
5,1443.6
11,1444.2
20,1444.5
31,1444.9
4,1445.0
8,1445.2
21,1445.2
19,1445.5
29,1445.5
2,1445.8
9,1445.9
1,1446.0
22,1446.1
3,1446.4
0,1446.7
26,1446.8
12,1447.4
27,1447.4
28,1447.5
18,1448.2
5,1448.2
11,1448.2
30,1448.9
7,1449.2
3,1449.9
4,1450.1
31,1450.3
20,1450.4
9,1450.8
1,1450.9
23,1451.3
0,1451.3
2,1451.8
28,1451.9
11,1452.1
21,1452.2
15,1452.2
19,1452.4
29,1452.5
3,1453.5
24,1453.8
17,1454.4
22,1454.6
12,1454.9
5,1455.0
25,1455.3
31,1455.8
26,1456.0
18,1456.5
20,1456.6
9,1456.8
1,1457.3
21,1457.6
0,1457.7
30,1457.7
28,1457.8
11,1458.1
27,1458.5
3,1458.6
4,1458.9
29,1459.6
5,1460.5
31,1461.9
22,1463.0
21,1463.2
2,1463.5
20,1465.2
19,1465.8
1,1466.6
30,1467.1
12,1467.9
3,1467.9
28,1468.2
31,1468.2
4,1468.4
11,1468.6
9,1468.9
18,1468.9
0,1469.1
29,1469.9
7,1470.0
5,1470.3
20,1471.0
27,1471.8
2,1471.9
15,1472.2
1,1472.4
12,1472.6
11,1473.0
13,1473.7
19,1474.1
31,1474.2
25,1474.4
21,1474.4
28,1474.6
22,1475.3
3,1475.4
7,1475.5
29,1475.7
20,1476.1
5,1476.6
27,1476.7
4,1477.2
11,1477.2
12,1477.8
2,1478.7
15,1479.7
7,1480.8
22,1481.0
29,1481.1
5,1481.1
0,1481.2
31,1481.4
28,1481.6
13,1481.7
20,1481.8
9,1481.8
18,1481.9
24,1482.0
30,1482.5
19,1482.5
10,1482.9
1,1482.9
11,1483.4
21,1483.5
17,1483.5
14,1484.4
27,1485.2
25,1485.3
22,1485.4
5,1486.0
26,1486.0
0,1486.1
29,1486.2
2,1486.3
7,1486.9
3,1487.0
30,1487.1
23,1487.2
13,1487.3
12,1487.4
20,1487.4
8,1487.5
9,1487.7
19,1487.7
31,1488.5
24,1488.7
22,1489.1
17,1489.6
1,1489.7
5,1490.1
14,1490.2
0,1490.5
21,1490.7
29,1490.9
27,1491.2
30,1491.2
10,1491.3
7,1491.7
11,1491.7
16,1492.0
26,1492.1
28,1492.3
23,1492.9
12,1492.9
19,1493.0
15,1493.0
2,1493.1
9,1493.2
22,1493.6
13,1493.6
20,1493.9
4,1494.2
1,1494.3
31,1494.5
17,1495.8
27,1495.8
5,1495.9
0,1495.9
8,1496.0
18,1496.1
14,1496.1
30,1496.1
12,1496.7
29,1496.8
7,1496.8
22,1496.9
24,1497.1
21,1497.3
11,1498.0
25,1498.3
23,1498.4
20,1498.7
2,1499.5
27,1499.8
1,1499.9
28,1499.9
4,1500.0
9,1500.0
19,1500.0
29,1500.0
12,1500.1
15,1500.2
5,1500.2
22,1500.3
7,1500.4
0,1500.4
13,1500.6
16,1501.2
31,1501.4
6,1502.0
30,1502.0
23,1503.0
26,1503.1
24,1503.2
7,1503.3
29,1503.5
20,1503.6
22,1504.1
14,1504.1
12,1504.4
11,1504.7
4,1504.8
28,1504.9
15,1505.1
5,1505.1
27,1505.2
2,1505.3
17,1506.0
7,1506.1
25,1506.3
21,1506.3
0,1506.4
19,1506.5
30,1507.1
29,1507.4
3,1508.0
11,1508.6
23,1508.9
12,1509.2
31,1509.2
4,1509.3
22,1509.6
1,1509.7
20,1509.7
7,1509.8
26,1509.9
15,1510.0
28,1511.3
27,1511.9
5,1511.9
13,1512.4
11,1512.5
6,1512.9
29,1513.0
9,1513.9
2,1514.2
4,1514.2
30,1514.2
24,1514.4
17,1514.7
18,1514.7
12,1515.1
7,1515.1
1,1516.2
11,1516.7
3,1516.8
0,1516.9
8,1517.6
26,1517.8
19,1517.9
28,1518.0
15,1518.0
22,1518.2
4,1518.4
23,1519.1
25,1519.9
1,1520.1
13,1520.1
20,1520.4
11,1521.2
12,1521.5
0,1521.5
9,1521.8
19,1521.8
17,1522.1
8,1522.3
26,1522.9
31,1522.9
29,1523.0
4,1523.2
10,1523.4
1,1523.5
18,1523.6
3,1523.6
7,1524.1
11,1524.4
2,1524.4
5,1524.6
28,1524.9
19,1525.7
9,1526.0
0,1526.1
20,1526.5
1,1526.7
8,1526.8
3,1527.3
26,1527.3
11,1527.5
30,1527.6
27,1527.7
25,1528.5
4,1528.5
22,1529.0
10,1529.4
12,1529.7
23,1529.9
28,1529.9
1,1530.1
29,1530.2
19,1530.7
9,1530.9
20,1531.5
11,1531.7
3,1531.7
14,1532.1
0,1532.6
2,1532.7
5,1532.8
18,1532.9
8,1533.8
26,1533.9
1,1534.5
4,1535.8
12,1536.6
13,1536.8
20,1537.1
22,1537.3
25,1537.4
24,1537.4
0,1537.7
28,1537.9
11,1538.1
31,1538.2
30,1538.6
3,1538.8
27,1538.9
9,1539.1
19,1539.5
29,1539.5
23,1540.0
5,1541.1
20,1541.4
10,1541.5
1,1542.0
12,1542.2
22,1542.8
0,1543.4
28,1543.8
17,1544.2
24,1544.9
25,1545.2
31,1545.4
20,1547.2
30,1547.9
7,1548.0
3,1548.6
23,1548.7
26,1549.0
0,1549.4
11,1549.8
29,1549.9
22,1550.9
28,1551.4
12,1551.5
13,1551.8
5,1551.8
27,1551.8
20,1552.7
14,1552.8
2,1552.9
9,1553.0
17,1553.0
30,1553.2
8,1553.8
23,1553.8
7,1554.4
3,1554.7
11,1555.1
29,1555.1
0,1555.4
16,1555.5
19,1555.5
22,1555.8
28,1556.8
13,1556.9
9,1557.8
17,1558.5
27,1558.6
14,1558.9
11,1559.2
1,1559.5
30,1559.9
29,1560.4
2,1560.6
20,1560.9
23,1561.0
31,1561.0
12,1561.0
7,1561.1
0,1561.6
22,1561.7
3,1561.9
13,1561.9
28,1561.9
9,1562.2
19,1562.4
21,1562.7
15,1562.8
18,1563.0
27,1563.0
11,1563.3
5,1564.2
16,1564.2
2,1565.0
12,1565.1
17,1565.2
14,1565.7
0,1566.4
9,1566.7
28,1567.1
27,1567.3
19,1567.7
11,1567.8
18,1567.9
7,1568.1
31,1568.7
29,1568.8
13,1569.6
2,1569.9
22,1570.2
12,1570.2
15,1570.3
8,1570.5
9,1571.1
25,1571.1
0,1571.2
1,1571.8
19,1572.1
14,1572.2
27,1573.8
30,1574.3
11,1574.4
28,1575.2
21,1575.6
18,1576.0
9,1576.1
8,1576.3
19,1576.9
0,1577.1
2,1578.3
20,1578.3
13,1578.5
12,1578.9
31,1579.4
25,1579.9
22,1580.2
23,1580.8
1,1581.4
17,1582.3
3,1582.4
0,1582.5
27,1582.6
24,1582.9
12,1583.7
14,1583.8
21,1584.2
9,1584.5
19,1584.6
25,1585.3
8,1585.3
4,1585.4
20,1585.7
18,1585.9
7,1586.0
1,1586.2
11,1586.5
31,1586.6
0,1586.7
22,1587.5
12,1588.4
24,1591.1
19,1591.3
27,1591.3
1,1592.0
25,1592.1
10,1592.1
20,1592.1
2,1592.3
9,1592.7
0,1593.1
11,1593.3
3,1593.9
8,1594.0
22,1594.9
28,1595.2
4,1595.5
12,1595.6
13,1595.9
14,1596.0
29,1596.0
5,1596.2
7,1596.3
26,1597.0
19,1597.3
1,1597.4
30,1598.0
18,1598.0
0,1598.4
15,1598.4
10,1598.5
20,1599.0
22,1599.2
11,1599.9
2,1600.3
7,1600.4
8,1601.0
31,1601.5
1,1601.6
14,1601.8
5,1602.1
13,1602.2
3,1602.2
19,1602.6
26,1602.9
30,1603.5
12,1603.6
4,1603.9
7,1603.9
11,1604.0
22,1604.0
0,1604.2
25,1604.9
10,1605.1
23,1605.3
15,1605.9
17,1606.0
13,1606.1
27,1606.2
1,1606.3
28,1606.7
20,1606.9
18,1607.9
11,1608.3
7,1608.4
3,1608.5
30,1609.3
14,1609.7
13,1610.2
2,1610.5
19,1611.3
8,1611.5
22,1611.6
11,1612.6
5,1612.7
23,1612.7
7,1613.1
12,1613.3
10,1613.3
0,1613.4
25,1613.6
1,1613.6
9,1614.5
26,1614.6
20,1614.9
17,1614.9
3,1615.2
4,1615.3
28,1615.8
13,1616.0
5,1617.2
27,1617.5
30,1617.8
11,1617.9
0,1618.4
24,1618.4
7,1618.5
22,1618.7
2,1619.0
25,1619.2
8,1620.5
15,1620.5
17,1621.6
5,1621.9
0,1623.1
7,1623.7
10,1623.8
30,1624.1
24,1625.2
25,1625.7
11,1626.1
15,1627.2
0,1627.6
5,1628.5
12,1628.5
18,1628.5
7,1628.8
9,1629.1
22,1629.1
13,1629.1
2,1629.4
3,1629.6
20,1630.0
25,1631.1
0,1631.1
24,1631.3
27,1631.4
23,1631.8
12,1632.7
30,1633.0
7,1633.1
29,1633.3
11,1633.6
1,1633.6
8,1633.6
4,1633.7
28,1633.9
17,1634.2
22,1634.7
6,1634.9
0,1635.2
5,1635.3
14,1635.3
13,1635.4
25,1635.5
21,1635.8
3,1636.5
18,1636.8
2,1636.9
27,1637.2
9,1637.3
10,1637.4
11,1637.4
23,1637.9
7,1638.0
24,1638.0
12,1638.3
20,1638.9
19,1639.1
29,1639.1
28,1639.7
4,1640.0
13,1641.0
0,1641.3
11,1641.4
25,1642.0
3,1642.7
17,1643.4
2,1643.6
15,1643.7
10,1643.7
22,1644.7
7,1645.7
20,1645.8
28,1645.8
29,1646.1
11,1646.4
6,1647.4
13,1647.5
27,1647.9
23,1648.2
2,1648.9
19,1649.0
12,1649.0
5,1650.1
20,1650.1
28,1650.4
29,1650.5
21,1650.7
30,1652.2
0,1652.3
22,1653.2
17,1653.5
20,1653.5
11,1653.6
2,1654.6
28,1654.8
4,1654.8
25,1654.9
6,1655.1
31,1655.1
3,1655.3
29,1655.3
9,1655.4
12,1655.4
24,1655.4
23,1655.6
18,1655.9
0,1656.5
7,1656.8
20,1657.8
28,1658.2
27,1658.3
1,1658.9
12,1659.0
11,1659.4
9,1659.5
10,1659.5
22,1659.6
6,1660.0
13,1660.3
0,1660.3
2,1660.6
29,1660.6
31,1660.6
3,1660.9
19,1661.0
15,1661.4
5,1661.4
7,1661.5
25,1661.7
23,1662.0
24,1662.0
28,1662.1
30,1662.5
4,1662.5
12,1662.7
26,1662.9
20,1663.1
1,1663.6
11,1663.6
27,1663.9
18,1664.0
0,1664.3
8,1664.5
9,1664.6
29,1664.7
7,1665.1
15,1665.5
22,1665.8
6,1666.1
28,1666.1
31,1666.4
12,1666.9
19,1667.1
23,1667.1
30,1667.4
0,1667.8
20,1668.1
11,1668.2
1,1668.5
26,1669.0
3,1669.1
25,1669.1
7,1669.3
27,1669.5
5,1669.6
8,1669.7
29,1670.1
15,1670.1
24,1670.2
9,1670.4
28,1670.4
12,1670.7
17,1670.9
13,1671.1
4,1671.1
19,1671.2
0,1671.6
11,1672.1
2,1672.2
22,1672.5
30,1672.8
23,1672.9
7,1673.1
31,1673.4
20,1673.6
1,1673.7
10,1673.9
8,1674.4
25,1674.5
19,1675.5
9,1675.7
12,1675.7
0,1675.7
27,1675.9
3,1676.0
11,1676.0
28,1677.1
15,1677.2
7,1677.6
24,1677.7
30,1678.3
26,1678.5
6,1678.5
23,1678.7
2,1678.9
29,1679.4
20,1679.5
25,1679.5
8,1679.7
0,1679.9
1,1680.0
22,1680.2
10,1680.3
19,1680.6
11,1681.0
12,1681.4
9,1682.0
13,1682.5
7,1682.7
17,1683.1
31,1683.7
28,1683.7
23,1684.1
6,1684.1
4,1684.5
20,1684.7
27,1684.7
29,1685.7
3,1685.8
0,1686.2
30,1686.3
11,1686.3
25,1686.9
7,1687.4
1,1687.6
8,1687.7
9,1687.9
28,1688.1
19,1688.3
15,1688.4
24,1688.9
6,1689.1
23,1689.6
5,1689.7
20,1690.2
31,1690.3
4,1691.1
7,1691.3
3,1691.3
29,1691.5
12,1691.6
11,1691.7
2,1691.8
30,1692.3
28,1692.5
9,1692.8
1,1693.2
15,1694.8
6,1695.2
10,1696.1
13,1696.4
7,1696.4
18,1696.6
4,1696.9
23,1697.0
1,1698.1
0,1698.1
28,1699.1
3,1699.4
12,1699.4
30,1699.4
29,1699.4
31,1699.6
22,1699.7
20,1699.7
11,1700.1
17,1700.5
5,1700.8
21,1701.4
9,1701.6
4,1703.8
19,1703.8
25,1703.9
29,1703.9
1,1704.4
2,1704.6
28,1705.0
7,1705.2
30,1705.3
20,1705.6
22,1706.4
12,1706.4
31,1706.6
5,1706.7
0,1707.1
24,1707.4
27,1707.6
15,1708.2
29,1708.3
6,1708.8
21,1709.3
18,1709.4
25,1710.0
19,1710.6
8,1711.3
28,1711.7
0,1711.7
12,1711.9
1,1711.9
9,1712.0
2,1712.0
20,1712.2
11,1713.1
22,1713.2
30,1713.3
3,1713.3
4,1713.9
7,1715.0
29,1715.1
1,1715.4
19,1715.5
25,1715.7
9,1715.7
24,1715.8
26,1715.8
21,1716.0
23,1716.0
0,1716.3
3,1716.7
15,1716.8
27,1716.9
28,1716.9
8,1717.0
11,1717.2
30,1717.6
5,1717.7
12,1717.7
17,1718.3
14,1718.5
4,1718.7
9,1718.8
13,1718.9
22,1718.9
7,1719.0
1,1719.2
0,1719.3
2,1719.4
18,1719.8
24,1720.1
3,1720.2
31,1720.2
16,1720.3
10,1720.5
25,1721.1
9,1721.8
30,1722.0
11,1722.1
27,1722.2
28,1722.3
12,1722.4
19,1722.7
0,1722.7
1,1723.1
7,1723.3
23,1723.4
20,1723.7
17,1723.9
22,1724.1
3,1724.2
24,1724.3
14,1724.5
9,1724.9
4,1724.9
15,1724.9
8,1725.3
0,1725.5
13,1725.6
25,1725.7
6,1726.1
26,1726.2
2,1726.8
21,1727.7
31,1727.7
1,1727.9
29,1728.0
24,1728.0
27,1728.1
9,1728.4
7,1728.4
30,1728.4
17,1728.4
12,1728.5
19,1728.6
28,1728.7
11,1728.8
0,1728.9
10,1729.2
23,1729.3
25,1729.3
3,1729.3
16,1729.3
22,1730.2
20,1730.2
8,1730.2
4,1730.4
13,1730.8
6,1730.9
14,1731.7
24,1732.2
7,1732.4
25,1733.1
0,1733.4
9,1733.5
29,1733.6
23,1733.6
27,1734.0
17,1734.0
11,1734.1
31,1734.8
30,1734.8
28,1734.8
3,1734.9
1,1735.1
13,1735.4
4,1735.9
18,1736.1
8,1736.7
6,1736.8
19,1737.1
9,1737.3
22,1737.5
25,1737.5
7,1737.5
14,1737.8
0,1738.2
24,1738.8
20,1738.8
21,1739.4
23,1739.7
11,1739.9
1,1740.0
3,1740.2
28,1740.5
12,1740.5
9,1741.1
13,1741.3
29,1741.4
17,1742.1
5,1742.2
10,1742.3
0,1742.7
2,1742.8
25,1743.5
8,1743.8
27,1744.4
24,1744.4
19,1744.8
15,1745.7
7,1745.7
9,1745.9
4,1746.0
30,1746.9
6,1746.9
31,1747.3
20,1747.5
14,1747.9
1,1748.9
3,1749.1
21,1749.3
22,1749.4
0,1749.7
11,1749.9
28,1750.2
12,1751.5
23,1751.6
31,1751.7
7,1751.7
5,1752.4
13,1752.6
17,1753.1
20,1753.1
9,1753.6
25,1753.7
27,1753.7
15,1754.0
24,1754.3
8,1754.5
22,1754.9
29,1755.0
11,1755.2
31,1755.2
0,1755.4
19,1755.4
6,1756.0
7,1756.1
5,1756.4
21,1756.4
30,1756.6
12,1757.3
1,1757.6
25,1758.2
31,1759.2
8,1759.3
11,1759.4
24,1759.8
4,1759.9
20,1760.0
22,1760.0
26,1760.1
17,1760.4
5,1760.5
3,1760.6
9,1760.7
10,1760.8
0,1760.9
21,1761.2
7,1761.6
15,1762.0
27,1762.1
29,1762.2
19,1762.4
11,1762.7
30,1763.0
25,1763.0
8,1764.2
2,1764.8
31,1764.8
5,1765.3
22,1765.6
20,1765.6
1,1765.8
3,1765.9
11,1766.3
10,1766.5
4,1766.8
12,1767.2
0,1767.8
21,1767.9
9,1768.2
24,1768.5
7,1769.0
26,1769.4
25,1770.1
20,1770.3
31,1770.4
6,1770.4
18,1770.6
17,1770.8
1,1770.8
19,1770.9
11,1771.0
2,1771.1
27,1771.1
3,1771.8
8,1771.8
16,1772.7
4,1772.8
5,1773.1
13,1773.1
9,1774.7
12,1775.0
10,1775.3
11,1775.5
29,1775.7
27,1776.0
22,1776.1
25,1776.2
30,1776.5
20,1777.5
2,1777.6
17,1777.8
3,1778.4
31,1778.4
1,1778.5
0,1780.2
13,1780.3
6,1780.8
28,1781.1
16,1781.1
11,1782.0
9,1782.1
25,1782.3
24,1782.4
27,1782.5
7,1782.5
8,1783.2
20,1783.5
15,1783.6
4,1784.0
17,1784.2
30,1784.8
23,1785.1
31,1785.1
29,1786.3
21,1786.5
7,1786.7
6,1786.7
25,1787.3
0,1788.0
24,1788.3
5,1789.3
2,1789.5
4,1789.8
3,1790.0
11,1790.2
28,1790.3
20,1790.3
10,1790.4
15,1790.5
18,1790.8
23,1791.0
7,1791.5
6,1792.0
29,1792.1
8,1792.5
17,1792.7
30,1792.8
12,1793.0
31,1793.2
9,1793.8
13,1793.9
0,1794.3
2,1794.5
14,1794.6
20,1794.8
25,1795.1
22,1795.1
11,1795.7
27,1796.4
10,1796.4
3,1797.7
4,1797.8
18,1797.8
7,1798.5
6,1798.6
23,1799.3
29,1799.7
1,1799.9
12,1800.1
0,1800.2
2,1800.3
24,1800.6
13,1800.7
9,1800.7
14,1800.9
20,1801.0
28,1801.3
11,1802.0
10,1802.5
22,1803.5
4,1804.4
31,1804.5
3,1805.0
20,1805.4
6,1805.8
7,1806.4
11,1806.5
26,1807.5
23,1808.1
2,1808.2
29,1808.5
31,1809.7
4,1809.8
20,1810.3
11,1810.8
3,1810.8
0,1811.4
9,1811.5
28,1812.0
18,1812.2
1,1813.4
10,1813.6
12,1814.3
6,1814.3
11,1814.6
31,1815.0
20,1815.3
9,1815.3
3,1815.4
25,1815.5
8,1815.6
14,1815.6
22,1816.2
5,1816.2
15,1816.2
19,1816.2
30,1816.2
29,1816.3
0,1816.7
7,1816.8
27,1817.1
24,1817.6
26,1817.9
23,1818.0
17,1818.1
28,1818.1
13,1818.3
21,1818.3
1,1818.6
11,1818.6
9,1818.8
4,1819.2
31,1819.3
12,1819.9
20,1820.6
10,1821.3
5,1821.3
0,1821.4
8,1821.4
29,1821.8
30,1821.8
3,1822.1
19,1822.1
22,1822.2
9,1822.4
1,1822.9
15,1823.1
31,1823.1
11,1823.5
25,1823.7
24,1824.1
18,1825.2
12,1825.3
17,1825.6
4,1825.7
27,1825.9
21,1826.0
7,1826.2
20,1826.4
28,1826.6
30,1827.2
9,1827.2
5,1827.3
0,1827.3
29,1827.8
1,1827.9
22,1828.5
31,1828.5
13,1828.6
23,1828.7
11,1828.7
15,1829.2
3,1830.5
30,1831.6
7,1831.8
20,1832.0
8,1832.0
10,1832.6
0,1832.6
17,1832.8
2,1833.1
12,1833.4
19,1833.8
28,1834.6
11,1834.9
5,1834.9
9,1835.1
4,1835.5
24,1835.6
29,1835.8
15,1835.9
1,1836.5
3,1836.7
13,1837.1
22,1837.7
30,1838.1
0,1838.6
7,1838.6
31,1838.9
17,1840.5
5,1840.5
9,1841.4
24,1842.0
0,1842.1
10,1842.1
20,1842.4
18,1842.9
23,1843.0
22,1843.1
7,1843.2
25,1843.3
12,1843.5
5,1844.3
27,1844.5
30,1844.9
11,1845.6
0,1845.7
24,1847.0
7,1847.7
22,1848.0
5,1848.5
3,1849.1
0,1849.5
12,1849.5
28,1849.8
25,1850.2
23,1850.2
14,1850.4
13,1850.4
30,1851.1
9,1851.4
17,1851.5
7,1851.8
22,1852.1
5,1852.7
21,1854.0
15,1854.3
0,1855.2
24,1855.3
11,1855.4
13,1855.4
27,1855.9
14,1856.6
22,1857.2
29,1857.5
7,1857.6
5,1859.2
28,1860.2
10,1861.7
21,1861.8
12,1862.0
30,1862.1
23,1862.3
17,1862.9
7,1863.4
0,1864.1
22,1864.1
13,1864.4
15,1865.1
5,1865.6
25,1865.6
24,1866.1
7,1867.5
30,1868.3
8,1868.3
17,1869.9
1,1870.2
0,1871.1
25,1871.1
4,1871.4
24,1871.8
14,1872.4
22,1872.5
11,1872.6
12,1872.7
18,1872.9
15,1873.1
7,1873.4
5,1874.6
1,1876.8
30,1877.4
25,1877.5
0,1877.7
8,1878.2
20,1878.2
9,1878.4
22,1878.5
24,1878.6
12,1878.8
29,1879.2
23,1879.5
19,1879.6
27,1880.6
4,1881.4
0,1881.8
25,1881.9
5,1882.2
1,1883.2
17,1883.5
8,1883.7
12,1884.4
22,1884.5
24,1884.5
9,1885.3
19,1885.5
7,1885.5
0,1887.0
20,1887.2
30,1887.5
25,1887.6
29,1888.6
23,1889.6
5,1890.2
22,1890.8
8,1892.8
11,1893.9
1,1893.9
3,1894.7
4,1894.7
26,1895.1
27,1895.1
0,1895.3
12,1895.4
20,1895.5
19,1895.8
25,1895.9
30,1896.3
13,1896.6
7,1896.7
24,1897.1
23,1897.2
11,1897.8
9,1899.4
26,1899.6
8,1899.7
29,1899.8
3,1900.2
19,1900.4
1,1900.4
0,1901.0
28,1901.6
2,1901.6
20,1902.0
7,1902.6
30,1902.8
4,1903.0
27,1903.1
25,1903.2
11,1903.3
23,1903.9
22,1904.0
19,1904.0
13,1904.5
0,1905.2
26,1905.6
24,1905.8
29,1905.8
10,1906.2
2,1906.2
18,1906.4
3,1906.5
9,1906.5
28,1906.6
5,1906.7
17,1906.8
15,1906.8
7,1907.2
30,1908.1
19,1908.2
20,1908.5
0,1909.0
1,1909.5
27,1909.9
8,1910.1
7,1910.5
4,1910.5
29,1911.1
23,1911.2
22,1911.5
28,1911.6
2,1911.8
24,1912.0
3,1912.3
5,1912.6
9,1912.7
11,1913.0
12,1913.0
19,1913.1
18,1913.3
0,1913.3
6,1913.4
30,1913.6
7,1913.9
29,1914.3
15,1914.5
20,1914.6
4,1914.6
10,1915.0
1,1915.0
25,1915.4
22,1915.4
21,1915.5
31,1915.6
17,1916.4
28,1916.5
23,1916.9
27,1916.9
26,1917.0
5,1917.0
24,1917.2
0,1917.4
12,1917.8
7,1918.1
29,1918.2
3,1918.3
20,1918.4
4,1918.5
2,1918.7
11,1918.9
6,1918.9
30,1919.0
31,1919.5
22,1919.6
25,1920.4
19,1920.4
5,1921.0
24,1921.1
0,1921.2
20,1921.5
10,1922.2
13,1922.2
3,1922.3
11,1922.3
29,1922.3
8,1922.4
22,1922.5
21,1922.7
7,1922.8
12,1923.0
31,1923.1
27,1923.1
4,1923.2
28,1923.3
23,1923.4
17,1923.5
2,1923.7
20,1923.8
18,1923.8
25,1923.8
30,1924.0
26,1924.1
14,1924.1
1,1924.5
6,1924.6
5,1924.8
24,1925.1
9,1925.1
0,1925.3
11,1925.8
22,1925.9
29,1926.2
20,1926.7
13,1926.8
3,1927.0
7,1927.6
15,1927.7
19,1927.7
31,1927.9
10,1928.1
25,1928.3
30,1928.7
5,1928.7
2,1928.9
0,1929.4
22,1930.2
20,1930.4
24,1930.6
14,1930.7
12,1930.8
28,1930.8
27,1931.0
4,1931.0
11,1931.1
23,1931.5
29,1931.5
5,1932.5
7,1932.7
30,1932.9
8,1933.4
13,1933.6
17,1933.8
0,1934.0
15,1934.2
20,1934.3
6,1934.5
3,1934.6
22,1934.8
25,1935.2
1,1935.2
26,1935.5
31,1935.9
19,1936.2
5,1936.7
0,1937.4
18,1937.6
29,1937.7
4,1937.8
8,1937.9
12,1938.0
10,1938.3
2,1938.3
11,1938.8
1,1938.8
9,1938.9
30,1939.1
23,1939.6
7,1939.9
19,1940.2
20,1940.2
25,1940.6
0,1941.2
13,1941.2
14,1941.4
26,1941.4
24,1941.6
21,1941.9
8,1941.9
22,1941.9
27,1942.2
3,1942.4
1,1942.5
5,1943.5
19,1944.1
11,1944.6
28,1945.3
4,1945.4
25,1945.5
9,1945.6
0,1945.8
18,1946.3
1,1946.5
12,1946.7
13,1947.3
8,1947.4
2,1947.5
27,1947.8
19,1948.1
15,1948.1
29,1949.3
26,1949.9
3,1950.2
30,1950.9
11,1951.1
20,1951.1
25,1951.5
28,1952.0
0,1952.0
1,1952.4
19,1952.6
17,1952.6
18,1953.1
13,1953.2
24,1953.4
27,1953.8
8,1953.9
31,1954.0
2,1954.5
4,1955.8
22,1955.9
25,1956.1
12,1956.2
11,1956.4
7,1956.8
5,1957.3
0,1958.0
17,1958.3
15,1958.7
28,1959.0
24,1959.5
27,1959.5
13,1960.0
23,1960.1
19,1960.2
11,1960.4
9,1960.7
8,1961.6
12,1961.7
31,1961.8
25,1962.3
1,1962.5
0,1964.7
11,1965.3
7,1965.5
19,1965.5
17,1965.6
15,1966.0
21,1966.0
27,1966.5
12,1967.4
8,1967.5
9,1968.4
28,1968.5
25,1968.8
31,1969.8
24,1969.9
0,1969.9
1,1970.1
2,1970.5
11,1970.7
19,1970.9
13,1970.9
3,1970.9
10,1971.7
18,1972.0
17,1973.0
9,1973.2
8,1973.8
21,1974.2
15,1974.9
0,1975.1
27,1975.8
12,1976.1
24,1976.4
20,1977.1
25,1977.8
7,1978.1
31,1978.2
5,1978.3
11,1978.4
9,1978.5
19,1978.7
17,1978.8
6,1978.9
0,1979.1
28,1979.2
10,1980.0
29,1980.2
13,1980.8
2,1981.1
20,1981.5
23,1983.1
7,1983.7
0,1983.8
28,1983.8
6,1984.0
29,1984.3
5,1984.4
31,1984.4
30,1984.6
1,1984.8
4,1985.0
24,1985.5
19,1985.5
20,1985.8
21,1986.8
11,1987.6
17,1987.6
23,1987.8
7,1988.1
9,1988.1
2,1988.3
8,1988.5
29,1988.6
28,1989.3
4,1989.6
6,1989.8
0,1990.0
20,1990.6
30,1990.7
3,1991.1
5,1991.2
22,1991.2
23,1991.7
12,1991.9
26,1991.9
25,1992.2
31,1992.5
29,1992.9
11,1992.9
7,1992.9
24,1993.1
27,1993.2
0,1993.8
4,1994.3
20,1994.9
3,1995.9
0,1997.2
22,1997.2
23,1997.3
12,1997.4
30,1998.2
28,1998.3
31,1999.1
11,1999.1
25,1999.1
29,1999.1
20,1999.3
19,1999.4
2,1999.4
9,1999.6
5,1999.6
13,1999.7
18,2000.0
24,2000.4
0,2000.8
6,2000.9
7,2001.1
3,2001.2
27,2001.4
26,2002.0
4,2002.2
12,2002.7
22,2002.8
23,2003.6
20,2004.1
13,2004.3
11,2004.4
14,2004.8
25,2005.1
0,2005.5
29,2006.1
30,2007.0
9,2007.3
3,2007.7
22,2008.0
12,2008.2
31,2008.5
27,2008.5
2,2008.7
5,2008.9
13,2009.1
11,2009.2
18,2009.2
7,2010.6
15,2010.6
14,2011.0
20,2011.7
12,2013.0
0,2013.0
23,2013.7
11,2013.8
27,2014.6
7,2015.4
30,2015.6
31,2015.7
25,2016.0
22,2016.3
13,2016.9
15,2018.3
11,2018.8
3,2019.2
2,2019.4
10,2019.5
20,2019.7
12,2020.2
9,2020.4
27,2020.8
7,2020.9
23,2020.9
17,2021.8
29,2022.3
24,2022.6
30,2022.7
16,2022.7
11,2023.2
21,2023.3
2,2024.5
3,2025.0
13,2025.6
27,2025.6
10,2025.9
0,2026.6
20,2027.0
25,2027.2
9,2027.7
14,2028.1
11,2028.1
7,2028.6
23,2029.2
17,2029.6
3,2029.8
22,2029.9
5,2030.1
30,2030.5
2,2031.1
29,2031.3
16,2031.4
21,2031.7
27,2032.0
31,2032.5
20,2032.9
0,2033.0
4,2034.4
23,2034.4
11,2034.5
13,2034.6
3,2034.7
28,2035.3
7,2035.3
6,2035.5
29,2036.5
25,2037.0
26,2038.3
4,2038.5
11,2038.5
3,2039.1
27,2039.2
23,2039.5
13,2041.0
12,2041.4
9,2041.9
7,2042.2
11,2042.3
0,2042.3
17,2042.5
29,2042.5
5,2042.8
2,2043.1
10,2043.2
22,2043.2
4,2043.2
28,2043.5
20,2043.8
27,2044.6
6,2044.6
3,2044.8
16,2045.0
30,2045.4
1,2045.4
25,2046.2
31,2047.0
13,2047.3
11,2047.3
18,2047.5
23,2047.6
4,2048.0
0,2048.3
26,2048.5
17,2048.9
5,2048.9
12,2049.8
28,2050.0
20,2050.1
9,2050.3
3,2050.7
1,2050.7
6,2051.1
11,2051.2
27,2052.1
13,2052.2
31,2053.8
28,2054.1
3,2054.9
29,2055.1
11,2055.3
25,2055.3
9,2055.4
4,2055.7
1,2055.8
0,2055.8
17,2056.7
2,2056.9
13,2057.7
20,2058.0
5,2058.0
10,2058.0
28,2058.3
24,2058.4
11,2059.2
3,2059.3
27,2059.7
9,2060.0
7,2060.4
6,2061.1
0,2062.0
1,2062.3
21,2062.4
28,2062.4
10,2062.5
11,2062.8
3,2063.1
2,2063.9
9,2063.9
20,2063.9
17,2064.2
24,2065.2
13,2066.2
28,2066.4
25,2066.5
11,2066.9
3,2067.4
9,2067.5
23,2068.0
0,2068.1
10,2068.2
17,2068.3
1,2068.4
27,2069.1
12,2069.5
31,2070.0
24,2070.1
16,2070.2
2,2070.2
8,2070.3
28,2070.8
20,2070.9
26,2070.9
19,2071.2
25,2071.5
9,2071.6
0,2071.6
5,2071.7
11,2071.7
29,2071.9
22,2072.2
17,2072.3
18,2072.5
3,2072.6
1,2072.7
30,2073.1
21,2073.7
8,2074.1
0,2074.8
19,2075.2
13,2075.3
23,2075.6
9,2075.6
24,2075.7
25,2076.3
27,2076.3
20,2076.4
26,2076.6
1,2076.8
17,2077.0
3,2077.4
2,2077.6
28,2077.7
8,2077.9
0,2077.9
4,2078.1
29,2078.4
16,2078.5
11,2079.1
19,2079.2
5,2079.4
10,2079.6
9,2079.7
22,2080.0
23,2080.9
7,2081.2
0,2081.5
6,2081.7
29,2082.2
28,2082.2
1,2082.4
25,2082.6
3,2083.0
20,2083.2
30,2083.3
9,2083.3
11,2083.4
19,2083.5
8,2083.5
24,2083.6
4,2083.8
27,2083.9
2,2084.1
12,2084.3
17,2084.5
5,2084.6
0,2084.8
28,2085.0
29,2085.2
26,2085.2
18,2085.6
21,2085.6
1,2085.7
23,2085.9
10,2086.2
19,2086.3
11,2086.9
9,2086.9
3,2087.0
20,2087.1
22,2087.2
2,2087.5
0,2087.5
28,2087.7
25,2087.8
4,2088.3
29,2088.4
7,2088.4
27,2088.6
12,2088.8
1,2089.0
24,2089.2
19,2089.4
8,2089.6
5,2090.0
6,2090.6
11,2090.7
28,2090.9
2,2091.1
0,2091.1
20,2091.4
9,2091.5
23,2091.6
3,2091.6
18,2091.6
30,2092.6
10,2092.7
29,2092.8
26,2092.8
19,2093.3
1,2093.4
7,2093.8
27,2094.8
28,2094.9
4,2095.2
2,2095.4
12,2095.5
25,2095.8
0,2096.2
11,2096.5
23,2097.2
21,2097.4
9,2097.6
19,2097.6
20,2097.9
5,2098.4
24,2098.6
22,2098.6
3,2098.7
18,2098.9
29,2098.9
7,2099.1
30,2099.2
28,2100.2
8,2100.4
17,2100.5
1,2100.5
2,2101.3
0,2101.8
25,2102.0
27,2102.7
24,2103.9
7,2104.0
5,2104.3
19,2104.4
13,2104.4
23,2105.0
11,2105.6
20,2105.6
22,2105.6
31,2106.1
26,2106.5
6,2106.7
4,2107.1
29,2107.4
28,2107.4
16,2107.5
17,2107.5
10,2107.6
25,2107.7
7,2108.0
8,2108.3
0,2108.3
5,2109.8
9,2110.0
30,2110.8
23,2110.9
24,2111.0
3,2111.2
2,2111.5
12,2111.7
20,2112.1
17,2112.6
27,2112.6
11,2112.7
28,2112.8
7,2112.8
29,2113.3
13,2113.4
31,2113.4
22,2113.5
4,2113.7
0,2113.8
6,2115.0
23,2115.8
16,2116.1
5,2116.3
18,2116.3
20,2116.6
19,2116.6
3,2117.1
1,2117.2
9,2117.4
17,2117.4
2,2117.8
29,2118.0
11,2118.1
0,2118.5
25,2118.6
28,2118.7
10,2119.0
7,2119.0
27,2119.2
30,2119.9
5,2120.4
22,2120.5
20,2121.0
31,2122.2
11,2122.3
23,2122.5
3,2122.6
21,2122.7
29,2122.8
4,2123.1
2,2123.1
0,2123.6
13,2123.7
12,2124.0
5,2124.0
17,2124.1
27,2125.1
10,2125.2
15,2125.3
7,2125.7
30,2125.8
16,2126.0
20,2126.4
22,2126.4
11,2126.4
29,2127.1
5,2127.2
31,2127.2
9,2127.2
21,2127.4
3,2128.0
0,2128.5
28,2129.4
12,2129.6
23,2129.6
14,2130.1
22,2130.6
11,2131.2
13,2131.2
24,2131.2
27,2131.5
5,2131.5
30,2131.5
2,2132.0
20,2132.2
29,2132.7
15,2133.0
8,2133.1
31,2133.4
0,2133.7
21,2133.7
10,2133.7
17,2134.3
7,2134.6
9,2134.7
22,2136.2
14,2136.6
3,2137.3
0,2138.3
24,2138.4
5,2138.5
11,2138.8
13,2139.4
12,2140.9
9,2140.9
10,2141.1
17,2141.6
29,2142.2
20,2142.3
0,2142.5
30,2142.7
24,2143.1
25,2143.3
23,2143.5
28,2143.9
6,2144.0
2,2144.0
19,2144.5
8,2145.7
3,2145.8
22,2146.2
27,2146.4
31,2147.2
0,2147.4
17,2147.6
29,2147.8
24,2147.8
20,2147.8
28,2149.0
9,2149.1
2,2149.3
21,2149.4
25,2149.5
19,2150.2
3,2150.3
11,2150.4
1,2151.4
0,2152.2
28,2152.7
18,2152.8
5,2153.3
20,2153.3
9,2153.4
14,2153.8
2,2153.9
27,2154.3
19,2154.3
8,2154.6
3,2154.9
6,2155.3
31,2155.6
10,2155.9
0,2156.0
24,2156.0
12,2156.3
29,2156.3
25,2156.4
1,2156.4
28,2156.9
9,2157.0
20,2157.8
19,2158.0
2,2158.0
18,2158.0
11,2158.3
17,2158.6
0,2159.8
8,2160.0
9,2161.0
28,2161.7
3,2162.1
6,2162.3
19,2162.3
31,2162.7
20,2162.9
25,2163.0
2,2163.0
1,2163.0
29,2163.3
12,2163.3
0,2163.7
27,2164.2
24,2164.8
22,2165.9
18,2166.4
9,2166.7
19,2167.3
28,2167.3
0,2167.5
20,2168.0
8,2168.3
25,2168.4
2,2168.4
12,2168.5
26,2169.8
1,2169.9
29,2170.2
0,2171.2
24,2171.7
19,2171.9
27,2172.3
5,2173.2
0,2174.6
8,2175.0
11,2175.7
26,2176.0
1,2176.1
12,2176.2
28,2176.7
20,2176.8
9,2176.9
19,2176.9
2,2177.6
31,2177.7
25,2177.9
22,2178.1
0,2178.5
7,2179.0
5,2179.3
15,2179.4
27,2179.7
12,2181.3
11,2181.4
29,2182.5
3,2183.4
0,2183.8
20,2183.9
30,2184.3
19,2184.6
5,2184.6
23,2184.6
31,2185.5
27,2186.0
22,2186.3
2,2186.6
8,2186.9
18,2187.1
28,2187.1
9,2187.3
15,2187.6
1,2187.8
12,2187.8
11,2188.0
26,2188.1
0,2188.8
17,2189.6
24,2189.7
6,2189.9
19,2190.2
27,2190.4
2,2190.4
3,2190.6
16,2190.7
9,2190.7
7,2190.8
28,2191.4
29,2191.8
18,2192.0
20,2192.6
5,2193.1
11,2193.5
12,2193.5
2,2193.8
0,2193.9
1,2194.0
9,2194.0
30,2194.0
23,2194.4
10,2195.1
27,2195.2
3,2195.2
22,2195.2
28,2195.4
7,2195.4
15,2195.6
29,2195.7
17,2196.4
4,2196.7
20,2197.0
25,2197.3
31,2197.6
11,2197.6
5,2197.7
30,2197.8
2,2197.8
9,2197.9
21,2198.0
19,2198.2
24,2198.2
0,2199.1
6,2199.2
8,2199.4
29,2199.5
7,2199.5
16,2199.6
23,2199.6
18,2199.8
3,2199.9
28,2199.9
10,2201.4
1,2201.6
22,2201.7
2,2202.0
20,2202.0
30,2202.1
27,2202.1
15,2202.6
17,2202.6
11,2202.6
5,2202.7
4,2203.1
25,2203.2
31,2203.6
29,2203.7
9,2203.9
12,2204.2
19,2204.8
6,2204.9
28,2205.0
24,2205.1
7,2205.3
21,2205.5
3,2206.1
0,2206.3
23,2206.5
20,2206.8
2,2207.0
30,2208.3
18,2208.8
31,2209.0
10,2209.1
11,2209.2
29,2210.1
27,2210.3
5,2210.4
6,2210.6
28,2211.1
19,2211.6
4,2211.7
22,2211.8
8,2211.9
20,2212.2
2,2212.4
7,2212.9
3,2213.2
11,2213.6
23,2213.7
26,2213.8
21,2214.3
17,2214.6
30,2214.8
9,2215.1
25,2215.2
29,2215.3
15,2215.6
28,2215.9
10,2216.0
4,2216.1
0,2216.3
7,2216.4
11,2216.7
31,2216.8
6,2217.1
20,2217.6
5,2217.6
19,2218.1
2,2218.1
3,2218.8
23,2219.2
30,2219.5
27,2219.7
7,2219.9
28,2220.0
29,2220.1
9,2220.2
11,2220.3
18,2220.9
16,2222.1
15,2222.2
20,2222.4
0,2222.5
2,2222.9
10,2222.9
17,2223.1
4,2223.1
26,2223.3
5,2223.4
31,2223.6
21,2223.7
11,2224.1
7,2224.3
30,2224.7
28,2224.9
24,2224.9
3,2225.3
9,2225.4
19,2225.7
23,2226.0
29,2226.2
27,2226.6
25,2227.0
20,2227.6
0,2228.0
2,2228.1
17,2228.2
8,2228.2
11,2229.5
16,2230.2
6,2230.3
7,2230.5
24,2230.6
31,2231.2
5,2231.6
14,2231.8
9,2231.9
12,2232.2
22,2232.2
10,2232.3
15,2232.4
13,2232.5
25,2232.6
28,2232.7
27,2232.8
30,2233.4
11,2234.0
17,2234.8
0,2235.1
20,2236.4
3,2236.4
1,2236.4
2,2236.5
7,2237.0
29,2237.1
31,2237.4
14,2237.8
12,2238.1
27,2238.6
15,2238.7
11,2238.9
8,2239.2
4,2239.3
23,2239.9
0,2240.1
22,2240.3
24,2240.4
13,2240.7
18,2241.0
9,2241.7
3,2242.3
12,2242.3
1,2242.6
25,2243.1
2,2243.7
0,2244.1
5,2244.7
7,2244.7
18,2245.9
19,2246.0
11,2246.1
17,2246.3
4,2246.7
22,2246.8
28,2247.0
12,2247.1
24,2247.7
3,2247.9
13,2247.9
0,2248.0
27,2248.3
9,2248.3
31,2248.4
25,2248.4
7,2248.7
30,2249.1
8,2249.4
14,2249.6
23,2250.6
5,2250.6
11,2250.8
1,2250.9
13,2251.5
17,2251.7
22,2251.7
28,2252.2
2,2252.6
25,2252.8
0,2252.8
15,2253.4
3,2253.4
18,2253.4
21,2253.5
7,2253.6
27,2253.8
24,2254.1
12,2254.5
13,2254.8
11,2255.3
19,2255.3
14,2255.7
9,2255.8
28,2256.1
17,2256.2
30,2256.6
16,2256.7
2,2257.1
22,2257.2
4,2257.4
23,2257.7
27,2257.9
25,2258.3
18,2258.8
7,2258.9
1,2259.0
11,2259.0
3,2259.0
13,2259.1
26,2259.9
5,2260.2
0,2260.6
28,2260.9
17,2261.6
14,2261.6
2,2261.8
19,2262.0
4,2262.1
27,2262.2
9,2262.2
12,2262.4
11,2263.3
8,2263.4
22,2263.6
13,2264.1
18,2264.3
16,2264.7
21,2265.1
3,2265.1
1,2265.2
28,2266.1
25,2267.4
27,2267.4
20,2267.5
2,2267.7
4,2267.8
30,2268.1
11,2268.1
7,2268.2
29,2268.3
23,2268.9
24,2268.9
13,2269.2
17,2269.4
19,2269.5
3,2269.6
26,2269.7
0,2269.9
22,2270.1
5,2270.4
14,2271.5
28,2272.5
1,2272.5
9,2273.4
18,2273.4
12,2273.6
0,2273.7
27,2274.1
19,2274.2
8,2274.2
11,2274.5
3,2274.6
25,2275.1
20,2275.2
26,2275.6
13,2276.3
1,2277.2
0,2277.5
19,2277.8
2,2277.9
29,2278.3
8,2278.3
28,2278.6
30,2278.6
23,2278.8
4,2279.1
22,2279.6
9,2279.9
21,2280.0
25,2280.1
3,2280.6
5,2280.8
11,2281.2
26,2281.9
19,2281.9
0,2282.0
27,2282.2
20,2282.2
1,2282.4
8,2283.2
13,2284.7
25,2285.0
24,2285.1
17,2285.2
0,2286.3
29,2286.4
19,2286.7
8,2287.1
9,2287.3
1,2287.8
11,2288.3
3,2288.4
25,2288.4
23,2288.4
30,2288.5
20,2288.6
26,2288.7
24,2289.2
0,2289.3
28,2289.4
22,2289.7
31,2289.8
6,2290.0
10,2290.5
17,2290.5
21,2290.8
19,2291.1
27,2291.1
8,2291.3
13,2292.2
5,2292.3
9,2292.5
0,2292.5
25,2293.2
1,2294.2
24,2294.3
20,2294.3
0,2295.4
6,2296.5
31,2296.5
9,2296.6
17,2296.9
18,2297.3
12,2297.6
19,2297.6
2,2297.7
8,2297.8
5,2298.3
0,2298.3
11,2298.7
10,2299.0
26,2299.0
7,2300.0
24,2300.9
9,2301.1
25,2301.2
28,2301.8
0,2301.9
27,2302.1
3,2302.5
18,2302.6
2,2302.6
19,2303.0
20,2303.4
12,2304.8
29,2305.4
0,2305.9
5,2306.2
9,2306.4
2,2307.7
18,2308.1
17,2308.1
1,2308.5
27,2308.6
13,2308.8
28,2308.9
19,2309.4
0,2310.5
22,2310.9
16,2311.1
14,2311.2
11,2311.2
24,2311.3
12,2311.3
25,2311.5
9,2311.5
2,2312.6
31,2312.7
6,2312.8
27,2313.2
17,2313.6
28,2313.7
13,2313.7
8,2313.9
0,2314.1
18,2314.4
12,2315.7
22,2315.8
9,2316.2
24,2317.4
14,2317.5
27,2318.0
25,2318.1
2,2318.3
28,2318.6
0,2318.8
17,2318.9
11,2319.3
16,2319.3
13,2319.4
19,2322.5
12,2322.6
9,2323.7
22,2324.3
20,2324.6
28,2325.0
31,2325.3
0,2326.0
3,2326.4
27,2326.4
1,2326.8
6,2327.3
11,2327.4
18,2327.6
9,2328.5
17,2329.0
2,2329.1
20,2329.2
31,2329.8
28,2329.9
13,2330.2
24,2330.7
1,2331.6
26,2331.8
19,2331.9
25,2332.0
5,2332.1
0,2332.1
3,2332.4
14,2332.4
8,2332.5
9,2333.3
20,2334.5
6,2334.6
11,2334.7
28,2335.2
1,2335.2
31,2335.4
19,2335.8
0,2336.5
8,2336.9
9,2337.7
26,2337.9
3,2338.9
1,2339.3
25,2339.5
19,2339.8
28,2340.3
0,2340.6
29,2340.7
12,2340.9
20,2341.0
23,2341.0
9,2341.1
7,2341.3
11,2341.3
4,2341.3
6,2341.3
2,2341.6
8,2342.1
10,2342.3
18,2342.9
31,2342.9
3,2343.6
1,2343.7
0,2344.4
19,2344.5
9,2344.6
28,2345.4
20,2345.5
11,2346.0
2,2346.3
29,2346.5
6,2346.5
23,2347.2
25,2347.5
4,2347.6
8,2348.1
12,2348.2
10,2348.7
7,2348.8
31,2349.2
9,2349.2
0,2349.2
5,2349.3
3,2349.5
30,2349.6
22,2349.8
26,2349.9
21,2350.0
1,2350.2
11,2350.8
18,2351.3
19,2351.3
29,2352.2
20,2352.5
14,2352.9
28,2353.2
27,2353.2
4,2353.2
13,2353.2
15,2353.5
12,2353.6
31,2353.8
2,2353.8
11,2354.0
7,2354.2
30,2354.4
22,2354.8
3,2355.1
9,2355.2
5,2355.3
6,2355.5
29,2356.5
26,2356.8
11,2357.0
0,2357.1
31,2357.7
21,2357.7
7,2357.8
15,2357.8
19,2358.3
20,2358.5
12,2358.8
14,2358.9
22,2359.0
30,2359.3
23,2359.4
27,2359.8
13,2360.0
5,2360.1
4,2360.2
28,2360.3
11,2360.4
25,2360.5
8,2360.8
9,2360.8
29,2361.4
7,2361.8
24,2361.9
22,2362.4
0,2362.5
1,2363.0
31,2363.0
12,2363.1
10,2363.2
15,2363.4
6,2363.8
5,2364.0
3,2364.5
30,2364.5
11,2365.1
18,2365.5
9,2365.8
21,2365.8
27,2366.0
14,2366.1
22,2366.1
4,2366.3
24,2366.4
0,2366.7
29,2366.8
25,2367.0
7,2367.1
19,2367.4
12,2367.4
17,2368.0
1,2368.7
5,2369.2
31,2369.5
13,2369.8
20,2370.0
28,2370.6
22,2370.6
2,2371.1
26,2371.4
9,2371.5
0,2371.6
24,2371.7
10,2371.7
7,2371.9
30,2372.0
11,2372.2
29,2372.6
4,2372.6
12,2373.5
23,2373.5
5,2373.7
6,2374.0
21,2375.0
22,2375.2
15,2376.0
31,2376.3
7,2376.5
29,2376.9
27,2377.1
17,2377.3
18,2377.3
4,2377.9
0,2378.0
28,2378.1
9,2378.1
1,2378.3
11,2378.4
12,2378.6
30,2378.9
24,2379.0
5,2379.4
23,2379.7
25,2381.2
7,2381.3
14,2381.8
29,2382.1
22,2382.3
31,2382.5
6,2382.5
15,2382.6
10,2382.7
28,2383.4
12,2383.7
11,2383.8
27,2384.2
21,2384.2
5,2385.0
4,2385.6
30,2385.9
29,2386.8
7,2386.9
23,2387.6
31,2388.3
28,2388.6
0,2389.3
9,2390.8
22,2390.9
6,2391.2
11,2391.5
12,2392.3
29,2392.6
15,2392.6
4,2392.8
7,2393.4
14,2393.9
5,2393.9
13,2394.3
23,2394.5
28,2394.6
27,2395.2
24,2395.4
22,2395.9
3,2396.1
25,2396.5
0,2396.5
1,2396.5
9,2397.1
21,2397.7
12,2397.9
11,2398.4
29,2398.5
30,2398.8
28,2399.2
31,2399.9
14,2400.1
4,2400.2
22,2401.0
3,2401.4
6,2401.7
7,2401.8
24,2402.0
13,2402.4
0,2402.8
11,2403.0
27,2403.2
9,2403.5
1,2403.6
23,2403.8
25,2404.0
26,2404.3
12,2405.1
3,2405.6
28,2405.7
4,2405.8
11,2406.7
13,2407.6
22,2408.7
14,2409.0
26,2409.5
0,2409.6
19,2409.9
27,2410.1
1,2410.4
29,2410.5
25,2410.5
3,2411.1
8,2411.1
11,2411.2
13,2412.6
0,2414.1
26,2414.7
14,2414.9
28,2414.9
5,2414.9
22,2415.1
4,2415.3
19,2415.7
9,2415.8
20,2416.4
1,2416.8
31,2417.4
6,2417.7
11,2418.3
0,2418.7
23,2419.0
13,2419.1
29,2419.2
5,2419.5
30,2419.5
24,2419.6
8,2419.9
20,2420.0
3,2420.2
28,2421.1
22,2421.2
10,2421.4
2,2422.5
26,2422.9
20,2423.3
12,2423.4
11,2423.4
25,2423.7
5,2423.8
0,2423.8
7,2423.9
19,2424.0
31,2424.3
23,2424.5
14,2424.6
6,2424.8
30,2424.9
27,2425.2
29,2425.3
1,2425.4
22,2425.7
9,2425.7
28,2426.2
8,2426.3
3,2426.7
20,2427.0
11,2427.2
19,2427.4
2,2427.7
10,2427.9
5,2428.2
0,2428.5
7,2428.6
9,2428.7
18,2429.1
28,2429.7
1,2429.9
23,2430.4
29,2430.4
19,2430.5
30,2430.8
22,2430.8
11,2430.9
24,2431.2
3,2431.4
25,2431.4
31,2431.4
9,2431.5
8,2431.9
20,2432.1
6,2432.4
17,2432.6
27,2432.9
7,2433.1
0,2433.1
28,2433.5
5,2433.6
2,2433.7
10,2433.9
19,2434.4
9,2434.7
29,2435.3
1,2435.5
11,2435.9
20,2436.4
24,2437.4
13,2437.4
22,2437.4
28,2437.4
23,2437.6
3,2438.2
30,2438.2
0,2438.5
2,2438.7
19,2438.7
9,2438.8
29,2438.9
5,2439.2
20,2439.4
6,2440.2
31,2440.2
7,2440.6
28,2442.6
17,2443.1
10,2443.2
11,2443.3
8,2443.4
20,2443.5
29,2443.7
5,2443.9
0,2444.0
22,2444.7
9,2444.7
1,2445.0
23,2445.1
19,2445.1
2,2445.6
30,2446.2
25,2447.3
18,2447.5
27,2447.5
20,2447.9
5,2448.8
29,2449.1
0,2449.8
24,2450.1
28,2450.5
26,2451.2
3,2451.2
31,2451.4
6,2452.1
17,2453.4
8,2453.7
11,2453.8
25,2453.8
5,2453.9
22,2454.2
0,2454.7
20,2454.7
23,2454.7
24,2455.8
9,2455.9
19,2457.9
29,2459.0
30,2459.1
7,2459.3
2,2460.2
25,2460.9
0,2461.3
5,2462.3
17,2463.3
9,2464.1
28,2464.9
24,2465.1
0,2465.3
8,2465.6
20,2465.8
27,2466.0
2,2466.0
1,2466.1
22,2466.1
3,2466.2
5,2466.4
12,2466.4
18,2466.5
11,2466.8
9,2467.3
16,2467.4
31,2467.6
6,2467.7
7,2467.8
0,2468.7
17,2469.4
9,2470.2
28,2470.6
10,2470.6
5,2471.0
2,2471.3
24,2471.5
20,2472.4
3,2472.7
22,2472.7
27,2472.8
0,2473.0
1,2473.6
9,2473.6
31,2474.6
6,2474.8
17,2475.1
18,2475.4
12,2475.6
7,2475.6
16,2476.2
11,2476.3
24,2477.1
0,2477.2
9,2477.7
5,2477.9
25,2478.1
20,2478.5
10,2478.9
22,2479.2
2,2479.6
27,2479.6
12,2479.9
31,2480.0
11,2480.6
0,2480.8
26,2480.9
28,2480.9
7,2481.1
3,2481.4
24,2481.9
19,2481.9
4,2482.0
1,2482.3
15,2482.6
9,2482.9
8,2483.4
11,2483.4
29,2483.5
17,2483.6
12,2483.7
31,2484.4
27,2484.4
0,2484.6
20,2484.6
5,2484.7
22,2484.9
25,2484.9
26,2485.3
19,2486.5
11,2486.6
7,2487.5
9,2488.0
28,2488.3
12,2488.7
1,2488.9
0,2489.2
24,2489.2
3,2489.9
29,2489.9
4,2490.5
11,2490.6
31,2490.6
6,2490.7
26,2490.7
15,2490.8
27,2491.5
8,2491.9
19,2492.2
20,2494.5
9,2495.0
11,2495.6
22,2495.8
0,2496.1
25,2496.8
12,2497.4
13,2497.7
27,2498.4
3,2498.4
28,2498.7
5,2499.2
11,2500.5
1,2500.7
26,2500.8
29,2501.2
7,2501.4
19,2502.7
4,2502.9
31,2503.4
18,2504.8
2,2504.9
12,2505.3
25,2505.3
13,2506.1
1,2506.3
24,2507.8
0,2507.9
11,2508.1
27,2508.3
9,2508.4
8,2508.9
26,2509.4
19,2509.9
3,2510.1
22,2511.2
4,2511.2
5,2511.4
1,2511.6
7,2511.7
29,2512.4
11,2512.8
28,2512.9
23,2513.3
13,2514.4
19,2514.8
7,2514.8
0,2515.0
25,2515.1
12,2515.2
6,2515.3
9,2515.7
30,2515.7
26,2515.8
11,2516.2
29,2516.2
27,2516.2
5,2516.5
22,2516.8
4,2516.9
8,2516.9
23,2517.2
1,2517.6
20,2517.8
15,2517.8
7,2517.9
21,2518.5
28,2518.5
31,2518.6
29,2519.8
11,2519.9
19,2520.3
12,2520.7
30,2521.1
23,2521.1
7,2521.3
3,2521.5
27,2522.4
22,2522.6
5,2522.6
28,2523.4
9,2523.5
0,2523.5
20,2523.5
29,2523.5
13,2523.8
2,2524.1
4,2524.2
11,2524.3
14,2524.3
19,2524.8
7,2524.9
15,2525.3
1,2525.8
18,2526.1
23,2526.2
26,2526.2
22,2526.3
6,2526.5
28,2526.6
10,2526.7
24,2526.7
29,2526.8
9,2527.2
20,2527.3
5,2527.3
30,2527.5
3,2527.8
17,2528.2
27,2528.2
2,2528.3
31,2528.6
19,2528.8
12,2529.0
11,2529.0
7,2529.1
0,2529.8
28,2530.0
13,2530.7
22,2530.9
14,2530.9
23,2531.0
21,2531.0
9,2531.2
29,2531.3
1,2532.0
3,2532.1
20,2532.5
24,2533.3
2,2533.5
19,2533.6
30,2533.9
28,2534.1
5,2534.2
0,2534.2
7,2534.4
27,2534.8
18,2535.0
10,2535.0
11,2535.5
9,2535.6
8,2535.7
3,2536.6
17,2537.3
19,2537.3
25,2537.5
1,2537.8
29,2537.8
0,2537.8
20,2538.0
2,2538.5
23,2538.5
22,2538.6
26,2539.2
28,2539.8
8,2540.1
10,2540.2
11,2540.2
9,2540.4
19,2540.5
13,2540.8
3,2541.1
0,2541.7
1,2542.5
14,2542.7
7,2543.0
20,2543.7
2,2544.2
19,2544.2
11,2544.5
17,2544.8
8,2544.9
24,2545.0
30,2545.2
10,2545.5
25,2545.5
26,2545.5
0,2545.6
22,2545.9
4,2545.9
28,2546.1
27,2546.1
13,2546.3
9,2546.4
3,2546.8
5,2547.8
1,2548.1
14,2548.6
19,2548.7
11,2549.0
17,2549.3
0,2549.3
8,2549.5
24,2549.6
12,2550.5
25,2550.7
10,2550.9
20,2551.2
29,2551.4
13,2551.4
9,2551.6
2,2551.8
18,2552.1
11,2552.9
15,2553.1
0,2553.2
26,2553.4
22,2553.5
31,2553.5
28,2553.6
7,2553.9
19,2554.0
17,2554.1
24,2554.4
8,2554.6
23,2554.6
27,2554.6
1,2554.8
12,2556.4
20,2556.6
3,2556.9
5,2556.9
11,2557.3
30,2557.4
14,2557.6
0,2557.8
25,2557.9
29,2558.4
9,2558.7
15,2558.9
10,2559.4
27,2560.0
17,2560.0
7,2560.2
21,2560.6
19,2560.8
13,2560.9
2,2560.9
22,2561.1
26,2561.7
16,2562.1
24,2562.5
8,2562.5
31,2562.6
30,2563.0
11,2563.3
15,2563.9
0,2564.0
1,2564.8
9,2564.8
17,2564.9
12,2564.9
7,2565.4
25,2565.6
27,2565.6
23,2565.8
20,2565.9
28,2567.6
2,2567.6
24,2568.1
19,2568.9
17,2569.2
8,2569.8
0,2570.4
11,2570.6
16,2570.6
27,2570.8
30,2571.0
13,2571.1
25,2571.4
15,2571.7
18,2572.0
28,2573.0
2,2573.1
9,2573.3
21,2573.7
29,2573.7
7,2574.1
5,2574.6
19,2574.6
17,2574.8
24,2575.2
27,2577.4
11,2580.5
28,2580.8
25,2581.3
0,2581.3
2,2581.6
22,2582.7
26,2583.2
3,2583.4
4,2583.7
19,2583.7
8,2583.9
17,2585.1
18,2585.2
11,2585.5
27,2586.0
13,2587.3
24,2587.6
12,2587.7
28,2588.1
0,2588.5
2,2588.8
25,2589.1
20,2589.2
1,2589.3
4,2589.5
31,2590.3
6,2590.4
22,2591.5
19,2591.7
27,2592.1
18,2592.2
12,2592.2
26,2592.2
11,2592.2
9,2593.7
3,2593.7
14,2594.1
24,2594.4
0,2595.1
13,2595.5
20,2595.5
4,2595.6
1,2595.6
2,2596.8
28,2597.0
22,2597.1
25,2597.3
31,2597.4
6,2597.5
19,2598.2
30,2598.2
27,2598.5
12,2598.5
18,2599.1
14,2600.4
0,2601.6
24,2601.9
22,2602.4
7,2602.8
20,2603.2
28,2603.7
29,2604.4
25,2604.7
13,2604.7
12,2604.8
11,2604.8
23,2604.9
5,2605.1
27,2605.9
31,2606.5
20,2607.7
0,2607.7
22,2607.7
30,2608.5
24,2608.8
4,2609.2
2,2609.2
1,2609.2
19,2610.1
28,2610.3
10,2610.4
25,2611.1
3,2611.2
11,2611.3
20,2611.6
8,2611.7
12,2612.0
9,2612.3
0,2613.2
31,2613.4
22,2614.8
14,2614.8
29,2615.3
20,2615.3
19,2615.5
5,2615.7
27,2616.0
23,2616.1
2,2616.3
10,2616.7
1,2616.8
13,2617.4
25,2617.5
8,2617.6
11,2618.0
30,2618.7
6,2618.9
28,2619.4
9,2619.5
22,2619.8
20,2619.9
7,2620.1
29,2620.4
0,2620.5
3,2620.5
14,2620.7
4,2620.7
23,2621.5
17,2622.2
13,2622.4
11,2622.6
15,2622.9
10,2623.0
19,2623.2
31,2623.5
20,2624.1
2,2624.1
29,2624.3
28,2624.3
7,2624.4
24,2624.6
30,2624.7
9,2625.4
11,2626.2
1,2626.6
22,2626.6
3,2626.8
4,2626.9
23,2626.9
6,2627.3
28,2627.6
5,2627.7
29,2628.0
20,2628.1
13,2628.4
9,2629.2
11,2629.2
8,2629.3
25,2629.4
14,2629.4
7,2629.7
10,2630.0
19,2630.2
30,2630.2
15,2630.5
17,2630.9
3,2631.0
28,2631.4
2,2631.9
29,2632.2
1,2632.3
12,2632.3
11,2632.6
20,2632.7
9,2633.4
0,2633.4
22,2633.6
21,2633.7
23,2633.9
26,2634.0
19,2635.1
7,2635.2
3,2635.2
4,2635.4
13,2635.4
30,2635.7
28,2635.8
11,2635.9
5,2636.0
31,2636.0
14,2636.3
1,2637.0
8,2637.3
0,2637.5
15,2637.6
26,2638.2
10,2638.4
9,2638.4
29,2638.6
11,2639.4
3,2639.8
7,2639.8
23,2639.9
22,2639.9
20,2640.2
19,2640.2
28,2640.3
24,2640.4
0,2641.0
17,2641.1
30,2641.2
13,2641.8
5,2641.8
4,2641.9
14,2642.6
1,2643.2
9,2643.5
26,2643.7
11,2644.4
0,2644.4
7,2644.8
28,2645.1
8,2645.4
3,2645.6
19,2645.8
10,2646.0
23,2646.6
24,2646.7
13,2646.8
22,2646.9
17,2647.2
25,2647.3
0,2647.4
9,2647.5
30,2647.9
14,2648.4
21,2649.2
2,2649.4
1,2649.4
11,2649.6
5,2649.6
3,2650.4
28,2650.4
29,2650.7
0,2650.7
19,2650.8
8,2650.9
9,2651.3
13,2652.4
17,2652.5
7,2652.5
26,2653.7
27,2653.8
18,2653.8
12,2654.0
0,2654.0
2,2654.7
9,2654.8
16,2654.9
11,2655.1
25,2655.6
24,2656.5
20,2656.6
15,2656.7
4,2657.0
28,2657.0
19,2657.4
1,2657.4
31,2657.6
10,2657.6
17,2657.8
22,2657.8
0,2658.1
12,2658.3
3,2658.3
8,2658.3
27,2658.4
9,2658.5
11,2658.9
2,2659.3
14,2659.3
30,2659.3
7,2659.8
23,2660.8
13,2661.1
18,2662.3
11,2662.7
16,2663.0
10,2663.2
20,2663.4
15,2663.6
12,2663.6
9,2663.7
27,2663.9
0,2663.9
2,2664.2
3,2664.7
17,2665.0
31,2665.8
5,2665.9
22,2666.4
11,2667.4
29,2667.4
14,2667.5
21,2667.7
30,2667.9
13,2668.3
1,2668.6
28,2669.4
12,2669.9
4,2670.4
7,2670.7
18,2670.7
10,2671.1
22,2671.2
5,2671.6
19,2671.8
2,2672.0
31,2672.2
30,2672.4
9,2672.6
23,2673.2
14,2673.7
11,2673.8
1,2673.9
27,2673.9
3,2674.0
0,2674.0
20,2674.5
29,2675.3
12,2675.4
13,2675.8
21,2675.9
15,2676.1
7,2676.2
28,2676.3
9,2677.6
30,2677.8
4,2677.8
11,2677.8
1,2677.9
3,2677.9
22,2678.5
23,2678.6
31,2678.7
18,2679.7
7,2680.0
0,2680.2
6,2680.4
12,2680.6
29,2680.7
28,2681.1
5,2681.2
27,2682.4
3,2682.5
4,2682.7
17,2682.9
1,2683.1
25,2683.1
23,2683.5
11,2683.6
9,2684.4
7,2684.4
24,2684.7
0,2685.1
30,2685.2
12,2685.3
29,2686.4
22,2686.5
8,2687.4
28,2687.5
15,2687.7
4,2689.2
27,2689.4
14,2689.6
3,2689.7
25,2690.0
0,2690.2
23,2690.3
6,2690.4
12,2690.5
7,2691.6
24,2691.7
31,2692.1
1,2692.5
2,2693.2
11,2693.7
22,2694.4
29,2694.4
20,2695.1
0,2695.2
30,2695.5
5,2695.8
3,2695.8
9,2696.0
28,2696.4
12,2696.9
25,2697.0
23,2697.0
19,2697.9
1,2698.0
27,2698.4
8,2698.6
24,2698.7
0,2699.2
20,2699.6
31,2700.0
3,2700.1
9,2700.2
22,2700.4
11,2701.0
25,2701.8
28,2702.0
6,2702.1
1,2702.4
29,2702.6
0,2702.7
12,2702.8
19,2703.0
20,2703.3
13,2703.6
18,2704.3
31,2704.3
27,2704.6
8,2704.8
9,2704.8
3,2704.8
30,2704.9
5,2705.0
23,2705.2
7,2705.2
4,2705.4
24,2705.6
22,2705.7
11,2706.1
2,2706.1
25,2706.5
0,2706.6
20,2706.9
19,2706.9
15,2707.0
28,2707.2
12,2707.4
31,2707.7
29,2708.0
1,2708.3
21,2708.5
6,2708.5
27,2708.9
30,2708.9
7,2709.1
5,2709.3
17,2709.3
8,2709.3
22,2709.8
9,2710.0
25,2710.5
24,2710.5
0,2710.8
11,2711.0
19,2711.3
23,2711.4
31,2711.5
20,2712.0
3,2712.4
7,2712.7
28,2712.9
5,2712.9
12,2712.9
30,2713.0
18,2713.1
2,2713.2
29,2713.5
27,2713.5
22,2713.9
1,2714.1
15,2714.7
25,2714.9
11,2715.0
9,2715.1
4,2715.1
8,2715.5
23,2715.7
13,2715.9
21,2716.0
6,2716.0
7,2716.2
31,2716.5
19,2716.6
3,2716.8
0,2716.9
28,2717.1
5,2717.2
24,2717.8
1,2718.1
30,2718.2
27,2718.3
29,2718.3
12,2718.6
11,2718.9
18,2719.4
4,2719.4
9,2719.7
22,2719.7
25,2719.8
7,2719.9
23,2720.3
28,2720.3
3,2720.5
17,2720.7
2,2720.9
19,2720.9
20,2721.0
0,2722.0
29,2722.1
5,2722.2
1,2722.4
11,2722.8
27,2722.9
6,2723.0
12,2723.7
13,2723.8
8,2724.1
7,2724.3
9,2724.3
28,2724.3
19,2724.4
25,2724.4
3,2724.4
22,2724.4
26,2724.6
24,2724.6
31,2724.7
4,2724.8
0,2725.4
18,2726.3
29,2726.4
30,2726.8
23,2726.8
1,2727.0
11,2727.3
27,2728.3
19,2728.5
12,2728.6
0,2728.9
5,2729.1
28,2729.2
9,2729.6
25,2729.9
22,2730.0
3,2730.2
26,2730.3
8,2730.3
2,2730.6
7,2730.9
11,2731.0
24,2731.2
13,2731.6
20,2731.9
10,2731.9
17,2732.5
29,2732.6
1,2732.6
0,2733.4
19,2733.7
11,2734.6
28,2734.7
4,2734.8
3,2735.7
9,2736.1
10,2736.2
21,2736.5
12,2736.6
23,2736.7
0,2737.0
26,2737.1
2,2737.1
24,2737.2
6,2737.3
27,2737.4
17,2737.9
8,2738.1
7,2738.2
29,2738.3
19,2738.7
1,2738.8
20,2738.9
13,2739.0
11,2739.1
25,2739.2
28,2739.9
22,2739.9
0,2740.9
5,2741.0
4,2741.3
24,2741.5
10,2741.7
9,2742.0
30,2742.1
31,2742.3
17,2742.7
18,2743.0
19,2743.4
2,2743.6
8,2744.2
23,2744.3
25,2744.5
3,2744.6
0,2744.9
28,2745.0
29,2745.2
27,2745.3
24,2745.5
11,2745.6
7,2746.1
9,2746.2
17,2746.9
26,2746.9
6,2747.0
1,2747.2
4,2747.9
2,2748.0
19,2748.4
28,2748.6
16,2749.2
10,2749.7
3,2749.8
9,2749.9
27,2750.4
0,2750.4
18,2750.6
24,2751.1
1,2751.1
11,2751.4
23,2751.4
25,2751.5
12,2751.5
17,2752.1
28,2752.1
29,2752.3
8,2753.2
2,2753.3
4,2753.3
9,2754.1
7,2754.4
1,2755.6
3,2755.8
27,2756.2
28,2756.2
30,2756.3
18,2756.4
0,2756.4
15,2756.4
11,2756.6
19,2756.9
12,2757.2
16,2757.4
4,2757.6
26,2757.8
9,2757.9
20,2758.6
2,2758.6
17,2759.2
7,2759.5
1,2759.6
0,2759.7
24,2759.9
8,2760.1
11,2760.2
25,2760.3
9,2760.6
12,2760.6
18,2761.0
15,2761.3
10,2761.3
27,2761.5
3,2761.7
28,2762.0
19,2762.4
4,2762.4
31,2763.0
2,2763.3
0,2763.3
30,2763.6
9,2763.7
11,2764.2
1,2764.4
17,2764.5
12,2764.6
7,2764.6
27,2765.4
8,2765.6
16,2765.8
13,2766.0
18,2766.1
15,2766.5
19,2766.5
26,2766.7
23,2767.4
9,2767.7
25,2767.7
28,2767.7
24,2767.9
4,2768.0
2,2768.2
0,2768.4
29,2769.0
11,2769.1
12,2769.1
1,2769.4
22,2769.9
27,2770.0
14,2770.5
19,2771.1
18,2771.6
6,2772.3
7,2772.3
31,2772.5
3,2772.6
13,2773.1
11,2773.2
10,2773.3
2,2773.4
15,2773.5
9,2773.5
12,2773.6
17,2774.5
28,2774.7
27,2774.7
20,2775.2
8,2775.3
14,2776.2
0,2776.3
19,2776.5
22,2777.0
11,2777.1
1,2777.6
2,2777.6
4,2777.8
18,2778.2
25,2778.4
12,2778.4
30,2778.4
31,2778.5
10,2778.7
24,2778.8
27,2779.2
3,2779.7
20,2780.1
6,2780.3
28,2781.4
0,2781.7
2,2782.2
21,2782.2
11,2782.3
19,2782.4
13,2782.5
7,2782.5
15,2783.0
12,2783.0
29,2783.1
22,2783.6
9,2783.7
20,2783.9
31,2784.3
27,2784.6
25,2784.8
5,2784.9
24,2785.2
23,2786.3
2,2786.8
28,2787.1
1,2787.9
30,2787.9
6,2788.1
20,2788.2
7,2788.3
14,2788.3
0,2788.4
12,2788.5
10,2788.6
18,2788.8
16,2788.8
29,2788.8
19,2789.1
4,2789.3
22,2790.6
11,2791.0
23,2791.3
20,2792.6
30,2793.0
3,2793.2
5,2793.9
1,2793.9
7,2794.0
31,2794.3
2,2794.4
27,2794.6
12,2794.9
29,2795.0
4,2795.6
21,2796.1
25,2796.3
28,2796.7
19,2797.2
8,2797.3
11,2797.3
0,2797.5
26,2797.5
9,2797.8
23,2797.9
18,2798.3
24,2798.4
20,2798.6
22,2799.2
1,2799.6
30,2799.8
3,2800.7
4,2801.1
29,2801.3
5,2801.9
19,2802.2
11,2802.3
8,2803.1
20,2803.5
25,2803.6
0,2803.6
9,2803.9
2,2804.0
7,2804.1
10,2804.2
12,2804.9
23,2805.3
18,2806.1
26,2806.2
3,2806.7
30,2806.8
11,2806.8
22,2807.0
19,2807.2
29,2807.4
2,2807.5
1,2807.6
5,2807.8
28,2807.9
31,2808.3
21,2808.4
0,2808.5
9,2808.5
20,2808.6
27,2808.9
10,2810.2
11,2810.9
7,2811.2
18,2811.2
19,2811.2
30,2811.3
4,2811.4
12,2811.5
2,2811.6
29,2811.7
23,2812.1
9,2813.0
28,2813.1
5,2813.3
6,2813.6
22,2814.0
8,2814.1
3,2814.6
11,2814.7
0,2815.5
21,2815.9
19,2816.2
31,2816.3
29,2816.6
30,2817.0
26,2817.2
2,2817.4
20,2817.5
27,2817.8
11,2818.4
4,2818.6
28,2818.6
9,2819.1
18,2819.3
25,2819.8
13,2820.4
17,2820.6
11,2821.7
3,2821.8
7,2822.0
29,2822.0
19,2822.3
10,2822.6
28,2822.7
5,2822.7
12,2824.2
9,2824.5
0,2824.6
23,2825.0
2,2825.3
26,2825.4
11,2825.8
18,2826.5
28,2827.2
30,2827.5
22,2827.9
4,2828.4
13,2828.9
17,2829.0
0,2829.6
9,2829.9
29,2830.2
19,2830.4
1,2830.5
11,2831.1
12,2831.3
26,2831.7
8,2832.2
2,2832.7
21,2833.6
28,2834.0
18,2834.4
3,2834.5
0,2834.5
26,2835.9
19,2836.0
11,2836.0
4,2836.7
1,2837.4
9,2838.4
11,2839.9
12,2840.1
8,2840.3
0,2840.5
26,2841.0
27,2841.9
31,2842.1
7,2842.4
15,2842.6
3,2842.9
19,2843.6
11,2843.7
21,2844.3
4,2844.4
12,2845.0
28,2845.1
2,2845.6
29,2845.6
1,2845.7
20,2845.9
18,2847.1
11,2848.6
26,2849.5
27,2849.9
19,2850.3
12,2850.3
4,2850.5
15,2850.8
1,2851.3
31,2851.4
28,2851.4
2,2851.7
29,2851.8
0,2852.0
20,2852.1
7,2853.9
5,2855.2
30,2855.5
21,2856.1
29,2856.2
11,2856.4
22,2856.7
19,2857.9
18,2858.2
2,2858.2
20,2858.2
28,2858.4
31,2858.7
12,2858.8
1,2860.9
29,2861.1
5,2861.4
9,2861.4
26,2862.0
30,2862.0
4,2862.8
0,2862.9
8,2863.0
19,2863.3
21,2863.6
22,2865.3
27,2866.3
2,2866.3
1,2867.6
17,2867.8
26,2868.2
29,2868.3
16,2868.5
19,2868.6
31,2869.2
28,2869.3
0,2869.4
9,2869.5
20,2870.3
23,2870.3
7,2870.6
8,2870.8
4,2871.1
2,2871.2
27,2871.5
6,2871.6
11,2872.2
5,2872.6
19,2873.2
28,2873.3
29,2873.6
18,2873.6
12,2874.1
30,2874.7
27,2875.4
17,2875.7
7,2875.7
15,2875.8
2,2876.1
23,2876.4
28,2877.4
4,2877.5
31,2877.5
16,2877.7
11,2878.0
9,2878.3
26,2878.5
19,2878.7
1,2878.8
12,2879.8
27,2880.0
29,2880.6
22,2881.2
14,2881.3
0,2881.5
13,2882.1
7,2882.5
6,2882.9
15,2883.0
11,2883.7
28,2883.9
2,2884.0
31,2885.6
12,2885.8
27,2885.8
20,2886.0
10,2886.2
30,2887.1
7,2887.2
15,2887.6
14,2887.7
3,2887.8
23,2887.9
11,2888.0
18,2888.5
19,2888.7
22,2889.4
2,2890.0
6,2890.0
20,2890.6
13,2890.7
31,2891.2
7,2892.5
10,2892.8
15,2893.2
11,2893.2
4,2893.3
14,2894.0
30,2894.2
29,2895.4
28,2896.4
20,2896.5
27,2896.5
12,2897.1
22,2897.1
6,2897.4
13,2898.3
7,2898.4
24,2898.4
25,2898.5
31,2898.6
8,2898.6
17,2898.9
0,2899.1
15,2899.9
3,2900.0
14,2900.0
2,2900.4
30,2902.1
19,2902.2
11,2902.3
7,2902.8
22,2903.0
5,2903.6
28,2904.7
18,2904.9
25,2904.9
27,2904.9
24,2905.2
2,2906.6
20,2907.4
7,2907.5
15,2907.5
19,2908.5
22,2908.6
17,2908.9
5,2909.7
14,2909.8
8,2909.8
13,2910.0
0,2910.4
9,2910.9
28,2911.2
11,2911.9
29,2912.5
30,2912.7
3,2912.8
27,2912.8
2,2913.4
19,2913.5
18,2914.3
7,2914.7
0,2915.5
28,2916.4
5,2916.6
10,2917.2
9,2917.9
11,2918.0
29,2918.7
22,2919.1
19,2919.4
1,2919.9
28,2920.3
3,2920.5
0,2920.6
4,2920.7
2,2920.9
20,2921.2
12,2921.8
5,2922.3
18,2922.5
29,2923.7
25,2923.9
28,2924.4
19,2925.3
24,2926.0
1,2926.8
2,2926.9
0,2927.0
20,2927.5
11,2927.9
31,2928.2
28,2929.3
9,2929.4
4,2929.6
3,2929.8
29,2930.6
5,2930.6
7,2930.8
10,2931.0
11,2932.4
2,2932.4
1,2932.5
20,2932.9
28,2933.8
27,2933.9
3,2933.9
9,2934.9
12,2935.9
19,2936.2
11,2937.2
10,2937.8
29,2938.1
28,2938.2
18,2938.5
2,2938.5
3,2938.7
4,2938.8
23,2938.8
1,2938.9
9,2939.0
0,2939.4
6,2939.6
7,2939.8
17,2940.7
20,2940.8
16,2941.4
27,2941.8
28,2942.6
11,2943.3
9,2943.3
1,2943.4
29,2943.5
3,2944.1
26,2944.1
4,2944.2
19,2944.4
2,2944.7
8,2944.9
23,2945.1
0,2945.4
1,2946.7
9,2947.1
7,2947.8
28,2947.8
19,2948.3
17,2948.7
12,2948.8
18,2948.9
25,2949.0
10,2949.3
11,2949.3
8,2949.4
4,2949.4
27,2949.8
1,2949.8
3,2949.8
0,2950.0
26,2950.2
20,2950.4
6,2950.4
16,2950.6
2,2950.8
9,2951.1
29,2951.2
19,2951.6
11,2953.0
28,2953.5
1,2953.9
8,2954.7
3,2954.9
9,2955.5
10,2955.5
25,2955.9
13,2956.0
19,2956.0
29,2956.1
11,2956.2
0,2956.3
23,2956.3
4,2956.5
2,2957.5
27,2957.7
7,2957.8
20,2958.1
28,2958.5
6,2959.7
1,2960.0
11,2960.0
3,2960.6
29,2960.9
26,2961.0
9,2961.2
19,2962.1
23,2963.1
25,2963.7
13,2963.9
7,2963.9
4,2964.0
18,2964.7
30,2965.0
8,2965.0
11,2965.8
28,2966.4
12,2966.7
10,2967.1
29,2968.0
27,2968.1
7,2968.6
0,2968.7
23,2969.5
5,2970.0
11,2970.3
15,2970.9
31,2971.0
9,2971.1
1,2971.3
2,2971.8
30,2972.1
3,2972.1
19,2972.3
12,2972.6
7,2973.3
26,2973.5
27,2974.8
8,2975.1
11,2975.1
0,2975.9
23,2976.3
29,2976.7
4,2977.0
6,2977.4
7,2977.4
28,2977.8
1,2978.5
30,2978.5
19,2978.5
20,2978.5
15,2978.9
26,2979.7
12,2979.9
0,2980.4
23,2980.5
22,2980.5
5,2981.2
7,2981.4
31,2981.6
9,2981.6
18,2981.7
29,2981.9
2,2982.9
11,2983.1
30,2983.1
8,2983.4
15,2984.8
0,2985.2
7,2985.5
12,2986.1
19,2986.3
23,2986.7
4,2987.5
20,2987.6
30,2987.8
22,2987.9
14,2988.3
13,2988.6
29,2988.7
1,2988.8
9,2989.0
27,2989.3
18,2990.3
5,2990.6
26,2990.6
7,2991.2
0,2991.6
8,2992.6
15,2992.6
19,2993.1
28,2993.3
22,2993.5
25,2994.1
30,2994.1
23,2994.2
14,2994.9
2,2995.1
9,2995.1
12,2995.1
11,2995.4
20,2995.9
1,2996.4
0,2997.0
13,2997.1
7,2997.3
29,2997.3
31,2997.9
19,2998.3
8,2998.3
27,2998.8
15,2998.8
3,2998.9
