35,28.4
0,28.5
30,30.2
59,31.0
32,32.9
31,34.1
0,36.3
35,36.4
51,37.6
30,38.4
11,38.8
28,38.8
3,38.8
6,38.8
38,40.3
31,40.7
12,40.8
29,40.8
2,41.0
21,41.6
59,41.7
57,42.0
17,42.5
48,42.7
32,43.1
28,44.1
35,44.5
47,44.6
0,44.8
51,45.0
11,45.5
12,45.5
1,45.5
6,45.7
44,45.8
30,45.8
14,45.8
21,46.4
45,46.8
3,47.0
52,47.0
46,48.2
43,48.2
22,48.7
8,48.7
15,48.9
53,49.2
28,49.3
10,49.3
31,49.4
23,49.4
48,49.6
59,49.7
4,49.9
44,50.1
40,50.2
12,50.3
42,50.3
47,50.4
9,50.7
33,50.8
21,51.0
1,51.0
6,51.1
0,51.2
37,51.4
25,51.6
17,51.7
49,52.2
36,52.4
32,52.4
45,52.5
46,52.6
29,52.7
62,52.8
20,52.8
43,53.2
8,53.3
2,53.3
30,53.6
34,53.7
26,53.7
11,53.7
18,53.8
41,54.1
5,54.5
19,54.6
28,54.7
14,54.7
15,55.1
27,55.4
23,55.4
22,55.4
51,55.5
44,55.5
54,55.7
10,56.1
12,56.1
4,56.4
59,56.6
21,56.6
0,56.8
6,57.1
39,57.3
53,57.3
40,57.7
1,57.8
7,57.9
37,58.2
60,58.3
42,58.5
3,58.5
8,58.6
52,59.1
32,59.5
20,60.3
28,60.7
47,60.7
41,60.8
62,60.9
50,60.9
48,61.3
17,61.3
57,61.5
5,62.2
61,62.2
18,62.3
34,62.3
43,62.4
55,63.0
44,63.2
31,64.1
54,64.5
6,64.6
12,64.7
9,65.4
59,65.4
30,65.4
0,66.0
19,66.2
45,67.3
24,68.3
40,68.6
15,68.7
8,69.1
39,70.3
27,70.3
57,71.5
35,72.5
7,73.1
62,73.6
5,75.2
28,76.1
0,79.1
19,79.9
59,79.9
25,82.1
35,83.1
14,83.4
53,92.9
11,120.1
8,130.6
46,130.6
28,141.8
31,146.0
33,146.5
38,146.8
11,147.5
47,148.6
35,150.9
13,151.4
29,168.2
18,170.9
37,172.2
56,176.6
6,177.4
29,180.7
0,181.2
24,183.0
6,183.8
5,185.1
7,187.9
31,189.4
28,189.7
35,189.7
37,189.9
29,190.1
30,190.2
11,191.9
16,191.9
13,192.1
34,192.6
9,192.8
54,193.7
12,194.0
33,194.1
3,194.3
47,194.3
28,194.7
56,194.8
37,195.1
10,195.2
31,195.3
62,195.9
35,196.1
38,197.1
15,197.1
40,197.3
21,197.4
27,198.2
32,198.3
11,198.7
34,199.4
16,200.4
30,200.4
10,201.3
28,201.9
6,202.6
21,202.8
53,202.9
7,203.1
15,203.3
12,203.3
0,203.9
54,204.5
59,204.9
37,204.9
32,205.0
35,205.1
31,206.2
14,207.2
57,207.6
48,208.7
47,208.8
38,209.8
11,210.7
21,210.9
44,213.5
0,213.7
53,216.1
59,218.7
20,220.1
17,222.3
32,222.4
28,224.5
18,224.9
53,225.8
1,228.5
36,229.9
20,230.7
35,232.8
14,233.8
47,236.7
32,236.8
28,236.9
36,238.8
56,240.4
57,241.4
17,241.8
53,241.9
32,242.3
18,242.4
60,242.7
37,242.8
16,243.1
34,243.1
5,244.4
19,244.6
40,244.7
31,245.2
59,245.2
61,245.5
14,245.8
56,246.9
36,247.4
7,247.7
20,248.1
24,248.7
4,249.1
18,250.1
41,250.3
53,250.4
37,250.5
28,251.6
34,251.8
57,251.9
35,252.3
60,253.1
17,253.5
59,253.9
3,254.0
40,254.1
12,255.9
34,257.0
39,257.0
28,257.1
11,258.7
32,258.9
18,259.1
21,259.8
30,260.3
1,260.4
50,260.5
25,260.9
46,261.1
53,262.6
47,262.9
7,263.0
38,264.5
28,264.5
3,264.8
34,265.2
4,265.2
6,266.1
8,266.3
51,266.7
30,266.8
1,266.9
57,267.3
12,267.4
53,267.8
46,268.2
47,268.6
42,269.4
0,269.7
52,270.2
50,270.9
25,271.0
29,271.2
34,271.7
4,271.7
14,272.5
26,273.0
7,273.1
55,273.2
38,274.5
53,275.7
28,276.2
11,276.8
8,277.2
9,277.3
7,279.2
32,279.6
30,281.0
57,283.6
61,285.9
32,289.6
7,296.0
40,297.8
59,304.9
19,305.4
35,305.4
62,305.4
7,306.2
14,308.7
12,310.3
28,311.7
32,313.6
7,313.6
14,316.6
57,317.6
10,319.2
12,323.1
32,323.9
35,326.3
6,330.4
0,332.6
51,332.9
49,334.9
1,346.7
50,349.4
5,351.6
27,353.5
8,356.0
32,357.0
55,361.8
12,362.1
35,362.6
15,362.7
49,362.9
11,362.9
29,363.1
1,363.4
6,363.4
47,364.2
3,364.5
30,364.9
28,365.1
50,365.5
18,366.1
31,368.9
28,370.7
49,372.1
1,372.2
30,372.2
14,372.8
11,373.4
47,373.4
52,373.4
3,373.6
6,374.4
44,374.4
12,374.7
31,376.3
35,376.4
28,377.1
8,377.6
30,378.8
37,379.5
4,380.1
46,380.2
56,380.3
47,381.3
14,383.1
31,384.0
44,384.5
0,385.4
32,385.9
38,387.0
37,389.4
24,392.1
57,399.3
1,413.5
49,416.1
1,420.1
21,425.7
37,426.4
62,427.0
3,427.1
40,428.0
56,430.0
25,431.4
41,432.5
19,442.9
35,443.0
61,444.1
9,446.5
51,451.0
28,452.0
8,452.2
38,456.3
10,457.2
11,457.3
28,457.8
35,458.5
59,459.1
31,460.7
18,461.4
15,461.5
20,461.7
11,465.5
16,466.5
28,466.8
33,468.2
18,468.7
56,468.8
57,470.3
15,471.9
10,472.0
24,472.2
59,472.5
16,472.9
34,473.0
45,473.3
31,473.3
46,473.4
29,473.5
53,473.9
28,474.1
6,474.6
13,474.8
32,477.5
47,477.7
37,478.2
35,478.6
16,478.6
56,478.7
38,478.7
57,479.2
14,480.1
0,480.2
18,480.3
22,480.4
30,480.9
9,481.0
15,481.2
59,481.3
27,481.3
41,482.3
11,482.4
60,482.4
37,482.9
28,483.0
3,483.3
32,483.6
16,483.8
21,483.9
38,484.0
31,484.1
34,484.8
14,485.1
61,485.8
36,485.8
57,485.9
39,486.2
56,486.4
53,486.6
50,486.9
27,487.2
47,487.2
35,487.7
18,488.0
20,488.5
30,488.6
0,489.1
37,489.4
13,489.5
17,489.6
40,489.7
7,489.9
23,491.0
60,491.1
4,492.8
32,493.4
42,493.8
47,494.3
14,494.7
7,496.1
21,496.4
50,497.4
32,497.5
53,500.0
44,500.0
54,500.9
4,501.1
7,501.2
26,501.7
46,501.7
5,502.3
32,502.5
0,503.3
23,503.8
52,506.0
59,507.3
32,509.9
24,510.6
7,511.0
53,512.4
32,514.2
14,516.3
36,516.8
32,518.9
47,520.6
7,520.9
50,522.5
5,524.5
59,525.1
28,525.3
1,530.4
4,534.0
7,534.1
49,534.7
1,536.9
35,542.9
18,544.5
61,545.7
57,547.7
9,549.6
40,550.0
57,556.3
18,556.8
28,561.6
15,562.5
16,563.3
53,574.2
38,586.4
47,600.0
22,603.4
44,603.5
21,604.7
6,607.8
45,608.3
44,609.7
28,610.1
11,610.7
47,610.8
49,611.1
10,611.4
35,611.4
29,611.5
21,611.6
0,611.6
1,612.7
25,612.7
6,614.3
12,614.3
8,614.8
31,614.8
34,615.1
3,615.2
51,615.2
5,615.4
19,615.7
28,616.6
14,616.6
57,616.9
35,616.9
0,617.4
21,617.7
42,618.2
46,618.4
30,618.4
47,618.4
26,618.7
53,618.8
25,618.8
43,619.0
44,619.3
1,619.7
11,620.1
49,620.4
59,620.4
3,620.6
17,621.1
50,621.5
5,621.5
48,622.0
51,622.1
8,622.2
47,622.2
28,622.6
15,622.7
19,623.2
62,623.6
7,623.6
30,623.9
55,623.9
4,624.1
57,624.9
24,625.0
0,625.1
31,625.4
35,625.4
34,625.6
14,625.8
45,626.1
32,626.5
41,626.8
50,627.1
59,627.7
60,628.3
8,628.7
47,630.0
55,631.1
19,631.4
28,631.4
18,631.5
38,632.0
11,632.3
57,632.8
17,633.0
12,633.1
52,633.3
42,635.9
30,636.7
4,636.9
59,637.3
47,639.3
50,641.7
35,641.8
33,642.0
37,642.9
31,643.8
32,645.0
52,646.5
47,647.6
14,649.4
30,650.3
32,650.4
53,650.5
38,650.7
46,651.5
28,652.2
1,653.2
35,653.3
7,653.6
4,653.9
47,654.0
0,654.0
37,654.1
14,654.6
53,654.9
32,655.1
6,656.7
13,656.8
32,659.7
52,660.0
14,660.0
34,660.2
46,661.1
7,661.5
32,665.2
7,667.1
28,668.2
32,674.1
7,679.4
28,682.7
12,685.0
35,685.6
53,690.3
28,692.7
17,694.0
36,694.5
55,705.6
11,706.8
32,707.9
15,713.0
36,715.4
14,718.6
32,719.4
51,721.0
11,721.0
25,722.7
18,723.7
52,725.1
37,725.3
15,728.3
60,730.0
40,732.1
16,733.1
8,733.3
17,733.4
39,733.5
18,733.9
12,734.2
28,735.0
37,735.1
10,736.3
56,737.9
11,741.9
40,742.4
32,743.4
8,743.6
9,743.9
51,745.3
10,747.8
28,749.4
52,751.7
9,751.9
36,752.9
15,753.0
27,754.3
56,756.9
11,758.1
27,763.5
29,764.4
62,764.7
36,765.6
9,768.1
32,770.0
38,770.1
31,772.6
13,775.9
47,776.4
16,777.9
3,779.1
29,780.8
33,781.1
21,782.1
24,782.4
31,782.8
46,783.6
37,784.9
13,785.4
35,785.5
3,786.4
38,788.4
44,788.5
16,789.0
22,789.2
47,789.2
40,789.3
28,789.4
30,789.7
59,789.8
37,789.9
21,790.2
17,790.8
1,791.3
61,791.8
35,792.1
20,792.8
31,793.2
29,793.4
34,793.5
53,793.6
57,793.9
42,794.1
14,794.4
33,794.4
30,794.7
9,794.7
60,794.8
52,795.0
3,795.0
46,795.0
37,795.1
23,795.2
25,795.2
6,795.3
40,795.5
32,795.6
7,796.3
0,796.3
18,796.6
17,796.7
51,796.7
47,796.9
21,797.5
45,797.8
16,797.9
28,798.0
59,798.0
34,798.6
1,798.6
53,798.7
11,799.0
62,800.0
57,800.0
7,800.2
44,800.6
37,800.6
56,801.2
52,801.4
30,802.4
38,802.8
41,802.8
42,803.3
9,803.4
32,803.4
0,804.5
40,804.8
35,804.8
60,805.1
18,805.3
55,805.5
14,806.3
53,806.7
23,807.0
26,807.2
7,807.4
17,807.8
54,808.4
59,808.8
57,809.2
32,809.6
28,809.7
9,809.7
37,809.8
3,809.9
22,810.4
34,811.0
11,811.6
7,812.6
55,818.8
52,819.7
62,822.0
7,822.4
24,822.9
26,824.8
5,825.9
51,829.5
0,829.7
42,829.9
53,835.0
55,835.2
32,835.3
4,836.0
26,837.1
0,837.6
47,838.1
50,838.7
28,840.2
32,841.9
5,841.9
47,844.6
4,846.2
53,848.5
50,848.7
32,849.7
47,849.7
26,849.9
14,853.8
5,854.4
32,855.7
24,858.4
47,859.7
50,861.1
4,861.4
54,863.8
32,866.3
62,867.6
47,868.0
14,871.8
56,872.2
38,875.7
1,877.1
15,881.9
14,883.7
39,884.1
28,884.3
57,884.6
34,886.1
62,886.2
50,886.2
19,888.3
37,888.6
18,889.4
28,892.7
14,892.7
50,896.4
8,898.2
53,901.4
32,904.5
49,904.9
7,906.7
11,906.8
12,907.0
30,908.8
32,909.0
1,909.3
18,910.5
28,910.9
6,911.5
0,911.7
62,912.5
7,912.8
40,913.2
30,913.9
16,916.3
59,916.3
12,916.3
28,916.5
21,916.7
18,917.3
8,918.4
7,919.7
35,920.4
44,920.9
30,921.0
59,922.1
28,922.2
32,922.8
36,923.1
16,923.3
31,924.9
11,925.4
12,925.6
37,925.8
38,925.8
59,926.5
7,926.7
28,927.3
35,927.3
32,928.2
36,928.5
62,929.3
0,929.8
20,930.4
37,932.7
59,932.8
15,933.2
17,933.7
34,934.2
32,935.1
36,938.1
7,942.4
7,951.0
24,954.3
37,957.3
17,958.3
9,959.3
4,964.0
9,965.2
10,966.2
55,968.1
5,970.8
11,972.9
47,991.5
21,993.3
31,993.5
30,993.6
11,993.7
15,994.1
29,995.0
53,1011.7
34,1012.2
6,1020.1
29,1022.5
22,1022.6
24,1023.5
34,1023.8
0,1024.5
6,1025.5
3,1026.5
31,1026.9
47,1027.4
26,1027.7
1,1029.0
29,1029.6
14,1029.7
5,1030.0
35,1030.1
28,1030.1
34,1030.2
44,1030.2
22,1030.4
51,1030.5
59,1031.0
6,1031.0
25,1031.7
45,1031.9
49,1032.2
30,1032.3
0,1032.4
47,1033.2
46,1033.2
50,1033.4
41,1033.5
57,1034.7
17,1034.9
27,1034.9
1,1035.2
28,1035.7
12,1035.8
44,1036.1
19,1036.1
22,1036.2
14,1036.2
31,1036.3
3,1036.5
5,1036.6
6,1037.2
34,1037.5
29,1037.5
11,1038.2
51,1038.2
30,1038.2
50,1038.7
24,1039.1
55,1039.2
18,1039.4
56,1039.4
7,1039.6
60,1039.7
28,1040.4
54,1040.5
39,1040.9
32,1041.4
15,1041.8
16,1042.1
38,1042.4
5,1042.4
45,1042.5
14,1043.1
37,1043.7
36,1044.0
41,1044.2
62,1044.5
28,1045.5
30,1045.8
56,1045.9
35,1046.0
47,1046.2
50,1046.2
0,1046.3
40,1046.7
11,1046.8
55,1047.0
24,1047.0
32,1047.8
18,1048.8
19,1049.4
7,1049.4
60,1051.1
27,1051.4
50,1051.5
5,1051.7
28,1052.5
25,1053.2
1,1054.1
32,1054.3
42,1054.5
62,1055.6
11,1056.2
4,1057.5
30,1058.8
50,1062.9
53,1083.8
5,1090.7
50,1090.9
6,1091.1
29,1091.7
53,1091.8
7,1093.1
27,1093.8
14,1095.5
3,1096.7
7,1098.0
50,1098.6
5,1101.1
1,1102.0
27,1102.4
3,1103.3
30,1103.4
7,1103.6
10,1103.9
50,1106.8
14,1107.0
32,1107.2
53,1107.2
0,1107.2
21,1107.8
18,1108.2
57,1108.6
7,1108.7
40,1109.1
37,1109.1
38,1109.6
30,1112.6
61,1113.0
20,1113.1
28,1113.4
32,1113.8
35,1114.6
7,1114.6
59,1114.7
0,1114.8
10,1116.0
57,1117.0
38,1117.5
32,1118.8
3,1119.3
37,1120.8
55,1121.0
35,1122.8
59,1123.4
62,1123.5
1,1123.6
28,1124.4
9,1124.6
20,1124.6
56,1125.4
41,1125.7
54,1125.9
57,1126.4
24,1127.1
38,1128.4
32,1128.6
49,1128.9
4,1130.1
0,1130.4
62,1130.8
52,1131.3
19,1131.4
1,1133.6
8,1135.0
44,1135.8
42,1142.7
47,1144.3
49,1164.5
28,1166.9
12,1169.5
35,1170.5
11,1170.7
30,1171.8
28,1173.2
31,1173.7
15,1174.2
47,1175.1
24,1178.9
12,1178.9
22,1179.7
6,1181.2
5,1181.6
32,1182.2
36,1182.5
31,1183.0
28,1184.0
47,1184.2
8,1184.6
44,1185.7
32,1186.0
30,1186.3
53,1186.5
29,1186.6
50,1186.8
51,1187.0
11,1187.6
55,1188.0
5,1188.2
0,1188.4
21,1188.9
24,1189.0
47,1189.2
27,1189.3
46,1189.6
15,1189.6
31,1189.8
1,1189.8
49,1189.9
32,1191.1
8,1191.8
34,1192.4
53,1192.9
51,1194.4
55,1194.9
28,1196.5
36,1197.5
32,1197.6
16,1198.8
8,1198.8
42,1199.5
9,1200.5
55,1201.1
52,1204.3
0,1205.8
8,1205.8
18,1210.9
41,1213.2
14,1217.7
56,1221.5
27,1223.6
1,1225.6
52,1229.1
37,1229.3
18,1231.2
38,1235.4
46,1237.9
1,1242.1
32,1242.5
37,1242.8
38,1245.8
46,1251.8
26,1256.7
29,1259.4
25,1264.1
40,1265.0
16,1268.8
22,1268.8
61,1270.2
26,1270.4
35,1271.8
56,1272.6
60,1272.8
18,1273.0
40,1275.5
39,1276.0
35,1280.9
7,1281.3
11,1281.5
38,1282.0
16,1282.0
12,1282.8
29,1286.0
9,1286.0
62,1286.5
32,1288.2
28,1288.4
51,1289.3
62,1293.6
41,1295.7
11,1296.6
59,1296.9
20,1297.6
15,1297.7
34,1298.6
37,1299.8
62,1301.0
59,1307.4
32,1308.2
51,1309.4
29,1310.4
62,1310.7
6,1311.4
13,1312.8
28,1315.1
59,1315.8
7,1315.9
40,1316.0
34,1316.0
36,1317.3
24,1317.5
53,1317.6
9,1317.6
62,1317.9
41,1318.0
29,1318.1
5,1318.2
31,1318.3
6,1318.7
3,1320.2
17,1320.6
32,1321.2
51,1321.3
28,1322.1
59,1323.1
34,1323.9
14,1324.7
33,1325.0
53,1325.3
10,1326.0
31,1326.6
62,1326.9
27,1327.2
50,1327.8
57,1328.0
0,1328.5
17,1328.8
59,1329.3
34,1329.6
54,1331.1
11,1331.8
14,1332.1
52,1333.8
50,1334.0
28,1335.5
27,1336.3
1,1337.7
5,1337.7
32,1340.5
37,1341.3
47,1341.7
21,1341.9
44,1343.3
52,1343.4
28,1343.9
1,1344.0
49,1344.2
57,1344.9
32,1347.3
35,1348.0
25,1348.3
53,1348.9
9,1348.9
7,1349.2
55,1350.3
28,1350.8
37,1351.8
12,1352.5
47,1353.6
27,1354.7
4,1355.6
25,1355.7
35,1356.8
9,1357.2
55,1358.3
32,1359.9
28,1359.9
7,1361.3
31,1361.9
37,1363.3
28,1365.0
0,1366.7
12,1367.2
13,1367.5
14,1369.4
11,1369.7
8,1369.9
7,1370.1
32,1371.6
28,1374.7
20,1378.1
32,1378.2
40,1380.1
36,1381.7
14,1382.4
37,1384.5
34,1384.8
38,1385.1
13,1385.5
11,1386.9
53,1387.5
18,1387.7
32,1388.4
61,1391.1
34,1394.7
6,1397.5
57,1399.1
29,1400.8
18,1400.9
34,1401.8
24,1402.6
53,1404.0
5,1405.7
6,1405.7
47,1406.4
30,1407.6
59,1408.4
7,1408.6
32,1411.3
57,1411.3
35,1411.4
18,1412.2
15,1412.5
24,1412.7
28,1413.5
30,1413.7
47,1413.8
11,1414.0
5,1414.7
19,1414.9
29,1415.2
6,1416.5
60,1417.0
7,1417.1
30,1417.5
8,1418.3
43,1418.5
47,1419.0
42,1419.4
24,1419.4
28,1419.6
50,1419.8
12,1420.1
56,1420.9
11,1420.9
27,1420.9
5,1421.5
34,1422.2
30,1422.9
8,1423.2
15,1423.7
21,1424.3
18,1424.6
36,1424.8
51,1425.6
55,1425.6
7,1426.4
32,1426.6
24,1426.8
50,1427.1
28,1427.6
14,1428.8
11,1429.1
38,1429.3
57,1430.0
47,1430.6
20,1431.3
37,1432.1
28,1434.9
10,1437.2
8,1437.8
32,1438.0
28,1446.3
10,1447.1
38,1447.2
57,1447.5
37,1448.6
16,1449.1
3,1449.1
38,1453.5
37,1454.1
61,1455.4
52,1456.8
0,1457.2
40,1457.2
28,1457.6
29,1457.9
4,1458.1
16,1458.4
1,1459.8
38,1460.1
56,1460.1
25,1461.4
37,1461.7
47,1461.9
32,1462.8
52,1463.0
7,1463.0
13,1463.4
28,1465.1
53,1465.4
3,1467.4
14,1471.2
10,1471.5
32,1471.9
7,1471.9
0,1484.3
41,1498.0
56,1498.6
46,1498.7
39,1499.5
4,1499.6
35,1501.4
57,1502.0
19,1505.1
31,1505.3
35,1505.3
44,1505.4
32,1505.8
47,1506.6
38,1506.9
57,1506.9
62,1507.4
9,1508.1
4,1508.6
56,1509.1
12,1509.8
35,1509.9
61,1510.0
59,1510.3
17,1510.4
40,1510.6
57,1512.2
38,1512.8
62,1512.9
16,1513.5
54,1514.4
4,1514.8
46,1514.9
42,1515.1
31,1516.4
34,1516.5
1,1516.7
9,1517.1
33,1517.2
28,1517.2
30,1517.2
15,1517.8
26,1518.0
18,1518.0
35,1518.6
7,1520.0
12,1520.0
25,1520.4
47,1520.7
11,1521.8
31,1523.4
46,1523.4
38,1523.5
14,1524.3
7,1525.5
32,1526.1
6,1526.1
4,1526.2
8,1527.3
15,1528.2
62,1528.9
13,1529.4
5,1530.7
29,1530.9
11,1530.9
6,1531.7
55,1532.3
53,1536.0
24,1536.0
14,1537.3
3,1537.5
50,1538.5
5,1541.4
7,1542.7
10,1543.5
28,1545.7
30,1551.2
10,1558.0
20,1559.9
28,1560.3
15,1563.5
8,1564.4
56,1564.5
28,1565.2
3,1565.6
11,1566.8
10,1567.5
37,1569.0
53,1569.5
1,1569.8
54,1569.9
35,1570.4
27,1570.5
34,1570.9
28,1571.1
41,1571.6
44,1572.3
11,1572.5
31,1572.6
22,1573.0
49,1573.6
21,1574.7
16,1577.0
15,1580.4
55,1581.2
44,1588.3
24,1591.9
34,1597.5
6,1602.8
34,1605.1
11,1606.1
27,1607.6
29,1607.7
41,1607.9
32,1610.2
50,1613.8
0,1614.7
62,1615.4
5,1616.8
11,1620.2
15,1621.0
21,1622.4
0,1623.3
47,1626.9
62,1627.2
42,1630.2
26,1632.1
21,1632.6
46,1632.7
25,1633.6
59,1633.8
17,1634.7
3,1639.0
35,1639.2
52,1639.5
37,1640.7
57,1640.8
31,1641.2
21,1641.3
1,1641.5
0,1641.7
32,1641.7
30,1643.5
28,1644.2
40,1644.3
59,1645.4
17,1645.7
60,1646.9
57,1647.3
12,1647.3
14,1648.3
32,1648.5
35,1650.8
62,1650.8
59,1651.9
47,1652.6
0,1654.3
12,1654.8
32,1655.0
55,1655.2
17,1655.5
53,1655.5
52,1655.6
37,1655.7
8,1657.0
18,1657.3
59,1657.5
38,1658.6
19,1658.7
10,1658.8
28,1660.3
14,1660.6
12,1660.9
53,1661.6
34,1662.0
31,1662.1
35,1662.5
17,1663.0
47,1663.6
40,1665.4
28,1665.5
59,1665.7
18,1665.8
1,1665.9
6,1667.1
49,1667.2
8,1667.3
36,1667.5
11,1667.7
14,1669.0
57,1669.1
62,1669.5
53,1669.6
44,1670.6
46,1671.5
32,1673.2
28,1673.3
20,1675.4
14,1675.5
6,1676.5
8,1676.5
7,1677.2
28,1678.0
9,1678.5
32,1678.7
36,1679.1
53,1679.2
29,1679.7
27,1680.5
45,1681.0
7,1681.1
31,1681.7
8,1683.0
14,1683.2
16,1684.4
11,1684.8
47,1685.0
7,1685.1
4,1685.3
28,1685.4
15,1685.7
32,1685.8
38,1686.1
30,1686.9
46,1688.5
6,1688.7
50,1689.6
57,1690.5
24,1690.6
8,1690.9
5,1692.1
14,1693.0
47,1693.3
28,1693.5
34,1694.5
50,1697.1
14,1702.0
18,1702.4
50,1705.9
5,1706.3
16,1715.5
5,1720.8
33,1723.5
56,1724.1
47,1724.1
1,1725.6
13,1725.8
37,1725.8
6,1726.6
38,1726.7
24,1727.2
28,1727.4
45,1728.2
40,1728.3
44,1728.6
15,1728.9
31,1729.1
29,1729.2
47,1729.5
56,1730.9
3,1731.4
5,1731.7
16,1732.2
50,1732.2
32,1732.6
7,1732.8
4,1732.9
30,1733.1
28,1733.2
41,1733.2
1,1733.5
35,1733.9
47,1734.1
39,1734.4
14,1735.0
46,1735.1
34,1735.8
3,1736.4
31,1736.5
37,1736.8
7,1736.9
18,1736.9
32,1737.5
33,1737.5
15,1737.8
6,1737.9
30,1738.0
50,1738.4
25,1738.9
54,1739.1
13,1739.8
62,1740.2
19,1740.4
41,1740.6
57,1740.7
24,1741.1
37,1741.4
35,1741.5
28,1741.5
47,1741.5
60,1742.0
14,1742.0
34,1742.0
42,1742.2
55,1742.2
59,1742.2
11,1742.4
32,1742.4
7,1742.8
16,1743.1
53,1743.2
31,1744.0
62,1746.7
18,1747.6
32,1748.6
3,1749.3
50,1749.3
36,1750.1
55,1750.1
30,1750.7
39,1750.8
47,1752.0
28,1754.2
54,1754.3
32,1755.4
37,1758.4
14,1759.3
11,1761.9
34,1762.6
54,1764.0
41,1765.5
31,1765.7
57,1766.0
37,1775.3
52,1775.6
3,1786.8
24,1788.2
11,1790.2
53,1791.6
17,1793.9
42,1805.0
22,1805.2
0,1808.6
26,1809.8
33,1815.1
54,1816.0
14,1816.8
14,1822.2
5,1822.4
32,1823.4
18,1823.8
6,1827.4
20,1828.1
1,1829.6
46,1831.6
5,1832.6
61,1834.7
29,1834.9
56,1835.5
53,1835.9
40,1836.3
32,1837.2
59,1838.1
38,1839.7
7,1841.3
27,1842.2
28,1843.6
50,1843.7
16,1844.0
57,1844.4
10,1846.1
47,1846.1
42,1846.2
35,1849.8
30,1849.9
28,1850.1
7,1851.0
11,1851.3
57,1852.6
38,1852.8
26,1853.5
15,1854.9
50,1854.9
27,1855.0
21,1855.5
41,1855.6
31,1856.2
44,1856.7
28,1858.0
12,1860.4
34,1860.5
5,1861.1
15,1861.7
16,1863.0
31,1863.7
35,1864.2
57,1865.0
9,1865.3
41,1867.1
11,1868.1
16,1870.3
37,1871.0
21,1872.0
15,1872.2
62,1873.3
25,1877.3
40,1877.4
6,1894.5
62,1895.0
8,1902.0
42,1908.1
43,1908.7
8,1909.2
55,1911.2
4,1912.0
29,1912.3
46,1913.6
11,1914.3
59,1914.8
0,1915.0
35,1916.7
28,1917.4
31,1918.1
47,1918.4
29,1918.4
6,1918.6
56,1919.7
38,1920.3
10,1920.5
30,1920.9
3,1921.3
18,1921.8
35,1922.6
28,1922.8
11,1923.1
47,1923.4
31,1923.4
12,1923.5
17,1923.6
37,1923.7
7,1924.0
52,1924.0
33,1924.6
16,1924.9
4,1925.1
60,1925.2
6,1925.3
32,1925.6
51,1926.1
46,1926.1
34,1926.3
30,1927.0
29,1927.1
59,1927.1
3,1927.2
1,1927.5
47,1927.5
18,1927.6
35,1927.7
31,1927.8
13,1928.1
53,1928.1
14,1928.5
38,1928.6
45,1928.7
7,1928.7
52,1928.8
0,1928.9
28,1929.1
37,1929.3
32,1929.3
10,1929.4
12,1929.4
62,1930.2
56,1930.4
44,1930.4
41,1930.5
57,1930.6
19,1930.9
43,1931.0
33,1931.1
59,1932.0
4,1932.2
46,1932.3
6,1932.5
7,1932.5
11,1933.1
25,1933.2
40,1933.3
3,1933.4
32,1933.4
31,1933.4
37,1933.5
39,1933.8
30,1933.9
36,1934.0
18,1934.4
55,1934.6
35,1934.6
34,1934.7
14,1934.9
62,1934.9
52,1935.0
0,1935.2
47,1935.3
28,1935.6
7,1936.0
32,1936.2
23,1936.2
38,1936.5
21,1936.6
54,1936.7
10,1936.7
24,1936.9
59,1937.5
20,1937.6
17,1937.7
53,1938.4
57,1938.5
14,1939.4
19,1939.5
32,1939.5
9,1940.3
62,1940.6
16,1941.1
7,1941.3
37,1941.6
12,1942.6
33,1943.7
26,1943.9
28,1944.1
32,1944.3
5,1945.0
52,1945.8
24,1946.0
59,1946.5
7,1948.2
4,1950.5
54,1950.5
37,1953.0
3,1953.8
47,1959.6
5,1959.8
30,1964.0
50,1966.6
9,1969.4
53,1970.7
55,1974.4
7,1976.1
42,1984.3
28,1985.5
18,1999.7
15,2000.9
35,2003.1
57,2003.8
32,2004.6
28,2006.5
16,2008.6
14,2008.8
32,2009.1
1,2010.5
15,2011.6
31,2011.7
37,2011.9
32,2013.0
11,2013.8
53,2014.2
21,2014.6
14,2015.4
59,2015.6
36,2016.7
32,2018.4
31,2018.5
37,2024.0
7,2024.5
57,2037.4
38,2039.3
61,2039.9
16,2043.2
56,2043.9
0,2046.4
57,2046.9
15,2047.4
28,2049.3
46,2049.6
53,2051.9
3,2052.5
13,2052.8
34,2054.4
28,2056.1
46,2056.8
53,2057.1
0,2057.7
21,2057.8
47,2058.2
14,2058.8
3,2060.2
25,2060.9
34,2061.4
32,2062.5
6,2062.6
53,2062.9
5,2063.0
47,2063.7
24,2064.4
28,2064.5
14,2064.6
48,2065.1
0,2065.7
50,2065.9
59,2066.0
30,2066.5
17,2066.7
46,2067.0
29,2068.4
32,2068.7
26,2069.3
53,2069.4
1,2069.9
7,2069.9
14,2070.4
5,2070.6
40,2071.3
12,2071.6
47,2071.9
24,2073.0
8,2073.3
0,2073.5
32,2074.1
34,2074.5
28,2074.7
14,2074.9
3,2075.2
17,2075.4
50,2075.5
53,2075.8
20,2075.9
21,2076.3
59,2076.4
1,2079.8
40,2080.7
50,2081.9
28,2082.3
14,2082.4
44,2082.8
32,2083.1
27,2083.3
5,2083.3
34,2084.5
37,2084.6
61,2085.3
9,2085.5
8,2085.5
19,2086.5
47,2087.8
35,2088.5
28,2088.8
53,2089.8
50,2090.2
6,2090.3
1,2090.9
32,2091.0
49,2091.2
10,2091.2
29,2091.4
14,2091.5
3,2091.7
55,2091.9
5,2092.3
36,2092.4
26,2092.5
27,2092.9
0,2093.3
44,2094.0
8,2094.3
28,2094.4
24,2094.5
30,2094.7
57,2095.1
42,2095.2
25,2095.4
47,2095.6
53,2095.8
34,2096.2
6,2096.8
35,2097.2
32,2097.2
22,2097.9
50,2098.3
55,2098.4
28,2098.8
14,2099.3
0,2100.4
8,2101.2
49,2101.5
5,2101.7
1,2101.9
32,2102.1
29,2102.6
13,2102.6
27,2102.8
7,2104.2
28,2104.4
9,2104.9
11,2105.1
55,2106.8
24,2107.7
4,2108.4
32,2108.6
36,2108.8
14,2109.5
50,2110.5
18,2112.6
7,2113.4
32,2114.1
28,2114.3
14,2116.0
11,2116.6
15,2116.6
47,2117.5
30,2118.5
37,2120.4
18,2122.4
35,2123.0
16,2123.2
28,2123.3
41,2123.9
8,2125.3
37,2128.3
15,2131.0
56,2131.5
52,2131.8
37,2132.9
61,2133.6
16,2134.6
57,2136.2
40,2137.3
11,2138.3
37,2142.2
31,2142.5
19,2142.9
62,2144.2
38,2147.6
47,2150.3
38,2158.1
47,2159.8
46,2160.7
29,2164.3
6,2169.7
12,2176.0
28,2182.0
7,2182.1
8,2188.1
7,2189.5
28,2190.3
25,2196.9
28,2197.8
22,2200.2
1,2200.9
44,2203.1
30,2203.3
46,2204.6
25,2205.2
0,2205.3
7,2206.9
29,2207.9
30,2210.4
25,2211.4
40,2211.7
62,2211.8
47,2212.0
22,2212.9
21,2213.2
18,2213.4
0,2213.8
60,2214.0
7,2214.2
28,2216.3
30,2216.6
59,2217.3
57,2219.0
18,2222.6
35,2223.0
38,2223.4
33,2224.8
34,2224.8
40,2224.9
59,2225.4
62,2225.8
30,2226.5
32,2226.5
57,2227.1
53,2227.4
13,2227.5
12,2227.9
26,2228.4
14,2228.8
20,2229.3
60,2230.0
17,2230.4
11,2230.5
18,2231.0
32,2231.1
59,2231.2
4,2232.2
56,2232.7
37,2232.8
36,2233.4
16,2233.7
53,2234.1
32,2235.0
41,2235.5
34,2235.6
52,2236.8
37,2238.9
62,2239.4
20,2239.4
59,2239.4
14,2239.4
32,2239.6
50,2241.9
9,2242.3
11,2242.4
21,2242.4
54,2242.8
47,2243.3
4,2243.4
13,2244.3
32,2245.5
56,2246.3
5,2250.8
21,2252.6
3,2252.9
28,2253.1
11,2253.1
10,2255.3
32,2256.3
37,2256.5
15,2258.1
41,2259.3
28,2259.8
42,2260.1
31,2260.1
35,2260.9
21,2262.3
37,2262.9
53,2263.7
3,2263.7
56,2264.7
52,2265.4
0,2265.7
1,2266.2
24,2266.6
48,2267.1
15,2268.4
62,2268.8
53,2269.2
31,2269.9
3,2270.1
42,2270.2
37,2270.5
51,2270.5
10,2271.6
9,2272.1
34,2272.1
17,2272.7
59,2273.0
28,2273.0
11,2273.4
55,2273.4
52,2273.5
38,2273.7
57,2274.6
7,2275.0
27,2276.1
53,2277.1
32,2277.5
62,2277.9
4,2278.2
59,2281.3
7,2282.2
17,2282.2
9,2282.3
26,2282.5
24,2282.6
53,2283.3
52,2283.5
37,2284.9
28,2284.9
5,2285.4
34,2287.0
50,2288.7
53,2289.2
55,2295.2
53,2298.2
1,2298.3
47,2301.7
34,2302.3
49,2303.9
55,2308.8
1,2313.8
44,2316.0
49,2317.7
1,2319.5
12,2320.0
28,2320.0
30,2321.8
44,2322.7
34,2324.2
10,2330.5
30,2335.2
25,2335.6
11,2337.7
6,2338.3
8,2345.1
6,2345.3
29,2345.6
49,2347.8
1,2348.0
18,2350.2
0,2350.8
22,2351.2
6,2352.4
14,2354.1
8,2354.8
7,2355.7
30,2356.6
47,2357.6
50,2358.1
45,2358.3
27,2359.3
28,2359.7
5,2359.8
8,2362.8
32,2362.9
16,2363.0
35,2363.1
14,2363.4
11,2364.0
54,2364.4
30,2366.6
28,2366.8
62,2367.5
40,2367.9
7,2368.6
36,2368.6
14,2369.0
31,2369.4
41,2369.5
35,2369.8
39,2370.1
23,2370.3
43,2370.7
32,2370.9
44,2372.3
51,2372.4
57,2373.1
7,2373.2
37,2373.4
14,2374.9
38,2375.2
13,2375.3
62,2375.5
47,2375.6
9,2376.2
53,2377.0
17,2377.1
57,2378.3
54,2378.5
59,2378.6
60,2378.6
18,2379.8
5,2379.9
32,2380.1
35,2381.8
50,2382.5
11,2383.1
28,2383.5
19,2384.3
16,2384.6
14,2384.9
57,2385.2
59,2385.8
38,2386.2
4,2386.4
62,2386.6
20,2388.5
60,2389.1
37,2389.2
17,2389.3
9,2389.7
40,2391.0
59,2393.3
54,2394.2
57,2395.0
36,2395.3
18,2395.4
62,2401.8
55,2403.6
36,2406.4
59,2406.6
4,2420.8
31,2427.3
28,2430.0
6,2430.2
0,2430.8
35,2432.2
29,2432.6
11,2433.1
12,2433.4
31,2433.6
7,2434.1
53,2435.2
46,2435.3
51,2436.0
28,2436.0
6,2436.2
34,2436.7
22,2439.6
32,2440.4
29,2440.6
3,2441.3
53,2441.4
51,2441.5
0,2441.7
46,2442.3
11,2442.4
35,2442.4
14,2442.5
47,2442.6
10,2442.7
9,2442.8
49,2443.6
38,2445.3
55,2445.5
32,2445.5
34,2445.9
31,2446.0
12,2446.2
1,2447.1
7,2447.2
59,2447.6
14,2448.1
26,2448.5
32,2449.6
34,2452.2
28,2452.8
0,2453.9
57,2453.9
53,2454.7
27,2455.0
32,2455.2
59,2456.2
52,2457.0
38,2457.1
42,2457.9
21,2458.9
25,2462.0
13,2462.0
21,2470.0
62,2470.4
25,2473.4
1,2474.9
28,2475.8
44,2476.0
46,2476.4
0,2476.8
24,2476.9
3,2481.9
44,2484.8
28,2484.9
37,2486.1
1,2486.9
45,2489.6
21,2490.4
20,2490.4
43,2490.7
52,2490.8
46,2491.2
6,2491.7
28,2493.2
4,2494.6
41,2495.2
8,2496.6
18,2497.7
42,2499.7
32,2500.0
37,2502.9
35,2504.7
14,2505.3
20,2507.7
7,2519.1
16,2520.1
35,2520.9
57,2522.8
53,2525.1
59,2525.2
32,2525.4
52,2526.2
16,2526.6
15,2526.6
35,2526.9
19,2528.6
54,2529.2
56,2530.0
31,2530.1
57,2530.1
61,2530.3
11,2530.7
41,2531.2
34,2531.6
32,2532.3
35,2532.5
38,2533.6
53,2534.0
55,2534.6
51,2534.6
15,2535.1
10,2535.1
19,2535.8
37,2536.0
14,2536.2
11,2536.5
52,2536.6
57,2537.1
46,2537.4
17,2537.7
32,2537.8
47,2537.9
9,2538.0
29,2538.1
28,2538.2
18,2538.4
12,2538.7
38,2538.9
53,2540.0
0,2541.2
59,2541.4
37,2542.1
32,2542.2
39,2543.0
14,2543.0
13,2543.3
38,2543.9
29,2544.0
62,2544.1
6,2544.1
10,2544.2
46,2544.6
7,2544.7
31,2545.4
47,2545.8
4,2545.9
15,2546.3
8,2546.3
11,2546.4
57,2547.3
28,2547.7
3,2547.9
52,2548.0
12,2548.1
27,2548.2
34,2548.7
32,2549.3
7,2549.4
14,2550.9
5,2552.0
50,2552.4
24,2552.6
8,2552.8
10,2553.4
46,2553.5
6,2553.6
27,2554.4
37,2554.9
28,2555.4
7,2557.6
29,2558.0
11,2558.0
50,2559.8
21,2561.4
62,2562.3
22,2563.0
0,2563.4
8,2564.8
40,2569.0
1,2576.7
38,2585.4
42,2588.0
30,2597.9
28,2600.3
6,2602.7
34,2604.3
12,2607.3
59,2610.7
34,2613.1
20,2618.7
59,2620.2
24,2625.1
19,2627.6
62,2628.3
34,2629.0
18,2632.1
62,2633.5
40,2633.6
32,2636.1
19,2638.0
14,2638.2
53,2638.4
34,2639.3
59,2639.7
8,2640.9
62,2641.0
5,2641.8
0,2642.6
50,2642.7
35,2643.0
40,2643.4
15,2644.1
55,2644.1
58,2644.3
32,2644.4
28,2644.6
36,2644.7
29,2645.0
6,2645.2
14,2645.3
62,2645.7
53,2645.7
33,2646.1
46,2647.2
59,2647.8
61,2648.2
8,2648.3
32,2648.5
11,2649.3
43,2649.4
14,2649.8
31,2650.2
28,2650.5
36,2651.3
41,2651.3
27,2652.3
5,2652.5
32,2653.3
21,2654.1
10,2654.7
56,2654.9
50,2655.0
11,2655.0
29,2655.1
42,2655.4
8,2655.5
14,2656.0
47,2656.5
7,2656.9
44,2657.0
28,2657.1
31,2657.2
5,2657.9
0,2658.1
3,2658.4
55,2658.4
62,2659.1
21,2659.7
27,2660.1
45,2660.2
14,2661.3
1,2661.4
32,2661.4
15,2661.6
4,2661.7
44,2661.9
23,2662.0
50,2662.8
7,2662.9
24,2663.5
22,2663.8
28,2663.8
56,2664.5
27,2666.8
32,2667.4
14,2667.5
21,2667.8
10,2668.3
1,2668.3
0,2669.2
11,2669.4
44,2669.8
24,2672.6
36,2672.8
50,2673.1
5,2674.1
56,2676.2
37,2678.0
39,2678.4
16,2678.6
9,2679.1
1,2682.8
49,2684.8
56,2685.3
60,2686.3
18,2686.6
25,2686.8
50,2688.3
47,2689.6
15,2691.3
57,2694.0
28,2696.4
50,2698.4
5,2703.5
38,2703.6
7,2703.7
31,2704.4
30,2707.8
6,2708.2
35,2709.1
47,2710.5
31,2710.8
28,2711.5
18,2712.1
11,2712.8
29,2715.7
50,2716.0
28,2716.2
6,2716.6
16,2717.0
31,2717.5
35,2717.8
37,2717.8
20,2718.2
11,2718.3
57,2718.6
12,2718.6
18,2718.8
38,2719.1
47,2720.6
5,2721.0
30,2721.2
51,2721.3
28,2721.4
17,2721.4
60,2722.0
41,2722.2
32,2722.3
14,2722.8
3,2723.0
16,2723.2
25,2723.4
37,2723.9
11,2724.7
57,2724.8
35,2725.2
50,2725.3
53,2725.5
29,2725.6
28,2726.2
55,2726.7
13,2726.7
38,2726.8
15,2726.8
34,2727.0
31,2727.1
32,2727.2
56,2727.4
47,2728.0
8,2728.0
18,2728.9
59,2729.0
37,2729.6
24,2730.9
52,2730.9
14,2731.2
30,2731.3
28,2731.5
57,2731.6
32,2731.7
53,2731.8
27,2732.1
11,2732.6
0,2733.0
7,2733.2
51,2733.3
50,2734.1
5,2734.1
32,2734.7
8,2734.9
34,2736.2
55,2736.4
6,2736.7
10,2736.8
53,2736.8
28,2737.3
52,2737.4
32,2739.0
9,2739.8
47,2740.1
27,2740.1
13,2740.5
24,2740.5
14,2740.6
8,2740.6
7,2741.6
11,2741.7
29,2742.8
59,2744.5
32,2744.6
30,2744.6
53,2745.2
8,2746.1
28,2746.8
34,2748.2
32,2755.2
3,2755.3
46,2755.7
14,2755.9
47,2758.5
1,2761.5
3,2765.6
42,2766.4
44,2768.4
5,2768.5
26,2771.3
45,2771.7
22,2772.2
1,2772.3
4,2772.9
28,2773.0
24,2773.1
42,2777.1
3,2778.1
5,2778.4
62,2778.8
10,2779.2
7,2780.3
50,2781.9
54,2782.0
26,2782.4
25,2783.0
0,2783.2
30,2783.8
22,2784.0
4,2785.6
28,2787.5
6,2789.4
62,2790.1
12,2791.3
59,2792.9
30,2793.8
35,2795.5
62,2797.7
59,2802.4
57,2812.9
22,2822.1
37,2822.5
21,2834.9
8,2835.4
44,2836.8
40,2841.3
9,2845.8
14,2846.5
7,2849.9
28,2850.1
43,2853.0
32,2854.2
31,2854.9
53,2856.4
7,2856.5
24,2858.0
7,2860.8
10,2862.0
56,2862.6
53,2864.2
44,2867.4
7,2870.1
4,2875.2
17,2878.6
36,2884.9
20,2885.7
37,2887.6
28,2888.0
54,2889.0
9,2890.2
16,2890.8
56,2891.3
12,2891.7
35,2893.9
19,2894.9
51,2896.7
30,2896.9
62,2897.3
9,2897.4
34,2897.7
36,2900.1
62,2903.3
15,2903.6
47,2904.0
11,2904.2
41,2904.3
59,2904.8
54,2905.3
62,2908.7
34,2909.1
41,2911.0
59,2911.1
11,2911.9
33,2912.1
54,2913.4
38,2913.6
14,2914.7
46,2915.0
57,2915.5
62,2917.0
11,2917.6
35,2918.4
47,2918.8
38,2919.2
29,2920.0
51,2920.1
52,2920.4
59,2920.8
41,2920.9
34,2920.9
55,2921.4
31,2921.9
28,2922.4
37,2922.8
54,2923.2
11,2924.1
32,2924.8
59,2926.6
10,2927.1
29,2930.4
52,2930.7
25,2930.7
0,2932.1
2,2934.6
0,2938.3
25,2941.7
24,2941.8
29,2943.3
3,2944.8
6,2945.1
0,2947.3
28,2948.0
4,2948.1
46,2949.9
47,2950.1
1,2950.1
50,2951.5
27,2951.8
3,2952.3
24,2952.4
6,2952.4
5,2952.5
32,2953.2
29,2953.7
5,2957.3
32,2958.1
0,2958.1
50,2959.0
22,2959.0
8,2959.7
14,2960.1
6,2960.6
32,2963.0
36,2963.5
7,2963.5
5,2964.3
49,2965.0
50,2965.6
3,2967.2
21,2967.2
0,2967.4
30,2967.6
4,2967.9
47,2969.3
27,2969.9
32,2971.3
5,2972.2
50,2972.4
14,2975.5
1,2979.6
18,2981.3
49,2994.2
57,2994.9
19,2996.6
