19,33.2
82,36.9
227,36.9
130,37.3
20,37.9
355,39.0
217,39.6
313,40.4
119,42.2
19,43.2
68,44.8
157,46.3
166,46.6
20,46.7
217,47.5
206,48.2
257,48.2
134,48.4
182,49.6
299,49.6
19,51.1
309,51.3
357,51.4
126,51.4
162,52.6
248,52.9
352,53.5
356,53.7
212,54.1
254,54.6
195,55.0
157,55.2
12,55.5
284,56.5
217,56.6
276,57.0
87,57.0
122,57.2
82,57.2
57,57.3
20,57.3
171,57.9
68,58.0
299,58.4
355,58.6
314,58.7
227,58.9
164,59.2
207,59.6
125,59.8
204,59.9
53,60.5
300,60.6
69,60.7
19,60.8
309,61.3
119,61.7
250,61.7
117,61.8
339,62.1
359,62.6
166,62.7
212,63.1
134,63.2
195,63.9
357,64.4
347,64.4
218,64.9
258,64.9
344,66.0
24,66.3
199,66.4
59,66.6
55,66.6
105,66.7
356,67.0
246,67.0
130,67.4
20,68.3
351,68.9
173,69.5
157,69.6
276,71.3
77,71.8
207,72.0
12,72.1
217,72.2
373,72.4
110,72.5
345,72.8
227,73.0
25,73.4
71,73.4
182,73.9
87,74.3
143,74.6
195,74.6
19,74.9
366,75.1
82,75.6
360,75.9
212,76.0
250,76.8
24,77.0
68,77.1
176,77.3
26,77.5
257,77.5
218,77.8
8,77.9
198,78.2
61,78.8
372,79.1
37,79.2
157,80.6
117,81.2
296,81.2
309,81.3
299,81.8
293,81.9
120,82.2
130,83.0
20,83.0
166,83.5
173,84.4
76,84.6
163,85.1
75,85.4
55,85.4
227,87.1
345,87.4
19,87.8
105,87.9
339,88.5
344,89.3
123,91.0
182,91.9
195,95.3
75,108.9
363,116.1
233,118.5
28,120.4
190,121.2
164,124.1
79,125.4
296,126.2
199,128.5
61,128.9
339,129.0
291,129.4
254,130.7
1,131.5
252,132.4
149,133.5
206,133.8
198,134.3
342,134.4
350,137.1
87,138.5
326,139.5
299,139.7
276,143.4
20,144.8
258,144.9
303,145.1
8,145.9
59,146.3
134,146.4
281,146.6
309,146.7
122,147.1
26,147.5
87,148.0
53,148.2
347,148.2
172,148.6
83,149.0
19,150.1
355,150.4
226,151.1
236,151.7
132,151.8
206,152.0
348,152.1
311,152.7
20,154.3
366,155.6
253,155.7
276,156.7
134,157.5
195,157.7
32,158.1
227,158.2
176,158.3
212,161.8
374,164.4
339,169.5
356,170.2
296,172.8
164,173.9
20,174.2
182,174.9
71,177.9
350,179.2
61,181.3
68,181.5
12,183.0
212,183.2
296,184.1
8,185.9
105,186.0
20,186.1
19,186.4
164,189.3
218,189.4
182,189.5
195,189.8
162,190.3
276,192.0
265,192.1
207,192.4
356,194.6
293,195.8
374,197.5
322,197.6
87,198.9
20,200.0
212,200.3
134,200.3
276,200.6
206,201.9
226,202.0
19,202.1
79,203.3
326,203.4
281,203.8
157,203.8
105,204.0
359,205.3
199,205.4
366,205.7
29,206.9
373,207.1
236,207.9
75,208.2
253,208.2
83,209.2
296,209.5
271,210.7
311,213.9
309,214.3
356,215.5
123,216.2
270,217.5
37,218.5
79,219.7
217,220.3
75,220.4
134,221.5
264,222.6
236,223.0
120,223.1
317,224.3
182,224.9
117,225.6
20,225.8
163,227.8
24,228.2
157,229.8
171,230.0
19,230.6
167,231.9
120,232.2
372,232.3
76,232.5
356,232.6
269,233.2
123,233.2
166,234.6
250,235.6
270,235.7
212,236.0
20,237.5
24,238.1
35,238.5
273,238.7
100,238.9
70,239.1
313,239.2
176,239.9
281,240.1
182,240.2
245,240.2
216,241.1
58,241.3
130,241.3
249,241.7
195,241.7
372,242.4
218,243.2
190,243.5
62,243.8
28,244.3
75,244.5
157,244.8
339,244.9
230,245.2
250,245.3
172,245.7
164,246.0
40,246.0
350,246.2
356,246.3
19,246.3
149,246.5
283,247.6
376,247.7
264,248.6
55,249.4
182,250.1
202,250.3
286,250.3
38,250.8
68,251.0
37,251.2
374,251.3
322,251.5
235,251.6
109,252.0
123,252.1
326,252.7
377,253.1
35,253.2
338,253.3
58,253.3
273,253.6
61,253.6
185,254.2
120,254.4
79,254.8
217,255.9
196,256.9
13,256.9
207,257.7
250,258.2
28,258.6
149,259.7
39,259.8
137,260.2
182,260.2
380,260.3
20,260.6
372,261.3
212,261.4
199,261.8
126,262.8
267,263.0
313,263.3
166,263.4
130,263.6
61,264.9
248,264.9
366,265.0
374,265.1
217,265.9
347,266.0
379,266.1
79,266.5
206,266.8
184,267.2
299,268.3
293,268.3
359,268.4
254,269.2
97,269.8
303,269.8
122,269.9
40,270.5
326,270.5
3,270.8
352,270.9
164,271.4
291,272.0
274,272.0
218,272.3
178,273.3
342,273.8
166,273.9
212,274.3
195,274.6
19,275.5
18,276.1
207,276.4
1,276.4
105,276.8
348,277.2
115,277.8
309,278.0
220,278.1
294,281.1
39,283.6
326,284.6
271,291.1
217,291.3
296,294.3
182,294.8
366,302.7
309,304.4
119,306.3
19,306.6
236,308.4
227,309.5
173,309.5
24,310.6
267,315.2
199,317.9
207,320.6
180,322.7
206,323.4
372,323.9
83,325.0
311,327.4
28,327.5
8,328.1
195,328.3
37,330.2
218,330.4
213,331.1
117,331.9
166,332.4
26,333.2
227,333.6
25,333.9
291,335.5
253,336.8
82,338.0
120,341.1
8,341.3
75,341.3
87,342.7
61,343.0
149,343.1
207,345.5
164,345.7
212,346.2
195,346.3
20,346.6
218,347.2
356,349.6
79,350.5
317,351.7
75,353.0
130,353.8
268,355.4
377,355.5
120,356.2
309,357.1
117,359.3
296,359.5
20,364.0
130,364.8
313,365.5
166,365.6
68,365.7
24,365.9
218,367.7
356,368.0
357,369.9
163,370.6
157,371.3
162,372.8
126,373.3
79,374.4
64,374.4
20,374.7
68,375.3
359,379.5
115,379.8
55,381.9
212,381.9
293,384.0
97,384.2
299,384.6
195,384.7
61,385.3
250,386.1
182,386.3
366,388.6
207,390.0
257,390.2
217,393.3
79,395.5
374,395.8
164,396.1
61,414.6
149,415.0
5,415.7
164,416.1
68,420.1
254,421.3
248,422.1
347,422.6
61,422.9
157,423.4
69,424.0
243,424.2
198,424.9
296,425.3
374,425.6
107,426.2
322,426.2
356,426.3
294,427.2
281,427.7
285,427.7
293,428.9
19,429.5
195,431.2
250,432.2
58,432.5
164,432.5
254,432.5
373,432.5
276,432.5
236,432.8
217,432.8
182,433.0
10,434.4
233,434.4
347,435.1
234,435.5
246,435.7
126,435.8
68,436.6
356,436.7
268,437.0
296,437.2
317,437.6
61,438.0
157,438.6
221,438.7
278,438.8
163,440.8
3,441.5
12,442.8
350,443.3
66,445.7
248,451.0
281,454.1
19,454.9
206,462.9
32,467.0
309,467.5
230,468.5
172,468.9
281,470.2
363,471.8
39,474.3
216,474.4
326,476.8
35,477.1
271,477.2
170,477.3
37,478.1
20,479.8
233,480.2
190,480.3
228,480.9
32,481.8
40,482.6
286,483.1
120,483.4
380,483.9
235,484.1
141,484.7
134,485.5
206,487.1
182,488.0
374,488.0
51,488.2
19,488.6
376,489.0
137,489.2
236,489.8
333,489.9
79,490.0
326,490.2
267,491.0
379,491.8
130,492.2
366,494.1
75,494.3
190,494.6
29,495.1
270,495.1
273,498.1
120,499.5
317,500.6
158,502.4
294,504.1
58,504.9
75,505.2
19,505.2
309,505.8
149,506.5
202,507.1
250,507.6
119,507.8
117,508.1
338,509.0
120,509.7
311,509.9
123,510.3
377,510.9
196,511.5
352,512.2
63,512.4
218,512.6
134,512.9
20,513.9
236,514.6
350,516.0
283,516.3
58,517.2
199,517.6
317,518.0
245,518.2
293,518.3
250,518.8
13,519.8
149,520.2
365,520.9
202,522.2
309,522.4
316,523.3
227,523.8
361,524.3
61,524.6
339,525.7
76,526.4
294,527.0
117,527.0
240,528.0
97,528.1
293,528.4
109,529.1
134,529.7
195,531.3
311,531.4
212,533.0
107,534.5
218,535.7
157,538.6
338,540.6
230,545.2
246,550.5
271,551.7
326,552.4
37,556.1
190,557.7
199,559.3
363,561.9
230,564.7
136,564.9
87,565.9
28,565.9
50,568.1
157,568.3
326,569.3
225,571.8
372,576.1
130,576.2
199,577.5
339,578.4
271,579.2
326,590.4
376,595.1
5,604.7
199,606.5
157,606.9
198,609.6
149,610.8
204,612.5
163,612.6
356,613.1
195,613.2
19,613.6
75,613.7
157,614.2
58,614.2
126,614.2
65,614.4
10,614.7
254,614.9
298,615.1
221,615.3
349,615.3
294,616.1
347,616.4
120,616.7
68,617.1
8,617.3
350,617.4
164,618.4
207,618.4
218,618.6
190,618.7
250,618.8
97,619.2
363,619.2
377,619.3
171,620.3
248,620.8
313,621.1
117,621.2
56,622.6
217,622.7
356,623.2
268,623.9
5,624.2
166,624.4
296,625.1
372,625.3
69,625.4
157,625.4
130,625.6
12,626.0
20,626.2
303,626.5
246,629.1
76,629.6
254,629.6
126,629.9
120,630.0
64,630.2
185,630.2
162,630.3
61,632.4
322,634.8
257,634.9
66,635.2
347,636.2
20,642.4
136,644.2
217,644.3
19,644.7
134,644.7
366,645.8
281,649.1
182,649.2
248,649.3
120,649.8
313,650.0
35,650.5
20,650.8
69,650.9
226,652.1
75,652.3
257,652.4
157,653.3
230,653.8
269,654.7
251,655.0
32,655.1
195,655.2
19,655.5
70,655.9
356,655.9
359,657.0
100,657.3
134,657.5
236,658.5
206,658.7
29,658.8
311,659.0
382,659.5
110,659.6
309,659.7
117,660.8
120,661.3
163,662.2
345,663.2
119,664.3
366,666.4
24,667.1
131,669.0
227,670.3
344,673.1
293,673.4
339,673.6
309,675.1
20,678.6
75,679.7
19,680.3
173,681.9
294,684.6
107,688.2
309,688.9
136,689.4
293,693.0
75,693.3
217,695.1
123,695.7
24,697.2
58,698.6
356,698.6
206,703.9
265,703.9
61,705.5
359,705.9
309,706.2
79,708.9
293,710.0
37,710.3
212,711.0
87,712.1
276,712.5
28,714.2
130,714.5
227,714.8
254,717.6
234,717.8
83,718.2
176,718.3
107,718.9
218,719.0
352,719.1
117,719.6
105,719.9
294,720.1
309,720.9
166,721.6
120,722.4
291,722.4
68,722.4
199,722.7
356,723.0
75,723.0
303,723.8
347,724.0
177,726.3
58,726.9
130,727.4
28,727.8
299,731.0
163,731.4
123,731.9
176,732.6
218,733.2
326,733.2
79,733.7
25,734.3
234,735.0
166,735.1
78,735.4
357,735.7
217,736.0
117,736.8
28,737.5
87,738.4
311,739.5
284,739.8
276,741.5
199,741.6
59,742.3
374,743.6
233,744.0
123,746.1
176,746.1
213,746.2
217,748.0
270,748.1
172,749.2
363,749.7
75,750.6
356,751.4
28,752.2
206,757.0
281,757.7
176,757.9
169,760.3
172,761.7
270,762.3
120,762.6
184,762.8
284,763.1
123,764.1
32,765.5
226,767.3
185,767.3
276,768.7
233,769.4
281,774.1
356,784.3
276,784.6
87,784.9
248,786.1
20,786.5
157,787.0
182,788.9
19,790.6
29,790.6
326,791.5
3,791.9
204,792.5
176,792.7
53,793.6
356,794.0
217,794.1
350,794.1
313,794.6
251,794.8
136,795.1
35,795.4
57,796.1
248,796.3
130,796.4
69,796.6
276,797.7
300,797.7
258,797.8
283,798.1
61,798.9
20,799.6
212,799.6
87,800.0
134,800.0
281,800.1
374,800.4
182,801.0
226,801.4
157,802.1
110,802.4
12,802.9
216,803.3
120,803.4
322,804.0
236,805.8
68,805.8
204,806.1
79,806.5
53,807.1
19,807.8
58,807.9
348,808.1
10,808.4
366,808.4
136,808.4
76,808.6
112,809.2
374,809.8
254,810.0
217,810.1
267,810.5
382,810.6
15,811.3
39,812.7
379,812.9
4,813.0
157,814.6
69,815.1
137,815.4
182,815.4
57,815.8
59,817.6
164,818.5
19,818.7
149,819.5
5,820.1
198,820.1
65,822.4
250,823.7
347,823.9
294,825.5
195,825.7
20,825.9
248,826.3
217,826.6
326,828.0
68,828.7
118,828.7
350,829.0
97,829.4
61,829.4
8,829.6
66,829.9
199,830.1
356,830.3
164,830.5
58,831.3
182,832.7
120,833.3
18,833.3
198,834.4
107,834.6
366,834.6
352,834.9
202,835.2
149,835.7
268,835.9
157,836.2
296,836.6
163,837.1
293,839.3
19,839.6
166,841.2
162,841.7
145,842.3
178,842.3
66,843.3
195,844.7
313,845.5
217,846.1
317,846.1
259,846.2
361,846.9
268,849.0
120,849.6
126,850.1
182,850.8
58,851.9
136,852.1
349,853.2
236,853.3
294,854.7
311,855.1
278,856.6
149,856.9
218,857.0
250,857.3
374,858.0
276,859.0
67,859.4
361,859.7
350,860.0
75,860.8
198,860.9
338,861.9
267,862.4
78,862.4
58,862.6
177,865.2
79,865.3
196,865.4
202,866.1
285,866.9
315,867.3
236,867.8
373,869.0
117,869.5
234,869.9
149,870.8
283,871.3
61,871.4
356,871.8
120,872.3
317,873.1
123,873.2
309,874.3
348,874.6
218,876.4
97,877.1
303,878.3
293,880.7
37,881.7
377,882.3
276,883.1
120,883.4
117,885.1
163,885.4
28,885.7
326,886.6
166,886.9
227,886.9
130,887.2
269,888.6
283,890.6
285,891.9
87,893.2
176,894.4
25,894.6
291,894.7
218,895.1
140,895.4
276,896.6
75,896.7
170,897.5
173,897.7
117,898.3
227,898.7
115,899.7
122,900.8
166,902.2
123,903.3
236,903.5
87,904.0
285,905.4
180,906.2
278,906.6
225,906.9
326,907.4
276,907.6
309,907.8
311,908.0
120,908.0
117,909.1
20,909.4
234,910.0
163,910.1
357,910.2
218,910.2
303,910.2
227,913.1
233,913.3
63,915.2
172,915.5
355,915.9
157,916.2
281,916.3
365,916.9
299,917.0
25,917.2
380,917.4
19,917.5
137,918.7
26,918.9
195,919.2
75,919.8
254,920.4
374,920.5
236,921.1
82,922.0
20,922.1
28,922.5
134,922.6
182,924.6
19,925.4
87,926.2
123,926.5
32,927.3
217,928.3
176,929.1
212,931.1
130,931.3
40,931.8
20,932.1
206,933.8
19,934.1
134,934.2
110,934.8
221,934.9
157,936.1
70,938.2
182,938.7
24,939.8
356,941.6
313,942.4
120,942.7
20,944.6
296,945.2
75,945.3
51,945.8
19,945.9
253,946.0
171,947.3
347,948.5
61,954.0
212,956.9
257,957.1
207,958.6
182,960.6
248,960.7
366,962.8
356,964.9
250,968.0
69,969.3
207,974.7
75,978.1
217,979.1
314,981.3
199,985.5
207,990.2
105,991.7
276,996.1
130,998.5
20,999.3
166,1000.2
227,1001.9
176,1007.3
236,1013.7
195,1027.7
298,1029.1
157,1029.9
120,1030.4
10,1030.4
97,1030.8
65,1030.9
68,1031.2
163,1032.3
5,1032.8
218,1032.9
356,1034.2
8,1034.4
145,1034.4
182,1035.2
350,1035.6
18,1035.6
106,1035.8
117,1036.4
291,1036.4
195,1036.8
20,1036.9
149,1037.0
294,1038.5
68,1038.5
19,1038.5
56,1038.6
227,1038.8
157,1039.0
97,1040.4
136,1040.7
167,1041.4
126,1042.4
120,1043.1
55,1043.3
276,1043.5
166,1043.9
130,1044.0
218,1044.1
300,1044.2
12,1044.4
382,1044.5
24,1044.5
257,1044.6
349,1044.8
313,1045.2
171,1045.4
250,1045.5
79,1046.0
243,1046.1
110,1046.3
357,1046.6
20,1047.1
202,1047.5
118,1047.7
68,1048.2
180,1048.2
352,1048.2
269,1048.3
163,1048.3
298,1048.4
173,1048.7
8,1050.1
19,1051.5
176,1051.7
285,1052.0
131,1052.4
97,1053.4
195,1053.7
58,1055.0
356,1055.1
157,1055.3
258,1055.9
306,1056.0
3,1059.0
164,1060.5
120,1069.3
117,1069.4
195,1070.0
19,1071.7
164,1071.9
66,1073.8
206,1074.4
65,1076.0
352,1076.0
258,1076.4
119,1077.6
18,1080.1
195,1080.4
122,1083.1
164,1085.7
120,1086.5
156,1086.6
195,1089.2
218,1089.4
100,1090.4
198,1091.4
18,1091.9
19,1092.0
326,1092.9
356,1093.4
65,1093.6
12,1093.6
265,1093.8
170,1095.1
190,1095.6
97,1095.6
157,1096.8
164,1097.3
306,1100.0
299,1100.9
298,1101.0
218,1101.0
296,1102.5
130,1102.7
322,1103.0
271,1103.6
115,1103.7
120,1103.9
263,1104.0
345,1104.6
12,1104.8
356,1105.4
326,1105.8
195,1106.4
10,1106.4
313,1106.7
56,1107.2
248,1107.6
212,1107.6
166,1108.5
207,1109.2
24,1109.4
61,1109.6
293,1110.3
87,1110.7
76,1110.8
182,1111.0
164,1112.4
246,1112.7
218,1112.9
281,1113.1
20,1113.3
185,1113.8
105,1114.6
296,1114.6
276,1114.7
300,1114.8
374,1115.0
82,1115.0
322,1115.4
291,1116.0
149,1116.2
71,1116.7
69,1117.3
136,1117.4
61,1117.6
309,1117.6
233,1117.9
134,1117.9
227,1117.9
195,1118.0
68,1118.2
8,1118.5
117,1119.9
250,1120.0
75,1121.5
55,1122.0
376,1122.2
26,1122.3
294,1122.7
356,1122.8
317,1123.1
268,1123.6
271,1123.9
152,1124.4
119,1124.5
372,1125.4
217,1126.2
38,1126.4
149,1126.7
126,1127.4
40,1128.2
309,1128.6
58,1129.2
350,1130.5
281,1132.3
61,1132.6
218,1132.8
338,1133.8
236,1134.2
278,1134.4
234,1134.4
230,1134.9
349,1135.3
366,1136.4
123,1139.1
293,1146.5
361,1157.3
149,1157.6
58,1159.1
107,1161.0
356,1161.2
311,1163.7
157,1164.1
20,1165.3
349,1166.0
19,1167.3
68,1167.4
294,1167.5
97,1168.6
250,1168.7
110,1172.1
20,1172.8
176,1172.8
270,1173.2
356,1173.2
75,1173.4
171,1174.0
120,1174.0
206,1174.4
182,1174.4
357,1174.5
217,1175.3
70,1175.4
130,1176.0
8,1176.7
166,1176.7
212,1178.5
207,1180.2
250,1180.3
68,1180.4
19,1180.4
79,1180.9
313,1181.2
169,1181.8
199,1183.2
28,1184.2
162,1184.5
157,1184.9
123,1185.3
195,1185.8
20,1186.0
149,1186.4
359,1187.9
3,1188.1
120,1188.6
357,1188.9
217,1189.0
163,1189.2
182,1190.2
134,1191.0
24,1191.4
254,1191.4
176,1191.7
268,1191.9
207,1192.2
61,1192.5
350,1192.6
250,1192.9
153,1193.4
8,1193.4
83,1193.8
75,1194.4
171,1194.9
252,1195.6
360,1195.9
166,1196.1
356,1197.9
267,1198.2
28,1198.2
123,1200.6
78,1202.0
317,1203.0
268,1203.9
217,1204.0
120,1205.3
162,1207.1
61,1208.2
163,1208.5
66,1208.8
109,1212.1
356,1212.6
309,1212.8
248,1213.3
234,1213.9
195,1214.4
268,1217.0
172,1217.6
71,1217.6
281,1218.4
120,1219.6
233,1220.2
40,1220.4
61,1220.4
265,1221.1
164,1221.2
198,1221.9
359,1222.4
230,1224.5
296,1224.5
216,1226.0
217,1226.9
131,1228.0
226,1228.3
177,1228.4
172,1230.4
61,1230.5
281,1230.8
248,1232.5
149,1233.1
259,1233.3
134,1236.1
356,1238.6
251,1251.5
69,1252.9
309,1253.5
61,1254.6
71,1255.9
134,1256.6
26,1257.4
13,1258.0
202,1259.0
149,1259.6
350,1259.6
293,1262.9
253,1265.4
68,1265.8
276,1266.9
87,1267.1
326,1267.3
225,1273.1
233,1273.2
268,1275.6
234,1276.3
278,1277.5
87,1277.9
177,1279.1
172,1279.3
276,1283.0
326,1283.8
130,1286.1
281,1288.1
176,1289.4
87,1290.2
123,1291.8
172,1292.1
276,1292.6
258,1292.6
233,1295.6
87,1303.6
373,1304.1
281,1304.4
236,1304.5
276,1304.8
20,1307.0
26,1307.3
179,1313.4
276,1314.1
87,1314.2
37,1314.3
284,1314.5
176,1316.2
374,1316.3
138,1318.2
218,1318.9
233,1319.7
140,1320.1
225,1320.7
136,1320.7
8,1321.4
170,1321.5
373,1321.6
19,1322.3
217,1322.4
227,1322.6
231,1323.3
280,1323.6
68,1324.1
20,1324.2
35,1324.2
37,1324.3
349,1324.7
87,1325.0
326,1325.4
276,1326.5
117,1327.1
125,1327.1
131,1327.5
366,1327.5
28,1328.4
103,1328.6
126,1328.8
143,1330.4
29,1330.7
322,1330.7
182,1330.9
257,1331.0
79,1331.7
172,1332.0
130,1332.5
119,1334.8
136,1336.3
185,1336.7
218,1336.7
356,1337.0
69,1338.5
195,1338.9
331,1338.9
118,1339.3
217,1339.9
212,1342.6
140,1342.8
170,1344.2
12,1345.0
19,1347.2
356,1348.3
157,1349.0
345,1349.4
35,1350.3
29,1351.1
24,1351.3
69,1353.1
359,1353.9
296,1354.0
265,1354.1
225,1354.9
257,1355.0
309,1356.0
20,1358.1
195,1358.2
366,1359.0
132,1363.6
19,1364.7
134,1365.8
70,1369.1
20,1370.7
35,1371.0
311,1371.0
251,1372.6
281,1375.6
32,1376.3
356,1377.0
123,1377.6
206,1378.5
75,1378.6
359,1382.2
28,1387.2
176,1388.4
380,1388.9
137,1390.1
120,1390.7
20,1391.4
291,1391.8
182,1392.4
166,1394.4
212,1394.5
281,1395.6
18,1396.5
87,1396.9
19,1397.8
372,1397.9
218,1398.8
68,1400.5
296,1401.8
145,1402.4
157,1402.7
195,1402.8
306,1403.1
163,1403.5
126,1403.6
105,1405.1
164,1405.3
356,1406.0
293,1406.0
8,1406.2
20,1406.5
230,1407.1
19,1408.0
347,1408.2
349,1409.3
258,1409.6
221,1409.7
218,1410.8
254,1410.8
120,1412.0
234,1412.1
216,1412.8
171,1413.7
66,1414.0
68,1414.2
35,1414.7
20,1415.0
75,1415.9
281,1416.2
55,1416.3
130,1416.3
361,1416.5
110,1416.6
19,1416.9
206,1417.0
198,1417.0
350,1417.1
195,1417.1
157,1418.0
126,1418.3
58,1419.2
32,1419.2
199,1419.7
357,1420.3
117,1420.5
356,1421.5
176,1421.9
258,1422.0
51,1422.3
299,1422.9
267,1422.9
254,1423.4
70,1424.0
221,1424.8
68,1425.6
236,1425.8
79,1426.0
20,1426.0
122,1427.1
274,1427.5
163,1427.7
309,1431.4
352,1432.2
313,1433.0
311,1436.0
254,1439.6
347,1442.2
19,1444.9
366,1446.8
164,1447.1
69,1447.8
326,1451.3
79,1451.3
75,1451.5
157,1453.3
19,1454.1
20,1455.9
271,1456.1
355,1456.4
87,1456.5
206,1456.8
227,1457.2
29,1457.3
39,1458.6
225,1459.0
276,1459.1
257,1459.9
294,1460.2
366,1460.9
26,1461.9
81,1462.4
132,1462.4
123,1462.9
356,1463.2
126,1463.7
326,1464.0
117,1464.7
281,1464.8
119,1464.9
82,1465.8
19,1465.8
258,1465.9
97,1466.4
69,1469.1
87,1471.1
347,1471.2
29,1471.9
253,1472.8
216,1473.3
136,1473.8
157,1475.4
164,1477.1
51,1478.7
326,1480.9
20,1486.3
285,1486.9
182,1487.7
366,1488.5
134,1493.4
143,1499.0
82,1499.1
37,1499.9
235,1500.4
326,1501.5
237,1501.6
58,1501.9
61,1501.9
285,1502.0
140,1502.4
376,1502.7
309,1502.7
13,1504.3
366,1504.5
230,1505.5
271,1506.3
164,1506.4
250,1507.4
350,1507.6
173,1507.8
227,1508.7
190,1509.2
68,1509.9
339,1510.2
136,1510.3
286,1510.4
184,1510.8
276,1511.1
322,1511.6
131,1511.7
37,1512.1
38,1512.3
257,1512.8
185,1514.5
75,1515.7
143,1515.8
372,1516.4
19,1516.5
236,1517.8
366,1518.5
217,1518.7
309,1519.2
35,1519.9
164,1521.3
140,1521.9
377,1524.1
195,1524.6
119,1525.4
322,1525.9
20,1526.0
173,1526.7
136,1527.0
19,1527.8
122,1528.4
206,1528.9
164,1530.2
344,1530.4
309,1531.2
299,1531.4
374,1531.4
195,1531.4
207,1532.1
66,1532.3
18,1533.8
296,1534.3
156,1535.6
65,1536.1
218,1537.4
68,1537.5
162,1538.1
71,1540.1
195,1541.3
263,1542.1
217,1542.1
350,1543.2
163,1544.5
115,1545.6
164,1546.5
157,1550.4
145,1551.6
19,1552.4
68,1556.6
281,1558.0
356,1558.6
120,1561.5
230,1561.7
35,1561.8
28,1561.9
176,1562.2
172,1562.4
37,1562.8
234,1563.5
171,1564.5
270,1564.6
216,1565.6
123,1566.5
276,1568.7
75,1569.1
206,1569.5
356,1570.3
83,1571.2
237,1571.5
79,1572.3
87,1573.0
177,1574.0
19,1574.3
265,1574.4
176,1574.4
37,1574.4
309,1574.8
264,1575.6
326,1575.9
32,1576.7
131,1577.3
110,1578.1
268,1578.5
278,1578.8
228,1578.9
270,1579.1
276,1579.5
235,1581.2
271,1582.7
58,1582.9
169,1582.9
140,1584.0
225,1587.6
87,1588.8
218,1589.6
29,1590.5
300,1598.4
68,1598.9
195,1600.9
8,1601.4
278,1606.5
37,1607.0
276,1607.5
296,1607.6
349,1608.3
164,1608.8
20,1611.0
83,1611.6
350,1611.7
55,1611.9
195,1612.6
157,1612.6
162,1614.6
207,1614.9
71,1615.0
149,1615.1
217,1615.4
153,1615.8
68,1615.9
373,1616.5
66,1617.0
359,1617.4
233,1617.7
61,1618.2
268,1619.1
140,1620.5
136,1620.7
231,1623.6
40,1624.6
296,1626.3
118,1626.9
217,1629.5
347,1632.5
61,1634.4
248,1638.7
157,1643.3
254,1643.6
136,1644.1
5,1646.1
268,1653.6
120,1654.2
317,1656.4
61,1656.6
217,1656.7
198,1658.0
75,1663.7
372,1665.7
20,1665.8
134,1666.7
76,1667.7
162,1668.2
35,1669.1
24,1669.9
374,1670.5
163,1670.7
157,1670.7
182,1671.2
212,1671.9
19,1672.0
167,1672.4
120,1672.5
79,1672.6
264,1672.8
236,1673.0
195,1673.2
366,1673.4
117,1673.6
311,1674.6
322,1675.4
267,1675.5
273,1676.3
185,1676.4
166,1677.3
372,1677.4
298,1677.5
164,1677.6
75,1678.1
190,1678.7
115,1680.1
130,1680.4
195,1681.2
284,1681.6
207,1681.9
64,1682.1
356,1682.3
218,1682.4
217,1683.6
374,1683.9
69,1684.4
20,1684.7
55,1684.7
377,1684.9
363,1685.0
163,1685.9
28,1686.1
153,1686.1
136,1687.4
345,1687.7
24,1688.2
18,1688.9
346,1692.5
195,1695.3
65,1697.9
236,1698.8
120,1700.3
185,1702.1
190,1704.3
374,1704.7
149,1707.0
322,1711.1
19,1718.6
20,1719.3
195,1722.8
157,1723.0
68,1723.2
119,1724.0
276,1725.6
19,1726.0
250,1726.9
97,1727.4
58,1728.0
117,1728.2
149,1728.3
136,1728.3
20,1728.7
269,1728.9
172,1729.7
350,1729.9
202,1730.1
163,1730.1
134,1730.6
37,1730.8
55,1731.0
249,1731.2
120,1731.3
76,1731.6
338,1731.7
170,1731.9
257,1732.1
218,1733.1
195,1733.1
157,1733.2
216,1733.4
196,1733.4
3,1733.6
140,1733.9
326,1734.0
70,1734.1
122,1734.5
68,1734.5
281,1734.6
233,1734.7
32,1734.7
254,1734.7
348,1736.2
236,1736.4
276,1736.5
227,1736.6
226,1737.2
245,1737.3
206,1737.8
19,1737.9
349,1738.2
344,1738.5
173,1738.6
131,1738.6
20,1739.1
250,1739.2
352,1739.7
29,1740.8
373,1741.7
110,1741.9
182,1742.5
130,1742.6
149,1743.1
185,1743.2
61,1743.6
120,1744.8
134,1746.4
313,1746.7
347,1747.1
236,1747.6
37,1748.3
250,1749.6
234,1751.4
140,1752.0
276,1752.4
40,1752.6
8,1753.1
180,1754.1
317,1754.9
32,1755.1
240,1756.2
136,1757.6
268,1759.5
225,1759.9
366,1760.4
149,1761.3
326,1762.9
39,1763.5
236,1765.1
380,1766.5
79,1767.1
137,1767.5
81,1769.4
29,1771.4
195,1773.4
374,1773.6
285,1774.0
175,1774.1
164,1774.8
140,1774.9
149,1775.8
271,1776.1
87,1776.5
61,1780.2
0,1780.5
65,1780.6
326,1781.7
350,1782.2
66,1782.2
68,1784.1
182,1787.1
268,1791.0
296,1792.3
61,1792.5
58,1793.4
217,1794.7
248,1796.2
313,1799.1
236,1800.4
3,1802.3
259,1808.5
5,1809.2
10,1812.0
236,1815.6
83,1816.1
198,1816.7
298,1817.0
195,1823.5
18,1829.0
65,1830.0
164,1831.0
380,1831.9
281,1834.8
137,1836.1
38,1836.4
374,1838.0
285,1838.1
322,1842.1
172,1843.6
199,1844.3
281,1844.7
122,1845.2
206,1846.2
157,1847.5
216,1847.8
19,1848.2
249,1850.4
359,1852.3
226,1852.4
350,1853.2
157,1858.4
131,1859.2
199,1859.6
19,1860.4
20,1861.4
140,1862.4
276,1864.1
37,1864.8
29,1865.1
359,1866.2
206,1866.2
230,1866.5
170,1867.2
233,1867.4
217,1867.8
225,1868.1
136,1871.7
276,1876.2
83,1876.3
140,1878.1
28,1879.9
347,1881.9
68,1898.2
257,1899.6
195,1904.0
19,1910.0
309,1912.5
212,1913.2
130,1913.3
20,1913.3
82,1914.1
134,1914.4
164,1916.4
217,1917.0
119,1917.4
355,1917.5
276,1918.2
227,1918.6
176,1918.7
26,1919.2
281,1919.5
19,1919.9
254,1920.2
339,1920.4
40,1920.8
20,1921.1
258,1922.2
172,1922.3
356,1922.8
110,1922.9
136,1923.0
226,1923.2
75,1923.3
134,1924.5
117,1925.0
130,1925.3
68,1925.4
126,1925.6
123,1925.7
61,1925.8
257,1926.0
120,1926.3
195,1926.7
366,1927.0
59,1927.2
185,1927.3
182,1927.3
313,1927.3
19,1927.5
236,1927.8
309,1928.9
20,1929.0
217,1929.6
281,1930.0
87,1930.2
254,1930.2
164,1930.5
157,1931.5
216,1931.6
296,1932.0
71,1932.2
173,1932.4
227,1932.4
66,1932.5
355,1933.2
299,1933.6
380,1933.7
131,1934.0
374,1934.1
322,1934.1
137,1934.3
350,1934.4
119,1934.5
118,1934.5
359,1934.8
236,1936.1
347,1936.2
39,1936.3
267,1936.3
382,1936.8
285,1937.1
68,1937.3
276,1937.3
143,1937.3
19,1937.8
233,1938.4
82,1938.4
253,1938.5
258,1938.5
195,1939.1
136,1939.3
281,1939.8
230,1939.9
153,1939.9
366,1939.9
20,1940.5
356,1940.6
221,1941.0
206,1941.0
198,1941.2
226,1941.4
26,1941.4
134,1941.5
346,1941.7
344,1941.9
61,1942.1
185,1942.4
172,1943.0
254,1943.0
296,1943.9
373,1944.0
157,1944.2
126,1947.7
69,1947.8
163,1948.6
318,1948.9
347,1949.0
182,1949.2
164,1949.6
195,1949.7
212,1950.3
19,1951.6
291,1952.1
8,1952.6
105,1953.3
68,1954.2
20,1954.2
156,1954.4
250,1955.0
207,1955.9
55,1957.5
296,1960.0
218,1960.8
61,1961.0
356,1962.1
248,1965.1
166,1965.3
162,1972.8
207,1975.4
271,1981.3
326,1981.4
199,1983.4
149,1984.7
311,1995.2
75,1995.7
199,1997.7
366,1999.2
19,1999.3
206,1999.4
267,2000.3
20,2001.3
32,2003.2
236,2004.2
190,2004.2
281,2005.7
134,2006.0
309,2006.3
230,2009.9
130,2011.1
19,2012.9
157,2013.4
274,2013.5
172,2014.1
20,2016.2
221,2020.9
70,2021.4
40,2021.9
235,2026.5
37,2027.9
268,2033.7
234,2034.0
190,2040.0
120,2041.1
37,2042.1
61,2042.5
271,2042.7
326,2042.9
35,2043.7
276,2043.8
29,2044.2
281,2051.1
206,2051.3
19,2054.7
268,2054.9
217,2054.9
317,2055.7
313,2057.0
120,2057.7
61,2060.4
107,2060.5
294,2060.7
182,2060.9
122,2060.9
166,2061.1
68,2061.2
293,2061.6
20,2061.9
162,2062.2
352,2062.6
97,2062.8
58,2063.4
157,2063.5
350,2064.2
19,2066.7
140,2067.4
202,2067.5
167,2069.6
217,2069.7
249,2070.5
120,2070.6
182,2071.8
199,2072.7
18,2074.0
149,2074.8
350,2074.9
166,2075.1
245,2075.3
213,2075.6
145,2075.8
296,2076.8
61,2076.9
348,2077.0
250,2077.1
115,2077.2
195,2077.3
212,2077.4
97,2077.5
303,2077.6
163,2077.7
202,2078.2
293,2078.8
68,2079.2
122,2080.0
356,2080.1
58,2080.6
35,2081.5
162,2081.7
207,2082.4
291,2082.9
218,2083.2
294,2083.2
309,2083.7
149,2084.1
206,2084.6
268,2084.8
51,2085.1
359,2085.2
120,2085.6
100,2086.0
13,2086.4
28,2086.6
306,2087.5
265,2088.0
3,2088.5
195,2088.9
157,2088.9
356,2088.9
55,2089.3
164,2089.3
83,2089.6
61,2089.7
24,2089.7
199,2090.3
267,2090.4
152,2090.4
218,2091.1
75,2091.3
163,2091.5
296,2091.5
338,2092.0
293,2092.1
87,2092.2
117,2092.2
18,2092.5
19,2092.6
68,2092.9
120,2093.2
309,2093.3
20,2093.4
252,2093.6
8,2093.9
66,2094.1
254,2094.3
71,2094.4
105,2095.0
291,2095.1
253,2095.3
345,2095.4
268,2095.8
123,2095.9
115,2095.9
347,2095.9
126,2096.2
269,2096.2
64,2096.2
198,2096.3
195,2096.3
339,2096.7
26,2096.9
227,2097.2
58,2097.3
157,2097.4
37,2097.6
303,2097.6
356,2098.3
212,2098.6
294,2098.9
110,2099.0
67,2099.2
100,2099.3
265,2099.3
311,2099.5
107,2099.5
166,2099.6
270,2099.6
276,2099.7
51,2099.8
130,2099.9
218,2100.0
350,2100.0
176,2100.0
164,2100.5
349,2100.6
163,2100.8
296,2101.1
68,2101.2
117,2101.2
19,2101.6
171,2101.8
25,2101.8
20,2101.9
357,2102.3
346,2102.3
153,2102.4
225,2103.0
75,2103.5
298,2103.5
145,2103.6
258,2104.0
97,2104.3
177,2104.5
149,2104.8
326,2105.4
353,2105.5
372,2107.6
243,2107.6
132,2108.3
55,2108.3
8,2109.3
291,2109.4
82,2109.5
170,2109.8
293,2110.1
257,2111.4
120,2111.8
347,2112.0
87,2112.4
24,2112.4
18,2112.5
309,2113.1
136,2113.3
344,2114.2
254,2114.3
12,2114.5
126,2114.7
227,2115.4
306,2116.6
356,2118.0
130,2122.0
359,2123.2
61,2123.5
281,2123.6
75,2128.6
230,2130.5
296,2130.8
206,2131.1
35,2131.4
120,2131.9
29,2132.0
216,2134.1
281,2134.4
253,2134.8
26,2135.3
136,2135.9
326,2138.7
271,2139.3
131,2141.9
276,2142.9
285,2146.1
38,2147.4
366,2155.9
20,2161.0
134,2163.8
276,2163.9
227,2164.8
117,2166.1
218,2166.9
69,2167.3
26,2167.3
20,2171.3
291,2172.3
366,2173.0
110,2178.8
157,2180.0
195,2180.2
19,2186.0
294,2199.0
293,2199.7
246,2200.1
97,2202.0
157,2202.3
68,2203.3
291,2205.9
218,2206.0
298,2206.3
5,2208.2
120,2208.5
117,2209.3
61,2209.4
202,2210.9
374,2211.5
300,2212.2
185,2212.3
166,2212.6
163,2213.5
352,2214.0
145,2214.1
149,2214.1
76,2214.7
18,2214.8
236,2216.5
130,2217.6
195,2218.1
136,2218.1
322,2218.9
106,2219.5
291,2219.7
68,2219.9
198,2220.1
276,2221.6
87,2222.0
267,2223.1
268,2225.2
374,2225.3
79,2225.6
185,2225.6
236,2226.0
217,2226.9
258,2227.0
66,2227.0
326,2227.4
233,2227.6
120,2227.9
136,2228.9
232,2229.2
283,2229.2
254,2229.7
361,2229.8
85,2229.8
198,2230.0
177,2230.4
234,2230.9
278,2231.4
37,2231.6
352,2232.0
172,2232.1
87,2232.2
164,2232.3
107,2232.6
19,2233.1
317,2233.3
8,2234.0
130,2235.4
61,2236.0
264,2237.4
28,2237.6
309,2238.0
356,2239.8
123,2241.3
149,2243.1
236,2243.7
79,2243.7
281,2247.0
270,2247.0
254,2247.2
233,2247.6
125,2248.5
276,2248.8
37,2248.9
374,2249.1
356,2249.6
182,2251.0
58,2251.5
234,2251.6
19,2251.8
217,2252.6
347,2254.6
131,2256.3
3,2256.6
216,2256.7
248,2257.3
176,2257.3
251,2258.1
356,2258.2
20,2258.9
206,2259.2
359,2259.5
172,2259.6
37,2260.2
29,2260.2
140,2260.3
35,2260.5
28,2261.4
276,2261.6
182,2261.6
69,2261.7
217,2261.9
61,2263.2
162,2263.9
225,2264.1
87,2264.8
19,2265.0
68,2266.4
130,2266.5
166,2267.0
40,2267.2
326,2267.3
83,2267.4
179,2267.8
299,2267.9
176,2268.6
352,2269.1
75,2270.1
125,2270.6
20,2271.0
212,2271.8
268,2271.8
3,2271.8
276,2272.1
58,2272.5
363,2272.6
126,2273.4
37,2273.4
217,2273.7
248,2273.7
170,2273.8
356,2274.4
140,2274.6
206,2274.8
131,2274.9
313,2275.2
118,2275.2
258,2275.6
79,2276.0
35,2276.2
296,2276.7
19,2276.9
227,2277.9
270,2278.0
176,2280.2
87,2280.5
182,2280.9
29,2281.6
281,2282.3
359,2283.8
212,2284.3
97,2285.0
20,2286.3
35,2286.8
356,2287.1
225,2287.4
32,2287.7
207,2287.8
265,2289.0
276,2292.3
61,2293.5
195,2293.7
218,2293.7
110,2293.7
250,2294.4
126,2296.9
339,2301.3
149,2301.7
55,2302.0
105,2303.8
212,2304.1
296,2306.4
356,2307.2
199,2309.9
246,2310.0
157,2310.9
12,2314.3
5,2318.3
294,2319.1
204,2320.5
300,2320.7
299,2321.8
342,2322.7
157,2323.6
68,2324.4
1,2327.4
20,2327.5
357,2327.9
293,2341.1
212,2342.7
236,2343.8
167,2344.1
218,2344.4
195,2345.0
115,2347.6
18,2351.7
163,2352.4
120,2353.0
298,2354.1
195,2354.3
65,2355.5
380,2356.2
24,2357.4
236,2357.6
267,2360.3
145,2361.5
374,2361.9
164,2361.9
137,2363.0
198,2364.4
5,2365.7
218,2366.4
79,2366.5
366,2366.6
195,2367.2
217,2368.0
236,2368.2
285,2368.4
66,2368.9
322,2369.0
379,2370.2
377,2370.2
163,2371.3
374,2371.3
136,2371.8
264,2372.9
78,2373.3
373,2373.3
75,2373.4
18,2373.7
39,2373.8
254,2375.0
182,2375.7
120,2375.8
157,2376.2
97,2376.9
311,2377.2
361,2377.4
123,2377.8
221,2378.6
58,2379.3
20,2380.2
19,2380.6
257,2381.4
366,2381.7
68,2383.9
164,2384.1
226,2384.5
350,2384.9
267,2385.5
231,2385.7
79,2385.9
322,2386.9
118,2387.7
136,2389.0
374,2390.3
182,2391.3
171,2393.3
377,2393.4
190,2394.7
376,2394.9
283,2395.3
372,2395.9
313,2402.4
24,2404.5
264,2405.0
75,2409.0
28,2414.1
173,2414.7
19,2414.8
195,2415.9
180,2416.5
125,2418.2
163,2422.0
280,2425.2
212,2426.6
217,2426.8
19,2429.0
120,2430.6
195,2432.5
37,2432.9
182,2433.0
8,2435.2
198,2435.3
218,2435.6
268,2435.7
79,2436.2
35,2437.1
61,2437.5
163,2438.0
126,2438.0
361,2438.4
18,2438.7
230,2438.9
212,2439.5
130,2439.8
105,2439.8
20,2439.9
149,2440.4
117,2440.9
237,2441.0
291,2441.1
166,2441.8
120,2442.3
311,2442.8
366,2443.3
293,2443.5
217,2444.1
234,2444.5
170,2444.9
199,2445.1
253,2446.9
202,2447.0
218,2447.9
126,2449.3
176,2450.6
59,2450.7
79,2450.7
26,2452.3
35,2452.5
1,2453.0
342,2455.3
195,2455.5
250,2455.9
309,2456.4
157,2457.2
259,2458.3
230,2459.6
245,2460.7
8,2463.2
134,2472.0
294,2474.6
347,2474.7
157,2476.9
97,2479.1
348,2479.5
293,2481.3
202,2481.7
69,2483.1
149,2485.1
366,2486.1
58,2487.8
204,2488.1
107,2488.8
157,2490.2
254,2492.5
164,2493.0
294,2493.1
39,2493.7
195,2493.8
50,2495.6
309,2496.2
79,2496.9
246,2498.3
163,2499.4
356,2499.5
221,2500.0
339,2500.3
19,2500.4
278,2502.4
217,2515.4
356,2519.8
164,2522.5
313,2524.4
268,2526.2
126,2526.2
317,2526.3
190,2527.3
136,2527.5
75,2527.9
377,2528.4
130,2528.7
177,2528.8
271,2529.7
37,2529.8
326,2530.0
230,2530.7
225,2530.7
140,2531.3
265,2531.5
170,2531.6
296,2531.7
372,2532.1
79,2532.3
234,2532.4
35,2533.0
235,2533.2
185,2533.9
227,2534.1
353,2534.2
117,2534.3
366,2534.5
286,2535.4
322,2535.5
237,2535.7
120,2535.8
29,2536.1
67,2536.2
276,2536.8
131,2537.1
173,2537.1
126,2537.6
218,2538.2
20,2539.3
130,2539.7
309,2539.7
75,2539.8
143,2540.9
176,2541.8
37,2541.8
26,2543.3
227,2544.4
166,2544.8
281,2545.0
82,2545.0
326,2545.1
58,2546.1
140,2546.3
59,2546.7
225,2546.8
24,2547.1
120,2547.2
276,2547.2
87,2547.3
218,2547.6
190,2547.8
117,2548.0
291,2548.1
195,2548.7
258,2548.8
110,2549.0
25,2549.5
382,2550.0
359,2550.0
8,2550.3
83,2551.2
100,2551.2
207,2551.9
164,2552.2
71,2552.3
149,2552.6
265,2552.6
306,2553.4
132,2553.5
18,2554.6
356,2554.7
131,2555.3
309,2556.2
345,2557.2
61,2558.0
299,2558.1
350,2558.3
68,2558.5
199,2558.6
296,2558.9
105,2559.0
253,2559.1
170,2560.5
115,2560.6
268,2560.7
212,2560.8
252,2561.2
195,2561.7
291,2563.0
164,2563.3
339,2564.1
202,2564.2
149,2564.4
235,2566.0
83,2568.5
61,2568.6
276,2568.8
271,2570.1
13,2572.8
37,2574.4
281,2576.5
87,2578.5
303,2579.9
149,2582.1
276,2582.4
61,2585.6
299,2594.5
352,2595.2
68,2595.9
20,2599.3
357,2599.6
19,2601.8
254,2606.9
68,2609.1
20,2609.8
157,2613.0
19,2613.7
182,2614.7
236,2616.3
171,2616.9
195,2622.0
236,2628.3
83,2630.1
281,2632.0
120,2634.7
163,2636.0
185,2636.5
75,2637.5
136,2637.8
195,2638.2
217,2638.3
236,2640.3
278,2640.3
87,2640.4
218,2640.9
117,2641.2
276,2641.5
76,2641.9
233,2642.1
37,2642.2
18,2642.7
268,2642.9
317,2643.1
372,2643.3
373,2643.4
234,2643.5
66,2643.8
284,2644.5
122,2644.9
309,2646.3
115,2646.6
172,2646.9
281,2647.6
120,2647.9
198,2648.1
232,2648.3
217,2649.0
195,2649.6
85,2649.6
185,2649.7
293,2649.7
206,2650.9
19,2651.4
140,2651.4
339,2651.7
199,2652.1
37,2652.1
276,2652.6
125,2653.1
136,2653.2
87,2653.7
164,2654.0
24,2654.0
265,2654.1
28,2654.4
356,2655.3
83,2656.9
207,2657.3
8,2658.3
157,2658.5
51,2659.0
138,2659.9
177,2660.3
206,2660.4
122,2661.0
359,2661.4
233,2661.9
299,2662.6
218,2662.8
149,2663.0
294,2663.1
199,2664.4
309,2664.6
172,2665.0
176,2665.2
169,2668.9
250,2669.8
65,2670.9
284,2671.2
5,2672.1
202,2673.7
164,2673.7
217,2673.8
270,2674.4
198,2674.9
251,2675.0
83,2677.3
350,2678.5
28,2681.5
100,2683.9
97,2686.1
285,2686.5
19,2686.6
120,2687.1
338,2687.6
376,2687.8
363,2688.5
195,2688.7
356,2689.3
216,2690.3
326,2690.8
68,2692.7
157,2695.1
20,2695.2
170,2695.4
269,2695.9
306,2699.2
70,2704.1
131,2704.1
120,2704.1
75,2705.1
19,2705.4
163,2705.6
110,2709.0
20,2709.6
269,2711.3
281,2711.4
195,2711.6
218,2714.6
230,2717.1
79,2717.8
190,2718.7
380,2718.9
326,2719.1
130,2719.6
137,2719.8
39,2720.1
291,2720.5
20,2720.8
374,2722.1
32,2722.8
166,2723.2
366,2723.4
376,2723.6
126,2724.1
117,2724.4
182,2724.5
236,2725.1
176,2725.5
120,2725.8
218,2726.3
184,2726.3
212,2726.8
157,2726.8
8,2727.0
68,2727.1
79,2727.5
40,2727.8
379,2728.0
20,2728.3
130,2728.4
303,2729.1
356,2729.3
313,2729.6
110,2729.6
267,2730.2
225,2730.9
163,2732.0
281,2732.0
216,2732.4
75,2732.9
134,2733.3
317,2733.7
126,2733.7
166,2734.1
227,2734.1
248,2734.2
217,2734.2
76,2734.3
226,2734.3
61,2734.4
120,2734.7
254,2734.8
377,2735.0
117,2735.3
359,2736.1
269,2736.1
131,2736.2
19,2736.3
218,2736.5
357,2736.9
20,2736.9
136,2737.0
291,2737.0
68,2737.1
265,2737.3
118,2737.4
270,2737.5
296,2737.6
257,2737.7
170,2737.9
212,2738.1
220,2738.2
268,2738.4
195,2738.4
100,2738.6
356,2738.8
382,2739.0
182,2739.4
164,2739.4
123,2740.3
178,2741.7
171,2742.4
309,2742.6
348,2742.6
207,2742.7
157,2742.7
163,2743.6
3,2743.7
162,2743.7
258,2743.9
24,2745.0
353,2745.5
66,2746.0
58,2746.8
115,2746.9
350,2747.0
347,2747.2
299,2747.6
311,2747.9
61,2748.2
29,2748.2
18,2748.7
71,2748.9
120,2749.0
359,2749.2
296,2751.1
130,2751.7
339,2751.9
68,2753.3
291,2753.9
149,2754.3
75,2754.4
166,2754.4
153,2756.1
356,2756.2
83,2756.3
195,2756.6
252,2756.6
202,2757.0
303,2757.3
357,2757.9
61,2758.8
218,2758.8
348,2759.2
212,2759.6
293,2759.8
58,2760.0
79,2760.4
12,2761.0
309,2761.3
350,2761.3
97,2761.8
13,2763.1
352,2763.2
55,2763.3
250,2763.7
68,2764.1
164,2764.3
149,2766.5
157,2766.9
59,2767.0
356,2767.6
3,2767.7
299,2769.0
294,2769.1
249,2769.8
195,2770.0
19,2770.3
217,2770.4
58,2770.7
296,2770.7
87,2771.0
202,2771.2
53,2772.2
322,2772.2
57,2772.2
338,2772.9
350,2773.9
176,2776.0
196,2776.2
97,2777.1
79,2777.4
18,2777.7
352,2777.8
65,2778.5
276,2778.9
204,2778.9
374,2779.2
68,2779.8
164,2779.9
149,2784.2
218,2784.7
250,2785.0
8,2785.3
20,2785.9
87,2787.1
276,2788.6
264,2788.6
79,2790.1
68,2790.5
366,2790.7
227,2790.9
350,2791.8
10,2793.4
37,2793.6
326,2793.7
19,2794.4
20,2794.6
195,2795.3
26,2796.6
258,2800.9
66,2805.4
271,2805.6
140,2805.9
346,2806.0
225,2808.5
366,2809.8
119,2809.9
195,2810.6
237,2811.6
19,2812.5
37,2813.2
235,2814.5
65,2816.2
300,2819.2
198,2819.6
126,2820.1
268,2820.4
66,2821.1
221,2821.2
230,2821.5
8,2823.4
326,2824.3
5,2825.8
28,2826.7
234,2827.9
78,2828.1
123,2828.4
177,2828.9
258,2829.2
299,2829.5
309,2830.1
217,2830.4
355,2832.8
63,2834.0
356,2836.3
206,2837.4
198,2840.2
299,2842.7
28,2844.1
122,2844.9
309,2846.3
217,2849.0
164,2850.8
19,2861.8
12,2864.6
309,2870.3
24,2883.4
356,2884.6
164,2886.2
227,2886.6
372,2889.5
79,2890.1
212,2890.5
374,2895.4
190,2895.7
322,2895.7
68,2895.9
264,2895.9
276,2896.3
236,2896.9
87,2898.4
373,2901.3
366,2903.2
377,2903.9
164,2905.4
236,2907.3
276,2907.5
374,2907.5
79,2908.4
83,2908.9
138,2909.0
179,2909.6
231,2911.7
136,2912.4
226,2914.5
87,2916.7
227,2917.3
291,2917.4
276,2917.6
373,2917.9
281,2919.6
20,2921.1
366,2921.2
79,2923.1
217,2925.0
176,2925.1
356,2926.7
19,2927.6
270,2927.8
134,2927.9
126,2928.1
123,2928.9
20,2931.6
75,2933.2
110,2933.7
253,2935.9
19,2936.1
67,2936.3
226,2936.7
26,2937.4
120,2937.6
51,2938.6
117,2939.3
311,2939.8
356,2941.1
157,2942.1
347,2942.5
296,2944.5
68,2946.2
163,2946.4
123,2946.8
171,2947.2
120,2947.6
350,2948.0
97,2948.3
145,2949.4
18,2949.8
66,2950.8
293,2951.3
202,2952.3
195,2952.5
117,2953.0
294,2953.0
218,2953.7
149,2956.3
61,2956.4
24,2956.9
296,2957.6
58,2957.7
120,2959.5
306,2959.6
68,2960.1
350,2960.9
356,2961.2
164,2961.4
71,2961.5
163,2962.0
198,2962.7
195,2962.7
66,2963.3
18,2963.8
309,2963.9
349,2964.6
268,2965.0
298,2965.1
218,2965.6
345,2965.7
55,2965.7
313,2966.1
115,2967.3
97,2968.2
61,2969.4
120,2969.8
207,2973.4
317,2973.9
250,2974.4
152,2974.5
130,2975.7
268,2979.2
8,2980.6
190,2982.3
76,2983.5
40,2983.6
75,2984.0
164,2986.2
185,2996.9
