28,12.2
30,12.5
21,12.6
6,12.8
0,16.6
25,16.8
22,17.5
29,17.6
17,17.8
18,18.5
21,20.8
28,20.9
5,21.0
3,21.5
2,21.6
1,22.0
16,22.1
12,22.2
0,24.2
30,24.6
22,25.1
19,26.3
29,27.1
17,27.2
27,27.5
20,28.0
21,28.0
6,28.1
18,28.3
25,28.5
7,28.5
2,28.9
12,29.1
28,29.3
3,29.6
5,29.8
0,31.1
22,31.7
19,33.1
1,33.3
16,33.6
17,34.1
12,35.0
29,35.2
26,35.3
11,35.3
10,35.4
18,35.4
2,35.9
27,36.2
6,37.1
0,37.4
23,37.5
8,37.8
28,37.9
21,37.9
3,37.9
22,38.1
20,38.4
4,39.1
7,39.4
15,39.7
17,40.1
12,40.8
16,41.1
18,41.8
14,42.4
10,42.6
26,42.6
2,42.9
0,43.3
29,43.7
1,43.7
24,43.7
9,43.8
27,44.1
21,44.5
11,44.6
6,44.8
28,45.1
22,45.3
23,45.5
17,45.8
7,46.3
8,46.5
20,46.7
4,46.7
16,47.4
13,47.5
15,47.6
18,47.9
5,48.0
10,48.6
0,49.0
3,49.3
2,49.5
26,49.8
14,49.9
1,50.7
9,50.9
29,50.9
25,50.9
11,51.2
27,51.2
28,51.8
6,51.9
22,51.9
24,52.0
7,52.7
16,53.5
18,54.0
8,54.9
2,55.7
30,55.7
5,55.7
4,56.1
23,56.3
1,56.6
3,56.9
26,57.0
9,57.0
11,57.0
29,57.6
22,58.0
31,58.2
15,58.3
27,58.3
14,58.5
20,58.7
28,58.7
7,59.1
6,59.4
25,59.8
16,60.3
18,60.4
2,62.0
5,62.4
11,62.7
9,62.9
22,63.9
26,64.1
8,64.1
24,64.8
28,65.1
4,65.3
29,65.6
27,66.0
7,66.1
6,66.7
30,66.8
3,66.8
31,67.3
25,67.6
18,67.9
2,68.5
11,68.6
9,68.7
5,69.0
28,71.1
26,72.2
29,72.5
27,72.7
8,72.8
16,73.6
6,73.7
7,74.2
12,74.3
25,74.3
11,74.6
30,74.6
31,74.7
23,74.9
5,75.2
3,75.6
4,75.9
18,76.2
2,76.5
28,76.8
29,78.7
27,79.4
12,79.7
13,79.8
6,80.1
11,80.8
25,80.9
26,81.3
5,81.4
14,81.5
30,81.6
31,82.1
23,83.2
8,84.7
9,84.7
7,85.0
24,85.1
29,85.2
12,85.9
6,86.3
3,87.4
18,87.7
5,87.8
27,88.3
26,89.2
11,89.5
31,89.6
25,89.8
9,89.9
30,90.4
6,92.2
23,92.4
5,94.3
29,94.6
9,95.2
3,95.2
7,95.6
26,95.8
24,96.3
15,96.4
31,96.6
27,96.9
12,97.4
6,98.1
23,99.1
4,99.6
2,100.7
5,101.1
14,101.1
26,101.8
18,102.1
29,102.8
31,103.5
27,104.0
24,104.8
7,104.8
3,105.1
23,105.3
15,105.6
12,105.6
4,107.0
25,107.4
2,107.7
26,107.9
18,110.2
14,110.6
29,110.8
27,110.9
23,111.4
31,111.4
20,111.9
5,112.0
12,112.9
30,113.3
3,114.1
26,114.2
2,114.3
25,114.5
4,114.5
7,116.9
27,117.4
24,117.5
23,117.5
18,119.6
12,120.2
20,120.3
26,120.4
25,120.9
2,121.1
30,121.1
16,121.9
27,123.4
23,123.4
29,124.0
7,124.8
31,125.3
4,125.4
24,125.5
14,125.7
13,125.9
26,126.1
15,126.1
3,126.8
12,126.9
25,127.3
2,127.6
23,129.2
27,129.2
30,129.4
16,131.1
26,131.7
5,131.8
7,132.0
12,133.1
4,133.7
24,133.9
2,134.0
3,134.2
20,134.3
13,134.4
14,134.4
27,134.8
23,134.9
25,135.3
15,136.7
26,137.3
30,137.7
7,138.3
5,138.9
18,139.0
12,139.0
2,140.4
23,140.5
3,141.0
13,141.3
24,141.6
26,142.9
4,143.4
7,144.0
11,144.6
20,144.8
5,144.8
23,145.9
25,146.1
2,146.4
29,147.0
3,147.8
13,148.1
26,148.2
30,149.2
16,149.2
7,149.5
24,149.6
6,149.7
31,150.8
5,150.8
23,151.3
14,151.6
2,152.4
26,153.6
18,153.6
20,154.2
7,154.8
6,155.3
8,155.7
3,156.2
23,156.9
4,157.1
5,157.2
2,158.2
31,158.9
13,159.0
26,159.5
7,160.4
6,161.1
18,161.3
20,162.3
23,162.7
25,163.8
2,164.0
29,164.7
26,165.6
31,166.2
7,166.3
6,166.7
5,167.2
18,167.9
23,168.5
12,169.4
20,169.5
2,169.6
25,170.9
28,171.1
26,171.7
6,172.1
3,172.8
7,172.9
29,172.9
16,174.1
18,174.1
23,174.1
31,174.5
12,174.9
2,175.3
20,176.3
8,176.4
28,176.7
25,176.7
6,177.4
26,178.4
23,179.9
18,180.2
4,180.3
7,180.8
2,180.9
14,181.5
24,182.2
3,182.4
28,182.5
29,182.6
25,182.6
13,182.8
6,182.9
11,183.1
20,183.1
15,184.3
5,184.4
26,185.2
23,185.7
18,186.3
8,186.6
4,187.2
7,187.3
28,188.3
14,188.3
20,189.6
13,189.8
29,190.3
11,191.1
26,191.4
18,192.2
7,193.0
4,193.4
31,194.0
14,194.0
15,194.2
5,194.9
8,195.3
16,195.3
3,195.9
13,196.0
20,196.7
26,197.3
30,197.3
18,197.8
14,199.5
4,199.5
29,200.2
11,200.9
5,201.6
8,202.6
3,202.9
16,203.0
13,203.1
26,203.1
18,203.3
14,204.9
4,205.3
20,206.0
15,206.5
5,207.6
7,208.6
3,209.0
18,209.0
29,210.0
30,210.5
14,210.7
8,211.1
4,211.2
16,212.0
5,213.4
20,214.1
15,214.2
11,214.4
13,214.9
3,215.3
2,215.4
25,216.5
4,216.6
14,217.1
29,217.1
24,217.2
30,217.5
5,219.3
2,220.8
15,220.9
25,221.6
20,221.7
13,222.4
11,222.5
3,223.0
31,223.0
30,224.0
29,224.3
24,225.0
5,225.3
14,227.0
25,227.3
15,228.0
20,228.6
13,229.6
31,229.9
30,230.2
8,230.3
5,231.3
29,231.8
24,232.0
11,232.7
25,233.1
15,234.4
16,234.8
20,235.2
14,236.3
30,236.7
5,237.2
8,237.6
29,238.4
24,238.4
25,238.8
13,239.3
15,240.6
3,241.5
20,241.8
5,243.0
30,243.3
8,243.9
29,244.3
24,244.8
14,246.4
15,246.7
11,248.2
20,248.3
5,249.2
30,249.7
8,249.8
24,252.7
3,253.9
15,253.9
20,254.7
8,255.6
16,256.2
13,256.4
30,256.7
5,257.2
14,257.8
8,261.5
20,261.7
3,263.7
16,264.5
24,265.6
14,266.5
30,267.2
8,267.8
11,269.6
15,271.5
13,271.6
20,272.0
14,273.8
16,275.5
5,275.7
8,277.7
13,280.5
15,280.7
14,281.0
3,282.5
5,282.6
16,285.2
20,288.4
5,288.6
30,289.6
3,290.8
13,290.9
14,291.3
11,292.9
16,293.1
5,294.3
30,297.3
14,298.5
20,298.7
15,299.0
5,299.7
11,300.9
3,302.2
16,302.7
8,303.6
5,305.1
14,305.7
30,305.8
20,306.0
15,306.3
13,309.4
29,310.2
5,310.8
11,311.3
8,313.5
15,313.8
20,313.9
29,315.7
14,316.0
5,316.5
3,317.5
20,321.2
29,321.9
5,322.5
30,322.6
31,322.6
8,323.5
3,325.2
14,325.9
15,327.1
29,327.9
31,328.0
5,328.3
20,329.8
30,330.5
8,331.9
3,332.6
13,333.1
29,333.6
31,334.2
11,334.4
5,334.5
14,335.2
30,337.1
16,338.3
29,339.0
3,339.1
5,340.6
20,343.5
30,343.5
29,344.4
8,344.7
31,344.7
3,345.5
24,345.8
5,346.6
15,348.5
29,350.3
30,350.7
20,351.8
31,352.2
3,352.2
5,353.1
13,355.5
11,356.4
15,357.0
29,357.3
31,359.9
20,359.9
3,360.3
5,362.9
11,363.9
30,364.1
8,365.2
20,367.7
15,368.6
3,369.5
29,370.5
11,370.8
31,371.0
14,371.6
8,373.7
13,376.6
29,377.3
11,377.5
31,378.6
20,378.9
8,380.5
14,380.7
16,382.9
29,383.4
5,383.5
11,385.0
31,386.2
30,386.9
8,387.0
15,388.0
29,389.9
8,394.4
7,395.8
14,397.4
16,397.5
31,397.6
29,397.7
20,398.0
8,401.0
7,401.2
11,405.7
16,405.9
9,406.0
7,406.9
8,407.0
20,408.3
29,408.5
31,411.0
30,411.2
9,411.4
14,412.8
8,412.9
11,413.3
29,415.4
3,417.1
9,417.2
5,417.3
20,417.5
16,418.0
31,418.5
8,418.8
30,419.2
11,419.8
14,420.1
29,421.5
9,422.8
5,424.4
8,424.7
31,425.0
3,425.3
11,426.0
20,426.2
14,427.2
13,427.3
30,427.7
29,428.3
9,428.4
24,429.6
5,430.9
8,431.0
31,431.3
11,433.2
9,434.2
3,436.6
31,438.1
14,438.2
5,438.2
20,438.7
8,439.5
29,439.8
9,440.7
2,443.6
13,444.2
5,444.8
31,445.1
30,446.7
5,450.9
31,451.7
9,451.7
20,452.0
14,452.1
13,452.5
29,452.7
8,454.4
30,454.6
15,455.4
5,456.9
31,457.9
21,459.1
14,461.5
8,461.6
13,461.7
15,462.7
29,463.2
5,463.6
9,463.7
31,463.8
21,464.7
20,465.0
30,465.3
11,466.9
8,467.6
15,469.1
14,469.2
13,469.6
31,469.7
21,470.1
29,471.0
5,471.6
9,472.3
24,472.5
8,473.3
21,475.3
31,475.5
15,475.8
13,476.2
16,476.6
30,476.7
14,476.7
29,477.8
8,479.0
5,480.5
31,481.0
13,482.6
9,484.1
30,484.2
29,484.6
8,485.0
16,486.0
15,486.1
31,486.6
14,487.1
11,488.1
20,488.2
24,490.1
13,490.3
3,490.6
30,490.8
5,490.8
8,491.3
9,491.5
31,492.0
29,496.0
30,497.1
8,497.4
31,497.5
5,497.6
3,497.7
9,498.1
24,498.2
19,501.1
20,502.5
30,503.2
8,503.4
31,503.4
5,503.5
3,503.9
9,504.1
29,504.3
24,505.2
19,506.8
8,509.2
14,509.4
5,509.4
9,509.7
30,509.7
13,510.2
3,510.5
31,510.9
29,511.7
24,512.3
4,512.4
19,512.7
11,514.1
8,514.7
15,515.3
5,515.5
31,517.4
4,517.8
19,518.7
20,519.6
30,520.0
24,520.2
29,521.2
3,521.5
5,521.9
31,523.4
4,523.5
15,524.1
18,525.1
8,525.3
19,525.4
16,525.6
5,528.4
2,529.3
4,529.5
18,530.3
14,530.7
21,532.0
13,533.4
16,533.5
15,534.6
2,534.9
4,535.5
5,535.5
18,536.0
19,536.2
24,536.7
26,538.0
14,538.2
29,539.3
2,540.8
30,541.8
18,542.2
13,542.8
5,543.6
16,543.8
19,543.9
24,544.3
15,544.5
14,544.8
2,546.8
29,548.3
18,548.4
30,548.8
8,550.4
13,551.2
15,551.3
19,551.5
14,551.5
24,551.8
3,553.1
2,553.2
5,555.1
30,555.2
18,555.2
8,556.2
15,557.4
14,558.0
26,558.8
19,559.2
13,559.3
24,559.8
2,561.0
11,561.3
18,561.9
29,562.2
8,562.8
30,562.9
15,563.9
14,564.5
24,566.8
19,568.8
26,569.2
18,569.5
2,571.4
14,572.0
13,572.3
15,573.9
24,574.6
26,574.7
8,576.3
20,579.0
26,580.5
15,581.9
18,582.3
14,585.4
26,586.3
16,586.6
7,588.0
12,588.1
8,588.3
4,588.5
21,588.6
20,590.6
15,590.9
2,591.7
26,592.1
29,592.5
24,592.6
19,592.7
7,593.3
12,593.9
18,594.0
21,594.4
16,594.8
14,595.1
8,595.4
5,597.0
26,597.9
3,598.3
7,599.0
11,599.0
12,599.5
19,599.5
24,600.1
2,600.5
20,600.8
18,601.0
21,601.4
8,601.6
16,601.7
29,601.8
30,603.3
5,603.9
7,604.8
12,605.0
19,605.3
14,605.4
3,606.5
11,607.0
18,607.1
8,607.4
21,608.0
24,608.0
16,608.1
2,608.1
29,609.9
5,610.0
20,610.2
7,610.4
12,610.6
30,611.1
18,612.8
8,612.9
21,614.3
11,614.5
16,614.7
13,615.5
2,615.7
7,616.0
12,616.2
5,616.2
29,617.0
3,617.0
8,618.3
18,618.4
30,620.2
24,620.6
21,621.3
12,621.7
5,623.0
8,623.8
18,623.8
16,624.0
29,624.1
20,625.4
11,625.8
12,627.3
2,627.7
21,628.0
30,628.0
18,629.2
8,629.7
7,631.6
29,632.0
5,632.4
16,632.5
21,634.2
2,634.4
3,634.6
13,634.7
18,634.8
8,636.2
30,636.4
20,638.0
29,639.0
5,639.1
16,639.2
11,639.3
21,640.2
2,640.3
18,640.4
13,642.3
4,642.6
8,642.8
24,643.8
3,643.8
5,644.8
16,645.4
21,645.7
30,646.0
18,646.0
29,646.2
11,647.7
4,647.9
13,649.7
8,649.8
23,650.1
5,650.3
24,651.5
18,652.0
16,652.1
31,653.2
30,653.4
4,653.7
5,655.7
23,655.9
29,656.4
20,656.5
3,657.1
31,658.5
8,658.7
14,658.8
18,659.2
11,659.6
13,660.0
4,660.2
24,660.6
5,661.1
30,662.0
23,662.6
16,662.9
31,664.5
3,666.4
5,666.8
8,666.9
23,669.8
4,671.2
5,672.5
30,672.9
31,672.9
15,673.1
13,673.7
14,673.9
8,674.4
3,676.4
18,676.5
20,677.3
4,678.0
5,678.0
23,678.5
15,680.4
8,681.3
30,682.0
13,683.2
14,683.7
4,683.8
3,683.8
18,684.1
20,686.4
15,686.8
8,688.7
4,689.4
16,689.6
11,691.3
14,691.8
3,692.1
18,692.2
29,693.6
15,693.9
4,694.8
23,694.9
13,695.4
31,696.4
8,697.9
5,698.5
14,699.1
11,699.7
20,700.2
3,700.4
4,700.4
15,701.2
23,703.4
30,703.7
5,703.9
31,704.3
18,705.7
4,706.4
8,706.6
3,707.1
14,707.4
15,708.2
5,709.6
11,711.3
2,711.5
30,712.0
31,712.8
3,713.1
4,713.9
23,715.6
15,716.5
2,717.2
13,718.5
3,719.0
31,719.3
24,721.2
4,721.3
20,721.5
18,721.7
7,721.9
23,722.8
15,723.1
2,723.6
30,724.8
3,725.0
31,725.2
4,727.9
23,728.9
24,729.0
15,729.1
18,729.2
20,730.3
31,731.0
3,731.1
2,734.0
4,734.6
23,734.6
13,734.7
31,736.5
14,736.5
3,737.0
18,737.3
24,738.7
17,739.4
15,739.8
2,742.1
31,742.2
4,742.5
11,742.6
13,742.7
3,743.0
20,744.4
18,744.6
17,744.8
31,748.1
3,749.0
2,749.6
13,749.8
4,750.3
17,750.8
18,752.6
9,752.7
31,753.9
3,755.6
13,756.5
2,756.9
20,757.9
9,758.0
4,758.2
17,758.4
25,759.4
18,759.6
31,759.8
13,762.9
24,763.3
9,763.5
14,764.2
2,764.3
25,764.8
4,764.9
3,765.2
31,766.5
17,767.4
18,767.4
20,769.1
13,769.2
9,769.2
23,769.9
25,770.8
24,771.2
16,771.2
4,771.3
8,771.4
14,772.9
18,773.9
17,774.0
29,775.2
13,775.2
2,775.3
23,775.3
4,777.6
20,777.7
3,777.9
24,778.5
25,778.5
16,779.4
31,779.4
8,779.7
18,779.9
23,780.8
13,781.0
14,782.2
30,782.4
2,782.8
29,783.4
4,784.0
20,785.7
23,786.3
16,786.4
13,786.9
5,787.0
31,787.6
8,788.2
24,788.5
3,788.8
2,789.1
4,790.1
30,791.2
11,792.1
5,792.3
16,792.5
13,792.8
20,793.2
29,794.0
2,794.8
8,795.6
24,795.8
4,795.8
31,795.9
14,795.9
25,797.8
5,798.0
16,798.2
13,799.3
20,800.1
2,800.4
8,801.9
29,802.3
31,803.1
16,803.7
24,803.7
14,804.7
25,804.9
5,805.0
20,806.6
8,808.0
3,808.1
13,809.2
16,809.2
25,810.9
31,811.0
29,812.3
20,813.1
8,814.1
9,814.9
16,815.0
4,816.7
25,816.9
15,818.8
20,819.4
29,819.7
16,820.7
24,821.4
4,822.1
31,824.6
15,824.7
5,825.1
3,825.4
20,825.9
29,826.2
16,826.3
14,826.8
4,827.8
13,828.4
15,831.0
20,832.1
16,832.3
29,832.3
5,833.3
4,833.7
3,833.8
14,834.6
13,836.8
15,837.4
20,838.2
30,838.2
29,838.6
4,839.5
5,840.1
16,840.1
9,840.2
3,840.9
14,841.6
24,844.0
20,844.2
15,844.2
13,844.5
11,844.6
31,845.2
4,845.4
5,846.5
29,846.5
30,846.9
3,847.7
2,847.8
14,847.8
20,850.6
24,851.6
4,851.6
5,852.7
31,853.0
15,853.0
11,853.1
2,853.2
14,853.9
3,854.2
13,856.2
20,857.3
4,858.8
5,859.0
2,859.2
31,859.6
24,860.1
14,860.3
15,860.3
3,861.9
13,864.6
30,865.1
2,865.4
20,865.6
5,865.6
31,865.7
11,865.8
16,866.7
15,867.5
29,868.7
14,869.1
2,871.7
31,871.8
13,872.2
5,872.8
30,873.2
11,873.7
4,874.2
15,874.6
3,875.6
14,875.7
31,878.2
13,878.9
2,879.3
20,879.3
11,881.2
14,881.6
15,881.9
30,882.6
4,882.8
5,884.0
31,884.6
3,884.9
13,885.8
8,887.0
14,887.3
30,890.2
5,890.8
3,891.4
31,891.5
15,892.0
8,892.5
11,893.1
14,893.3
4,894.4
16,894.7
13,896.3
5,896.7
3,897.3
30,898.2
8,898.2
2,899.7
14,900.1
18,900.4
11,900.5
31,901.7
16,901.9
5,902.2
8,903.9
20,904.2
15,905.3
18,905.9
30,905.9
29,907.4
2,907.5
5,907.5
11,907.6
9,907.8
3,908.0
16,908.3
31,908.5
8,909.6
4,911.8
18,911.8
14,911.8
15,912.4
5,912.9
9,913.1
3,913.2
20,913.2
11,914.2
13,914.5
31,914.7
2,914.7
16,914.8
8,915.7
29,916.7
18,917.7
30,918.2
5,918.5
15,918.7
3,918.9
9,919.0
4,919.2
11,920.3
20,920.3
31,921.5
2,921.6
13,922.3
16,923.7
8,924.1
5,924.1
15,924.6
29,924.7
3,924.8
4,925.6
9,926.0
30,926.0
11,926.6
20,926.7
2,928.8
5,929.7
13,930.6
15,930.7
3,931.0
4,932.0
31,932.5
9,932.6
20,932.9
14,934.2
11,934.8
2,935.4
29,936.1
30,936.4
15,937.2
3,937.5
8,938.4
20,939.0
9,939.6
4,939.7
5,940.3
2,941.4
29,944.1
31,945.5
5,945.5
20,946.0
8,946.2
15,946.7
2,947.7
3,947.7
9,949.1
5,951.1
29,951.4
31,953.3
8,955.1
2,955.1
4,955.2
13,955.6
14,955.9
5,956.4
3,957.0
20,958.1
29,958.2
31,962.0
2,962.3
4,962.7
30,964.3
29,964.9
14,965.3
5,966.8
3,968.2
8,969.0
9,969.5
4,969.9
2,971.1
29,971.2
30,971.5
5,972.1
16,973.0
29,977.2
5,977.8
30,977.9
13,978.6
8,980.2
4,980.5
2,980.7
14,982.0
11,982.3
3,982.5
29,983.4
5,983.9
30,984.6
13,986.3
2,989.4
29,989.6
14,989.9
11,990.3
5,990.4
9,990.8
3,991.9
25,992.8
30,994.3
13,994.9
20,995.8
29,995.9
25,998.4
14,999.0
11,1000.4
4,1000.6
5,1000.7
8,1000.7
16,1000.9
15,1001.4
2,1002.1
29,1003.1
20,1003.1
25,1004.6
4,1007.9
15,1009.0
16,1009.0
8,1009.0
20,1009.7
10,1011.2
25,1011.5
4,1015.1
23,1015.1
9,1015.6
20,1015.9
30,1016.1
8,1016.2
10,1016.7
13,1017.5
15,1017.5
25,1018.0
2,1019.1
16,1019.4
23,1020.4
20,1021.9
11,1022.5
8,1022.5
10,1022.5
9,1023.9
30,1024.0
25,1024.2
14,1024.9
3,1025.3
23,1026.5
16,1026.7
4,1026.8
20,1027.8
8,1028.3
10,1028.5
2,1029.2
11,1029.4
25,1030.0
31,1030.2
9,1031.4
14,1032.3
23,1032.8
30,1032.9
24,1034.0
20,1034.3
16,1034.5
10,1034.5
13,1035.2
11,1035.3
5,1035.7
25,1035.8
3,1036.1
2,1036.7
31,1038.1
23,1038.7
14,1039.5
9,1039.5
10,1040.5
11,1041.0
20,1041.0
25,1041.6
15,1042.1
30,1042.3
13,1042.8
2,1043.8
4,1043.9
23,1044.4
29,1045.4
10,1046.4
5,1046.4
31,1046.5
14,1046.6
11,1047.0
25,1047.5
16,1047.5
20,1048.0
23,1050.1
2,1050.1
9,1051.0
4,1051.4
13,1051.8
25,1053.7
14,1054.1
29,1054.6
11,1054.7
23,1055.8
2,1055.9
16,1056.3
20,1058.1
4,1059.2
25,1060.0
2,1061.5
23,1061.9
10,1062.4
8,1063.5
16,1064.2
13,1064.7
5,1065.1
25,1066.2
20,1066.5
14,1066.7
0,1067.5
10,1067.7
8,1068.7
23,1069.6
25,1072.1
9,1072.2
13,1072.5
0,1073.1
16,1073.1
10,1073.5
8,1073.9
4,1074.2
15,1074.6
14,1075.8
5,1076.8
25,1078.0
31,1078.0
29,1078.7
13,1079.1
9,1079.2
10,1079.3
20,1079.4
23,1079.5
0,1079.6
16,1080.1
4,1081.3
15,1081.7
14,1083.2
25,1083.9
30,1084.8
9,1085.3
13,1085.9
31,1086.5
16,1086.6
20,1087.6
29,1087.7
4,1087.7
23,1088.1
15,1088.5
25,1089.9
14,1090.8
9,1091.4
16,1093.0
11,1093.0
0,1093.1
3,1093.6
30,1093.7
4,1094.0
31,1094.3
29,1094.7
23,1094.8
13,1095.2
25,1095.9
20,1096.4
15,1097.3
9,1097.6
26,1098.0
16,1099.4
5,1100.6
30,1100.9
23,1100.9
31,1101.0
4,1101.1
29,1101.3
0,1101.5
14,1102.4
25,1102.7
3,1102.8
26,1103.6
9,1103.6
16,1106.6
20,1107.0
31,1107.4
5,1107.5
4,1107.6
30,1107.8
29,1107.9
0,1108.2
25,1109.0
26,1109.5
9,1109.7
3,1110.4
14,1113.3
31,1113.5
5,1113.5
13,1113.6
4,1113.8
30,1114.5
0,1114.5
29,1115.4
26,1115.4
11,1115.6
9,1116.4
3,1116.7
24,1116.8
20,1116.9
16,1118.4
31,1119.7
14,1120.3
4,1120.4
0,1120.5
30,1122.4
3,1122.8
11,1123.5
31,1126.1
0,1126.7
14,1127.2
4,1127.4
9,1128.1
3,1129.6
0,1132.8
20,1132.9
31,1133.0
11,1133.0
18,1134.8
26,1135.9
4,1136.5
14,1136.6
0,1138.8
23,1139.8
18,1140.4
26,1141.3
3,1141.8
5,1143.5
0,1144.6
31,1145.2
23,1145.2
20,1145.4
16,1145.4
18,1146.2
2,1146.4
26,1146.8
3,1149.3
0,1150.2
23,1151.4
18,1152.1
2,1152.1
26,1152.5
20,1153.2
13,1153.3
16,1153.4
10,1154.2
0,1155.9
3,1156.9
11,1157.4
18,1157.7
2,1158.1
23,1158.4
4,1158.6
29,1160.0
20,1160.1
15,1160.2
13,1160.9
30,1161.5
14,1161.6
16,1163.8
2,1164.1
3,1164.3
11,1165.3
4,1165.8
23,1166.1
20,1166.7
15,1167.8
29,1168.2
13,1168.2
2,1170.3
30,1170.5
24,1171.5
3,1171.8
9,1171.9
11,1172.3
4,1172.5
20,1173.2
23,1174.0
15,1175.9
13,1178.2
2,1178.4
29,1178.5
11,1178.9
31,1178.9
24,1179.3
9,1179.3
20,1179.8
3,1180.6
23,1180.6
4,1180.6
16,1182.5
14,1183.3
11,1185.8
29,1185.9
23,1186.5
9,1186.5
20,1187.0
31,1187.1
3,1187.6
24,1187.6
4,1191.7
29,1192.4
23,1192.5
3,1194.0
20,1195.1
11,1195.5
31,1195.7
9,1196.6
2,1197.7
15,1198.3
23,1198.8
13,1199.1
29,1199.3
3,1200.3
30,1201.6
31,1202.6
20,1203.2
9,1204.2
2,1204.5
23,1205.5
3,1206.4
13,1206.7
15,1206.7
31,1209.6
30,1209.7
29,1210.2
2,1210.6
20,1211.0
23,1211.8
9,1212.6
3,1212.7
4,1213.4
13,1213.8
2,1216.5
30,1216.8
16,1217.7
29,1217.8
23,1217.9
15,1219.0
31,1220.4
3,1221.2
20,1222.6
2,1222.7
13,1222.9
23,1224.0
16,1225.5
30,1225.7
9,1226.2
29,1227.0
24,1227.8
2,1229.1
18,1229.3
13,1230.2
23,1231.1
9,1233.4
18,1234.9
4,1235.0
16,1235.1
28,1235.5
2,1235.6
24,1235.7
3,1237.0
13,1237.4
9,1239.6
28,1241.0
18,1241.1
2,1241.9
20,1243.0
23,1244.9
9,1245.7
3,1246.1
28,1246.4
24,1246.5
13,1247.9
2,1248.1
18,1249.9
9,1251.9
28,1252.1
20,1252.7
3,1253.5
2,1254.4
31,1255.0
4,1255.1
14,1255.3
15,1255.5
23,1255.7
13,1256.8
28,1257.9
9,1258.2
3,1259.8
2,1261.5
30,1261.6
31,1261.9
23,1262.4
15,1262.6
28,1263.7
4,1263.9
9,1264.8
14,1264.8
3,1265.9
13,1266.0
8,1267.1
31,1268.0
23,1268.2
15,1269.3
28,1269.7
30,1269.8
18,1271.1
3,1271.8
8,1272.9
2,1273.0
16,1273.6
23,1273.8
11,1273.8
31,1274.2
9,1274.7
13,1275.4
20,1276.2
4,1276.6
28,1277.1
15,1277.7
3,1277.8
23,1279.2
24,1280.2
8,1280.3
2,1280.6
31,1281.7
30,1282.0
13,1283.0
14,1283.9
3,1284.7
20,1285.6
9,1285.7
11,1285.9
18,1287.0
4,1287.2
15,1287.6
28,1288.2
24,1288.2
2,1289.9
30,1290.5
13,1291.7
14,1291.9
20,1293.1
9,1293.2
4,1294.7
18,1294.9
15,1295.1
11,1295.2
24,1296.3
30,1298.0
28,1298.0
20,1299.8
5,1300.9
9,1301.1
18,1301.5
8,1301.6
14,1302.1
3,1302.7
4,1302.7
15,1303.7
11,1304.4
31,1305.9
20,1306.1
5,1306.6
28,1307.1
13,1307.3
18,1307.6
30,1308.6
14,1308.8
9,1308.9
4,1309.4
8,1309.6
2,1310.1
15,1310.2
3,1312.0
11,1312.2
5,1312.5
20,1312.7
18,1313.2
28,1314.0
31,1314.2
14,1314.7
4,1315.4
15,1315.9
13,1316.1
9,1316.4
8,1317.7
5,1318.4
18,1318.7
0,1319.2
3,1319.2
20,1319.3
2,1319.5
28,1320.1
14,1320.7
4,1321.3
10,1322.8
11,1322.8
9,1323.8
31,1323.9
23,1324.0
5,1324.2
18,1324.3
0,1324.7
16,1325.0
28,1325.8
3,1326.2
2,1326.8
14,1327.0
20,1327.1
4,1327.1
8,1327.6
13,1327.7
10,1328.5
23,1329.4
18,1329.9
29,1330.2
5,1330.2
0,1330.8
9,1330.9
28,1331.7
16,1332.7
4,1333.0
25,1333.3
2,1333.8
10,1334.0
14,1334.2
3,1334.6
8,1334.8
11,1335.1
23,1335.2
18,1335.8
13,1336.2
5,1336.3
0,1337.1
28,1337.5
9,1337.5
25,1338.6
4,1339.0
16,1339.3
2,1340.2
8,1341.3
14,1341.4
23,1342.5
5,1342.7
18,1343.0
13,1343.0
11,1343.3
28,1343.4
9,1343.9
0,1344.0
25,1344.5
4,1345.1
20,1345.9
2,1346.4
16,1346.4
14,1348.1
5,1348.8
8,1348.9
13,1349.0
3,1349.2
28,1349.2
9,1350.6
4,1351.4
25,1351.5
2,1352.1
11,1353.2
0,1354.0
5,1354.7
23,1354.7
28,1354.7
13,1354.8
20,1354.9
14,1355.7
18,1357.3
3,1357.3
4,1357.4
2,1358.1
31,1358.6
16,1359.2
9,1360.0
13,1360.5
5,1360.6
20,1362.5
23,1362.9
4,1363.2
2,1364.2
30,1364.9
24,1365.0
18,1365.1
0,1365.9
13,1366.2
31,1366.4
9,1367.1
3,1368.3
20,1369.6
23,1370.3
2,1370.7
13,1371.6
18,1371.8
24,1372.9
30,1372.9
14,1373.3
9,1373.6
0,1373.9
25,1374.5
31,1374.8
20,1376.1
23,1376.7
13,1377.0
18,1378.9
3,1379.4
2,1379.6
9,1379.7
31,1381.6
16,1381.7
20,1382.2
30,1382.5
23,1382.8
13,1382.9
25,1383.0
24,1383.4
0,1383.8
9,1385.5
2,1387.3
31,1387.9
20,1388.0
18,1388.3
3,1388.5
23,1388.7
8,1389.7
25,1389.8
13,1389.8
0,1391.1
9,1391.2
15,1392.6
28,1393.3
11,1393.4
31,1393.6
20,1393.9
23,1394.7
30,1395.2
2,1395.4
3,1395.4
25,1395.8
18,1395.8
9,1396.6
0,1397.5
8,1398.2
28,1398.7
20,1399.6
13,1400.4
23,1401.1
11,1401.4
25,1401.7
9,1401.9
3,1401.9
2,1402.5
18,1402.6
30,1403.2
0,1403.9
20,1405.2
8,1405.4
9,1407.3
16,1407.4
25,1407.7
23,1407.8
3,1408.3
13,1408.3
15,1408.4
2,1408.9
11,1409.4
18,1409.7
0,1410.4
20,1410.9
30,1411.6
9,1412.9
14,1413.3
8,1413.6
25,1413.6
15,1413.9
23,1414.6
2,1414.9
16,1415.5
3,1415.6
11,1416.2
20,1416.3
18,1416.9
4,1416.9
0,1416.9
13,1417.6
9,1419.1
30,1419.2
15,1419.9
25,1419.9
29,1420.4
2,1420.7
23,1421.1
20,1421.6
11,1422.9
18,1423.6
0,1424.3
14,1424.6
9,1426.7
2,1426.7
30,1426.9
3,1427.0
20,1427.1
25,1427.1
16,1427.3
23,1427.4
15,1428.0
29,1429.6
18,1430.1
0,1431.8
11,1432.6
2,1432.6
20,1433.0
25,1433.8
23,1433.8
13,1434.6
14,1434.9
3,1435.2
18,1436.3
8,1437.0
29,1437.9
2,1438.5
16,1438.6
0,1439.0
20,1439.5
30,1439.7
23,1439.9
9,1440.2
25,1440.4
15,1441.7
3,1442.1
14,1442.2
18,1442.4
13,1443.1
2,1444.1
8,1445.1
23,1445.6
16,1445.7
20,1446.2
0,1447.6
30,1447.7
25,1447.8
18,1448.2
3,1448.7
14,1449.0
9,1449.5
13,1449.7
15,1451.5
16,1452.0
20,1453.6
18,1453.8
8,1454.7
30,1455.0
14,1455.6
13,1455.7
3,1455.7
11,1456.5
25,1456.9
9,1457.2
16,1458.8
18,1459.5
15,1460.3
0,1461.2
13,1461.3
30,1462.0
14,1462.3
29,1462.9
18,1465.4
3,1466.2
20,1466.8
9,1466.9
13,1466.9
16,1469.0
14,1469.4
15,1469.5
30,1470.6
18,1471.3
29,1471.5
13,1472.4
0,1473.6
3,1474.7
20,1475.3
25,1475.9
14,1476.7
31,1477.2
13,1478.2
29,1478.2
24,1479.5
9,1480.0
0,1480.7
11,1483.0
3,1483.2
14,1483.2
29,1484.6
13,1484.9
15,1485.6
0,1486.8
9,1486.8
24,1487.3
20,1487.6
8,1488.0
25,1489.0
14,1489.4
11,1490.3
29,1491.8
9,1492.7
0,1492.7
16,1493.0
15,1493.4
3,1493.5
13,1494.0
20,1496.1
24,1496.2
11,1496.3
8,1496.7
25,1497.8
9,1498.5
30,1498.6
15,1500.1
29,1500.5
3,1501.9
11,1502.1
13,1502.4
20,1504.2
9,1504.5
8,1504.8
25,1506.7
30,1506.8
16,1507.1
15,1507.1
29,1509.7
9,1511.4
13,1512.0
3,1512.8
11,1512.8
20,1514.6
16,1515.9
8,1516.1
11,1518.0
25,1518.6
15,1518.7
9,1518.8
30,1519.4
20,1522.3
11,1523.7
16,1524.0
8,1525.0
9,1525.3
25,1525.9
14,1528.9
20,1529.1
11,1530.1
9,1531.3
0,1531.6
25,1532.2
8,1532.3
14,1534.2
13,1534.3
30,1536.0
20,1536.0
11,1536.3
16,1536.5
24,1536.8
9,1537.3
29,1537.6
25,1538.2
15,1539.5
14,1540.0
8,1540.8
11,1542.5
20,1543.1
9,1543.7
30,1544.2
25,1544.5
15,1546.5
14,1546.7
13,1547.8
11,1548.9
20,1550.2
25,1551.5
9,1552.0
8,1552.4
15,1552.6
3,1552.7
14,1553.2
11,1555.1
13,1555.2
30,1555.9
15,1558.4
25,1559.0
14,1559.1
8,1560.0
11,1560.9
3,1560.9
16,1561.0
20,1561.0
29,1561.1
13,1561.5
15,1564.3
8,1566.5
11,1566.6
25,1566.9
13,1567.7
3,1568.5
16,1568.9
29,1569.8
9,1570.0
15,1570.2
8,1572.3
11,1572.4
13,1574.1
25,1574.1
15,1576.2
3,1577.4
30,1577.6
8,1577.8
16,1578.1
11,1578.1
31,1579.6
13,1580.7
25,1580.9
15,1582.2
20,1582.8
29,1583.2
11,1583.8
31,1585.1
30,1585.7
13,1588.0
25,1588.1
15,1588.3
20,1590.6
9,1590.6
31,1591.3
8,1593.7
25,1594.8
15,1595.8
30,1596.3
0,1596.8
5,1597.2
20,1597.7
9,1598.4
8,1599.1
13,1600.4
25,1601.4
31,1601.4
0,1602.1
5,1602.7
15,1603.2
29,1603.5
20,1604.3
8,1605.1
9,1606.7
0,1607.7
25,1608.2
5,1608.9
31,1608.9
15,1610.5
20,1611.2
29,1611.5
8,1613.0
25,1614.6
31,1617.6
5,1619.0
15,1620.0
9,1620.1
25,1620.8
29,1622.0
20,1623.3
11,1623.3
16,1626.3
8,1627.1
25,1627.3
11,1628.4
30,1631.3
13,1632.2
29,1632.3
15,1633.7
16,1634.4
25,1635.0
8,1635.6
20,1637.9
30,1640.4
29,1640.8
13,1641.5
25,1642.0
15,1643.9
11,1644.2
5,1645.0
16,1645.0
3,1645.4
2,1645.9
8,1646.2
18,1649.4
11,1649.5
25,1649.5
20,1649.6
31,1650.0
2,1651.3
15,1651.9
5,1652.1
14,1652.9
3,1654.4
30,1654.5
16,1654.7
8,1654.8
11,1654.9
18,1654.9
20,1656.7
9,1657.0
2,1657.6
31,1657.9
5,1658.1
14,1658.4
15,1659.0
29,1660.4
25,1660.7
8,1662.5
16,1662.6
20,1663.2
30,1663.2
2,1663.7
9,1664.0
5,1664.1
14,1664.3
31,1666.5
15,1666.9
29,1669.4
2,1669.5
13,1669.5
8,1669.6
20,1670.2
14,1670.3
3,1670.3
9,1670.3
25,1670.5
5,1670.7
16,1672.6
31,1673.6
15,1673.9
2,1675.5
8,1676.3
9,1677.1
14,1677.2
20,1677.2
25,1677.3
31,1680.4
15,1680.8
24,1681.1
30,1681.6
2,1681.9
5,1682.6
8,1683.4
25,1683.5
20,1683.9
18,1685.0
9,1686.5
14,1689.2
0,1689.2
31,1689.4
25,1690.0
30,1690.4
15,1690.5
18,1690.6
20,1691.7
2,1692.2
9,1694.3
0,1694.5
8,1695.6
11,1696.0
18,1696.3
25,1698.6
20,1699.0
31,1700.2
0,1700.4
11,1701.7
18,1702.0
5,1702.5
3,1703.0
9,1704.5
0,1706.7
20,1707.2
18,1707.3
31,1707.6
11,1707.7
4,1708.7
5,1710.1
30,1711.3
8,1711.4
13,1711.5
14,1711.7
25,1711.9
3,1712.0
15,1712.0
18,1712.7
2,1713.0
16,1713.4
0,1713.4
11,1713.6
4,1714.3
31,1714.6
9,1714.9
20,1716.1
5,1717.0
24,1717.1
18,1718.4
8,1718.4
13,1718.5
14,1718.8
15,1719.1
25,1719.1
11,1719.5
0,1719.6
2,1719.9
31,1721.3
9,1721.7
16,1722.2
20,1723.8
18,1723.9
8,1724.1
5,1724.2
14,1724.7
13,1724.8
24,1725.0
25,1725.3
15,1725.6
2,1725.8
31,1727.4
9,1727.6
30,1728.1
29,1729.0
4,1729.8
8,1729.8
14,1730.6
20,1731.3
25,1731.4
13,1731.6
2,1732.0
15,1732.2
9,1733.4
24,1733.6
31,1733.8
5,1734.1
16,1734.8
4,1735.2
8,1735.4
14,1736.3
30,1736.8
29,1736.9
25,1737.4
3,1737.4
13,1738.2
15,1738.7
9,1739.1
2,1739.3
23,1740.5
24,1740.7
4,1740.8
20,1740.9
8,1741.0
31,1741.7
25,1743.5
9,1745.0
13,1745.0
15,1745.3
23,1745.8
8,1746.4
4,1746.4
24,1747.0
29,1747.4
30,1749.0
20,1749.3
25,1750.2
2,1750.7
9,1750.9
23,1751.4
8,1752.1
24,1753.8
13,1753.8
15,1754.1
31,1754.8
29,1756.5
9,1756.7
25,1757.0
30,1757.2
2,1757.6
8,1758.1
16,1758.7
20,1761.5
13,1761.5
15,1761.8
11,1762.5
31,1762.5
9,1763.1
25,1763.2
2,1763.5
24,1763.9
8,1764.3
16,1767.4
29,1768.1
11,1768.2
30,1768.7
20,1768.7
2,1769.1
25,1769.2
8,1770.3
31,1770.6
13,1771.0
9,1771.1
15,1771.3
2,1774.5
11,1774.7
20,1775.1
25,1775.2
29,1775.2
8,1776.4
2,1779.7
25,1781.1
20,1781.5
29,1782.4
8,1782.6
31,1783.8
30,1784.7
2,1785.4
25,1787.1
11,1787.8
20,1788.3
8,1789.0
4,1789.5
14,1790.1
13,1791.0
2,1791.5
16,1792.0
30,1792.4
29,1792.7
25,1793.1
9,1794.3
20,1794.8
4,1794.8
8,1795.3
11,1795.5
14,1795.7
25,1799.1
16,1800.1
4,1800.6
2,1800.7
30,1801.4
20,1801.5
8,1801.6
11,1803.2
25,1805.1
14,1806.3
16,1807.0
4,1807.5
20,1808.0
2,1808.5
8,1809.0
30,1809.3
18,1810.3
25,1811.2
14,1811.6
9,1811.9
16,1813.9
4,1814.6
2,1815.0
31,1815.0
5,1815.0
20,1815.2
24,1815.2
13,1815.2
29,1815.3
18,1815.8
8,1815.9
11,1815.9
14,1817.2
25,1817.3
30,1817.9
9,1818.9
4,1821.0
2,1821.2
18,1821.2
31,1822.1
20,1822.3
14,1822.7
24,1822.8
26,1822.8
5,1823.1
8,1823.5
16,1823.7
25,1823.7
29,1824.5
9,1825.0
30,1826.3
4,1827.1
2,1827.7
14,1828.2
31,1828.4
20,1829.4
13,1829.6
25,1830.4
5,1830.5
9,1831.1
8,1831.6
24,1831.9
4,1833.4
14,1834.1
2,1834.1
31,1834.7
9,1837.5
3,1837.8
13,1837.9
5,1838.1
20,1838.7
25,1838.8
11,1839.1
24,1839.2
30,1839.3
2,1840.1
14,1840.9
4,1841.2
31,1841.9
15,1842.7
29,1843.7
9,1844.1
8,1844.4
24,1845.8
25,1845.9
2,1846.2
11,1846.4
31,1848.7
14,1849.1
13,1849.7
15,1850.5
18,1850.6
9,1850.8
4,1851.6
5,1851.7
2,1852.2
11,1852.6
24,1853.1
25,1853.4
14,1855.7
31,1855.8
18,1856.3
15,1857.4
13,1857.7
11,1858.6
9,1858.7
2,1858.8
4,1859.4
14,1861.6
18,1862.6
15,1864.2
25,1864.3
11,1864.8
2,1865.5
24,1865.6
13,1865.7
20,1865.7
14,1867.4
31,1867.5
4,1867.8
18,1869.1
9,1872.1
11,1873.5
14,1873.7
2,1873.7
20,1874.2
15,1874.8
18,1875.5
5,1876.4
8,1878.1
31,1878.2
4,1878.4
25,1879.0
13,1879.4
11,1880.6
18,1882.4
14,1882.5
5,1884.5
31,1885.8
20,1885.9
4,1887.0
11,1887.7
8,1888.1
25,1888.4
28,1890.5
2,1892.7
18,1892.7
16,1893.4
31,1893.9
29,1894.5
9,1894.5
15,1894.7
5,1895.7
28,1895.8
25,1898.5
8,1898.5
11,1898.9
2,1899.7
3,1900.2
23,1900.4
31,1900.9
18,1901.2
28,1901.7
9,1902.0
16,1902.6
26,1902.6
29,1902.8
24,1902.8
15,1903.2
5,1903.5
13,1904.8
2,1905.5
23,1905.6
28,1907.6
26,1907.9
3,1908.1
9,1908.4
31,1908.7
30,1909.5
20,1909.6
18,1910.1
5,1910.2
24,1910.7
23,1910.9
13,1912.9
26,1913.2
28,1913.4
29,1914.1
11,1914.3
9,1914.4
3,1914.9
31,1915.6
5,1916.4
30,1916.5
25,1917.3
20,1917.4
18,1917.4
16,1917.5
24,1919.9
4,1919.9
9,1920.7
14,1920.8
11,1921.6
31,1921.7
5,1922.2
8,1922.3
3,1922.3
30,1922.7
13,1923.0
20,1924.1
25,1924.6
18,1925.3
15,1925.6
16,1927.0
31,1927.6
11,1928.0
5,1928.1
14,1928.5
9,1928.5
28,1929.2
30,1929.2
4,1929.4
20,1930.4
25,1930.9
31,1933.3
11,1933.9
5,1934.1
3,1934.3
28,1934.7
18,1934.9
9,1935.5
20,1936.5
25,1936.7
14,1937.0
8,1937.9
30,1938.1
29,1938.4
31,1938.9
16,1939.2
11,1940.1
5,1940.4
4,1940.6
28,1940.6
13,1941.3
24,1941.6
18,1941.7
20,1942.4
9,1942.5
25,1942.5
31,1944.6
29,1945.8
18,1947.5
28,1947.6
20,1948.1
25,1948.1
11,1948.2
3,1948.6
8,1949.2
5,1949.6
9,1950.5
31,1950.9
29,1953.1
18,1953.3
25,1953.8
20,1954.2
28,1954.5
4,1956.1
14,1956.3
3,1958.6
18,1959.0
25,1959.4
8,1960.0
31,1960.1
29,1960.2
28,1961.0
20,1961.0
13,1962.8
4,1963.1
9,1963.1
15,1963.4
14,1963.6
25,1964.9
28,1967.1
29,1967.7
8,1967.9
24,1969.0
4,1969.2
14,1970.1
9,1970.5
25,1970.7
13,1971.5
5,1972.1
15,1972.6
28,1972.8
18,1974.5
20,1974.5
4,1975.0
26,1975.9
29,1976.2
25,1976.3
14,1976.4
24,1976.8
9,1977.2
8,1978.9
3,1979.3
18,1979.9
13,1980.3
5,1980.4
4,1980.5
31,1981.9
15,1982.2
30,1982.6
14,1982.8
9,1984.3
20,1985.0
18,1985.2
4,1985.8
24,1986.5
5,1987.8
3,1988.2
29,1989.3
31,1989.5
16,1989.7
15,1990.0
11,1990.2
18,1990.7
14,1990.8
30,1990.8
13,1991.2
5,1994.2
20,1994.9
9,1995.0
31,1996.1
4,1996.4
18,1996.6
8,1997.1
16,1997.1
25,1997.6
30,1997.7
11,1998.1
13,1999.0
5,2000.3
15,2000.7
29,2000.7
3,2000.9
4,2001.7
31,2002.6
18,2002.8
25,2003.0
14,2003.4
16,2003.6
11,2004.7
30,2005.1
8,2005.4
5,2006.4
4,2006.9
13,2007.8
29,2008.4
25,2008.8
18,2008.9
16,2010.3
31,2010.3
14,2010.7
11,2011.1
4,2012.6
5,2013.7
15,2013.8
18,2014.9
29,2015.2
9,2015.4
25,2015.5
31,2017.1
14,2017.2
8,2017.4
30,2017.8
11,2018.2
20,2018.4
16,2020.5
13,2020.9
15,2021.1
18,2021.2
25,2021.8
29,2023.3
14,2023.4
31,2024.2
8,2025.9
5,2027.1
25,2027.8
15,2027.9
13,2028.0
18,2028.4
20,2028.8
14,2029.4
11,2030.1
31,2030.9
23,2031.8
29,2032.7
30,2033.1
8,2033.2
25,2033.8
13,2034.1
5,2034.6
15,2035.1
18,2035.7
14,2035.9
16,2036.6
31,2037.2
23,2037.4
25,2039.9
13,2040.1
29,2040.6
8,2041.7
5,2041.8
30,2042.3
23,2043.4
18,2043.4
31,2043.7
20,2044.1
14,2044.4
16,2045.6
25,2045.9
15,2046.6
13,2046.7
23,2049.6
29,2049.8
8,2049.8
18,2050.0
9,2050.4
25,2051.4
20,2052.0
5,2052.3
31,2053.6
24,2055.4
15,2055.7
18,2056.0
13,2056.1
25,2056.7
29,2056.9
23,2057.4
9,2057.4
20,2058.5
14,2059.3
8,2061.9
15,2062.5
24,2063.1
9,2063.3
13,2063.7
2,2063.9
20,2064.8
29,2064.9
23,2066.4
14,2067.6
15,2068.4
2,2069.1
8,2069.3
5,2069.8
31,2070.2
20,2070.8
13,2071.5
24,2071.8
16,2073.8
15,2074.2
8,2075.7
23,2076.3
5,2076.8
20,2077.0
29,2077.8
31,2077.9
13,2078.2
30,2078.3
3,2078.9
14,2079.7
15,2080.3
8,2082.0
11,2082.4
5,2082.8
20,2083.5
13,2084.4
3,2085.8
15,2086.4
30,2086.9
14,2087.4
31,2087.5
8,2088.7
20,2089.7
11,2090.1
13,2090.4
24,2090.9
3,2091.6
15,2092.4
16,2093.9
23,2094.1
31,2094.5
14,2095.5
20,2095.7
13,2096.5
8,2096.7
3,2097.1
30,2098.2
15,2098.3
11,2098.4
29,2100.0
31,2101.7
20,2101.9
3,2102.7
13,2103.8
15,2104.2
30,2105.5
23,2106.3
3,2108.5
20,2109.4
13,2110.6
15,2110.8
8,2111.2
30,2111.9
31,2113.5
23,2113.8
3,2115.3
14,2115.4
13,2117.2
18,2117.2
30,2117.9
8,2119.2
20,2119.2
31,2120.7
23,2120.7
15,2121.9
18,2122.5
29,2123.2
13,2123.3
30,2124.2
9,2124.2
14,2124.4
23,2127.2
8,2127.2
31,2127.2
18,2128.1
11,2128.3
20,2129.3
13,2129.4
9,2129.4
15,2129.7
14,2131.0
24,2131.7
29,2131.9
3,2132.5
23,2133.3
31,2133.5
30,2133.6
18,2133.9
9,2135.1
13,2135.2
11,2136.6
14,2136.7
8,2138.6
23,2139.1
24,2139.4
18,2139.7
31,2139.9
15,2140.0
13,2140.7
14,2142.1
3,2144.1
29,2144.4
23,2145.2
13,2146.2
18,2146.2
11,2146.4
14,2147.4
24,2148.5
31,2149.0
3,2151.5
13,2151.9
23,2152.5
14,2153.0
20,2153.1
16,2153.4
8,2153.7
18,2156.9
13,2157.5
3,2158.0
14,2159.1
8,2160.9
16,2161.3
11,2162.7
13,2163.0
20,2164.6
3,2164.7
29,2166.4
8,2167.2
14,2168.3
13,2168.8
11,2170.5
23,2170.6
16,2171.5
3,2172.1
8,2173.7
13,2175.5
18,2177.0
20,2177.2
14,2179.4
23,2179.5
29,2179.6
11,2180.1
31,2182.0
8,2182.6
18,2185.2
3,2186.9
16,2187.4
23,2187.9
8,2189.3
14,2189.7
31,2189.7
29,2190.0
30,2194.0
20,2194.7
23,2195.1
8,2195.1
16,2195.7
18,2196.0
31,2196.2
3,2197.1
23,2201.7
31,2202.6
30,2203.0
20,2203.7
16,2207.0
3,2207.8
13,2207.8
23,2207.9
2,2208.4
5,2208.7
31,2209.3
8,2210.8
30,2211.3
20,2211.7
14,2211.7
15,2212.2
23,2214.0
5,2214.2
3,2215.6
31,2215.6
18,2215.8
16,2215.9
13,2216.0
8,2216.2
9,2217.5
30,2218.1
20,2218.2
15,2219.1
23,2220.0
5,2220.1
14,2220.7
31,2221.8
8,2221.9
3,2222.5
9,2222.9
18,2223.2
20,2224.2
30,2224.3
15,2225.0
29,2225.0
13,2225.1
5,2225.7
16,2225.8
23,2225.8
8,2227.3
31,2228.4
9,2229.0
20,2230.1
18,2230.3
14,2230.3
11,2230.5
3,2230.7
30,2230.8
5,2231.4
23,2231.4
8,2232.7
29,2234.7
13,2236.4
9,2236.6
20,2236.8
31,2236.8
23,2236.9
18,2237.2
14,2237.2
5,2237.3
8,2238.5
11,2238.6
30,2240.2
16,2240.3
15,2240.5
23,2242.4
5,2243.2
18,2243.4
14,2243.5
20,2243.5
13,2243.8
8,2244.4
29,2244.5
15,2246.0
31,2248.1
16,2248.1
11,2248.9
18,2249.2
14,2249.5
5,2249.5
20,2250.1
13,2250.2
8,2250.3
29,2251.4
3,2253.6
14,2255.6
8,2256.1
11,2256.2
31,2256.3
20,2256.5
13,2256.7
16,2256.8
5,2257.0
9,2257.3
29,2257.7
24,2261.4
8,2261.7
20,2262.8
11,2262.9
3,2263.3
23,2263.4
30,2263.4
13,2263.4
29,2264.3
16,2264.3
31,2266.5
8,2267.3
5,2267.8
20,2269.0
23,2269.0
13,2269.9
11,2270.9
9,2271.8
16,2272.2
29,2272.6
8,2272.6
31,2274.4
5,2274.9
23,2274.9
20,2275.1
13,2276.0
3,2276.8
29,2279.5
9,2280.6
20,2281.3
5,2281.5
23,2281.7
31,2281.9
13,2281.9
29,2286.4
24,2287.0
9,2287.2
13,2287.7
20,2287.9
5,2289.2
11,2289.4
16,2291.1
31,2291.9
9,2293.3
23,2293.4
13,2293.6
24,2294.8
20,2295.7
29,2296.9
16,2298.4
9,2298.9
3,2300.3
13,2300.3
30,2301.1
24,2303.7
20,2304.0
9,2304.4
14,2304.7
16,2304.8
23,2309.0
11,2309.3
9,2310.2
14,2310.2
3,2310.7
16,2311.1
20,2311.3
13,2311.8
31,2314.8
11,2316.3
9,2316.3
16,2317.7
20,2318.4
23,2319.6
11,2322.4
30,2323.9
9,2324.2
14,2325.8
20,2325.9
16,2325.9
23,2326.9
11,2329.0
9,2330.8
14,2331.0
30,2331.8
23,2333.8
20,2335.1
9,2336.6
14,2336.8
15,2337.1
30,2338.7
11,2339.5
16,2340.3
13,2341.0
23,2342.1
9,2342.2
20,2342.2
31,2342.4
15,2342.5
14,2343.5
30,2345.5
2,2346.4
9,2347.6
16,2348.2
15,2348.8
20,2349.0
23,2349.1
31,2350.3
14,2351.0
11,2352.6
29,2352.7
9,2353.3
3,2353.8
30,2353.8
5,2354.1
16,2355.1
23,2355.2
20,2356.0
31,2356.9
14,2357.6
11,2359.4
9,2359.5
29,2361.9
15,2362.0
3,2362.1
5,2362.2
16,2362.4
20,2363.2
31,2363.7
14,2363.7
24,2363.8
13,2363.8
11,2365.5
9,2365.6
14,2369.7
20,2370.0
31,2370.3
11,2371.3
30,2371.4
9,2371.5
24,2371.6
5,2372.6
16,2373.8
3,2374.1
14,2376.1
11,2377.3
9,2377.3
31,2377.3
20,2377.5
29,2378.3
30,2380.2
15,2380.7
24,2381.0
14,2383.2
9,2383.3
8,2383.6
31,2384.0
11,2384.4
20,2384.9
13,2387.6
30,2388.0
15,2388.3
8,2389.2
9,2390.2
31,2391.5
14,2391.8
11,2392.8
20,2393.2
25,2393.7
30,2395.1
8,2395.7
15,2396.9
9,2397.0
25,2398.9
14,2399.1
11,2399.5
16,2401.9
30,2403.6
9,2403.8
29,2404.0
25,2404.8
11,2405.4
14,2406.8
9,2410.2
16,2411.0
11,2411.3
25,2411.7
29,2412.3
23,2412.6
14,2413.5
15,2414.3
20,2414.4
5,2416.2
31,2416.4
9,2416.6
11,2417.2
23,2417.9
25,2418.5
14,2420.3
20,2421.3
15,2421.7
11,2423.1
31,2423.3
9,2423.8
23,2423.8
29,2424.1
8,2424.3
5,2424.3
25,2424.5
3,2424.7
20,2427.1
15,2428.0
24,2428.4
31,2429.3
14,2429.4
16,2429.4
11,2429.7
9,2430.2
25,2430.3
23,2430.9
5,2431.0
3,2432.1
20,2432.8
8,2433.7
15,2434.2
31,2435.0
25,2436.0
9,2436.1
24,2436.4
5,2437.0
20,2438.4
3,2438.4
11,2440.6
31,2440.7
15,2441.3
23,2442.2
8,2444.0
20,2444.3
3,2444.7
31,2446.4
13,2446.6
2,2447.4
24,2447.5
14,2448.4
20,2451.1
31,2451.7
16,2451.9
3,2452.1
2,2452.6
9,2456.5
31,2457.1
2,2458.4
18,2458.5
9,2461.9
31,2462.8
8,2463.1
18,2463.9
2,2464.6
16,2465.0
20,2466.3
5,2466.5
26,2466.9
9,2467.5
24,2467.7
31,2469.4
18,2469.9
8,2470.3
2,2471.2
5,2472.0
26,2472.7
16,2473.5
4,2474.5
24,2475.5
8,2476.4
11,2477.1
30,2477.2
23,2477.5
18,2478.0
5,2478.3
2,2478.6
26,2478.7
20,2479.6
4,2479.7
14,2480.6
29,2480.9
16,2481.1
3,2481.5
31,2482.4
8,2482.7
5,2484.5
26,2484.6
23,2485.0
11,2485.0
2,2485.0
4,2485.3
30,2485.4
24,2485.6
18,2485.6
16,2488.5
3,2489.6
14,2490.1
8,2490.2
29,2490.5
5,2490.9
23,2492.0
18,2493.8
11,2494.1
4,2495.7
30,2495.9
29,2497.6
5,2498.4
16,2499.3
26,2500.3
18,2500.7
4,2500.8
20,2501.1
3,2501.2
23,2501.6
28,2503.3
29,2504.3
26,2505.5
4,2506.4
18,2507.0
21,2507.9
28,2509.1
20,2510.1
25,2510.1
26,2510.9
5,2511.0
3,2512.0
30,2512.6
4,2512.6
31,2513.1
18,2513.1
29,2513.2
15,2513.2
28,2514.8
14,2514.8
13,2515.0
25,2515.5
23,2517.0
5,2518.1
4,2518.6
18,2519.1
31,2520.2
15,2520.4
3,2521.0
25,2521.4
14,2521.8
30,2522.1
29,2522.1
11,2522.7
20,2522.8
24,2523.8
5,2524.1
13,2524.9
18,2525.1
23,2525.1
31,2526.1
15,2526.4
26,2526.8
16,2527.2
3,2527.7
14,2528.0
25,2528.3
11,2531.0
18,2531.1
24,2531.3
8,2531.5
31,2531.7
13,2532.0
15,2532.6
29,2533.4
14,2533.8
3,2534.1
23,2535.0
25,2536.3
31,2537.0
18,2537.7
20,2538.2
13,2538.6
24,2539.5
14,2539.8
15,2539.9
8,2539.9
3,2541.0
11,2541.4
31,2542.4
23,2542.9
25,2543.1
14,2545.7
13,2546.2
18,2547.3
20,2547.6
31,2548.2
11,2548.5
3,2548.7
24,2548.8
8,2549.0
25,2549.1
23,2551.1
14,2551.5
29,2551.9
16,2552.5
31,2554.0
25,2555.0
18,2555.3
24,2556.0
11,2556.1
14,2557.0
13,2557.3
15,2557.4
8,2558.2
23,2558.3
20,2559.0
3,2559.7
31,2560.2
29,2560.7
25,2560.8
18,2563.0
24,2563.6
23,2565.0
13,2566.0
8,2566.1
25,2566.3
31,2566.5
15,2566.8
11,2568.6
23,2571.3
25,2571.8
3,2572.3
31,2573.3
8,2573.6
18,2573.8
16,2576.2
25,2577.2
23,2577.8
5,2578.6
20,2578.6
13,2579.2
15,2580.8
3,2582.1
14,2582.7
25,2582.8
5,2584.3
8,2584.5
16,2585.7
31,2585.7
23,2585.8
11,2586.2
14,2588.4
18,2588.6
25,2588.7
20,2589.1
5,2591.3
11,2593.1
14,2594.4
3,2594.7
25,2595.7
18,2596.2
16,2596.9
20,2597.0
11,2599.0
14,2600.2
15,2602.0
18,2602.6
31,2602.7
5,2603.0
20,2603.5
30,2604.8
23,2604.8
11,2604.8
14,2606.3
25,2608.1
18,2608.6
20,2609.4
15,2609.6
31,2610.3
11,2610.4
8,2610.6
5,2611.1
30,2613.0
14,2613.5
23,2613.9
18,2614.5
20,2615.1
25,2615.2
15,2617.8
31,2618.3
13,2619.2
30,2619.9
14,2620.1
9,2620.2
8,2620.3
20,2620.6
23,2620.7
18,2620.9
25,2621.2
5,2621.3
3,2622.8
31,2625.3
9,2625.7
20,2626.2
30,2626.3
14,2626.9
23,2627.0
25,2627.1
5,2628.2
18,2629.0
8,2630.5
3,2630.8
15,2630.9
9,2631.3
13,2631.8
20,2631.8
30,2632.9
25,2632.9
31,2632.9
23,2632.9
14,2633.1
5,2634.3
16,2634.7
24,2637.7
20,2637.8
15,2638.0
25,2638.7
14,2639.1
23,2639.1
31,2639.7
18,2639.8
5,2641.0
3,2641.5
13,2642.8
16,2643.2
30,2643.7
15,2643.9
20,2644.1
25,2644.2
14,2644.7
24,2645.3
23,2645.3
8,2646.4
31,2646.5
18,2647.3
5,2647.8
15,2649.6
13,2650.0
20,2651.1
23,2651.4
16,2651.5
29,2652.9
8,2653.2
24,2654.5
18,2655.0
15,2655.1
5,2655.2
31,2656.0
13,2657.0
23,2657.4
16,2658.6
20,2658.9
8,2659.0
15,2660.8
3,2661.2
29,2661.5
18,2661.9
23,2663.3
5,2666.2
13,2666.6
16,2666.6
31,2666.7
20,2666.7
15,2667.2
18,2668.1
23,2669.1
31,2673.6
20,2673.6
15,2673.7
18,2674.1
29,2674.6
13,2675.3
5,2677.2
30,2677.6
8,2679.5
31,2679.6
18,2679.8
20,2680.0
15,2680.4
13,2682.8
8,2684.9
18,2685.4
31,2685.7
16,2686.3
30,2686.5
20,2687.3
24,2687.9
5,2688.0
15,2689.5
23,2690.0
13,2690.3
8,2691.0
18,2691.0
31,2692.7
14,2694.4
5,2695.1
23,2695.5
25,2696.7
18,2697.0
13,2697.1
8,2697.3
30,2697.7
31,2699.6
20,2700.0
14,2700.1
5,2701.4
23,2701.4
25,2702.1
18,2703.8
8,2703.8
13,2704.2
3,2704.8
29,2705.3
31,2705.6
15,2706.0
30,2706.0
14,2706.2
5,2707.6
8,2710.7
18,2710.7
31,2711.6
14,2712.6
20,2712.6
29,2713.3
30,2713.9
15,2714.4
24,2714.4
13,2714.5
5,2715.0
3,2715.4
18,2717.0
25,2717.6
20,2719.8
14,2720.1
29,2720.2
5,2721.5
13,2721.6
30,2721.6
8,2721.7
3,2722.2
25,2723.0
15,2725.6
20,2726.6
29,2727.3
5,2727.4
13,2728.3
3,2728.6
25,2728.8
30,2732.2
14,2733.1
5,2733.3
20,2733.5
16,2734.2
24,2734.5
25,2734.6
3,2735.9
13,2736.3
29,2738.4
5,2739.7
30,2739.8
25,2740.4
20,2740.9
24,2742.2
4,2742.8
18,2743.1
3,2743.5
8,2745.3
11,2745.5
25,2746.1
31,2746.2
30,2747.7
4,2748.4
18,2748.5
5,2749.2
24,2750.0
20,2750.2
11,2751.0
15,2751.2
31,2751.9
25,2752.0
8,2752.8
3,2753.5
4,2754.1
16,2755.0
11,2757.1
20,2757.1
25,2757.8
31,2758.4
15,2758.7
24,2758.9
8,2759.0
14,2760.6
29,2760.7
13,2761.1
16,2762.0
20,2763.2
25,2763.7
8,2764.7
11,2766.0
24,2766.1
3,2766.2
15,2766.7
16,2768.2
30,2768.4
14,2768.6
31,2768.7
29,2769.2
25,2769.3
20,2769.5
5,2770.7
11,2773.0
24,2773.9
16,2775.0
14,2775.4
20,2775.6
3,2775.7
13,2778.5
11,2779.2
15,2779.7
20,2781.5
14,2781.6
29,2781.9
5,2782.6
3,2783.4
31,2784.9
11,2785.1
15,2786.8
20,2787.1
13,2787.6
14,2787.6
16,2788.1
5,2789.6
8,2789.9
3,2790.8
11,2790.9
31,2792.0
15,2793.3
14,2793.9
23,2794.7
8,2795.4
5,2795.6
11,2796.9
16,2797.6
31,2798.0
13,2799.0
23,2800.1
15,2800.6
8,2801.3
3,2801.8
5,2801.9
14,2802.5
31,2803.8
11,2804.3
16,2804.4
23,2805.8
5,2807.9
15,2808.5
3,2808.8
16,2810.6
23,2811.8
5,2813.8
3,2814.9
15,2815.9
16,2816.5
23,2817.7
20,2818.4
3,2820.8
15,2822.4
16,2822.5
23,2823.3
13,2823.3
20,2823.9
9,2825.1
3,2826.6
16,2828.4
15,2828.6
23,2828.9
11,2830.7
14,2830.9
3,2832.4
13,2833.1
16,2834.2
23,2834.4
20,2834.6
15,2834.6
3,2838.5
14,2839.2
16,2839.6
20,2839.9
23,2839.9
15,2840.5
29,2840.7
8,2842.3
13,2842.4
25,2842.7
5,2844.2
3,2844.9
16,2845.1
23,2845.4
20,2845.5
9,2846.2
14,2846.4
15,2846.6
8,2847.5
25,2848.4
0,2849.3
29,2849.8
16,2850.4
23,2850.9
20,2851.1
3,2851.5
9,2851.6
8,2853.3
15,2854.2
14,2854.5
25,2854.8
0,2855.2
16,2856.0
20,2856.6
9,2857.7
3,2858.0
8,2860.4
16,2862.1
20,2862.4
0,2863.8
9,2863.9
25,2864.7
3,2865.7
8,2867.2
30,2868.2
13,2869.1
20,2869.2
9,2870.2
15,2870.7
7,2870.7
16,2870.9
0,2871.9
8,2873.4
25,2873.5
3,2873.7
14,2874.0
29,2874.6
5,2874.8
31,2875.5
20,2876.0
7,2876.4
30,2877.6
9,2878.1
15,2878.3
11,2879.7
0,2879.8
8,2879.9
5,2880.5
31,2880.8
14,2881.0
3,2881.8
7,2882.2
25,2883.9
20,2884.0
29,2884.6
15,2886.4
31,2886.7
5,2887.1
14,2887.2
7,2887.9
8,2888.3
11,2888.4
20,2890.9
25,2891.4
0,2892.1
14,2893.2
3,2894.1
31,2894.8
11,2896.0
20,2897.6
14,2899.0
25,2899.9
11,2904.0
14,2904.6
3,2905.1
20,2905.3
5,2909.7
13,2909.9
14,2910.4
3,2912.2
0,2913.2
25,2914.5
23,2914.5
18,2915.0
14,2916.8
15,2916.9
5,2916.9
11,2917.2
20,2917.4
13,2917.7
3,2918.7
23,2919.7
0,2921.5
25,2922.8
5,2923.0
20,2924.5
15,2924.5
3,2924.9
23,2925.7
13,2926.9
14,2928.4
5,2929.0
9,2929.8
25,2930.0
20,2930.6
3,2931.3
0,2932.4
15,2932.7
16,2933.1
23,2933.2
5,2935.0
30,2936.5
20,2936.7
25,2936.8
2,2937.6
8,2937.6
9,2938.4
3,2939.7
29,2939.9
0,2939.9
5,2942.0
20,2943.2
25,2943.5
9,2945.1
8,2945.5
30,2946.0
0,2946.3
20,2949.5
25,2949.6
13,2950.1
5,2950.9
3,2951.0
9,2951.1
8,2952.5
0,2953.1
4,2953.6
29,2954.8
25,2955.3
20,2955.8
30,2955.9
9,2957.1
23,2957.9
2,2958.4
5,2958.7
8,2958.9
4,2959.1
3,2959.2
0,2959.6
7,2960.4
31,2961.8
15,2962.1
20,2962.2
29,2963.5
9,2963.6
2,2964.0
4,2965.0
30,2965.0
8,2965.4
7,2965.9
0,2966.4
5,2968.4
14,2968.7
2,2969.9
31,2970.0
15,2970.4
20,2970.5
9,2970.9
23,2971.0
29,2971.0
3,2971.1
4,2971.1
7,2971.9
8,2974.2
2,2975.8
25,2976.2
0,2976.3
31,2976.9
4,2977.0
9,2978.1
7,2978.2
5,2978.2
15,2978.3
29,2978.6
14,2978.7
16,2979.1
23,2980.7
2,2981.3
25,2981.5
8,2981.6
4,2983.0
31,2983.4
7,2984.2
5,2985.9
2,2986.4
11,2986.5
9,2986.7
14,2986.9
25,2987.3
16,2987.4
8,2988.6
4,2988.9
23,2989.1
13,2989.1
31,2990.1
15,2990.8
20,2991.5
2,2991.9
29,2992.1
25,2993.3
14,2994.3
4,2994.8
11,2995.0
8,2995.3
5,2995.5
23,2996.8
26,2997.1
2,2997.7
13,2998.1
31,2998.5
16,2998.7
25,2999.6
