359,23.6
167,24.5
305,25.0
133,25.9
113,26.5
18,26.6
307,27.2
10,27.2
364,27.4
172,27.8
19,28.9
67,29.0
299,29.1
224,29.1
300,29.3
218,29.6
205,30.0
301,30.1
360,30.9
263,31.0
342,31.3
120,31.9
243,32.5
208,32.8
219,33.0
355,33.2
122,33.3
310,33.4
126,36.5
359,38.9
354,39.2
63,39.2
62,39.3
168,40.0
2,40.0
13,40.5
212,40.6
35,40.7
365,41.2
260,41.3
251,41.8
206,41.9
77,42.0
323,43.1
175,43.2
367,43.5
167,43.7
131,44.0
172,44.1
207,44.3
113,45.0
218,45.6
305,45.9
155,45.9
307,46.1
133,46.9
159,47.6
301,47.7
312,47.9
302,48.0
53,48.2
18,48.3
120,48.4
247,48.7
25,49.1
370,49.3
216,49.4
198,49.7
115,49.7
7,50.0
253,50.3
222,50.3
60,50.3
19,50.4
10,50.5
243,50.8
5,50.9
139,51.0
361,51.4
78,51.7
360,52.5
224,52.6
326,53.7
300,53.7
177,53.8
258,54.8
364,54.8
355,55.1
359,55.7
63,56.5
2,56.7
212,57.5
208,57.8
219,57.9
158,57.9
126,58.1
122,58.2
98,58.4
35,58.6
206,58.6
218,58.8
204,58.8
365,59.0
113,59.4
168,59.7
354,60.5
62,60.7
175,60.9
172,60.9
167,61.0
336,61.6
307,63.4
133,65.0
18,65.9
198,66.5
19,66.9
25,68.1
370,68.3
216,68.5
115,68.9
265,69.3
43,71.5
13,72.1
364,72.1
4,72.2
310,72.4
301,72.6
305,72.6
67,72.6
361,72.7
359,72.7
300,73.0
163,73.6
360,73.9
63,74.2
302,74.4
258,74.9
125,76.3
218,76.4
113,76.6
224,77.0
76,77.9
172,77.9
167,78.0
307,78.6
175,79.7
359,90.4
63,94.6
167,96.5
120,98.1
156,98.2
218,98.6
326,98.8
220,99.3
124,99.3
77,100.4
280,100.8
35,101.0
367,101.9
74,103.5
32,104.1
340,104.1
188,104.2
76,104.3
14,104.4
323,104.6
286,105.2
47,105.8
315,106.2
370,107.8
206,108.4
301,108.5
219,108.9
0,110.0
360,110.0
52,112.9
218,116.3
349,117.7
245,120.1
156,120.7
322,122.2
120,123.5
113,123.5
340,124.2
10,125.0
159,125.2
53,125.3
206,126.0
219,127.1
301,127.7
14,128.1
18,129.9
35,132.6
370,134.3
273,135.6
56,135.7
175,135.7
268,135.7
208,135.9
364,137.0
360,137.6
313,137.8
41,138.0
367,138.8
140,139.1
80,139.5
218,139.6
24,139.9
308,139.9
219,140.1
27,140.2
163,140.5
120,140.5
113,140.9
340,141.6
124,146.5
321,146.8
247,149.7
273,152.2
360,154.8
218,157.9
291,158.2
64,158.4
2,158.5
163,160.3
120,161.7
224,168.6
18,169.0
6,169.5
113,169.7
52,170.2
4,170.4
25,170.8
167,171.1
63,171.2
336,172.2
304,172.5
305,173.4
219,174.9
218,175.0
360,175.0
245,176.1
301,176.8
353,179.4
2,181.0
291,182.3
115,183.1
163,185.2
326,185.6
33,185.9
315,186.1
229,186.2
308,186.4
6,186.4
210,187.0
278,187.3
261,188.0
35,188.8
256,188.8
273,189.4
41,189.4
32,190.0
72,190.1
177,190.8
268,191.2
218,191.4
311,191.7
113,191.7
272,192.3
367,192.5
260,193.0
77,194.2
175,194.7
63,194.9
354,195.5
219,197.8
198,198.9
109,201.6
273,205.1
342,206.6
268,208.5
28,209.4
167,209.5
32,209.7
218,212.3
359,213.1
266,213.1
22,213.5
368,213.9
117,214.1
363,214.8
86,214.9
175,214.9
365,216.5
108,216.8
38,217.0
367,217.4
129,217.8
63,217.8
182,218.1
125,218.3
318,218.4
12,218.6
374,218.9
307,219.1
312,219.3
258,219.4
302,220.6
310,221.6
248,221.8
354,222.2
13,223.3
308,224.0
199,224.5
168,224.5
167,225.9
273,226.0
247,227.3
123,228.1
214,228.2
253,228.2
2,228.2
218,228.3
160,228.9
59,229.0
210,229.2
360,229.6
107,229.7
359,230.5
291,230.5
198,230.8
22,231.3
35,231.6
327,232.2
43,232.3
364,232.3
266,233.2
361,233.3
64,233.5
326,233.8
276,234.2
32,234.5
368,234.5
77,234.9
278,234.9
367,235.0
72,235.1
175,235.5
6,235.6
135,236.0
81,236.0
334,236.3
76,236.6
12,237.4
189,237.4
120,237.7
261,238.4
256,238.8
330,239.0
63,239.1
133,239.8
336,240.0
323,240.0
33,240.1
363,240.3
302,240.4
365,240.4
335,240.6
381,241.2
87,241.3
100,241.4
337,241.4
231,241.4
248,241.4
366,241.6
186,241.6
182,241.7
38,241.9
318,243.5
210,244.9
218,244.9
273,245.7
214,246.5
359,247.0
138,247.8
229,248.2
168,248.2
369,248.5
178,248.8
315,248.8
35,249.1
22,249.8
367,250.6
175,250.7
326,250.9
310,251.0
156,251.8
215,252.0
113,252.0
216,252.1
213,252.1
167,252.3
301,252.7
77,252.8
81,252.8
305,252.9
224,253.7
132,254.0
79,254.1
354,254.3
278,254.3
160,254.6
323,254.8
120,255.0
268,255.0
298,255.5
122,255.6
244,255.8
6,255.8
317,256.5
360,256.9
240,257.5
218,257.9
133,258.1
63,258.1
10,258.3
253,259.1
12,259.7
247,259.8
159,260.5
53,260.7
307,261.6
4,261.8
300,262.2
19,263.4
18,264.5
248,264.6
302,266.1
113,267.6
310,269.4
315,269.6
229,270.5
218,273.7
366,277.7
189,279.4
6,280.0
217,282.5
18,283.0
224,283.2
171,283.9
35,284.2
364,285.0
175,285.2
120,285.9
133,286.2
300,286.7
307,286.7
19,287.5
113,287.6
268,289.8
360,290.9
163,291.2
218,294.7
370,295.8
361,296.6
265,297.2
81,297.3
130,297.3
25,297.6
86,299.8
264,302.4
266,302.5
35,302.8
33,303.0
30,303.2
69,303.9
108,304.1
323,304.4
368,305.3
175,305.7
113,305.8
63,306.4
156,306.6
268,306.7
6,308.5
245,308.9
353,310.0
100,310.4
248,311.6
208,320.2
300,320.6
120,320.7
380,321.2
364,321.6
206,321.7
146,321.8
157,321.8
350,322.4
56,322.4
360,322.5
219,322.7
113,324.5
175,324.8
273,326.0
133,326.2
268,327.0
315,327.0
63,327.3
130,327.4
256,327.7
77,327.8
336,328.2
359,328.3
323,328.8
266,329.2
245,329.2
369,329.2
353,329.3
304,330.1
224,330.6
75,331.3
22,331.8
326,332.2
47,332.6
145,334.6
340,336.6
216,338.6
370,338.8
108,339.9
218,340.3
361,340.5
215,342.4
265,344.1
112,344.5
368,344.7
2,346.4
360,346.7
263,347.0
62,348.1
120,348.1
63,348.3
113,348.9
359,348.9
64,350.1
77,351.1
35,352.2
268,353.6
219,355.2
163,355.5
33,355.5
370,356.0
350,356.4
218,357.5
315,357.6
208,358.1
380,360.2
157,360.2
13,360.9
307,361.3
360,364.1
354,364.7
62,365.9
123,366.6
168,367.8
63,367.8
302,368.6
77,370.4
6,371.7
344,372.3
337,372.3
205,372.8
105,373.6
218,374.1
323,374.3
81,375.1
326,375.3
224,376.7
359,376.8
336,377.0
22,377.3
278,377.4
216,377.9
133,378.0
18,378.0
330,378.5
182,378.9
261,380.2
75,380.4
256,381.6
63,385.1
145,400.8
301,401.0
336,402.1
146,402.9
5,404.9
352,405.4
340,407.3
286,408.4
47,408.9
105,410.4
302,411.3
65,412.3
63,413.2
330,413.5
225,413.6
133,413.7
298,414.0
244,414.2
326,414.4
6,414.4
39,414.4
242,414.5
145,414.9
189,415.0
210,415.4
359,415.5
147,415.6
279,415.7
342,415.8
205,415.9
96,416.0
335,416.3
367,416.4
55,416.4
299,416.6
301,416.6
182,417.0
216,417.3
307,417.3
231,417.5
186,417.6
25,417.7
190,418.0
273,418.0
38,418.6
336,418.6
167,418.9
2,418.9
381,419.0
172,419.1
291,419.3
215,419.6
62,419.8
198,419.9
305,420.2
13,420.4
224,420.5
52,420.6
218,420.7
355,420.8
81,420.8
4,420.9
177,420.9
86,421.2
214,421.2
124,421.4
370,421.5
113,421.5
130,421.6
18,421.7
356,421.9
22,422.1
318,422.3
322,422.4
112,423.6
134,423.7
64,424.2
35,425.0
360,425.3
225,430.5
6,432.6
276,448.1
175,448.5
160,448.6
335,451.6
210,451.6
268,451.8
35,451.9
214,451.9
381,452.5
134,452.6
308,452.6
313,452.8
77,452.9
273,453.0
354,453.0
260,453.1
47,453.2
130,453.3
369,453.3
323,454.1
315,454.2
36,455.0
22,455.0
72,455.2
30,455.2
178,455.3
278,455.6
229,456.7
204,456.8
133,456.8
367,457.3
33,458.2
261,459.1
256,459.5
353,459.9
326,461.7
145,462.9
100,463.3
219,465.8
104,466.3
140,467.8
35,467.9
80,469.3
210,470.2
273,474.0
32,474.6
217,474.6
229,475.0
218,475.3
75,475.7
299,475.8
308,475.8
366,477.2
330,477.4
18,477.9
315,477.9
359,478.0
313,478.2
182,478.2
22,478.2
307,478.4
33,478.6
278,479.4
133,480.3
305,480.3
167,480.9
326,480.9
43,481.6
10,483.1
260,485.7
263,486.6
214,486.8
367,488.0
335,488.5
130,489.9
210,490.7
273,492.7
120,493.7
299,494.1
302,494.6
133,499.4
16,499.5
215,499.7
98,500.2
342,500.3
370,500.3
65,500.3
155,500.9
336,501.1
248,501.3
368,501.3
145,502.1
125,502.3
359,502.4
268,502.9
308,502.9
197,503.0
163,503.0
254,503.2
360,503.2
198,503.4
300,503.4
22,503.7
76,503.8
167,503.9
213,504.0
218,504.1
309,504.4
314,504.5
358,504.7
303,504.7
350,505.0
208,505.2
104,505.3
12,506.7
310,507.1
305,507.6
307,508.2
302,511.5
6,516.2
361,519.0
326,520.9
35,522.0
215,522.3
218,523.1
342,523.3
135,523.5
81,525.1
360,526.3
186,526.8
189,527.2
198,530.9
366,538.6
302,540.9
32,543.3
35,544.4
175,545.0
273,545.3
219,545.3
130,545.7
77,545.8
93,545.8
315,546.0
323,546.2
156,546.2
311,546.2
92,546.4
27,546.4
370,546.5
278,546.7
133,547.7
191,548.5
334,549.4
86,550.1
367,550.2
266,550.5
322,550.6
361,550.8
354,551.3
326,553.7
240,554.0
10,554.9
294,555.0
156,563.1
17,564.4
219,583.0
74,585.1
145,592.9
60,594.9
98,595.1
77,595.7
5,595.8
302,596.0
120,596.0
7,596.1
323,596.4
261,596.8
336,596.9
256,597.1
315,597.2
63,597.3
353,597.4
248,597.8
155,598.2
260,598.9
240,598.9
175,599.1
294,599.2
156,599.3
301,599.4
245,599.8
35,600.3
10,600.4
115,601.0
2,601.0
198,601.7
113,602.4
57,602.5
62,603.0
32,603.7
65,604.8
243,605.4
359,605.8
251,606.0
22,606.0
342,606.6
278,606.7
13,606.8
275,607.0
254,607.1
276,607.1
92,607.3
96,607.4
67,607.5
167,607.5
125,607.7
354,607.7
305,608.0
242,608.2
17,608.4
43,608.4
74,608.6
4,608.9
291,608.9
58,608.9
215,609.2
169,610.1
283,610.3
350,610.8
77,611.1
263,611.1
136,611.4
172,611.6
163,611.6
307,612.4
63,612.8
370,612.9
368,613.0
120,613.2
310,613.2
128,613.3
218,613.9
168,614.0
302,614.3
86,614.5
145,614.7
301,615.0
277,615.0
108,617.7
35,619.2
175,619.8
359,622.6
218,634.9
307,636.1
133,636.3
305,636.3
169,636.4
364,636.6
163,636.9
299,637.0
310,637.8
283,637.8
130,638.0
136,638.1
300,638.4
354,638.6
273,638.9
260,639.8
243,640.9
109,641.2
35,641.5
276,641.6
175,641.8
359,641.9
86,642.1
198,642.4
113,642.4
168,642.5
342,642.8
308,642.8
123,643.0
2,643.1
63,643.1
172,643.5
220,643.6
367,643.8
126,643.9
22,643.9
120,644.1
128,644.3
312,644.5
277,645.0
204,645.1
301,645.6
60,646.7
7,647.9
247,648.6
302,648.8
19,648.8
13,649.9
218,650.5
248,650.8
57,651.1
370,651.4
307,652.0
354,653.4
310,655.4
300,655.8
169,657.5
6,664.1
359,665.3
67,665.6
113,666.6
268,669.5
120,670.0
147,670.6
175,670.8
55,671.2
162,673.1
96,673.2
354,676.8
93,677.4
368,681.1
108,681.2
370,681.4
167,681.4
77,681.9
35,681.9
168,682.2
86,682.3
218,682.5
131,682.6
215,682.6
28,683.1
32,684.0
254,684.1
38,684.4
34,684.9
280,685.3
274,685.6
213,685.6
220,685.9
119,686.0
367,686.4
6,686.8
113,687.3
216,697.3
298,697.4
301,697.5
244,697.9
0,698.2
35,698.2
370,698.3
218,698.5
25,698.9
222,699.3
212,700.7
122,700.9
162,701.3
145,701.5
65,701.9
160,702.3
108,703.5
219,704.2
6,704.4
113,705.0
77,705.7
361,707.7
92,708.1
42,708.5
334,708.7
167,709.6
368,709.7
342,709.7
215,709.8
356,710.0
96,710.3
305,710.4
125,711.0
350,711.4
280,712.4
220,713.4
274,713.7
370,713.8
218,717.4
222,720.0
317,720.7
35,722.3
65,723.1
120,723.4
87,723.7
77,724.1
224,724.1
122,724.8
366,724.9
323,725.4
367,725.5
219,725.9
33,726.0
175,726.1
212,726.3
334,728.7
218,737.7
220,737.9
124,738.2
74,738.7
22,739.2
308,739.3
260,740.4
35,740.6
160,742.0
367,742.4
77,745.9
220,753.7
74,755.7
35,757.7
367,758.4
273,769.4
160,770.9
14,771.5
340,771.9
5,773.9
15,774.3
215,774.8
7,775.5
302,776.7
57,776.8
218,777.9
301,778.6
251,779.1
60,780.0
352,780.3
2,780.8
145,780.9
260,780.9
217,780.9
126,781.6
35,782.0
24,782.1
355,782.6
243,782.6
366,782.7
115,783.2
363,783.3
168,783.4
167,783.7
224,783.9
18,784.3
365,784.8
359,785.7
367,787.0
278,787.1
108,787.5
354,787.5
38,787.6
323,788.7
153,788.7
131,788.8
263,789.2
160,789.3
81,789.9
264,790.4
132,790.9
189,791.1
228,791.3
220,791.8
10,791.9
120,792.0
155,792.3
159,792.4
53,792.6
342,793.1
86,793.5
218,793.7
5,793.8
340,795.6
15,795.7
14,795.9
33,796.5
163,796.6
30,796.9
69,797.1
7,798.0
286,798.5
47,798.5
133,798.5
207,798.6
260,799.2
326,799.3
328,799.6
330,799.9
138,800.3
126,800.4
229,800.9
60,802.9
248,804.5
145,805.0
278,806.6
323,807.2
261,808.7
2,808.7
256,809.5
215,810.4
81,811.7
10,813.4
155,813.5
243,813.9
205,814.1
96,814.1
6,814.7
100,814.9
120,815.0
218,815.4
210,815.6
299,815.7
342,816.1
336,816.9
172,817.0
163,817.6
307,818.2
18,819.9
305,821.2
63,821.3
133,821.4
310,821.7
145,824.9
146,825.4
22,828.9
167,829.4
117,830.0
125,832.4
215,832.6
32,833.2
218,833.4
217,835.0
140,835.9
342,836.3
80,836.5
307,838.2
305,838.5
229,839.1
18,840.4
163,841.8
263,841.9
359,842.2
172,842.5
254,844.5
6,845.1
368,845.6
155,845.9
41,846.3
167,846.8
100,847.6
225,847.6
86,847.8
248,847.8
240,848.0
98,848.7
370,848.8
81,849.5
302,849.6
215,849.6
336,849.8
145,851.8
190,852.5
177,853.2
279,853.4
124,854.2
218,855.1
189,855.3
342,857.0
153,857.7
340,857.8
146,862.7
17,862.9
215,866.9
81,870.9
278,873.8
24,874.0
35,875.8
354,876.0
222,877.2
219,877.4
370,877.5
212,878.1
93,878.3
273,878.8
86,878.9
27,879.0
190,879.0
268,879.0
317,879.7
323,880.9
225,881.1
231,888.6
335,888.9
381,891.4
76,892.8
360,893.0
219,893.1
218,893.9
175,894.3
273,895.0
370,895.3
208,896.6
47,896.6
124,897.0
222,897.4
268,899.8
198,902.6
301,902.8
207,903.9
342,904.4
155,904.5
81,907.6
334,907.6
367,907.8
326,908.1
225,908.6
219,909.3
87,909.5
243,910.5
308,911.3
33,915.8
218,916.1
366,916.6
168,917.6
365,917.8
299,918.8
167,919.6
305,919.7
22,920.2
312,921.3
69,921.3
316,921.4
63,922.7
307,923.0
301,923.2
359,923.4
367,923.8
363,923.8
354,924.5
278,924.5
24,925.0
108,925.9
364,928.4
163,928.6
27,928.9
172,932.2
109,932.7
360,932.7
16,933.1
351,933.5
113,933.9
361,934.5
78,935.0
265,935.3
218,935.3
198,935.4
291,935.8
120,938.4
359,939.1
254,944.1
145,945.1
6,945.4
245,945.6
298,945.6
197,945.7
216,946.1
244,946.1
167,946.4
0,946.9
301,947.2
347,947.6
182,949.4
224,949.6
218,951.6
198,954.7
359,958.2
120,958.3
76,958.3
175,958.9
133,959.1
113,961.3
77,961.6
323,964.7
315,966.9
63,973.9
336,974.3
175,978.0
359,978.1
133,979.0
218,985.0
224,985.6
24,986.3
212,987.4
22,988.9
299,989.5
35,989.8
218,1004.0
33,1007.6
30,1009.1
2,1015.6
198,1016.0
145,1016.3
207,1016.3
251,1016.9
336,1017.6
353,1018.7
264,1019.8
104,1019.8
197,1019.9
245,1019.9
163,1020.8
368,1021.0
120,1022.3
359,1022.5
248,1022.6
310,1022.8
86,1023.4
13,1024.7
263,1024.8
354,1025.0
168,1026.2
380,1026.4
208,1026.5
157,1026.6
63,1026.6
146,1026.7
218,1026.7
301,1026.9
118,1026.9
204,1027.2
169,1027.2
62,1027.3
125,1027.6
370,1027.8
277,1027.9
350,1028.0
206,1028.0
115,1028.3
219,1028.3
35,1028.8
222,1031.3
2,1031.6
258,1031.7
105,1032.4
145,1032.6
100,1032.8
24,1032.9
81,1033.3
122,1033.8
190,1034.3
212,1034.4
302,1034.5
336,1034.6
317,1034.7
224,1036.3
186,1037.2
65,1038.9
210,1039.8
86,1040.6
214,1040.7
160,1041.2
225,1041.9
120,1042.5
354,1043.1
13,1044.5
359,1048.1
243,1049.9
133,1057.0
245,1067.5
145,1067.5
353,1068.0
336,1071.3
146,1076.8
35,1078.3
273,1078.5
219,1079.6
18,1079.9
300,1080.2
198,1081.6
2,1081.8
32,1082.1
311,1082.4
155,1082.8
115,1082.9
77,1085.0
243,1085.2
251,1085.3
13,1085.9
260,1086.2
133,1086.9
326,1087.2
342,1087.4
361,1087.7
370,1087.8
145,1087.8
33,1087.9
92,1088.1
256,1088.2
64,1088.2
261,1088.5
291,1088.6
6,1088.7
263,1088.8
264,1089.0
207,1089.3
265,1090.5
359,1090.7
163,1092.6
218,1095.9
336,1097.5
2,1097.6
198,1098.0
355,1099.0
68,1099.6
219,1099.7
18,1099.8
115,1100.1
216,1100.4
25,1101.6
224,1101.7
225,1102.3
367,1102.8
182,1103.1
301,1104.0
197,1104.6
47,1104.9
364,1104.9
370,1105.1
273,1105.2
130,1105.3
335,1105.4
175,1105.5
39,1105.7
189,1105.9
76,1106.0
133,1106.2
135,1106.4
326,1106.4
276,1106.8
186,1107.1
266,1107.3
231,1107.3
381,1107.3
56,1107.8
369,1107.9
145,1108.2
359,1108.7
361,1109.1
134,1109.3
349,1109.6
120,1109.6
245,1109.7
360,1109.9
353,1110.1
340,1110.3
177,1110.5
146,1110.5
283,1111.3
6,1111.4
210,1112.1
198,1113.7
336,1113.8
218,1115.9
32,1116.0
219,1116.1
275,1116.4
215,1117.3
74,1117.5
167,1117.8
342,1119.5
222,1121.0
175,1121.9
145,1122.3
268,1122.4
273,1122.4
130,1123.5
272,1123.6
76,1124.6
35,1124.6
370,1125.3
186,1125.7
6,1135.2
145,1146.9
215,1148.7
2,1148.9
342,1149.8
155,1150.3
105,1150.6
360,1150.9
198,1150.9
124,1153.3
251,1153.7
109,1155.6
243,1156.7
22,1157.2
210,1157.7
220,1158.2
160,1159.8
260,1160.4
63,1161.4
65,1162.2
308,1162.2
62,1162.3
218,1162.9
167,1163.5
28,1163.6
172,1164.1
299,1164.3
359,1164.8
355,1165.1
354,1165.8
35,1166.1
206,1166.6
312,1166.8
24,1167.0
212,1167.2
368,1167.3
370,1167.4
168,1167.7
258,1167.8
126,1168.1
365,1168.3
2,1170.3
224,1171.4
128,1171.4
204,1171.8
108,1173.5
316,1173.9
98,1174.6
63,1176.5
248,1177.3
120,1178.0
353,1181.3
62,1181.5
323,1182.6
336,1182.7
145,1183.0
354,1183.2
340,1183.5
218,1183.6
65,1183.7
22,1184.4
206,1184.5
216,1185.4
167,1185.6
215,1185.7
182,1186.6
14,1186.9
28,1186.9
160,1187.1
172,1187.6
359,1187.8
365,1187.8
63,1189.0
56,1189.3
146,1189.5
326,1201.6
219,1201.6
349,1202.2
220,1202.2
77,1202.2
18,1202.2
218,1202.4
74,1202.5
280,1203.3
112,1203.6
254,1203.7
35,1204.0
367,1204.2
38,1204.5
334,1204.6
274,1204.7
81,1205.2
63,1205.5
22,1205.6
167,1205.7
361,1208.0
123,1208.8
191,1208.9
168,1209.0
86,1209.4
40,1209.8
214,1210.1
273,1210.1
126,1211.3
145,1213.3
47,1213.7
210,1214.5
299,1214.8
39,1215.2
337,1215.9
218,1216.4
220,1217.2
367,1218.5
336,1219.8
74,1220.3
326,1220.6
105,1222.4
160,1222.9
5,1225.4
301,1225.6
352,1226.0
207,1226.8
244,1227.0
145,1228.9
199,1232.8
7,1233.0
14,1233.9
299,1242.5
210,1242.5
198,1243.8
123,1244.4
344,1245.1
78,1245.4
59,1245.6
6,1245.7
360,1245.9
19,1246.1
113,1246.4
300,1247.2
56,1247.5
120,1247.6
349,1247.7
337,1249.4
361,1250.0
206,1250.3
145,1251.0
370,1254.0
219,1256.1
35,1261.3
220,1262.1
41,1262.2
367,1262.2
74,1264.8
273,1265.0
188,1265.1
334,1265.5
182,1265.5
366,1266.0
124,1266.2
335,1266.3
47,1266.6
87,1266.9
231,1266.9
326,1267.0
135,1267.3
191,1267.3
119,1268.9
32,1269.0
280,1269.1
219,1269.4
274,1270.5
370,1273.2
220,1283.4
367,1284.4
74,1286.1
35,1287.6
219,1288.0
273,1288.6
318,1289.5
130,1290.8
186,1290.8
175,1293.6
86,1295.0
367,1301.0
225,1308.3
35,1309.8
219,1309.9
41,1310.6
370,1310.7
326,1311.1
208,1311.5
188,1311.6
248,1312.1
32,1312.2
157,1312.3
350,1312.6
380,1312.7
131,1312.9
126,1313.0
38,1313.0
168,1313.0
218,1313.0
220,1313.1
273,1313.3
81,1313.6
374,1313.7
104,1314.6
197,1314.9
254,1314.9
367,1315.0
27,1315.3
360,1315.8
198,1315.9
40,1316.6
77,1316.8
227,1317.9
176,1317.9
175,1318.2
86,1318.3
361,1319.1
79,1319.4
82,1319.6
300,1320.8
35,1322.5
219,1325.1
56,1327.7
19,1328.4
195,1328.5
78,1330.0
216,1330.8
367,1332.3
218,1332.5
273,1332.9
145,1333.6
198,1335.2
301,1336.5
0,1337.5
5,1337.8
2,1338.0
360,1339.6
175,1340.4
35,1341.4
300,1341.5
168,1344.6
354,1344.8
123,1345.1
126,1345.2
220,1345.7
260,1345.9
312,1346.3
273,1350.0
218,1351.6
308,1352.0
198,1353.4
268,1354.1
163,1354.5
19,1354.6
35,1360.0
360,1360.1
30,1360.7
364,1361.9
33,1361.9
113,1362.0
120,1362.2
175,1362.5
276,1366.0
168,1366.7
214,1367.5
130,1367.6
354,1367.6
367,1367.8
38,1368.1
266,1368.2
28,1368.6
318,1369.2
273,1369.6
134,1370.5
219,1378.8
175,1378.9
206,1379.3
218,1379.7
208,1381.4
120,1381.8
231,1383.1
335,1383.2
381,1383.8
186,1383.8
182,1384.2
81,1384.4
30,1385.2
189,1385.4
157,1385.7
380,1385.8
364,1387.1
349,1390.4
4,1390.8
360,1392.4
214,1393.0
2,1396.4
35,1396.5
6,1396.6
64,1396.6
135,1396.6
113,1397.1
291,1397.2
245,1397.4
198,1397.5
62,1397.5
63,1397.5
327,1397.6
219,1397.7
215,1397.9
301,1398.0
52,1398.0
370,1398.0
13,1398.1
74,1398.3
308,1398.6
361,1398.6
59,1398.6
218,1398.8
112,1399.3
167,1399.4
206,1399.6
67,1399.8
204,1401.5
77,1402.3
124,1402.3
220,1403.1
160,1403.7
276,1403.9
58,1404.1
280,1404.5
210,1404.6
254,1404.7
123,1405.0
359,1405.2
312,1405.6
22,1406.0
354,1407.2
163,1408.5
263,1409.3
24,1410.0
278,1410.3
360,1410.4
364,1410.6
19,1411.3
214,1411.8
260,1411.8
308,1413.2
218,1413.8
35,1413.8
315,1414.0
62,1414.3
299,1414.3
122,1414.7
2,1414.9
63,1415.0
212,1415.1
370,1415.3
243,1415.8
113,1416.1
206,1417.7
13,1420.2
219,1420.4
175,1424.9
133,1425.1
301,1426.1
298,1436.6
77,1437.5
120,1437.6
273,1437.7
138,1437.9
223,1438.0
56,1438.4
364,1439.0
67,1439.1
175,1440.9
198,1442.0
38,1442.1
109,1442.2
323,1442.3
81,1442.4
113,1442.6
35,1442.7
136,1443.2
360,1443.8
283,1443.8
189,1444.0
351,1444.1
251,1444.1
359,1444.2
301,1444.5
208,1444.7
218,1445.1
132,1445.5
225,1446.0
219,1446.5
115,1446.5
317,1446.6
2,1446.9
335,1447.2
133,1447.2
182,1447.6
231,1447.6
243,1448.0
19,1448.1
381,1448.2
214,1448.2
295,1448.3
129,1448.5
342,1448.7
260,1449.0
224,1449.1
366,1450.1
210,1450.9
367,1451.7
273,1451.7
300,1452.0
350,1452.7
18,1452.8
157,1453.1
380,1453.7
307,1453.9
120,1454.5
13,1454.9
299,1457.6
175,1459.5
35,1459.6
219,1465.6
273,1468.5
214,1469.7
133,1472.6
76,1473.3
172,1474.5
210,1474.5
359,1475.0
22,1475.6
198,1476.3
360,1476.3
351,1476.9
109,1477.3
120,1477.6
310,1477.8
175,1478.1
167,1478.8
218,1478.8
138,1479.2
75,1479.3
323,1479.8
326,1481.0
223,1481.5
77,1483.2
273,1483.8
132,1484.1
81,1484.4
35,1485.9
190,1487.7
334,1489.2
186,1489.4
247,1489.5
25,1489.8
216,1489.9
361,1490.0
87,1490.6
189,1491.0
327,1492.0
177,1493.4
135,1494.0
120,1494.0
359,1495.7
175,1495.8
2,1496.2
205,1496.3
64,1496.6
6,1496.7
225,1497.4
337,1498.1
344,1498.2
210,1498.6
59,1498.9
219,1499.0
81,1499.4
35,1499.5
273,1500.7
62,1501.1
172,1501.1
218,1501.2
86,1501.3
354,1501.5
13,1501.5
163,1501.9
370,1501.9
168,1502.1
169,1502.1
27,1502.2
364,1502.5
130,1502.6
128,1502.7
139,1502.8
263,1502.9
77,1503.3
360,1503.5
138,1504.3
351,1505.0
32,1505.3
311,1505.5
41,1505.8
93,1505.9
47,1506.2
286,1506.4
361,1508.3
133,1509.2
359,1509.3
120,1511.2
175,1512.6
113,1513.3
63,1514.1
35,1514.5
354,1517.1
225,1518.5
62,1518.7
2,1520.4
66,1521.9
158,1522.7
291,1523.4
198,1523.5
19,1523.5
263,1523.7
155,1524.0
64,1526.5
336,1527.1
145,1527.9
13,1528.0
353,1528.1
120,1528.8
349,1528.8
104,1531.3
248,1531.8
197,1532.5
146,1536.2
134,1539.3
175,1539.6
2,1540.7
130,1542.7
367,1543.2
365,1546.3
318,1546.4
312,1547.3
168,1547.6
35,1549.5
135,1550.2
327,1550.8
276,1551.6
354,1552.4
62,1554.0
81,1554.2
174,1554.5
74,1554.6
77,1555.3
160,1555.5
210,1555.7
33,1555.8
323,1555.8
220,1555.9
65,1556.0
308,1556.3
218,1556.6
260,1556.6
126,1556.6
28,1556.8
63,1557.0
175,1557.4
299,1558.0
268,1558.6
367,1558.6
370,1558.8
162,1559.5
215,1560.0
32,1560.4
22,1561.1
280,1561.2
342,1561.8
167,1561.9
272,1562.3
35,1562.3
274,1562.6
273,1563.0
222,1564.7
219,1564.7
212,1566.1
311,1566.7
122,1566.9
301,1568.1
115,1570.0
229,1570.9
155,1571.1
145,1571.3
336,1572.1
261,1572.7
256,1572.9
2,1574.6
218,1576.1
32,1577.7
35,1579.1
273,1580.7
219,1584.8
214,1586.8
291,1587.6
62,1591.5
13,1591.5
2,1592.1
57,1592.8
172,1592.8
120,1597.4
145,1597.5
86,1598.6
123,1599.2
367,1599.5
370,1599.5
47,1600.2
35,1602.1
273,1602.5
25,1602.9
177,1603.4
349,1604.7
77,1605.0
81,1605.1
63,1605.8
218,1605.9
228,1606.1
216,1606.1
206,1606.6
18,1607.0
161,1607.2
326,1607.2
219,1608.2
113,1608.2
23,1608.6
212,1608.8
327,1608.9
361,1609.3
188,1609.5
40,1609.6
62,1610.7
39,1611.9
120,1614.5
367,1617.2
35,1617.8
301,1621.6
298,1625.5
244,1626.1
2,1633.3
354,1634.4
68,1634.7
336,1635.5
359,1635.6
172,1635.9
63,1636.0
128,1636.7
217,1637.0
301,1637.6
65,1640.9
18,1641.1
206,1641.3
62,1642.0
93,1643.2
35,1643.4
219,1646.1
56,1649.1
63,1652.7
175,1652.9
364,1654.8
218,1657.1
163,1658.6
368,1658.9
354,1659.3
365,1659.6
43,1659.7
108,1659.8
312,1659.9
168,1660.0
30,1660.0
316,1660.1
69,1660.6
307,1660.9
302,1661.0
308,1662.0
35,1662.2
33,1662.2
229,1663.3
2,1663.5
301,1663.9
32,1664.1
300,1664.7
370,1665.3
361,1665.4
265,1665.7
278,1665.7
264,1666.2
115,1666.2
125,1666.4
326,1667.7
17,1668.2
286,1669.4
175,1669.8
77,1670.2
113,1670.6
161,1671.8
291,1672.4
62,1672.5
206,1672.6
59,1672.7
204,1672.9
353,1673.0
63,1673.5
367,1673.7
104,1674.6
261,1675.4
6,1675.5
256,1675.7
245,1676.2
336,1677.2
354,1678.3
188,1678.9
219,1679.1
163,1688.9
146,1690.2
264,1691.2
225,1702.1
120,1703.2
76,1708.0
163,1708.7
172,1709.0
359,1709.4
62,1710.4
351,1710.6
307,1716.3
197,1716.4
300,1716.5
248,1716.5
204,1717.2
2,1717.6
104,1717.6
13,1717.9
219,1718.0
41,1718.2
302,1718.8
243,1718.8
124,1719.2
273,1719.3
308,1719.6
215,1719.7
35,1719.7
66,1720.1
326,1720.2
155,1720.4
158,1720.6
98,1720.8
220,1721.0
160,1721.1
336,1721.1
12,1721.2
367,1721.3
100,1721.9
214,1721.9
210,1722.0
225,1722.5
327,1723.3
74,1723.4
116,1723.5
120,1723.6
299,1724.8
162,1725.4
260,1725.5
247,1725.8
159,1725.8
272,1726.2
53,1726.2
312,1727.5
81,1729.7
188,1729.8
153,1729.9
301,1730.0
340,1730.0
146,1730.3
86,1730.8
163,1731.0
370,1731.3
263,1731.3
172,1731.5
359,1731.9
62,1732.5
25,1732.8
218,1732.9
18,1733.6
216,1733.6
307,1734.3
35,1734.6
108,1735.8
215,1735.9
326,1736.8
197,1737.0
204,1739.6
12,1741.2
336,1741.3
219,1741.9
248,1743.5
98,1745.7
369,1753.3
133,1753.6
273,1753.7
178,1754.1
229,1754.5
47,1754.5
33,1754.8
213,1754.8
367,1754.8
77,1755.2
81,1756.1
182,1756.8
278,1756.9
120,1757.5
35,1758.1
175,1758.2
86,1758.4
145,1758.8
38,1759.3
218,1759.4
32,1759.9
138,1760.1
311,1760.4
323,1760.4
366,1760.7
330,1760.8
132,1761.4
335,1761.7
223,1762.2
66,1762.3
155,1763.0
158,1763.2
197,1763.8
153,1766.4
219,1767.3
116,1767.9
243,1771.5
336,1774.1
120,1775.3
359,1775.4
145,1775.8
133,1776.1
304,1776.3
218,1784.5
108,1790.6
145,1795.2
86,1797.6
130,1808.3
318,1811.8
307,1816.8
133,1817.1
186,1818.7
81,1818.8
302,1819.0
278,1819.5
381,1820.0
17,1820.1
98,1820.3
182,1820.3
197,1820.4
134,1820.5
335,1820.9
12,1821.0
120,1821.3
175,1821.4
248,1821.5
104,1821.5
189,1822.5
261,1823.6
256,1823.9
330,1825.0
323,1827.2
130,1829.7
225,1830.5
160,1832.1
214,1832.3
62,1832.3
210,1834.1
124,1834.6
120,1840.0
220,1840.1
367,1841.9
35,1842.2
228,1842.7
294,1844.5
156,1844.6
240,1844.8
10,1845.4
354,1846.1
77,1846.1
168,1847.2
123,1848.0
81,1848.8
301,1852.2
113,1853.1
63,1853.3
242,1854.3
273,1855.3
35,1855.5
62,1855.8
79,1856.2
323,1856.2
86,1856.3
67,1856.3
65,1856.6
268,1856.6
212,1858.3
120,1859.2
272,1860.4
354,1862.1
367,1867.2
220,1868.3
228,1870.0
35,1871.6
160,1872.2
215,1877.8
2,1881.1
62,1882.2
301,1882.5
291,1882.5
204,1884.1
326,1899.6
307,1899.9
216,1901.2
18,1901.4
359,1902.8
218,1902.9
198,1903.2
113,1903.7
361,1904.1
19,1904.1
133,1905.4
247,1905.7
219,1905.9
300,1906.1
364,1906.2
360,1906.4
176,1907.6
120,1908.1
16,1908.1
355,1908.5
367,1909.0
159,1909.2
370,1909.3
53,1909.4
224,1910.4
220,1910.6
354,1912.2
35,1912.3
168,1912.3
273,1913.2
126,1913.6
124,1914.5
163,1914.5
263,1914.5
24,1915.2
214,1915.3
225,1915.9
81,1916.5
169,1916.5
228,1916.6
321,1916.9
160,1917.0
47,1917.0
189,1917.2
218,1917.6
334,1917.8
130,1918.2
2,1918.3
86,1918.4
172,1918.4
277,1918.5
13,1918.6
210,1918.7
359,1918.7
175,1919.2
76,1919.6
38,1919.8
132,1919.8
308,1919.9
266,1920.3
62,1920.5
243,1920.6
278,1920.6
43,1920.8
182,1921.5
120,1922.5
313,1922.7
360,1922.7
178,1922.9
335,1923.1
301,1923.3
242,1923.7
19,1923.7
367,1923.8
56,1924.0
340,1924.3
381,1924.5
213,1924.5
63,1924.6
186,1925.2
215,1925.3
136,1925.6
219,1925.7
283,1925.7
177,1925.8
133,1925.9
134,1926.0
364,1926.3
354,1927.0
35,1928.6
273,1929.0
190,1929.1
145,1929.9
81,1930.9
168,1931.0
216,1931.2
298,1931.7
135,1931.9
146,1932.9
225,1934.7
86,1935.7
6,1938.5
52,1938.8
113,1939.1
291,1939.1
198,1939.6
64,1940.0
245,1940.2
4,1940.8
218,1941.2
336,1941.2
2,1942.7
120,1942.8
359,1944.4
172,1945.1
12,1946.6
63,1947.0
360,1948.6
224,1949.1
370,1949.3
115,1949.3
355,1949.6
216,1950.2
19,1950.9
62,1953.5
160,1954.7
218,1956.8
113,1960.0
323,1961.6
315,1963.6
261,1965.3
256,1965.6
98,1972.1
32,1972.4
273,1973.3
229,1974.4
140,1979.7
156,1979.9
294,1980.7
10,1981.4
268,1981.6
175,1982.5
120,1983.0
163,1983.9
315,1984.5
113,1984.9
360,1985.7
219,1986.1
359,1987.3
27,1987.8
361,1988.2
92,1988.5
327,1993.6
364,1993.9
354,1994.3
130,1994.3
35,1994.7
334,1994.8
308,1996.3
260,1996.4
273,1996.6
266,1996.9
367,1997.4
276,1998.0
313,1998.2
191,1998.9
135,1999.4
175,1999.5
214,1999.6
134,2000.4
299,2000.5
155,2001.1
301,2001.5
342,2001.7
22,2002.6
63,2002.7
172,2002.8
307,2002.9
2,2003.2
133,2003.6
258,2006.4
39,2007.3
68,2007.8
336,2008.4
359,2009.6
25,2010.4
35,2013.4
326,2015.9
273,2015.9
77,2016.0
33,2017.2
327,2019.5
219,2022.0
145,2023.6
162,2029.6
35,2030.9
210,2031.4
299,2031.4
276,2031.6
171,2031.7
217,2036.3
273,2037.0
24,2037.4
22,2038.2
218,2038.7
18,2039.1
364,2040.5
359,2042.7
307,2043.2
205,2044.9
342,2045.1
147,2045.9
305,2046.1
55,2046.3
113,2046.4
1,2046.6
10,2046.7
96,2046.9
299,2047.3
6,2047.8
120,2047.8
243,2048.2
160,2048.4
163,2048.8
215,2048.9
35,2050.0
62,2050.7
315,2051.1
268,2051.5
156,2051.7
310,2057.0
13,2058.1
363,2058.5
69,2058.6
240,2058.8
167,2058.8
302,2058.9
12,2059.3
218,2060.5
365,2060.9
307,2061.7
248,2061.7
18,2063.8
217,2064.6
32,2064.6
340,2065.4
219,2066.1
120,2067.9
35,2070.2
145,2071.1
162,2071.7
146,2071.9
63,2072.2
175,2072.8
156,2073.2
113,2073.3
216,2073.7
205,2073.7
206,2073.8
337,2073.9
153,2074.0
349,2074.5
344,2074.8
336,2074.9
161,2075.2
197,2075.3
6,2075.4
353,2075.5
215,2076.3
160,2076.8
171,2077.7
276,2080.0
370,2081.9
218,2082.1
308,2082.5
125,2082.7
265,2082.8
22,2083.0
74,2083.1
368,2083.5
123,2083.5
147,2085.7
342,2085.7
100,2085.8
301,2085.8
55,2085.9
96,2086.0
220,2086.3
112,2086.4
124,2086.5
2,2086.7
65,2086.7
354,2086.7
35,2086.8
1,2086.9
24,2086.9
122,2087.0
350,2087.1
208,2087.2
305,2087.2
242,2087.2
364,2087.2
360,2087.2
167,2087.2
359,2087.4
62,2087.5
128,2087.6
27,2087.6
291,2087.7
198,2087.7
380,2087.8
157,2087.8
145,2087.8
355,2088.0
273,2088.1
56,2088.1
302,2088.2
32,2088.4
300,2088.6
268,2088.6
219,2089.1
263,2089.1
163,2089.2
13,2089.3
172,2089.5
63,2089.7
120,2090.3
67,2090.4
16,2091.5
206,2091.6
6,2091.6
113,2091.7
215,2092.0
146,2092.1
222,2092.7
361,2093.1
351,2093.2
205,2094.2
76,2094.5
370,2096.1
218,2097.2
176,2097.7
301,2103.3
360,2103.6
219,2105.1
367,2106.4
35,2108.2
86,2109.4
354,2109.7
108,2110.1
175,2110.3
77,2110.6
273,2111.7
120,2112.3
277,2112.8
38,2113.1
206,2113.7
160,2114.0
210,2114.1
62,2114.3
218,2114.4
162,2114.6
24,2114.8
145,2114.8
122,2115.3
65,2116.2
370,2117.2
364,2117.8
6,2122.0
96,2122.2
147,2123.4
276,2123.6
35,2123.6
81,2124.3
278,2126.6
189,2127.6
219,2128.4
175,2129.1
366,2130.2
273,2130.8
72,2131.8
311,2131.9
22,2132.2
210,2132.4
120,2132.7
330,2132.8
32,2133.4
240,2136.0
190,2136.1
272,2136.3
35,2137.8
56,2145.9
273,2149.7
195,2150.6
160,2151.0
219,2152.3
208,2153.6
364,2153.8
300,2154.9
360,2156.2
380,2156.3
218,2156.3
308,2156.4
157,2156.6
350,2156.6
197,2156.7
145,2156.8
248,2157.9
198,2159.6
104,2160.1
115,2160.4
98,2160.7
336,2161.3
60,2162.1
109,2162.6
155,2165.9
2,2167.1
301,2174.4
67,2174.8
242,2175.5
6,2176.0
198,2179.1
59,2179.3
52,2180.4
175,2185.4
364,2189.5
342,2190.9
115,2191.0
208,2191.0
302,2191.3
105,2191.3
122,2192.7
301,2193.7
380,2195.2
157,2195.3
145,2195.3
350,2196.2
278,2198.5
146,2199.1
118,2199.1
125,2199.9
189,2200.6
336,2200.7
43,2201.6
264,2202.8
56,2203.8
219,2204.1
120,2204.1
340,2205.0
108,2206.2
163,2206.9
93,2217.2
140,2217.7
334,2218.4
361,2218.8
35,2219.2
368,2219.4
218,2219.4
370,2219.6
301,2219.9
129,2220.0
155,2220.2
205,2220.2
219,2220.2
342,2220.2
367,2220.3
32,2220.5
10,2220.6
47,2220.8
74,2220.9
266,2220.9
69,2221.0
305,2221.0
220,2221.6
356,2221.9
116,2222.4
188,2222.5
264,2222.5
167,2222.5
215,2222.9
6,2223.3
273,2223.9
124,2224.2
77,2224.6
119,2225.1
322,2226.2
280,2226.7
145,2229.3
108,2230.2
32,2237.6
35,2238.2
22,2239.7
367,2240.0
278,2240.2
210,2240.4
273,2241.6
160,2242.0
72,2243.7
214,2243.7
260,2244.0
207,2244.6
215,2245.3
218,2246.8
243,2247.1
220,2247.8
251,2248.1
354,2249.1
2,2249.3
77,2249.3
301,2249.9
120,2250.1
5,2250.2
326,2250.4
216,2251.0
35,2252.0
145,2252.2
212,2252.3
359,2252.7
63,2252.9
40,2253.1
25,2253.7
62,2253.8
86,2253.9
323,2254.0
227,2254.0
363,2254.1
168,2254.1
81,2254.1
167,2254.3
219,2254.3
272,2254.6
38,2254.7
131,2254.8
318,2254.9
367,2255.0
126,2255.1
365,2255.1
18,2255.2
217,2255.5
68,2255.9
370,2255.9
222,2256.6
310,2256.7
224,2258.3
273,2258.5
122,2258.8
355,2259.0
160,2259.9
258,2260.1
218,2260.4
153,2261.0
116,2261.1
299,2261.1
32,2261.1
307,2261.2
210,2262.0
305,2262.0
342,2262.8
205,2263.5
215,2263.6
35,2265.0
19,2265.6
243,2268.0
260,2272.8
276,2274.6
18,2276.3
216,2276.5
218,2276.9
25,2277.1
336,2277.3
39,2278.4
6,2278.8
370,2278.9
35,2279.8
299,2280.9
273,2281.9
217,2281.9
22,2282.0
204,2283.5
63,2285.1
14,2291.8
340,2292.4
218,2294.3
253,2295.5
5,2295.8
244,2295.9
10,2296.7
240,2299.0
301,2299.9
7,2300.3
115,2303.4
122,2311.8
342,2312.2
105,2313.1
268,2313.9
35,2314.5
162,2315.9
301,2316.9
65,2317.1
365,2318.5
312,2323.8
168,2324.6
367,2327.3
313,2332.1
4,2335.2
6,2336.4
248,2336.7
104,2337.3
197,2337.6
300,2339.1
370,2342.3
264,2342.9
163,2342.9
130,2343.5
198,2343.5
155,2343.8
86,2343.8
2,2344.1
145,2344.1
336,2344.2
60,2344.7
265,2345.0
245,2345.1
349,2346.5
295,2354.7
81,2355.1
120,2355.2
273,2355.6
190,2356.2
278,2356.7
133,2357.2
47,2358.1
342,2358.1
225,2359.0
268,2359.1
218,2360.0
229,2360.1
32,2360.4
213,2360.4
254,2360.7
315,2360.8
33,2360.8
330,2361.2
76,2361.7
155,2362.1
35,2362.7
77,2362.9
275,2362.9
354,2363.1
370,2363.1
367,2363.6
86,2363.9
132,2365.0
58,2365.1
138,2365.2
286,2365.4
220,2365.7
189,2365.8
34,2366.8
228,2367.0
215,2367.2
124,2367.3
302,2367.5
2,2369.4
168,2369.8
13,2370.3
57,2370.4
62,2370.8
120,2371.1
81,2372.0
172,2373.4
225,2374.7
169,2375.5
190,2378.0
278,2379.9
354,2380.5
86,2380.5
323,2385.0
330,2386.6
32,2388.1
278,2398.7
86,2401.2
307,2404.1
63,2408.1
133,2408.2
359,2408.5
258,2410.9
216,2411.5
25,2411.6
218,2412.0
18,2412.2
370,2412.4
172,2412.7
19,2415.0
113,2417.4
10,2417.9
167,2418.7
4,2418.7
35,2418.9
69,2419.4
33,2420.1
30,2420.2
205,2420.9
52,2423.6
6,2423.7
81,2424.1
177,2424.2
327,2425.0
367,2426.6
218,2427.6
126,2428.1
222,2428.4
360,2428.8
213,2428.9
355,2429.0
245,2429.7
136,2429.9
336,2429.9
135,2430.0
77,2430.3
248,2430.7
254,2431.2
104,2431.3
350,2431.3
280,2431.6
219,2431.8
370,2431.9
274,2431.9
240,2431.9
125,2432.0
115,2432.1
63,2432.1
380,2432.2
220,2432.5
120,2432.6
74,2432.6
157,2432.6
35,2432.8
208,2432.8
79,2433.0
155,2433.0
197,2433.2
146,2433.2
308,2433.6
302,2434.0
227,2434.1
34,2434.9
145,2435.0
353,2435.7
98,2436.6
340,2437.0
268,2437.8
175,2438.2
167,2438.3
364,2438.4
300,2438.8
76,2440.7
81,2440.8
218,2442.5
360,2445.4
10,2447.3
156,2447.5
342,2468.2
301,2468.3
145,2468.4
302,2470.4
7,2471.3
310,2471.3
60,2472.0
218,2475.4
105,2475.7
98,2476.5
354,2482.4
273,2482.5
175,2482.8
138,2483.0
369,2483.6
307,2484.1
2,2484.2
47,2484.4
77,2484.7
247,2484.7
300,2485.2
123,2485.6
155,2486.6
133,2486.7
113,2486.8
65,2486.8
305,2487.9
70,2488.7
342,2489.1
19,2489.3
275,2489.5
58,2489.6
32,2490.1
112,2490.9
249,2491.2
218,2491.5
370,2493.9
172,2504.3
359,2505.6
2,2511.6
218,2512.4
254,2515.0
280,2515.3
274,2515.3
34,2515.7
220,2515.7
361,2516.5
265,2516.5
77,2517.0
367,2517.2
35,2517.9
86,2518.0
169,2519.0
370,2519.1
119,2519.1
22,2519.3
277,2519.3
227,2519.3
136,2519.4
76,2519.5
354,2519.7
223,2519.8
138,2519.9
40,2520.0
81,2520.0
74,2520.2
32,2520.3
92,2520.5
273,2521.5
368,2521.6
275,2521.7
278,2522.0
283,2522.4
175,2522.8
327,2524.0
219,2524.8
130,2525.4
135,2525.7
183,2525.7
359,2525.8
272,2526.3
364,2526.7
120,2526.8
276,2526.9
268,2527.3
222,2527.6
27,2527.8
171,2528.3
310,2528.7
350,2528.9
16,2528.9
218,2529.1
176,2529.5
300,2529.7
35,2529.9
360,2530.4
19,2530.5
208,2531.6
139,2531.9
12,2532.1
77,2532.3
177,2532.4
302,2533.5
380,2533.9
157,2534.1
370,2534.2
220,2534.4
361,2535.0
273,2535.7
367,2536.1
24,2536.2
86,2536.3
81,2536.7
219,2539.8
74,2541.0
206,2541.2
113,2541.9
104,2541.9
63,2542.7
212,2544.0
354,2544.0
160,2544.0
35,2544.3
175,2544.6
349,2544.6
218,2544.8
161,2545.6
120,2545.7
336,2545.7
353,2546.7
145,2548.8
340,2550.6
216,2551.0
247,2551.3
14,2552.0
370,2552.0
0,2552.6
15,2555.5
77,2556.1
5,2556.1
276,2558.6
32,2561.2
35,2561.3
229,2561.4
311,2561.9
273,2562.0
177,2562.3
162,2563.8
135,2564.5
283,2565.4
41,2565.9
145,2569.2
212,2575.3
62,2591.5
360,2591.9
215,2594.0
225,2597.5
2,2597.5
243,2597.6
57,2598.7
163,2598.8
13,2599.4
35,2604.8
30,2606.9
186,2607.3
175,2608.8
365,2609.0
318,2609.1
168,2610.1
130,2610.5
134,2611.3
63,2613.1
204,2614.9
353,2620.2
145,2620.9
245,2621.3
120,2621.4
264,2621.9
354,2622.1
86,2622.5
336,2622.8
35,2623.5
47,2624.2
177,2624.7
175,2626.2
368,2626.3
318,2627.0
283,2627.1
43,2627.2
186,2627.3
135,2627.3
130,2627.3
364,2627.8
370,2628.4
63,2629.9
124,2631.6
125,2632.5
350,2634.3
32,2634.7
41,2635.2
113,2637.4
300,2639.1
327,2639.6
35,2639.7
4,2641.0
305,2641.3
219,2641.5
156,2641.5
18,2641.7
361,2642.2
6,2642.4
367,2642.5
326,2642.8
116,2642.9
10,2642.9
19,2643.0
218,2643.1
174,2643.3
366,2643.4
247,2643.5
370,2643.7
264,2644.0
205,2644.7
253,2644.9
159,2645.3
53,2645.6
69,2645.6
177,2646.0
240,2646.2
52,2646.6
294,2647.1
260,2647.9
248,2648.6
220,2649.3
98,2649.4
113,2652.3
245,2652.5
353,2653.1
35,2653.4
299,2654.3
160,2654.4
342,2655.1
63,2655.2
354,2655.4
302,2655.5
210,2655.6
155,2655.8
60,2655.8
100,2656.1
145,2657.5
336,2659.0
315,2659.1
6,2661.3
105,2662.1
72,2664.0
260,2665.0
323,2668.0
225,2670.7
190,2670.8
81,2671.4
120,2672.0
35,2672.6
186,2674.1
334,2674.9
219,2675.3
87,2676.3
74,2678.6
210,2678.6
13,2679.9
220,2680.8
160,2682.0
263,2682.8
163,2685.6
168,2687.7
308,2687.7
312,2687.8
354,2688.6
123,2689.0
276,2697.6
35,2698.2
273,2699.7
204,2699.7
214,2700.1
104,2700.3
197,2701.1
175,2702.0
335,2702.2
248,2702.5
313,2703.2
381,2703.6
210,2703.8
134,2704.6
208,2706.6
308,2707.2
301,2707.5
369,2707.6
350,2708.0
261,2708.2
256,2708.4
33,2708.5
278,2708.5
334,2708.8
81,2708.8
219,2709.8
229,2711.2
77,2711.6
367,2711.8
218,2712.0
354,2712.2
326,2712.3
220,2712.3
330,2712.5
168,2713.1
317,2713.2
323,2714.0
40,2714.0
76,2714.8
224,2715.9
138,2716.0
132,2716.0
35,2716.1
310,2716.9
307,2717.2
359,2717.3
108,2717.4
86,2717.4
172,2717.8
163,2717.8
169,2717.9
92,2718.2
12,2718.3
13,2718.5
273,2721.1
75,2721.1
22,2721.2
24,2721.7
299,2721.8
160,2722.1
355,2722.3
125,2722.9
124,2723.1
215,2723.2
370,2723.3
214,2723.6
280,2723.9
263,2724.1
368,2724.7
218,2724.8
208,2725.9
278,2726.0
123,2726.2
2,2726.5
210,2726.7
265,2726.7
360,2726.8
350,2726.9
206,2727.1
291,2727.3
63,2727.3
70,2727.4
167,2727.4
64,2727.5
65,2727.5
34,2727.5
354,2727.7
308,2727.9
220,2728.2
117,2728.5
77,2729.4
168,2731.0
367,2731.2
62,2731.8
112,2733.4
35,2733.8
120,2734.5
161,2736.5
349,2737.6
113,2737.6
340,2739.0
218,2740.3
370,2742.0
156,2743.0
63,2743.6
206,2743.8
14,2744.2
145,2744.3
219,2744.5
146,2744.6
354,2744.7
301,2745.1
122,2749.2
108,2749.9
302,2750.3
144,2750.8
215,2752.1
13,2753.5
120,2753.7
208,2754.2
350,2754.3
263,2758.6
210,2758.7
251,2759.1
243,2759.6
2,2759.8
342,2759.9
207,2760.1
198,2760.1
225,2760.3
260,2760.9
98,2761.3
145,2761.3
248,2761.4
247,2761.6
336,2761.6
155,2762.3
7,2762.5
159,2762.8
53,2763.0
60,2763.1
100,2763.3
295,2763.6
32,2764.0
323,2764.3
367,2765.0
10,2765.1
115,2766.4
302,2766.4
66,2766.4
116,2766.8
286,2767.1
33,2767.1
133,2767.4
326,2768.0
122,2768.2
261,2768.9
256,2769.4
219,2777.4
229,2783.0
63,2784.0
268,2784.1
163,2784.7
120,2784.8
360,2784.9
56,2785.3
172,2789.9
2,2790.0
62,2790.2
35,2790.4
13,2790.5
219,2791.2
359,2791.8
364,2792.6
327,2792.6
135,2795.3
243,2799.0
158,2802.8
155,2803.7
66,2806.2
145,2807.3
120,2809.5
115,2810.0
2,2810.3
342,2810.9
74,2811.2
219,2811.3
35,2811.7
360,2812.2
218,2812.3
63,2812.4
76,2812.7
260,2812.7
334,2812.8
370,2813.3
77,2813.4
317,2813.4
87,2813.6
222,2813.6
254,2815.1
220,2815.3
280,2815.4
274,2816.1
155,2819.2
113,2820.7
28,2823.0
32,2823.2
268,2823.5
323,2825.2
218,2833.0
19,2834.6
18,2835.1
116,2835.4
155,2839.2
113,2842.0
32,2843.2
133,2843.9
273,2847.5
175,2848.1
198,2848.2
300,2848.8
109,2848.9
360,2848.9
229,2850.0
76,2850.1
120,2850.6
359,2852.5
351,2854.0
113,2866.3
370,2872.5
218,2874.4
122,2874.8
266,2875.1
278,2876.8
368,2878.0
32,2880.8
35,2886.3
286,2890.9
33,2890.9
229,2891.4
177,2896.7
218,2904.3
367,2905.2
126,2906.7
228,2907.3
220,2913.1
35,2913.6
24,2914.8
124,2915.3
308,2917.1
22,2917.4
254,2918.8
218,2918.9
74,2919.2
167,2920.1
32,2920.1
168,2920.6
160,2921.8
360,2922.4
120,2922.5
175,2922.6
210,2922.7
367,2924.7
126,2925.8
214,2926.0
163,2926.4
359,2927.2
351,2930.2
146,2936.0
300,2937.0
145,2941.2
6,2945.8
370,2946.2
264,2946.2
205,2946.6
349,2947.7
198,2948.0
336,2948.3
248,2948.6
100,2948.8
13,2948.9
197,2949.1
104,2949.1
2,2950.1
291,2952.9
218,2953.9
215,2954.4
360,2954.7
112,2955.0
124,2955.3
63,2956.5
167,2957.0
355,2957.4
304,2958.5
145,2959.8
117,2960.3
359,2960.6
305,2960.9
22,2960.9
370,2963.9
326,2968.6
361,2976.8
33,2978.4
135,2983.4
39,2986.7
326,2987.4
177,2991.6
