0
-0.0781009
-0.108035
-0.112769
-0.105282
-0.0982827
-0.101664
-0.117183
-0.117634
-0.116716
-0.108532
-0.0934913
-0.0484811
-0.193806
-0.118954
-0.0546181
-0.170215
-0.133978
-0.117653
-0.144141
-0.136994
-0.0839821
-0.153378
-0.189884
-0.083824
-0.118568
-0.0362108
-0.050173
-0.12844
-0.0493519
0.110953
0.217693
0.145382
0.243167
0.163958
0.0530327
0.0365917
0.0430502
-0.0338343
-0.0281806
-0.0247021
-0.026619
-0.0295329
-0.0446675
-0.0594224
-0.0534144
-0.032646
-0.0189541
-0.0400473
-0.0575994
-0.0540032
-0.0443357
-0.0295061
-0.0266272
-0.055565
-0.0740272
-0.0809832
-0.0214215
-0.00930158
0.0349332
-0.11361
-0.0359891
-0.0153286
-0.0528
-0.0314399
-0.00700091
-0.0313788
0.0139169
-0.0343005
-0.00876884
-0.021062
-0.0383533
-0.070071
-0.085066
-0.00620767
-0.0184576
-0.117251
0.00120168
0.0374938
0.0438107
0.0401612
0.0049502
-0.0160413
-0.00164203
-0.000456991
-0.0174224
0.0172978
-0.0164321
-0.0501035
-0.0430587
-0.100882
-0.0612046
0.0462577
0.00614446
-0.0266415
-0.0345257
-0.0665419
-0.0802508
-0.0760759
-0.0733004
-0.0921063
-0.047087
-0.00120347
-0.00621245
-0.00415315
-0.00714296
-0.014866
0.00675883
-0.0879155
-0.0105892
0.00950401
-0.00342426
-0.0224874
0.0144351
-0.00759996
0.0222705
0.00336893
-0.0101291
-0.00123229
0.0204981
0.0456855
0.0730242
0.033493
0.00682389
0.00246339
-0.012753
0.0179084
-0.00960591
-0.0173846
-0.0088756
0.0283149
0.0204953
0.00803528
0.0275139
0.0220247
0.00114535
0.00595732
0.021264
0.011125
0.00214817
-0.00492271
-0.0268904
-0.0350137
-0.0485787
-0.0471624
-0.0333004
-0.0196774
-0.0246071
-0.0269805
-0.0355605
-0.0481792
-0.0668207
-0.0725944
-0.0101058
-0.0736244
0.000611878
0.0339983
0.00598034
-0.00064036
-0.0293077
-0.0410174
0.0500221
0.0693892
0.116046
-0.0255955
0.0415771
0.0416218
-0.0286969
-0.0254106
-0.0422776
-0.0268546
-0.0607074
-0.0422906
-0.0106051
0.0114982
-0.0155673
-0.0163421
-0.00261873
-0.0120027
0.0171889
-0.00390408
0.0330621
0.0441886
0.0108267
0.0373286
0.00946879
0.0256447
0.0271211
-0.00380506
0.0214406
0.0433936
-0.0341765
-0.0122169
-0.0585446
-0.0772149
-0.0502531
0.0395311
-0.0540416
-0.0156571
-0.0176534
-0.00198964
-0.00173957
-0.000285739
-0.0110442
-0.0139904
-0.0052806
6.15471e-05
-0.0484837
-0.0886077
-0.0297846
-0.0235021
-0.00249044
-0.0174838
-0.0788744
-0.0336995
-0.0113409
-0.0203574
0.0173639
0.0631148
0.0744768
0.0651806
0.0638789
0.00859744
0.0104331
-0.00598846
-0.0813107
0.00221174
-0.000779944
-0.0172867
-0.00722453
0.00107014
-0.00739697
0.0185604
-0.0317282
-0.0270255
-0.0176426
0.00654667
-0.0454845
-0.0603768
0.0128042
0.0856655
0.0686395
0.0286463
0.0959596
0.104545
0.0900297
0.0476392
-0.00147265
-0.0125831
-0.0311756
-0.0394606
-0.0362274
-0.0307707
-0.0394523
-0.0477164
-0.0734384
-0.0678591
0.0129681
0.0432135
0.0310382
-0.0285604
0.0189456
0.0395925
0.0377728
0.025514
0.0081832
-0.0130198
-0.0311787
-0.0433795
0.0260806
0.0116394
-0.0290221
0.0156598
-0.00044156
-0.0251823
0.0147458
0.0287122
-0.0275486
-0.0644846
-0.0440981
-0.0421929
-0.0344234
-0.00979789
-0.0107114
-0.0255367
-0.0398575
-0.0183778
-0.0440047
-0.0607522
-0.0309399
-0.0512967
-0.0169741
-0.0131228
-0.0374542
-0.0464423
-0.0403215
-0.0318416
0.00351792
0.0178437
-0.0238041
-0.0274513
-0.0360463
-0.0115612
0.00031798
-0.00672847
-0.0197585
-0.0147898
-0.0675197
-0.106391
-0.0487524
-0.0456807
-0.0790837
-0.0568722
-0.0208416
-0.0201595
-0.0537237
-0.0886796
-0.0786143
0.00646534
0.00223556
-0.00891257
0.06579
0.0320889
0.0373075
0.0597379
0.0709263
0.0492425
0.0496916
0.0677547
0.0612524
0.0578665
0.042979
-0.0265516
-0.0563602
-0.00630896
0.00755573
0.0144246
0.0316282
0.0700005
0.0440928
0.0322206
0.00310206
0.00475217
-0.012442
0.0174017
0.000216768
-0.042885
-0.026225
-0.0155949
-0.0040152
0.0248637
-0.0211282
0.0165678
0.026794
0.11289
-0.0662333
0.00455229
0.0173358
0.011161
0.0140831
0.0173873
-0.0230439
-0.0934071
-0.00742401
0.0430467
0.0187662
0.00117154
-0.0345045
-0.0118452
0.032117
0.0329174
0.000868209
0.0543002
0.0691982
0.054382
0.0420179
0.0304215
0.0083384
0.00586072
-0.0303664
-0.0224695
-0.0368126
-0.0508202
-0.0643166
-0.0505777
-0.0503665
-0.0436849
-0.0823376
-0.0775004
-0.0868264
-0.0884947
-0.0657748
-0.0436617
-0.0266791
0.00667293
0.00130123
-0.0181013
0.003717
0.0108111
-0.00922876
0.00135286
0.015089
0.00275675
0.0011355
-0.0157959
-0.00828434
-0.0169345
-0.0772513
-0.0370455
-0.111229
-0.0927049
-0.0447572
0.0173859
0.0342013
0.0545006
0.062482
0.0609083
0.0668126
0.0539494
0.0324359
0.0129007
0.0294752
0.0303331
-0.119605
-0.125553
-0.0625755
-0.0371805
-0.0211637
-0.0173712
0.00837003
0.00370222
-0.01133
0.0292236
0.0625735
-0.0111814
0.0546534
0.0279356
0.0477748
0.0644337
0.00743698
0.0112312
0.00201292
0.0223492
0.00557244
-0.06062
-0.0172042
0.0320691
0.0281777
0.0284166
0.0348467
0.0258173
0.00692686
-0.0288492
-0.0088524
0.0112675
-0.027994
-0.0482413
-0.0171634
0.0125882
0.0264927
-0.0900326
-0.0249759
0.0471946
0.0649082
0.058404
0.0535711
0.0835898
0.0152152
-0.0462453
-0.00606323
-0.011183
-0.0366148
-0.0432009
-0.0377644
-0.0599707
-0.0814069
-0.0485822
-0.00537238
-0.00678386
-0.0426384
-0.0967826
-0.0771391
-0.0668297
-0.0443764
-0.029307
0.0524786
0.0849715
0.113383
-0.0237627
-0.0127267
-0.0457344
-0.0930231
-0.0541204
-0.012789
-0.00273451
-0.0068193
-0.0278424
-0.00664995
-0.009476
-0.0434148
-0.00671337
0.00993748
0.00761664
0.0234245
0.0432213
0.0262145
-0.0166643
0.0593707
0.0287267
0.037225
0.00145402
-0.0169361
-0.0435238
-0.0459236
-0.0288359
0.00607824
-0.0403399
-0.0471379
-0.00615515
0.0498629
0.0767829
-0.00476604
-0.0435413
0.0341811
0.0398499
0.0348187
0.0189326
-0.0470028
-0.0217924
-0.0156817
-0.00740319
0.0386393
-0.00703811
-0.0248299
0.0431108
0.041384
0.0148472
-0.00265622
-0.0338713
0.0397406
0.0916171
0.105126
0.119206
0.0565293
0.0463618
0.011256
0.018642
0.0146338
-0.00451232
-0.0250975
-0.00966774
-0.024741
0.0122559
-0.130724
-0.0223056
-0.00331828
0.0173034
-0.00671621
0.0253416
0.0828312
0.0957503
0.105147
-0.0349198
-0.00355097
-0.0291699
-0.0495381
-0.0397614
-0.0242741
-0.0296107
-0.0496257
-0.0535567
-0.0257329
-0.0250443
-0.044139
0.0075231
-0.0780464
-0.0136325
0.00422958
0.0582722
0.0209128
-0.0133546
0.0358716
0.0786948
0.0168778
0.0310616
0.0107985
0.0372861
0.0230295
0.0329021
-0.0622301
-0.0808845
0.00382804
0.0102129
0.0154895
0.00735771
0.00702715
-0.00667125
-0.13266
-0.0960521
-0.0629645
-0.0469608
0.0194607
0.0715901
0.0799863
0.062286
-0.00536042
0.0470202
0.0386202
0.01548
-0.00187382
-0.00333384
-0.0144682
-0.0600703
-0.045265
0.00187305
-0.0104398
-0.0205176
-0.0599085
-0.0694856
-0.0316244
0.0138087
-0.0289386
-0.0282915
0.0133059
0.0699919
-0.0602174
-0.0522643
-0.0318522
-0.0312391
0.00228958
-0.00656787
-0.0226092
-0.0227643
-0.0206676
-0.0166795
0.0596299
-0.016285
-0.0855149
-0.0806974
-0.0300961
-0.0080186
0.0105099
-0.00473541
-0.00989949
-0.0245368
-0.00889079
-0.00615017
-0.00523188
-0.00932408
-0.0162733
0.0210251
0.0406382
-0.020327
-0.00644949
-0.0274311
-0.0655588
-0.0359442
-0.0287036
-0.0693834
-0.0545753
-0.0581274
-0.0447492
-0.0406379
-0.0149234
-0.00618971
0.00429309
0.0179888
0.0101517
-0.0474739
-0.0108384
0.0143299
-0.00733506
-0.0245601
0.00556378
0.0170107
-0.0106852
-0.0200765
-0.0182872
-0.0123634
-0.0254717
-0.0354954
-0.00504856
0.0384021
-0.0628407
-0.0154679
-0.0153195
0.00203944
-0.00461879
0.000802365
0.0113928
-0.00212102
-0.0465709
-0.0359024
-0.0291672
-0.0246025
-0.0389354
-0.0526109
-0.0329419
-0.0292974
-0.0393155
-0.053563
0.014125
-0.0156139
-0.0100549
-0.0242236
-0.00879489
-0.00783399
-0.00728153
0.0352962
-0.00319451
-0.0344617
-0.0325315
-0.007203
-0.0238492
-0.0130431
-0.0415048
-0.0435666
-0.0383136
-0.113853
-0.0177091
0.0413904
-0.011107
-0.00335419
0.0400681
-0.00914794
-0.0452752
0.025544
0.0640206
0.0427226
0.0854148
0.146677
0.114893
0.0632718
0.0740835
0.0806706
0.0345083
-0.00999071
0.0381889
0.0266814
0.0357374
0.048889
-0.0202765
-0.00990855
-0.0031227
-0.000971056
-0.0051992
0.00238643
-0.103849
-0.00205943
0.0453418
0.0366646
0.0409278
0.0734107
0.0640468
-0.0237005
0.0417324
-0.0126171
-0.0187001
-0.00391947
0.0022441
-0.00609709
-0.0442793
-0.00567555
-0.0226435
-0.0500034
-0.00426474
0.00942639
0.0322409
0.0639966
0.018811
-0.0254476
-0.0345928
-0.0706677
-0.131361
-0.0013785
0.0214155
0.0201929
-0.0356915
-0.0662075
-0.001792
0.0836764
0.132907
0.0443373
0.0124262
0.0340243
0.0466853
0.0513317
0.00996142
-0.0170981
-0.035968
-0.000702667
-0.00902131
-0.0274062
-0.0705714
-0.0567265
-0.013614
0.0149011
0.0424081
0.037224
0.0332187
0.0479505
0.0476349
0.0473068
-0.00385213
0.00145383
0.0212793
0.0241327
0.00735024
-0.0112376
-0.0171175
-0.000815935
0.00555407
-0.0359155
-0.147032
-0.0196917
0.00989054
-0.0243657
-0.0166551
-0.0189059
-0.0474561
0.0205352
0.0397203
-0.080336
-0.0246112
-0.00615263
0.00385863
-0.0101437
0.0145564
-0.00198443
0.0489298
-0.0348504
-0.0259723
-0.0226514
-0.0520749
-0.0529117
-0.0266643
0.0370775
0.0773119
0.0325736
-0.0309335
0.00441719
0.100207
0.0401913
-0.00402482
0.0118672
0.0205412
0.0246436
-0.0095285
0.0290489
0.0252506
0.0139539
0.00459386
0.00408759
-0.00192733
-0.0074987
-0.0153781
-0.0248342
-0.0409044
0.00732117
0.0242272
0.0210215
0.00099348
0.000868641
0.00702098
0.0181777
0.0340418
-0.037799
0.0016251
0.0415736
0.038629
0.0417927
0.0442075
-0.0583255
-0.088167
0.0669848
0.050468
0.0385323
0.0214143
0.0211683
0.0508057
0.0630107
0.0827258
-0.000951137
-0.0599752
-0.0464731
0.0204872
0.000961417
0.00499607
-0.0354483
-0.0149672
0.0525389
0.0760935
0.04192
-0.0390949
0.0248797
0.0480414
0.0586103
0.0147011
0.00982856
-0.00847694
-0.0166764
-0.0147762
-0.000306938
-0.0252854
-0.0426289
-0.0152684
-0.00134283
-0.00646606
0.016949
0.0169871
-0.0327333
-0.0103409
-0.00304748
0.0288469
0.0307927
0.0310522
0.0626669
-0.00337681
-0.0505745
0.00806682
0.0686788
-0.0478257
-0.0341354
-0.0352431
-0.044891
-0.0421798
-0.0255151
-0.0124532
-0.0138971
0.0670971
0.0900329
0.0231695
0.0413375
0.00182805
0.0922406
0.106669
0.0877476
0.0792243
0.0610974
0.0591538
0.0626742
0.051129
0.0501311
0.0573559
-0.0284472
0.0166233
0.00674224
0.000335935
0.0235659
0.0340091
0.0219351
-0.0146855
-0.039855
-0.0198063
-0.000749375
-0.00701366
-0.0796536
-0.0777722
-0.0141705
-0.00363802
0.00055342
-0.0470683
-0.0758045
-0.0888928
-0.0496172
-0.0346875
-0.00434338
-0.0106892
-0.0228564
-0.02611
0.00884401
-0.0154724
0.0301839
0.0903302
0.0313547
-0.0732198
-0.0179835
0.0597859
0.0644309
0.0275347
0.0403497
0.0394648
0.0346555
0.0344456
0.0104671
0.0311647
0.0492211
-0.0153876
-0.0154071
-0.0488403
0.00903722
0.0383631
-0.0478435
0.0109778
0.00760043
-0.00286603
-0.0129595
-0.0089617
-0.00953062
0.0160539
0.0173341
-0.0234529
-0.0571974
-0.0523684
-0.0230962
-0.0238419
-0.017408
-0.0115415
-0.0161609
-0.0018713
0.00776614
0.0114413
0.00549439
-0.000845423
-0.0230452
-0.031066
-0.0101366
-0.0180831
-0.0425626
-0.0165724
-0.00580598
-0.0290051
-0.0185923
-0.039923
-0.0792656
-0.0716961
-0.0613164
-0.0593166
-0.0545128
-0.0465833
-0.0312351
-0.00651962
0.000973091
-0.00366106
-0.00052033
0.00568084
0.00518126
-0.0150592
-0.0114295
-0.0719995
-0.0757944
-0.0727252
-0.0338646
-0.0350039
-0.0414456
-0.0349247
-0.0337633
-0.0332597
-0.0382002
-0.0478837
-0.0512872
-0.0580138
-0.0450104
-0.0298494
-0.0548041
-0.0595527
-0.0148853
-0.0168787
-0.0376332
-0.0434673
-0.0415951
-0.0408413
-0.0405696
-0.0406714
-0.0283977
-0.0360543
-0.0382278
-0.043222
-0.0362696
-0.0305722
-0.0272094
-0.063883
-0.0537053
-0.055928
-0.0840195
-0.0698526
-0.0623952
-0.073776
-0.0654708
-0.0643436
-0.0389724
-0.0409382
-0.0720382
-0.0608651
-0.0532423
-0.0644213
-0.0700072
-0.0508263
-0.0394954
-0.0402034
-0.0379109
-0.0437819
-0.0475103
-0.0463249
-0.0385594
-0.074797
-0.0273632
0.00211463
-0.00666738
-0.00985513
-0.0208803
-0.0129599
-0.005672
-0.0213665
-0.0359291
-0.0450019
-0.0556294
-0.0634912
-0.0711748
-0.0672364
-0.0671146
-0.0659465
-0.0303545
-0.0749701
-0.0710239
-0.0574642
-0.0951555
-0.086968
-0.0679034
-0.0377242
-0.00433853
0.0103062
0.00327602
0.00229825
0.0216286
0.0109029
0.00146701
-0.0114896
-0.020628
-0.0167067
-0.0430263
-0.0518592
-0.0175385
-0.0334587
-0.0425978
-0.0283387
-0.0227515
-0.0509489
-0.0650004
-0.0649704
-0.0703632
-0.0893902
-0.079787
-0.0807888
-0.0833469
-0.0794588
-0.0616412
-0.0577115
-0.0458665
-0.0456766
-0.0517648
-0.0394444
-0.0372517
-0.0589407
-0.0317831
-0.0365315
-0.0862603
-0.0685627
-0.0347529
-0.0242546
-0.0303879
-0.0316862
-0.0264213
-0.0358414
-0.0391139
-0.0449652
-0.0468393
-0.0409101
-0.0393998
-0.0498923
-0.0458788
-0.0246229
-0.0150779
-0.0093605
-0.00308064
-0.00708333
-0.0139968
-0.0158162
-0.0107357
-0.0161226
-0.0376693
-0.0504491
-0.055315
-0.0629588
-0.0734665
-0.0766166
-0.0701143
-0.0603237
-0.0642541
-0.0644222
-0.0647038
-0.0578806
-0.0650044
-0.0699461
-0.0619582
-0.0544125
-0.060036
-0.0746146
-0.0580649
-0.0613154
-0.0883277
-0.0597286
-0.0679272
-0.0620426
-0.0606075
-0.076884
-0.0601189
-0.0509345
-0.0529283
-0.0734953
-0.0549517
-0.0220765
-0.0788096
-0.0586728
-0.0683623
-0.0644105
-0.0500545
-0.0540482
-0.0436469
-0.0341739
-0.0678721
-0.105171
-0.000582452
0.0307052
0.0264386
0.00305679
-0.0248826
0.00355351
-0.0173209
-0.0287073
-0.0424639
-0.0560407
-0.0556311
-0.0422446
-0.0538532
-0.0583839
-0.0287157
-0.0671834
-0.0706766
-0.0116678
-0.00893487
-0.0172881
-0.00952553
-0.094402
-0.0397357
-0.0284678
-0.0774865
-0.103058
-0.0854735
-0.0453473
-0.0374084
-0.0526115
-0.0584021
-0.0610166
-0.0519336
-0.0374673
-0.0202394
-0.0155406
-0.0194471
-0.0374047
-0.0385738
-0.0407035
-0.0409828
-0.0531422
-0.0540528
-0.0589114
-0.0577243
-0.0492387
-0.0614032
-0.0627101
-0.087582
-0.0690931
-0.0835481
-0.0572395
-0.0484976
-0.0592878
-0.0771818
-0.0844178
-0.0545381
-0.0455632
-0.0410819
-0.0438106
-0.0504694
-0.0491792
-0.0457712
-0.0370101
-0.0492119
-0.0506378
-0.0471536
-0.034618
-0.0479283
-0.0718016
-0.0672636
-0.0710478
-0.0612139
-0.0404084
-0.0429175
-0.0408784
-0.0382564
-0.0326852
-0.045052
-0.0677575
-0.101853
-0.0395685
-0.020918
-0.0280865
-0.0309264
-0.0346952
-0.0531244
-0.0518572
-0.0564313
-0.0459545
-0.0364871
-0.040398
-0.0339481
-0.0400843
-0.0459211
-0.0623613
-0.0654144
-0.0586644
-0.0561143
-0.0531423
-0.0424897
-0.0662721
-0.0631926
-0.0549065
-0.0459005
-0.0487147
-0.0310623
-0.0423222
-0.0707954
-0.0514198
-0.0433266
-0.0368391
-0.0454242
-0.0544831
-0.0586088
-0.06605
-0.0631829
-0.053556
-0.0488051
-0.0589658
-0.0744025
-0.0725137
-0.0873346
-0.0912446
-0.066294
-0.0526342
-0.0521741
-0.0576729
-0.0549919
-0.0527594
-0.0831187
-0.0645111
-0.0605436
-0.0560735
-0.0417265
-0.037868
-0.0508286
-0.0516875
-0.0470536
-0.0485192
-0.0518585
-0.054219
-0.0438367
-0.0594819
-0.0616427
-0.0524773
-0.0532349
-0.0554202
-0.0595301
-0.0690332
-0.0461175
-0.100993
-0.0560343
-0.00605312
-0.0202664
-0.0123816
-0.00555111
-0.00951558
-0.0209403
-0.0233182
-0.0241131
-0.0345468
-0.042217
-0.03309
-0.0491203
-0.0485067
-0.0462806
-0.071449
-0.0837158
-0.0524244
-0.0516111
-0.0458627
-0.0525157
-0.0553868
-0.0523789
-0.0579803
-0.0766087
-0.0595227
-0.066747
-0.0873502
-0.0957093
-0.119607
-0.0739963
-0.0550701
-0.10181
-0.0739704
-0.0874687
-0.060038
-0.0399334
-0.0384501
-0.0182222
-0.0879866
-0.0167783
0.0674788
-0.139826
-0.0698095
-0.0708769
-0.0609783
-0.0304789
-0.0480007
-0.0431532
-0.0959633
-0.0391069
0.00299862
-0.0117711
-0.0276589
-0.0206753
-0.025733
-0.0329011
-0.0434775
-0.0368481
-0.0408919
-0.0495034
-0.045518
-0.0476886
-0.0492688
-0.0635723
-0.0641234
-0.0693635
-0.0848032
-0.093803
-0.088951
-0.0892543
-0.086603
-0.0914871
-0.0846674
-0.0880498
-0.0983663
-0.0993402
-0.101703
-0.088471
-0.0733451
-0.0809538
-0.0850775
-0.0798535
-0.0612623
-0.113842
-0.0557233
-0.0575125
-0.0634913
-0.0531361
-0.0726041
-0.0914869
-0.148416
-0.0629439
-0.0202556
-0.0519921
-0.0515256
-0.0233741
-0.0471369
-0.0303814
-0.0258713
-0.0168739
-0.0109029
-0.0180078
-0.0413898
-0.0605262
-0.0675644
-0.0695668
-0.0513718
-0.0524833
-0.0454526
-0.0272078
-0.122751
-0.0662896
-0.0395292
-0.0419387
-0.0649793
-0.0448934
-0.0423058
-0.0764423
-0.0663999
-0.0225819
-0.017846
-0.0307559
-0.0593822
-0.0744176
-0.054561
-0.0675647
-0.0667719
-0.0673392
-0.0534991
-0.0608894
-0.048991
-0.0206241
-0.0120113
0.0182675
-0.0393554
-0.0358028
-0.0204912
-0.00310447
-0.0189442
-0.0307714
-0.0562278
-0.0468046
0.008204
0.0301839
-0.0992021
-0.0263798
-0.011473
-0.0102919
0.00981057
0.00700636
0.0146801
0.00460583
0.0163804
0.0548227
-0.0133904
0.0470649
0.0966974
0.0776481
0.063341
0.0765582
0.0606538
0.0471163
-0.00495778
0.0090718
-0.025761
-0.0481526
-0.0766712
-0.12286
-0.0293992
0.0160053
0.0269283
0.0342827
0.0294772
0.0600093
-0.0774046
-0.064246
-0.100515
-0.100858
-0.0566726
-0.0276777
-0.0257228
-0.0260885
-0.0422676
-0.028342
-0.0377596
-0.0199511
-0.00541281
-0.0189967
-0.0241261
-0.0385035
-0.0516665
-0.0391271
-0.0887135
-0.0246546
0.0181141
0.0235797
-0.0695694
-0.0869155
-0.0260019
0.00947369
0.010757
-0.00112267
0.0102566
0.0401374
-0.0191982
0.0538883
0.079798
0.0344782
-0.00498169
0.0425919
0.0301585
-0.039444
-0.024098
-0.0304351
-0.0540408
-0.0181755
-0.0132102
0.0198364
-0.0319985
-0.141734
-0.00642121
-0.056862
-0.0516977
-0.0284051
-0.0211115
-0.0257995
-0.070021
-0.0579633
-0.0555188
-0.00232106
0.0302212
0.0178303
0.01208
0.000694345
-0.0062371
-0.0147661
-0.114307
0.00893449
-0.0696251
-0.0398135
-0.163997
-0.025725
-0.066844
-0.03294
0.0304975
0.102538
0.0755411
-0.0313278
0.0581082
0.0724311
0.0469949
0.0532475
0.0489289
0.0686296
0.0296228
0.0463607
0.0157042
-0.0428394
-0.015387
-0.0247517
-0.0250284
-0.00751368
-0.00613329
0.0139739
0.0324603
0.0495429
0.0398035
-0.0224471
0.00312654
0.0186949
0.0205027
0.0187126
0.0349285
-0.0218104
0.00580042
-0.00160738
-0.0178841
-0.0302066
-0.0162386
-0.0205886
-0.0281692
-0.0403311
-0.000482336
0.0255908
-0.0278973
-0.0495705
0.0160478
0.0597183
-0.0106868
0.00750487
-0.00189285
-0.03057
-0.00816672
-0.00238256
-0.0257815
-0.0129693
0.0186164
-0.0765315
0.0125846
-0.0494894
0.0116089
0.09479
0.103936
0.0773117
0.0226242
0.0169889
0.0282239
-0.0595185
-0.0842317
-0.0483622
-0.0177613
0.00337059
0.00289439
-0.0504218
-0.0104594
0.0153992
0.00299324
0.0298009
0.0426623
0.0153674
-0.119485
-0.0679504
0.0353052
0.0551207
0.00367641
-0.038851
0.0096305
0.0364774
-0.0370149
-0.0537442
-0.0798856
-0.0954028
-0.0432445
-0.0241509
-0.01294
-0.0223462
-0.0578653
-0.0243471
0.00347989
0.0571233
0.00861143
0.0395211
0.0915848
0.0638854
0.0596524
0.00403258
-0.00778438
0.0134523
0.0171692
0.00396042
-0.0607424
-0.064069
-0.0471201
-0.0625118
0.00519571
0.0109637
0.0350992
0.0478069
0.0272722
0.0132382
-0.0640125
0.0392751
0.102378
0.0900206
0.0786696
-0.00194698
0.0365605
-0.0895509
-0.0655734
-0.0408018
-0.023699
0.00280471
0.0303985
0.0351412
0.0537009
0.0039031
-0.0273409
-0.0239425
-0.0418959
-0.0421459
-0.0140185
-0.0247104
-0.0330855
-0.0280275
-0.0244862
-0.0257326
-0.022932
-0.0401839
-0.0318528
-0.0554611
-0.0411499
0.051134
0.024696
-0.0734463
-0.066655
-0.0295698
0.0267705
0.0455825
0.110413
0.127172
0.0547012
0.0288812
0.0386239
0.00213622
0.00736455
-0.0030187
0.0131258
-0.0265856
-0.0350896
-0.0328158
-0.0379384
-0.044001
-0.0434158
-0.0364199
-0.142425
-0.0803638
-0.0514981
-0.013893
-0.0193984
-0.109322
-0.0136477
-0.00550895
0.016456
0.0568661
0.0149851
-0.0117562
-0.0182515
-0.042814
-0.017775
0.00605852
-0.0370206
0.00427212
0.0527414
0.017522
-0.00179022
-0.00686001
0.00117826
-0.038856
-0.076482
0.0083081
0.0118778
0.0462911
0.0502531
0.0431596
0.0276653
0.131066
-0.0883205
0.00418629
0.01038
-0.175137
-0.0705734
0.00254789
0.0184222
-0.0116549
0.0235195
0.0332582
0.0486649
-0.0084291
-0.0244502
0.077131
0.0853747
0.0548852
0.00301362
0.0700464
0.0811386
0.0762837
0.057105
0.0440808
0.0571714
0.0672473
0.0459507
-0.00330349
0.0366986
0.029883
0.0238775
0.0332702
0.0580971
-0.0339187
-0.0362133
-0.0313773
-0.0487527
-0.0475227
-0.000595777
-0.0119894
-0.00791368
-0.0143693
-0.0100084
-0.0135645
-0.0212811
-0.00163076
0.0115483
0.028246
0.0903333
-0.0214297
-0.0863036
-0.0299407
-0.0346008
0.0276376
-0.048155
0.0171787
0.0106317
0.0270156
0.0244723
0.0293922
0.0210261
0.0102772
0.0203443
0.0309681
0.0151901
0.0100871
-0.0654659
-0.0178117
0.0293995
-0.0998841
-0.0463287
-0.0391193
-0.0459482
-0.0597709
-0.049239
-0.0231516
-0.00643222
0.000111904
0.0156756
0.00908048
-0.0943756
-0.000277149
0.0370324
0.0265029
0.0196419
-8.98423e-07
-0.0489357
-0.0327094
-0.04965
-0.03372
-0.0214538
-0.0394864
-0.0447771
0.0349661
0.0327852
-0.0274424
0.0343559
0.0499168
-0.0589606
0.00254991
-0.0958119
-0.00300036
0.0724813
0.058733
0.0477926
0.0465064
0.055266
0.11644
0.0642358
0.00487625
0.035081
0.0475225
0.0104021
-0.0357741
-0.000905492
0.0379367
0.0594272
0.0274091
0.0415392
0.0417864
0.0631018
-0.0238381
0.00789863
0.00459777
-0.0245776
-0.0780096
-0.048104
-0.00967666
-0.00293617
-0.0187464
-0.0304088
-0.0397612
-0.0473488
-0.0440877
-0.0401818
0.0347202
-0.0876296
-0.0649153
-0.0303533
0.00283821
0.00193759
-0.00965708
-0.0217311
-0.034013
-0.0301791
-0.0254702
-0.0347392
-0.00470109
-0.0786564
-0.0621357
-0.0260679
0.0250057
0.0036168
0.00927279
0.0293857
-0.0273012
0.0292704
0.0732101
-0.0255878
-0.00182303
-0.015714
0.0101897
-0.00721995
-0.0211153
0.00443174
-0.000586671
-0.00735992
-0.00658843
0.00084594
-0.0299557
-0.0627145
-0.102092
-0.0710025
-0.0333034
0.038707
-0.0728524
-0.0276575
-0.0400156
0.0043348
-0.00783972
-0.0179535
0.0354657
0.0256122
0.0492471
0.0387184
0.0242623
0.0372159
0.0320106
0.0382215
0.0238634
-0.125578
0.0136629
0.0497852
0.0318245
0.000973142
-0.00595435
-0.0197713
-0.0283934
-0.0107744
0.0142589
0.0288111
-0.0843119
-0.0223664
-0.015173
0.023815
0.0298699
-0.00670791
-0.0380703
0.0225424
0.0306122
0.0378802
0.0231507
0.0177443
0.0217292
0.0044637
-0.0884688
0.037902
0.0332405
0.0390659
0.0451583
0.0424263
-0.0628031
0.0134069
0.0282108
0.0797806
0.00815046
-0.0111714
0.0172481
0.00273122
0.0235188
0.0517695
-0.0239115
-0.00709228
-0.00846477
-0.0534783
-0.0275815
-0.0264128
-0.0223765
0.019352
0.0217879
0.0308425
0.0411373
0.0123144
0.0267341
-0.106256
-0.00193541
0.0414231
0.0556353
0.0694013
0.0587938
-0.0291597
0.0123786
0.0227354
0.0265382
0.0395859
0.0248972
0.0252831
0.0199403
-0.0195621
-0.0791984
-0.0366292
-0.0245438
0.031787
0.0621415
-0.127575
-0.00374994
0.0470955
0.00587929
0.00986352
0.0599711
0.0729933
0.058069
0.0172149
0.0436814
0.0672017
-0.0178019
0.00238427
-0.0841772
-0.0972931
0.0119281
0.0371168
0.0166902
-0.00979135
0.00357191
0.00988144
-0.0240092
-0.00634324
-0.0496621
-0.0506649
0.0237104
0.0166406
-0.00907357
0.00812894
0.0317972
0.00572833
0.0109255
-0.0194789
-0.0327199
-0.009071
-0.000746306
0.0196146
-0.0132497
-0.0118953
-0.00342731
0.00135156
-0.000319041
-0.0265934
-0.0192992
-0.0114596
-0.00903216
-0.0569695
-0.0597381
-0.0430615
-0.020505
-0.0675963
-0.12044
-0.0831305
-0.0390031
-0.094502
-0.0114667
0.0287996
0.0271806
-0.00881315
0.0217174
0.0441309
0.0929283
-0.0449663
-0.0348415
-0.0259083
-0.0257545
-0.0430568
-0.02612
-0.00104947
0.0176711
-0.020737
-0.0424543
0.00906889
0.0238562
0.0405933
0.0386234
0.0157773
-0.00477608
-0.0126798
-0.0033158
0.00395007
-0.010523
-0.0424426
-0.0303841
-0.0320968
-0.0364658
-0.0331373
-0.0375656
-0.0419407
-0.0122621
-0.021401
-0.0927272
-0.0305989
0.0122398
0.0243918
-0.10452
-0.0316223
-0.00899277
-0.0370183
-0.000849369
-0.00581612
-0.0480728
-0.0798014
-0.0516229
0.0299852
0.0169056
-0.00992981
-0.0502059
-0.0414003
-0.0211907
-0.0139574
-0.0267165
-0.022072
-0.0345209
-0.0683099
-0.0711565
-0.058175
-0.0122327
0.0211549
0.00106613
0.00127939
0.0185343
0.0219171
0.029633
0.0532816
0.0104795
-0.0444053
-0.0215578
0.0468254
0.0515679
-0.0263037
-0.0316161
-0.0262478
-0.0376129
-0.0294922
-0.0201483
-0.0264233
-0.0295662
-0.0401075
-0.121329
0.044458
0.106089
0.130755
0.130635
0.102279
0.0401163
0.0488366
0.0184432
0.0340386
0.0520979
-0.000661213
-0.0176705
0.0187645
0.0297497
0.0340986
0.0165699
0.0125231
-0.0641074
0.0205054
0.0408788
-0.116917
-0.0129523
0.0478755
0.04052
0.0478281
0.0297448
-0.00427219
0.0287445
-0.0660699
-0.0336066
-0.0150971
0.0023687
0.0313876
0.00470754
-0.00643398
-0.00200884
-0.0126485
-0.0404872
-0.00610202
0.0455001
-0.00840088
-0.00845331
-0.0205607
0.0287554
0.0269376
0.015501
-0.0139322
0.00381531
-0.00925113
-0.0196891
0.0393184
0.0172925
-0.00844508
-0.014998
-0.0301938
-0.0331641
-0.0295013
-0.0143511
-0.0314396
-0.0319653
-0.0147783
-0.0421465
-0.0328328
-0.0337404
-0.0030269
0.0193454
-0.0104315
0.00286025
-0.114392
-0.0205094
0.0212524
0.0236507
0.0376876
0.0584957
-0.0223844
-0.0336549
-0.0129905
0.0205387
0.00870653
0.000635196
0.0221812
-0.00850397
-0.0381734
0.0274852
-0.0135439
-0.0290919
-0.00393692
-0.0295076
-0.0755196
0.0646513
0.0850364
0.059293
0.0463399
-0.0158239
0.00385997
0.0629732
0.104525
-0.0795763
0.0400613
0.116088
0.124409
0.0843613
0.0619857
0.0481496
0.084229
0.067013
-0.0237532
-0.0110514
0.023423
0.0368535
0.0680239
0.049403
0.0365136
0.0273988
0.0022691
-0.015927
-0.0248295
0.00705164
0.00398038
-0.0132956
0.0318165
0.0486393
0.041874
0.0238958
-0.0258828
-0.0614124
0.000759374
0.0447917
0.0384592
0.00358051
0.0093926
0.0267366
0.0527782
0.0297924
-0.0722814
0.0417401
0.0577186
0.0462193
0.0407233
0.0299561
0.00839333
0.0168624
-0.00425371
-0.0293052
-0.0878968
-0.0188457
-0.00811459
-0.0408236
0.0447296
-0.0841048
-0.0746101
-0.0224441
-0.0221244
-0.0118866
0.0275636
-0.00780439
0.0522223
0.0801734
0.0313008
0.0484142
0.0545521
0.00443161
-0.0023532
0.00162472
-0.023592
-0.0424825
-0.0301945
-0.00114204
0.00393263
-0.0589257
-0.0340093
-0.00193655
0.0353562
0.0327313
0.00907532
0.0443067
0.0639667
-0.0548026
-0.0321688
0.0506139
0.0310956
0.0149929
0.0175418
0.0150447
-0.01392
-0.0420018
-0.0245225
-0.022922
-0.000961085
-0.0602808
-0.0489121
-0.0265851
-0.0379042
-0.0559597
-0.124693
-0.0660894
0.081267
0.116424
0.111559
-0.0155412
0.0523153
0.097729
0.093515
0.0412473
0.0481045
0.0428646
0.0305781
-0.0240673
-0.0295132
0.0135852
0.0244621
0.0130118
0.0175319
0.00667078
-0.0308449
0.0333367
-0.0405727
0.00756562
0.0543921
0.116409
0.0265303
0.0622877
0.0450339
0.0488408
0.0333715
0.0161674
-0.0207332
0.00528246
-0.0416481
-0.0917269
-0.00846579
-0.00781906
0.0224875
0.0294193
0.0361679
0.0243394
0.0141525
-0.00836801
-0.0208209
-0.0333224
-0.0676639
0.0347257
0.0588925
0.0393759
0.0311045
0.00878842
0.0546446
0.0653467
0.028044
0.00883266
0.0242083
0.0350487
0.00184951
-0.000670714
-0.0151462
-0.0290895
0.00793473
0.00818549
-0.0257194
-0.0140152
-0.0636953
-0.0474027
-0.0164734
0.000128931
0.0275249
0.0267797
0.0209768
-0.0051932
-0.0167995
-0.0212812
-0.046607
-0.0645189
-0.0790994
-0.0456069
-0.0146193
-0.0446553
-0.0603263
-0.071585
-0.00591343
0.065039
0.00927575
-0.0179499
-0.0940923
-0.0695841
0.0226897
0.0375183
0.00995354
0.0262685
0.010319
-0.0107222
-0.013841
-0.0129207
-0.00844459
0.0122758
0.00723266
-0.0719394
-0.0178456
0.0180703
0.00789225
-0.009403
-0.0338938
-0.0532535
-0.0605705
-0.0542017
-0.0870336
-0.0934094
-0.0465595
-0.0492475
-0.066802
-0.0743953
-0.0676664
-0.0575686
-0.0560908
-0.063063
-0.0392181
-0.0672154
-0.102115
-0.0210004
-0.0123218
-0.00952586
-0.0199652
-0.044236
-0.0257524
-0.000995736
0.0112498
-0.00342675
-0.0215266
-0.0128496
-0.017663
-0.034697
-0.0671175
-0.0693886
-0.0439858
-0.038568
-0.0479571
-0.0537942
-0.0788765
-0.0825785
-0.0983212
-0.0778027
-0.056351
-0.0542067
-0.0930397
-0.126294
-0.0528514
-0.0511959
-0.0622184
-0.0316872
0.00126118
-0.00704341
0.0158804
0.0117038
-0.00668349
-0.020976
-0.00259208
-0.00668747
-0.0190909
-0.00382748
0.00941598
-0.0245309
-0.0124603
-0.00757987
-0.0252062
-0.0612843
-0.0504536
-0.0492668
-0.0516214
-0.0618723
-0.0597652
-0.0641463
-0.0716753
-0.0536233
-0.0752275
-0.055891
-0.057554
-0.0634565
-0.0667338
-0.0659855
-0.0600936
-0.0658854
-0.0590585
-0.0565608
-0.0562276
-0.0586905
-0.0711275
-0.0574145
-0.0576746
-0.0498441
-0.0355761
-0.0778168
-0.067359
-0.0230006
-0.0108167
-0.016151
-0.0215932
-0.0262861
-0.0385291
-0.047627
-0.0506517
-0.054626
-0.0488703
-0.0499185
-0.0599755
-0.0563999
-0.044061
-0.0450123
-0.0786264
-0.139319
-0.0626092
-0.0253115
-0.0498052
-0.0518595
-0.0577953
-0.0723199
-0.0634504
-0.0698343
-0.0838947
-0.0585988
-0.0532711
-0.0413496
-0.0379076
-0.0375182
-0.0438445
-0.0303003
-0.0122625
-0.0301188
-0.0424854
-0.0435414
-0.0480886
-0.0457785
-0.057522
-0.0677671
-0.0476363
-0.0375443
-0.027447
-0.0431963
-0.0435772
-0.0249274
-0.0239378
-0.0244004
-0.0411733
-0.0362641
-0.0323998
-0.0403339
-0.0440818
-0.0428223
-0.0314608
-0.0316311
-0.0347568
-0.0442913
-0.0372433
-0.0426395
-0.0494843
-0.056392
-0.0535448
-0.0858291
-0.0669759
-0.0472708
-0.0640088
-0.0606839
-0.0591176
-0.0477473
-0.0484858
-0.0569492
-0.0469899
-0.056982
-0.0715055
-0.0546789
-0.0698913
-0.0565072
-0.0481278
-0.0502429
-0.0467165
-0.049446
-0.0449633
-0.0470737
-0.0312018
-0.0465146
-0.0717337
-0.0703757
-0.0384402
-0.0378286
-0.0489155
-0.0593539
-0.0633555
-0.0892712
-0.0784742
-0.0603836
-0.102177
-0.0583782
-0.0689911
-0.0972535
-0.0645187
-0.0537097
-0.0417825
-0.0650132
-0.00641824
0.0117056
0.0124802
0.0172509
-0.0182685
0.020635
-0.00132852
-0.0197075
-0.032078
-0.0439186
-0.0647788
-0.0560259
-0.0497401
-0.065706
-0.0763668
-0.0650518
-0.047299
-0.0359366
-0.0399216
-0.0487386
-0.0407392
-0.0488076
-0.0648993
-0.0712627
-0.0715478
-0.0694899
-0.0736073
-0.0640093
-0.0612187
-0.0641122
-0.0358996
-0.118134
-0.0640859
-0.0606318
-0.0627452
-0.0689099
-0.0564272
-0.0970439
-0.113715
-0.0574245
-0.0395502
-0.0453315
-0.0551428
-0.0623233
-0.0626596
-0.0641538
-0.0666283
-0.0526588
-0.111441
-0.0840482
-0.0728997
-0.0581819
-0.0611017
-0.0579711
-0.0567947
-0.0435432
-0.0524944
-0.0510063
-0.0389046
-0.0437116
-0.0291426
-0.0393733
-0.0540008
-0.0553273
-0.0650807
-0.0553376
-0.0466854
-0.0480405
-0.0499076
-0.0619349
-0.0646055
-0.0715354
-0.0619438
-0.108494
-0.0204789
-0.0131861
-0.0255136
-0.0344875
-0.0655734
-0.064085
-0.0594995
-0.0563904
-0.0593129
-0.0526988
-0.0708122
-0.0702711
-0.0656649
-0.070726
-0.0600473
-0.0399092
-0.0347796
-0.0701285
-0.0701833
-0.0784967
-0.0819662
-0.0902535
-0.0782365
-0.0824572
-0.0907555
-0.0973803
-0.0993528
-0.0965742
-0.082976
-0.0891036
-0.0809981
-0.0769889
-0.0706444
-0.0774288
-0.0674117
-0.0506146
-0.0492406
-0.053723
-0.0497438
-0.0752672
-0.0870567
-0.0957105
-0.0504518
-0.0256072
-0.0679492
-0.0400026
-0.0541191
-0.0565908
-0.0800145
-0.0675539
-0.0700863
-0.0841992
-0.0741777
-0.0792799
-0.0759407
-0.0574398
-0.0632903
-0.100325
-0.0648874
-0.0517388
-0.0432913
-0.0412112
-0.0198421
-0.0218002
-0.0183575
0.0143262
1.9975e-05
-0.0330206
-0.00010535
-0.00743581
-0.0844273
-0.0223503
0.0133324
0.0127422
-0.00133627
-0.0119607
-0.0394722
-0.0553155
-0.0533676
-0.0652844
-0.0773768
-0.0890211
-0.0888146
-0.0751998
-0.0911072
-0.120556
-0.0933261
-0.0715199
-0.0759488
-0.0487852
-0.0350361
-0.0373148
-0.0395787
-0.0222734
-0.0963499
-0.077911
-0.0205131
-0.0149772
-0.0144616
0.0152498
0.0189645
-0.013406
-0.0245147
0.0144223
0.00391916
-0.00639397
-0.00476761
-0.0596379
-0.0428195
-0.0509109
-0.0517283
-0.0467748
-0.0655395
-0.0744258
-0.113134
-0.111576
-0.0596365
-0.043081
-0.0342256
-0.0265782
-0.0270596
-0.0201695
-0.0255706
-0.0365186
-0.0387997
-0.0531816
-0.0418162
-0.0380622
-0.0281646
-0.0786574
-0.065795
-0.0600887
-0.0499752
-0.0844767
-0.0591278
-0.0675692
-0.0827489
-0.110238
-0.0911576
-0.0812473
-0.0861432
-0.0725706
-0.0621843
-0.0733507
-0.079801
-0.0674883
-0.0659079
-0.0719416
-0.0477607
-0.0574442
-0.0367405
-0.0350623
-0.0413232
-0.0579113
-0.0404417
-0.0217489
-0.01808
-0.0227498
-0.0401872
-0.0411222
-0.0504288
-0.0554822
-0.0572704
-0.0664015
-0.0770044
-0.0680985
-0.0694103
-0.0678865
-0.0749629
-0.0752682
-0.0734724
-0.0702397
-0.0739305
-0.069543
-0.0795446
-0.0760766
-0.0742797
-0.0786586
-0.0811202
-0.0668333
-0.0697424
-0.0661005
-0.0583598
-0.0392949
-0.0390554
-0.0505681
-0.0606932
-0.0508669
-0.0534256
-0.0250971
-0.0151827
-0.0193861
-0.0260476
-0.0447993
-0.0615847
-0.0623867
-0.0558612
-0.0574407
-0.0585614
-0.0530772
-0.0449645
-0.0480442
-0.0566107
-0.0655866
-0.0753328
-0.0693348
-0.0749327
-0.0862079
-0.0670843
-0.0790146
-0.0588224
-0.0369123
-0.0348469
-0.0624978
-0.0534415
-0.12126
-0.0403638
-0.0493272
-0.0403729
-0.0338582
-0.00420795
-0.0485989
-0.181902
-0.0812077
0.016891
0.0173506
0.0805417
0.0596748
0.0121335
0.0261137
0.00733548
-0.00559759
-0.019483
-0.0290741
-0.0109912
-0.0441748
-0.0301988
-0.0352025
0.00741158
0.0324936
-0.104504
-0.0305474
-0.0625921
-0.0699851
-0.0425371
-0.0506132
-0.0441936
0.00330574
0.00785971
-0.0270549
-0.0502637
-0.00281375
-0.0162543
0.0178611
0.0333122
0.0231659
0.0113345
-0.00029054
-0.0621612
-0.0572704
-0.0102047
0.0322176
0.00633134
0.0171152
0.0132489
-0.00594987
-0.0174364
-0.0108524
0.0167144
0.0407616
0.0462415
0.020775
-0.0526698
-0.0609857
-0.00783768
-0.00598128
-0.0333944
-0.0852632
0.0154605
0.00525406
-0.0234187
-0.0328104
0.0325676
0.0343938
0.0419168
0.0325424
0.0140558
0.000346521
-0.0274943
-0.0260784
-0.0542637
-0.0621686
-0.0608311
-0.0556073
-0.0335542
-0.147211
-0.00844466
0.0264445
-0.0191217
0.0301874
-0.00249572
-0.0351998
-0.035101
-0.0380047
-0.00903018
-0.0748539
-0.0139765
-0.0205988
-0.0123829
-0.0388677
0.0430246
0.00745445
-0.0942095
-0.065117
-0.0547901
-0.10913
-0.0172053
0.0439296
-0.0437391
-0.0140954
0.00176569
0.0117866
0.0120828
0.0138636
0.0390777
-0.0255892
-0.0297226
0.0321701
0.0292113
0.00567922
-0.0579612
-0.0165067
0.0666744
0.0764684
0.018562
0.00419688
-0.0356966
-0.0725572
-0.0144954
0.00522622
-0.00470863
0.0440777
-0.0167678
-0.0107798
-0.0481982
-0.0147019
-0.00196606
0.0195026
-0.029184
-0.00277463
-0.026701
0.00653733
0.0961814
0.0315385
-0.0385751
-0.0252198
-0.00300702
0.0181214
-0.0109257
0.0239629
-0.0218109
-0.00530612
0.0706651
0.0857527
0.0470909
-0.0870847
-0.0752633
-0.0160958
0.00493882
-0.0105263
-0.0284268
-0.0887275
-0.0701379
-0.0388596
-0.0376478
-0.0256838
-0.0408571
-0.0608732
-0.0021236
0.010762
0.00482918
-0.00549866
0.0111853
-0.00397559
0.00573941
-0.0313219
-0.00764426
0.0175117
0.0132088
-0.00738886
-0.0472435
0.0235398
0.0226042
-0.0131459
-0.0421921
0.00411605
0.019493
0.012888
0.0167978
0.0262517
0.0442415
-0.0206468
-0.0762264
0.0169903
0.0442869
0.0187847
0.0119303
-0.00376878
0.00559221
0.0374983
-0.0127952
-0.00356322
-0.0502201
-0.111281
-0.0801743
-0.028596
-0.0277638
0.0145738
0.0928211
0.10454
0.0992257
0.10548
0.0828517
0.0108282
-0.0137264
0.0134799
-0.0446723
-0.0119318
-0.0273734
-0.0375826
-0.054714
-0.0509401
-0.0302974
-0.00212596
0.00800987
0.00574819
0.0166264
-0.00757903
-0.000568663
-0.065669
0.0809283
0.0430098
0.100411
0.0101161
0.022991
0.00363794
-0.00418437
0.01106
0.0267259
0.0688263
0.012961
0.0203892
-0.0285854
0.0041004
0.0382675
-0.0512858
-0.020487
-0.0181713
-0.021565
-0.0318098
-0.0437032
-0.00618887
0.0109957
-0.0175232
-0.0628947
0.00427405
0.0175571
0.0330301
0.0289322
-0.0195508
-0.0365482
-0.0189307
-0.095873
-0.0202394
0.00390329
-0.0225283
-0.0328159
-0.00200206
-0.0495094
-0.0387156
0.00208265
0.0212897
0.00727997
-0.0353219
-0.0279048
-0.00186705
-0.0259764
-0.0665843
0.00599336
0.047147
-0.0122972
-0.0485021
0.0166887
0.0805811
0.0616904
0.075144
0.00110205
-0.0230289
0.0375424
0.0199907
-0.0179564
-0.0446785
0.0346937
0.0429738
-0.0183583
-0.027879
-0.0784387
-0.0247201
0.0103602
-0.0208819
-0.021179
0.00101089
0.0142177
0.00678549
0.0308473
-0.0191134
0.0118053
0.00649693
-0.00817074
-0.0757336
0.0295148
0.0170352
0.00678959
-0.00965747
-0.0772092
-0.0436893
-0.00539125
-0.00921615
-0.0137864
-0.0553854
-0.0244248
0.00603667
-0.00879716
0.0216235
-0.00385493
0.0074555
0.035443
-0.00402284
0.0246222
0.0309052
0.0332802
0.0180232
0.0380902
0.0212296
0.0133271
0.0459148
-0.0533747
-0.0378295
-0.0240959
-0.00811002
-0.00734237
0.0138055
0.04249
0.0450813
0.063866
-0.0507177
-0.0252416
-0.0313451
-0.0128045
-0.00786321
-0.0216439
-0.0278852
-0.0246504
-0.00143129
0.0298776
0.0341508
0.0182332
0.0283733
0.0303177
-0.00174574
0.00988384
0.00954722
-0.0097324
-0.0186258
-0.0142855
-0.0167622
-0.0284232
-0.0414907
-0.0603992
-0.080903
-0.0454283
0.00629112
0.0290619
0.0206675
0.00880669
0.00818736
0.0224847
0.0051591
-0.0453923
-0.00576542
0.0147901
0.0202722
-0.109564
-0.0265753
-0.0362235
-0.0645175
-0.0544887
-0.0956492
-0.0220335
-0.0159241
-0.0163553
-0.0141783
0.0369001
0.0593353
0.0620459
0.0328491
0.00123959
0.00507139
0.0290609
0.0490482
0.00793266
-0.0278358
-0.0218658
-0.027479
-0.0207735
-0.0343454
-0.059775
-0.0802839
-0.0384599
-0.0515016
-0.0667522
0.00940692
0.0223663
-0.0478984
0.0114337
0.0151829
0.0191064
0.0234439
-0.0200679
-0.0135947
0.0349228
0.0412652
0.00774468
-0.00139993
0.0145654
0.0188112
-0.0141895
-0.0410405
-0.048071
-0.0871135
-0.0395193
-0.0712083
-0.016203
0.0425143
0.049844
0.0563925
0.0698453
0.0858674
0.0965302
0.0353279
0.0387824
0.0250591
0.0125282
0.0163428
-0.0263206
-0.0242718
-0.0042637
-0.0347611
-0.078301
-0.046302
0.00441977
0.0169756
0.0293331
0.0229925
0.0092167
-0.0118603
-0.0132653
-0.0247745
-0.00163099
-0.000555583
0.0101199
-0.0027756
-0.0111804
-0.0554211
-0.0754366
-0.0904423
-0.0268279
-0.0149495
0.0172714
0.0147459
-0.0388178
0.0302886
0.0333073
-0.00451195
-0.0022181
-0.0667188
-0.0323513
-0.0695774
-0.0699924
-0.037026
-0.0234463
0.00616508
0.0149948
-0.0511844
-0.070065
-0.0619508
0.0250437
0.0772485
0.0743586
-0.00503252
0.0134138
-0.0356572
0.0283242
0.0451903
0.0445483
0.0137651
0.00594694
0.0119288
0.0073605
-0.0416725
-0.0381707
-0.0447362
-0.03583
-0.00466725
-0.01968
-0.0575423
-0.00515145
-0.0976447
-0.044257
0.00462362
-0.0251419
0.11633
0.0980183
0.0118379
-0.0583305
-0.0141651
-0.00549685
0.00258135
-0.022948
-0.0244659
0.0208995
0.0691021
0.0853667
0.00494935
-0.109211
-0.106961
0.0154985
0.0762515
0.0537175
0.053223
0.0877566
0.0271518
-0.0591733
0.0628838
0.00977819
0.0159527
0.0233224
0.0808464
0.0801109
0.0287882
0.0578439
0.0764289
0.0403627
-0.0183012
-0.0224483
-0.000117461
0.00363682
0.026127
0.0107629
0.0228891
0.020044
0.0629114
-0.0540105
0.00691572
0.00618142
-0.0147006
0.0147566
0.0188983
0.0102306
0.00659004
-0.00928171
-0.0138536
0.0171907
0.078078
-0.0633086
-0.03095
-0.0266803
0.0222013
-0.0615318
-0.00434195
-0.0201339
-0.0311472
-0.0405745
0.00745589
-0.00767302
-0.0349699
-0.0411725
-0.02745
-0.0183287
-0.0631554
-0.00117181
0.0137913
0.0108397
-0.00437893
0.0350935
0.00289382
4.70249e-05
-0.0362321
-0.0299737
0.0753412
0.0763515
0.0269639
0.00209162
0.033624
0.0089363
-0.00283107
-0.0679136
-0.0710308
-0.0500574
-0.0464541
-0.0150076
-0.020093
-0.0297438
-0.0547996
-0.0398152
-0.0341086
-0.0557916
-0.00802782
0.0310332
0.02747
0.035523
-0.0148989
-0.0745816
-0.0166101
0.0307847
-0.0196561
-0.0171765
-0.0143478
-0.0078035
-0.0119971
0.0210478
0.03354
0.00172123
0.00647646
0.0503236
0.038383
0.0347235
0.0282279
0.0474784
-0.0523754
-0.0406461
-0.0498182
-0.0401519
-0.0112474
-0.0629922
-0.0337409
-0.006483
0.0197802
0.0319856
0.0151015
-0.00984876
0.0174522
0.0167429
0.00110496
-0.020482
-0.0356364
-0.0298833
-0.009621
-0.00368103
-0.0353709
-0.0274611
-0.014108
-0.0281063
-0.0385045
-0.0223669
-0.0234496
-0.0182881
0.00646072
0.00399097
-0.00989964
-0.0401168
-0.0883707
-0.0601126
-0.0303384
-0.0188887
-0.050414
-0.0166436
0.00871928
0.000516874
0.0111826
0.0192345
-0.0622727
-0.0195471
-0.012686
-0.00422161
-0.0111496
0.00168854
0.00189288
-0.0717858
-0.0375539
-0.0378246
-0.0477006
-0.073605
-0.042373
-0.0252095
-0.0185713
-0.0228068
-0.00988238
-0.0222783
-0.0383038
-0.0434833
-0.0133257
0.00772414
0.0123483
0.00496645
0.0317998
0.028329
0.0255285
0.0356498
-0.0218326
-0.0162581
-0.047471
-0.0265525
-0.0310331
-0.0359766
-0.0491398
-0.0256081
-0.0239925
0.0294099
-0.0194721
-0.0371736
-0.0432036
-0.0720828
0.114087
0.160581
0.0992074
0.088542
0.105373
0.130367
0.0901958
0.0700479
0.0600872
0.0242545
0.0172731
-0.0047926
0.0407342
0.0398316
0.0324132
0.0298598
0.0282649
0.0144397
0.0492851
-0.0192739
0.00808843
0.0628271
-0.0423384
0.00448371
0.00740677
0.01909
0.00523123
0.00511496
0.00343585
-0.032205
0.0134967
0.0401591
0.0749905
-0.0232011
0.0448253
0.0676603
0.0599946
0.000423673
0.0207065
0.0369104
0.0301857
0.0237237
-0.0245241
-0.0390996
-0.0544103
-0.0430472
-0.0322025
-0.00187917
0.00666911
0.012101
0.00299088
0.0445285
0.0491268
-0.0160168
0.0155965
0.00602972
0.0254794
0.0199217
0.00773624
-0.0425973
-0.0629166
0.030341
0.041222
0.00442159
-0.0305618
-0.00355645
0.0304377
0.0472311
0.0407323
0.0154633
0.00623446
0.00661473
0.0348354
0.0675903
0.0592745
0.00185289
-0.0201749
0.0438019
0.0316142
0.00253907
-0.0749852
-0.00667556
0.0198054
-0.0243818
-0.00282734
0.0351869
-0.00593262
-0.0656901
0.0514058
0.064978
0.0561516
0.0342583
-0.0373126
-0.0049381
0.018333
-0.0630563
0.0143173
-0.0459268
-0.0384238
0.000299637
0.0198786
0.0199489
0.00809518
0.0154767
0.0264719
0.0313493
0.0245478
-0.000238373
0.00648576
-0.0248408
-0.00797497
0.0176582
-0.0114915
-0.00181931
-0.0206711
-0.080236
-0.0322803
0.0372481
0.0563712
-0.0224188
-0.0023793
0.0166346
0.0395297
0.0543823
0.055481
0.0569107
0.0658862
0.00453753
-0.0473318
0.0343204
0.0381409
0.01464
0.0245304
0.0645828
-0.019079
0.0249062
-0.0111627
-0.00518914
-0.0291895
0.0399889
0.0570156
-0.0277756
-0.0169793
-0.0345734
-0.0627663
-0.020842
0.031824
0.00133507
0.00993952
-0.0125752
-0.001928
0.00173926
0.0451685
-0.00772206
0.0218773
-0.0194421
0.0368771
0.0210488
-0.00428949
-0.0215327
0.00717408
0.0702828
0.0444178
-0.0942608
-0.0320179
0.0453488
0.0231057
0.0193347
0.0286895
-0.0443595
-0.0218321
-0.0167504
-0.0485206
-0.0196796
-0.000659564
0.00204659
-0.00503834
0.010168
-0.0220747
-0.0304024
-0.0183254
0.0167979
0.0220757
0.0108826
0.0590966
0.0467289
-0.0772795
-0.0124544
-0.0266729
0.0308808
0.0241889
-0.072468
-0.0226767
0.0637413
0.0866812
0.0962825
0.0883805
0.0785297
0.0191723
0.075896
0.0410741
0.053324
0.0439018
0.0256542
-0.00203136
-0.0044424
-0.00790378
0.0210054
-0.00754037
0.0463505
0.0200348
-0.00365242
-0.0208552
0.00262357
-0.0111071
-0.0140683
0.0771173
0.0772083
0.0320031
0.0585713
0.0335152
-0.00530964
0.0538519
0.0585538
0.0682381
0.0399299
-0.0206175
0.0373954
0.0421788
0.0651667
0.0146617
0.0271357
-0.00556111
0.017842
-0.0662928
0.0321776
0.0524233
0.0523753
0.0241225
-0.0161655
0.0179457
0.0388755
0.063087
0.0332892
0.0180671
-0.00785669
0.0023011
-0.0102282
-0.0230559
-0.0178998
-0.0109208
-0.0209741
-0.0918207
-0.123478
-0.0553716
-0.00472121
0.0191659
-0.0263112
0.0144486
0.0607454
0.0486076
0.0384336
0.0692191
0.0203422
0.00253646
-0.0183527
0.0468273
0.0990805
0.109203
0.0863194
0.0566766
0.0706559
0.018501
-0.00168702
-0.0185294
-0.03298
-0.0230504
-0.0355964
-0.0353142
0.00625126
0.0293581
0.0103049
-0.0825447
-0.0555858
-0.0820862
-0.0630352
-0.0238978
0.0340864
0.0128111
0.0383624
0.0012507
0.0214989
0.0301937
0.0558274
0.0320579
0.00329917
-0.00561683
-0.0179937
-0.0256682
-0.023111
-0.0328966
-0.0433592
-0.0491532
-0.067111
-0.0770657
-0.0877184
-0.0541956
-0.0542243
-0.060378
-0.0658885
-0.0630104
-0.0544625
-0.0136865
-0.104693
-0.0681947
-0.0816094
-0.0911301
-0.102896
-0.0703178
-0.0452675
-0.0440645
-0.0225483
0.00539956
-0.0275603
0.00579554
-0.0114692
0.00291171
-0.0180781
-0.0220925
-0.0281506
-0.0217431
-0.0274241
-0.036438
-0.0526246
-0.0621513
-0.066175
-0.0761109
-0.0702648
-0.0686235
-0.0577587
-0.066849
-0.0766853
-0.0804186
-0.0615937
-0.0705921
-0.0839382
-0.0678212
-0.0805601
-0.09997
-0.077638
-0.0293422
-0.0233526
-0.0153021
-0.0372746
-0.0505492
-0.0512959
-0.0295801
-0.0251961
-0.0241594
-0.0342575
-0.0354751
-0.0612853
-0.0591859
-0.0607347
-0.0608803
-0.0466254
-0.0685359
-0.0528266
-0.0517995
-0.0615459
-0.0595607
-0.0551839
-0.0557283
-0.0764884
-0.0584319
-0.0351406
-0.0310624
-0.0973326
-0.0392078
-0.0318491
-0.0488868
-0.0646032
-0.0676913
-0.0701551
-0.0691397
-0.0770408
-0.0731379
-0.0584634
-0.0198513
-0.0150187
0.0106135
-0.00199764
-0.0177103
-0.0169657
-0.0206338
-0.0383245
-0.0489685
-0.0610994
-0.0805821
-0.0705533
-0.0648058
-0.068108
-0.0651267
-0.0879111
-0.0856168
-0.0449276
-0.0545073
-0.0529765
-0.058318
-0.048568
-0.0454274
-0.0578946
-0.0633723
-0.0544391
-0.0539271
-0.0588532
-0.0629678
-0.0590668
-0.0670974
-0.0462295
-0.0687674
-0.0519936
-0.0617253
-0.0464738
-0.126718
-0.047024
-0.0213087
-0.00458116
-0.0171307
-0.0256956
-0.0331584
-0.0389363
-0.0550868
-0.0614206
-0.0623179
-0.0774645
-0.0755762
-0.0835735
-0.0794653
-0.0907663
-0.0594352
-0.0498931
-0.0203607
-0.0131006
-0.0154034
-0.0248499
-0.0259081
-0.0282398
-0.0330043
-0.0414363
-0.0542838
-0.0629792
-0.0631451
-0.0721388
-0.0654608
-0.0656358
-0.0568357
-0.0373236
-0.0440143
-0.0428758
-0.0354533
-0.0228128
-0.0305402
-0.0296765
-0.0462003
-0.0419192
-0.0416512
-0.0631045
-0.0614885
-0.050851
-0.0443623
-0.0976166
-0.107323
-0.0585381
-0.058366
0.00633044
0.0179792
0.0009273
-0.0357636
-0.0757925
-0.0109359
0.0048064
0.0120309
0.00260593
0.00369924
-0.0567087
-0.0410336
-0.0409472
-0.0740302
-0.0792773
-0.081577
-0.087831
-0.096763
-0.105982
-0.0756157
-0.0653528
-0.064427
-0.0481648
-0.0494038
-0.0564056
-0.061599
-0.074175
-0.0680034
-0.0583757
-0.0632049
-0.0471461
-0.0617617
-0.0454975
-0.0443412
-0.0460971
-0.0531013
-0.0492941
-0.0656033
-0.0437305
-0.0694836
-0.06975
-0.0639431
-0.0572329
-0.0480739
-0.049576
-0.0659902
-0.0316328
-0.0369293
-0.0358425
-0.0301861
-0.0365013
-0.0425069
-0.044701
-0.0505759
-0.0533434
-0.0400415
-0.0502707
-0.0564656
-0.0489
-0.0519862
-0.0304692
-0.0700055
-0.0194697
-0.0236487
-0.0393098
-0.0570602
-0.0751289
-0.0803372
-0.0924031
-0.0474974
-0.0425346
-0.0468399
-0.0564421
-0.063618
-0.0765765
-0.0765058
-0.0808465
-0.0816995
-0.0682508
-0.0620667
-0.0666186
-0.0598926
-0.0784376
-0.0854706
-0.0908931
-0.0781355
-0.0713798
-0.105616
-0.0799622
-0.0476278
-0.0591259
-0.11644
-0.0143645
-0.0388412
-0.0429305
-0.0461911
-0.0166431
-0.00585586
-0.000666426
0.00427685
-0.00133433
-0.0232715
-0.0421743
-0.0302882
-0.00796245
-0.0749648
-0.0486592
-0.0674978
-0.0636887
-0.0819341
-0.066937
-0.0595819
-0.0387924
-0.0716777
-0.150776
-0.0261732
0.0200221
0.0153202
0.00729354
-0.0137411
-0.0188668
-0.0154605
-0.00696535
-0.00602417
-0.0873544
-0.036303
-0.0106329
-0.00742046
-0.0129828
-0.0267798
-0.032584
-0.016354
-0.0113066
-0.01835
-0.0257278
-0.0310771
-0.0276288
-0.0284606
-0.0548362
-0.0507256
-0.0395171
-0.0477996
-0.0596303
-0.0770063
-0.0881958
-0.0811397
-0.0775792
-0.0848198
-0.0821391
-0.0413194
-0.0984101
-0.0870793
-0.0709415
-0.0768174
-0.0729133
-0.0747089
-0.0718791
-0.0679433
-0.0636528
-0.09853
-0.101908
-0.0553012
-0.0469933
-0.0514493
-0.0512687
-0.0493439
-0.0655011
-0.0760847
-0.076199
-0.0597083
-0.0491785
-0.0634881
-0.0699767
-0.060104
-0.0655636
-0.0456792
-0.0373694
-0.0314243
-0.0489562
-0.0438931
-0.0444344
-0.0515118
-0.0483388
-0.0444698
-0.0473719
-0.0474183
-0.0652217
-0.0609574
-0.105232
-0.0452502
-0.0321858
-0.0347303
-0.00541478
-0.00697831
-0.0180546
-0.0291394
-0.0393272
-0.0501547
-0.0547645
-0.064395
-0.0666672
-0.0685689
-0.0621412
-0.0558525
-0.06854
-0.0869478
-0.0883819
-0.074965
-0.0775494
-0.0715783
-0.0766489
-0.068118
-0.0716644
-0.0619705
-0.0818382
-0.0706868
-0.0548204
-0.0606164
-0.0382928
-0.0440361
-0.074077
-0.074762
-0.0655663
-0.0716237
-0.0333536
-0.0263687
-0.0446819
-0.0493761
-0.0597682
-0.0622766
-0.0745761
-0.0600942
-0.0510982
-0.0509226
-0.0436248
-0.0216725
-0.10675
-0.0733974
-0.0649116
-0.0596142
-0.0625938
-0.0695207
-0.0786318
-0.0594454
-0.0443463
-0.0440486
-0.064411
-0.06581
-0.0600686
-0.050155
-0.0507143
-0.0905667
-0.0844379
-0.0296966
-0.0399025
-0.0213149
-0.0332207
-0.0637832
-0.0285715
-0.0373853
-0.114287
-0.045251
-0.0161695
-0.0187482
-0.022784
-0.0241957
-0.0359976
-0.0220391
-0.021067
-0.0297179
-0.0468383
-0.0309715
-0.0331186
-0.0506542
-0.0528479
-0.0522782
-0.0533419
-0.051344
-0.0439023
-0.0481032
-0.0422292
-0.0418495
-0.0378869
-0.0126225
-0.00101345
-0.00279806
-0.00040862
-0.00616757
-0.0253938
-0.0374454
-0.0665762
-0.0605889
-0.0516477
-0.0776757
-0.0743763
-0.0548071
-0.0701632
-0.0635415
-0.0564493
-0.0560753
-0.0530429
-0.0617361
-0.0635288
-0.0638843
-0.0531288
-0.0577421
-0.0563743
-0.0435991
-0.0567503
-0.0606884
-0.0707121
-0.0594234
-0.0603904
-0.0792442
-0.0685252
-0.0606834
-0.0404033
-0.0678878
-0.0807388
-0.162688
-0.106614
-0.0303806
-0.064519
-0.0781103
-0.0266834
-0.00516253
-0.01938
-0.0272021
-0.0248074
-0.0394664
0.0102885
-0.0477748
0.0357828
-0.0380981
0.00389365
0.0565508
0.104234
-0.00950912
-0.0273084
0.0412246
0.00423883
0.0291439
0.0104513
-0.0343516
0.0112037
0.026308
0.0180027
-0.0241252
-0.0122007
0.0106666
-0.034799
-0.0283151
-0.0251249
-0.0235082
-0.0487094
0.00250828
-0.0613313
-0.00483037
-0.012274
-0.0420272
-0.0480831
-0.0310822
-0.0483427
-0.0492576
-0.0170094
-0.0433711
-0.084499
-0.0864265
-0.0563179
-0.0780928
-0.0518597
-0.0677895
-0.0547692
-0.0407369
-0.0448872
-0.0774314
-0.0772939
-0.042127
-0.0211895
0.012982
0.01754
-0.0116559
-0.0787948
-0.00533327
0.0263698
0.0591846
0.0724157
-0.0726923
-0.0256237
-0.0529036
-0.0312844
-0.0552901
-0.075907
-0.0581254
-0.0603109
-0.114413
-0.0226351
0.0122359
0.0267898
0.00993698
-0.038183
0.0389766
0.116068
-0.00619921
0.00920206
-0.0250769
-0.0217296
-8.18184e-05
-0.0174542
-0.0242148
-0.0170339
-0.0397386
-0.038672
-0.0453553
-0.0317511
-0.028093
-0.0170968
-0.0175354
-0.0269205
-0.0766986
-0.12046
-0.0612468
-0.038722
-0.0771427
-0.071516
-0.0172656
-0.0127726
-0.00507309
-0.0767233
-0.0354485
-0.0131601
0.0123025
-0.0175921
-0.020733
-0.0165607
0.0155179
-0.0484379
0.044024
0.0312106
0.039107
-0.00917112
-0.0146314
0.0185259
0.00882749
0.0305184
-0.0314601
0.0659801
0.0763106
-0.112958
-0.121344
-0.0464367
0.00639671
0.032322
0.0384962
0.0408053
0.0739009
0.0574217
0.0187803
0.0302784
0.0325833
0.00888603
0.00125112
-0.00263485
-0.0225094
-0.0336509
-0.0409759
-0.0350555
-0.0520708
-0.0662703
-0.0677246
-0.0169761
-0.00910545
0.00808463
-0.00240496
-0.140597
-0.00833079
0.0511961
0.0456323
0.000191774
0.0405005
-0.0849889
0.0169339
0.0655094
0.0363634
0.0316376
0.0356179
0.0379463
0.0904076
0.0624874
0.0325216
-0.0317371
-0.0166688
-0.025345
-0.00141828
-0.0168695
-0.020816
0.00705702
0.0263334
0.0589215
0.00335343
-0.0113327
-0.00372006
-0.0043315
-0.0660539
0.0052738
-0.0637665
-0.0430435
-0.0243369
0.0352566
0.0675288
-0.043424
-0.0375995
-0.0202468
-0.0331744
-0.0733525
-0.103546
-0.00938697
0.0346215
-0.00143396
0.013241
0.0135926
0.0319182
-0.00866569
0.0225047
0.0281007
-0.022762
-0.0560156
-0.0582405
-0.112536
-0.0472358
-0.0595349
-0.0959826
-0.0873277
-0.0843863
-0.00450472
0.047613
0.0445809
0.0722639
0.0924701
0.0833129
0.0191708
0.0191023
-0.0767429
-0.115765
-0.0683694
-0.0274008
0.0331304
0.0181724
-0.00239784
-0.00930794
0.0141914
0.00363061
0.00153192
0.067195
0.0928581
0.0705228
0.0631188
0.0660227
0.0327026
-0.0474052
0.0194371
0.0444689
0.034411
-0.000736535
-0.0894292
-0.0136924
0.00294034
-0.0503139
-0.0560555
-0.054734
-0.0706677
-0.0600371
0.00722725
0.00620432
0.0120266
0.0344535
0.0379505
-0.00636007
0.00786048
0.0127911
-0.0354047
-0.0292475
0.00254324
-0.0321167
-0.0222676
-0.0420236
0.0203702
0.0273618
-0.00600986
-0.00305309
-0.0499681
-0.00602479
-0.0167548
-0.128086
-0.0894595
-0.0117379
0.0119939
-0.0165392
0.00563355
0.0239276
0.00480128
-0.0142694
0.00386885
-0.0255912
-0.0306908
0.00335606
-0.00365132
0.0131093
-0.0581741
-0.0046629
0.00234921
-0.0128406
-0.00825113
0.000580458
-0.00330489
-0.0102301
-0.107967
-0.0257151
0.0294048
-0.0164724
-0.00428076
-0.0672981
0.00623354
-0.0169342
-0.0291289
-0.0352957
-0.020666
-0.00770167
0.023187
0.070682
0.0693133
0.046967
0.0447862
0.0735031
0.070514
-0.0465934
-0.022087
0.0173551
-0.0124478
-0.0264164
-0.0287366
-0.015665
0.0129813
-0.0296206
-0.0188193
-0.0226568
0.0439169
-0.028371
0.00724688
0.00743507
0.0191949
0.00171345
0.0312835
0.00430246
0.015051
-0.0157276
0.0636379
0.0895784
0.0698468
0.0506636
0.0160477
0.0143499
0.00464681
-0.050385
0.0241483
0.0230461
0.0388511
0.0181579
0.000461244
-0.0507376
-0.0549287
0.011554
0.0130922
0.00743131
-0.00278284
0.0059209
-0.0229867
-0.0546731
-0.00198642
0.0363182
0.0198738
0.0105914
-0.00112692
0.0223192
0.0394872
0.0105478
0.0094378
-0.0532507
-0.019938
0.0191235
-0.0163843
-0.0731327
-0.00650961
0.0251885
-0.00372976
-0.0359722
-0.00234845
0.0370317
0.0790175
0.0479483
0.0422981
-0.0344698
0.00272449
0.0514713
0.0467357
0.0255286
-0.00138877
0.00173101
-0.000957728
-0.0218394
-0.0320189
-0.0567747
-0.0500017
-0.0408777
-0.0690038
-0.0877066
-0.0377248
-0.0511051
0.00956516
0.0398895
0.0539416
0.00113663
0.0206018
-0.0262348
-0.00311315
-0.0121306
-0.0574283
-0.02145
-0.0215637
-0.0209114
-0.00943075
-0.00882539
-0.000532232
0.012535
0.022604
0.0023273
-0.0184686
-0.00703704
0.0754315
0.0803894
0.0654682
-0.0391012
-0.0127845
-0.0316579
-0.0216164
-0.0504287
-0.014932
0.0186211
-0.00146272
-0.0396823
0.00237648
0.0124445
-0.0166556
0.00501192
0.0151607
0.0058038
0.0137468
0.0287941
0.0314177
-0.00415218
-0.00621755
0.00109496
-0.00588252
-0.0134831
-0.0207339
-0.0113802
0.0165912
0.0618043
-0.0017348
-0.0590648
-0.0533264
-0.0373033
-0.040494
-0.0622208
-0.0734055
-0.00614209
-0.0493094
0.00883471
0.0269475
0.017556
0.0353589
0.0285936
-0.00755355
0.00360833
-0.00388703
-0.0236303
-0.0332409
-0.0400174
-0.0379393
-0.0484241
-0.0359215
-0.00227521
-0.00997128
-0.0423065
-0.112479
-0.03794
-0.0290172
-0.0804886
-0.0522679
-0.0219625
-0.0166176
0.0458172
0.0219304
-0.00186209
-0.0178516
0.0112335
0.0286127
0.0132309
0.00139578

