0
-3.21873e-008
-3.21881e-008
-3.21889e-008
-3.21897e-008
-3.21905e-008
-3.21912e-008
-3.2192e-008
-3.21928e-008
-3.21936e-008
-3.21944e-008
-3.21952e-008
-3.2196e-008
-3.21968e-008
-3.21976e-008
-3.21984e-008
-3.21992e-008
-3.22e-008
-3.22008e-008
-3.22016e-008
-3.22024e-008
-3.22032e-008
-3.22039e-008
-3.22047e-008
-3.22055e-008
-3.22063e-008
-3.22071e-008
-3.22079e-008
-3.22087e-008
-3.22095e-008
-3.22102e-008
-3.2211e-008
-3.22118e-008
-3.22126e-008
-3.22134e-008
-3.22142e-008
-3.22149e-008
-3.22157e-008
-3.22165e-008
-3.22173e-008
-3.22181e-008
-3.22188e-008
-3.22196e-008
-3.22204e-008
-3.22212e-008
-3.2222e-008
-3.22227e-008
-3.22235e-008
-3.22243e-008
-3.22251e-008
-3.22258e-008
-3.22266e-008
-3.22274e-008
-3.22282e-008
-3.22289e-008
-3.22297e-008
-3.22305e-008
-3.22312e-008
-3.2232e-008
-3.22328e-008
-3.22336e-008
-3.22343e-008
-3.22351e-008
-3.22359e-008
-3.22366e-008
-3.22374e-008
-3.22382e-008
-3.22389e-008
-3.22397e-008
-3.22405e-008
-3.22412e-008
-3.2242e-008
-3.22428e-008
-3.22435e-008
-3.22443e-008
-3.2245e-008
-3.22458e-008
-3.22466e-008
-3.22473e-008
-3.22481e-008
-3.22488e-008
-3.22496e-008
-3.22504e-008
-3.22511e-008
-3.22519e-008
-3.22526e-008
-3.22534e-008
-3.22542e-008
-3.22549e-008
-3.22557e-008
-3.22564e-008
-3.22572e-008
-3.22579e-008
-3.22587e-008
-3.22594e-008
-3.22602e-008
-3.22609e-008
-3.22617e-008
-3.22624e-008
-3.22632e-008
-3.22639e-008
0.0151582
0.0151579
0.0153354
0.0156927
0.0161131
0.0165928
0.0171282
0.0177151
0.0183485
0.0190229
0.0197308
0.0204624
0.0212039
0.0219351
0.0226251
0.0232244
0.0236472
0.023728
0.0230883
0.0206244
0.0114271
-0.0674675
0.229777
0.151687
0.0435105
0.0269213
0.0241736
0.0241771
0.0248106
0.0256047
0.0264454
0.0273014
0.0281618
0.0290206
0.029873
0.0307139
0.0315375
0.0323367
0.0331025
0.0338233
0.0344823
0.0350547
0.0354986
0.0357372
0.0356095
0.0347184
0.0318103
0.0206808
-0.106596
0.197747
0.128457
0.0443962
0.0311339
0.0291029
0.029344
0.030089
0.0309448
0.0318174
0.0326822
0.0335321
0.0343641
0.0351769
0.0359693
0.0367402
0.0374886
0.0382134
0.0389135
0.0395877
0.0402344
0.040852
0.0414382
0.0419898
0.0425023
0.0429684
0.043376
0.0437046
0.0439161
0.0439356
0.0435977
0.042475
0.0391419
0.0258106
-0.194284
0.185842
0.110956
0.0442216
0.0335988
0.0321326
0.0325173
0.0332969
0.0341498
0.0350009
0.0358317
0.0366376
0.0374176
0.0381716
0.0388999
0.0396027
0.0402805
0.0409337
0.0415627
0.042168
0.0427499
0.0433091
0.043846
0.044361
0.0448547
0.0453274
0.0457795
0.0462109
0.0466216
0.047011
0.0473777
0.0477193
0.0480317
0.0483075
0.0485344
0.0486897
0.0487312
0.0485719
0.0480126
0.0465076
0.0420488
0.0210289
-0.579767
0.211504
0.0829277
0.0413263
0.0345454
0.0338436
0.0343875
0.0351872
0.036023
0.036844
0.0376382
0.038403
0.0391385
0.0398454
0.0405244
0.0411765
0.0418025
0.0424033
0.0429797
0.0435327
0.0440631
0.0445716
0.0450593
0.0455269
0.0459754
0.0464054
0.0468178
0.0472135
0.0475931
0.0479573
0.0483067
0.0486417
0.0489628
0.0492699
0.0495628
0.0498408
0.0501022
0.0503445
0.0505631
0.0507501
0.0508919
0.0509642
0.0509203
0.050663
0.0499635
0.0481685
0.0426941
0.0126026
0.0811881
0.223103
0.0706592
0.0400113
0.0350107
0.0346645
0.035277
0.0360799
0.036902
0.0377037
0.0384761
0.0392176
0.0399287
0.0406104
0.0412636
0.0418895
0.042489
0.0430633
0.0436134
0.0441402
0.0446447
0.0451279
0.0455908
0.0460342
0.046459
0.0468663
0.0472568
0.0476314
0.0479909
0.0483361
0.0486677
0.0489865
0.0492931
0.0495878
0.0498713
0.0501436
0.0504048
0.0506545
0.050892
0.0511157
0.0513231
0.0515095
0.0516676
0.0517844
0.0518367
0.0517804
0.0515244
0.0508563
0.0491796
0.0442067
0.0188656
-0.250496
0.222383
0.0764144
0.0411892
0.0354361
0.0349376
0.0355156
0.0363086
0.0371257
0.037923
0.0386907
0.039427
0.0401325
0.0408081
0.0414549
0.0420741
0.0426669
0.0432343
0.0437773
0.044297
0.0447945
0.0452707
0.0457266
0.0461631
0.0465813
0.0469819
0.047366
0.0477343
0.0480878
0.0484271
0.0487532
0.0490666
0.0493682
0.0496584
0.0499379
0.0502069
0.0504658
0.0507147
0.0509532
0.0511808
0.0513963
0.0515975
0.0517807
0.0519399
0.0520646
0.0521367
0.0521223
0.0519542
0.0514837
0.0503267
0.0472115
0.0353882
-0.130117
0.192926
0.123928
0.0485283
0.0366903
0.0350104
0.0353416
0.0360875
0.0369022
0.0377073
0.0384847
0.0392309
0.0399458
0.0406302
0.0412854
0.0419125
0.0425126
0.0430868
0.0436363
0.044162
0.0446652
0.0451467
0.0456075
0.0460487
0.0464712
0.0468759
0.0472637
0.0476355
0.0479922
0.0483346
0.0486635
0.0489796
0.0492836
0.0495762
0.049858
0.0501294
0.0503908
0.0506425
0.0508844
0.0511163
0.0513375
0.0515466
0.0517413
0.0519178
0.0520694
0.0521852
0.0522453
0.0522131
0.0520148
0.0514841
0.050181
0.0465835
0.0318136
-0.281695
0.191753
0.104476
0.045663
0.0362515
0.0350344
0.0354615
0.0362253
0.0370403
0.0378416
0.0386143
0.0393555
0.0400655
0.0407451
0.0413957
0.0420182
0.0426138
0.0431838
0.0437291
0.0442509
0.0447501
0.0452279
0.0456852
0.0461229
0.0465421
0.0469436
0.0473284
0.0476974
0.0480513
0.0483911
0.0487175
0.0490312
0.049333
0.0496235
0.0499032
0.0501727
0.0504324
0.0506824
0.0509228
0.0511533
0.0513732
0.0515811
0.0517749
0.0519507
0.0521021
0.0522181
0.0522794
0.0522502
0.0520584
0.0515426
0.0502783
0.0468137
0.0328942
-0.230313
0.190072
0.109063
0.0463628
0.0363749
0.035047
0.0354509
0.03621
0.0370247
0.0378265
0.0385999
0.0393419
0.0400526
0.0407329
0.0413841
0.0420071
0.0426033
0.0431737
0.0437195
0.0442417
0.0447413
0.0452195
0.0456771
0.0461151
0.0465346
0.0469364
0.0473214
0.0476905
0.0480447
0.0483846
0.0487111
0.049025
0.0493269
0.0496175
0.0498974
0.0501671
0.0504269
0.0506771
0.0509177
0.0511484
0.0513687
0.0515773
0.051772
0.0519491
0.0521025
0.0522218
0.0522886
0.0522691
0.0520956
0.0516185
0.0504508
0.047307
0.0353245
-0.13643
0.192244
0.122606
0.0483781
0.0367085
0.0350603
0.0353976
0.0361439
0.0369578
0.0377616
0.0385376
0.0392822
0.0399955
0.0406783
0.0413318
0.0419571
0.0425555
0.043128
0.0436757
0.0441998
0.0447013
0.0451811
0.0456403
0.0460799
0.0465009
0.046904
0.0472904
0.0476608
0.0480161
0.0483571
0.0486847
0.0489996
0.0493024
0.0495939
0.0498746
0.0501451
0.0504057
0.0506566
0.050898
0.0511297
0.0513509
0.0515606
0.0517567
0.0519358
0.0520919
0.0522153
0.0522887
0.0522805
0.052128
0.0516943
0.0506325
0.0478272
0.0377246
-0.0723012
0.210535
0.142169
0.0512605
0.0371875
0.0350894
0.0353334
0.0360614
0.0368737
0.0376798
0.038459
0.0392069
0.0399234
0.0406093
0.0412657
0.0418939
0.042495
0.0430702
0.0436204
0.0441469
0.0446506
0.0451326
0.0455939
0.0460355
0.0464583
0.0468633
0.0472513
0.0476233
0.0479801
0.0483226
0.0486515
0.0489676
0.0492717
0.0495643
0.0498461
0.0501176
0.0503792
0.0506311
0.0508735
0.0511062
0.0513286
0.0515396
0.0517373
0.0519184
0.0520774
0.052205
0.0522851
0.0522882
0.0521563
0.0517649
0.0508036
0.0483082
0.0397844
-0.0338777
0.249647
0.16657
0.0549623
0.0378051
0.035142
0.0352694
0.0359741
0.0367839
0.0375923
0.0383747
0.0391261
0.039846
0.0405353
0.0411949
0.0418262
0.0424302
0.0430081
0.043561
0.0440901
0.0445963
0.0450806
0.0455441
0.0459878
0.0464127
0.0468195
0.0472094
0.0475831
0.0479416
0.0482856
0.0486159
0.0489334
0.0492388
0.0495326
0.0498156
0.0500882
0.0503508
0.0506038
0.0508473
0.051081
0.0513046
0.051517
0.0517163
0.0518994
0.0520613
0.0521931
0.0522797
0.0522935
0.0521813
0.0518293
0.05096
0.0487376
0.0414995
-0.0102832
0.297849
0.193065
0.0595881
0.0385757
0.035224
0.03521
0.0187422
0.0179037
0.0171378
0.0164127
0.0157202
0.0150574
0.014423
0.0138155
0.0130068
0.0122189
0.0114886
0.0108111
0.0101821
0.00959761
0.0090539
0.00854772
0.00807607
0.00763623
0.00722571
0.00684224
0.00648375
0.00614835
0.00583431
0.00554004
0.00526409
0.00500512
0.00476192
0.00453336
0.00431842
0.00411612
0.00392562
0.00374608
0.00357678
0.00341703
0.00326618
0.00312366
0.00298892
0.00286146
0.00274081
0.00262655
0.00251826
0.00241559
0.00231817
0.0022257
0.00213788
0.00205442
0.00197507
0.00189958
0.00182773
0.00175931
0.00169413
0.001632
0.00157274
0.00151621
0.00146224
0.0014107
0.00136146
0.00131439
0.00126938
0.00122632
0.0011851
0.00114564
0.00110784
0.00107161
0.00103688
0.00100357
0.000971609
0.000940935
0.000911481
0.00088319
0.000856005
0.000829874
0.000804746
0.000780575
0.000757316
0.000734927
0.000713369
0.000692603
0.000672594
0.000653308
0.000634713
0.000616779
0.000599477
0.000582779
0.00056666
0.000551095
0.000536061
0.000521535
0.000507497
0.000493926
0.000480802
0.000468109
0.000455829
0.000443944
0.00043244
0.000421301
0.000410513
0.000400063
0.000389937
0.000380124
0.000370611
0.000361387
0.000352441
0.000343763
0.000335343
0.000327171
0.00031924
0.000311539
0.000304061
0.000296798
0.000289742
0.000282886
0.000276224
0.000269747
0.000263451
0.000257329
0.000251375
0.000245584
0.000239949
0.000234467
0.000229131
0.000223937
0.000218881
0.000213958
0.000209164
0.000204495
0.000199947
0.000195515
0.000191198
0.00018699
0.000182888
0.00017889
0.000174992
0.000171192
0.000167485
0.000163871
0.000160345
0.000156905
0.000153549
0.000150274
0.000147078
0.000143958
0.000140914
0.000137941
0.000135039
0.000132206
0.000129438
0.000126736
0.000124096
0.000121518
0.000118999
0.000116538
0.000114134
0.000111784
0.000109488
0.000107244
0.00010505
0.000102906
0.000100809
9.876e-005
9.67562e-005
9.47968e-005
9.28807e-005
9.10069e-005
8.91742e-005
8.73816e-005
8.56281e-005
8.39128e-005
8.22347e-005
8.05929e-005
7.89866e-005
7.74147e-005
7.58766e-005
7.43714e-005
7.28983e-005
7.14566e-005
7.00454e-005
6.86642e-005
6.73121e-005
6.59885e-005
6.46927e-005
6.3424e-005
6.2182e-005
6.09658e-005
5.9775e-005
5.86089e-005
5.7467e-005
5.63487e-005
5.52536e-005
5.4181e-005
5.31304e-005
5.21015e-005
5.10936e-005
5.01063e-005
4.91392e-005
4.81918e-005
4.72637e-005
4.63545e-005
4.54637e-005
4.45909e-005
4.37357e-005
4.28979e-005
4.20769e-005
4.12724e-005
4.04841e-005
3.97116e-005
3.89546e-005
3.82127e-005
3.74857e-005
3.67732e-005
3.60748e-005
3.53904e-005
3.47196e-005
3.40621e-005
3.34177e-005
3.2786e-005
3.21668e-005
3.15599e-005
3.09649e-005
3.03817e-005
2.981e-005
2.92495e-005
2.87001e-005
2.81614e-005
2.76333e-005
2.71156e-005
2.66081e-005
2.61104e-005
2.56226e-005
2.51442e-005
2.46752e-005
2.42153e-005
2.37645e-005
2.33224e-005
2.28889e-005
2.24638e-005
2.2047e-005
2.16384e-005
2.12376e-005
2.08446e-005
2.04593e-005
2.00814e-005
1.97109e-005
1.93475e-005
1.89912e-005
1.86417e-005
1.8299e-005
1.79629e-005
1.76333e-005
1.73101e-005
1.69931e-005
1.66823e-005
1.63774e-005
1.60784e-005
1.57851e-005
1.54975e-005
1.52155e-005
1.49388e-005
1.46675e-005
1.44014e-005
1.41404e-005
1.38844e-005
1.36333e-005
1.33871e-005
1.31456e-005
1.29087e-005
1.26763e-005
1.24485e-005
1.22249e-005
1.20057e-005
1.17906e-005
1.15797e-005
1.13728e-005
1.11699e-005
1.09709e-005
1.07756e-005
1.05841e-005
1.03963e-005
1.02121e-005
1.00313e-005
9.85407e-006
9.68018e-006
9.50962e-006
9.34232e-006
9.17821e-006
9.01724e-006
8.85934e-006
8.70445e-006
8.55251e-006
8.40348e-006
8.25729e-006
8.11389e-006
7.97322e-006
7.83524e-006
7.69989e-006
7.56711e-006
7.43687e-006
7.30911e-006
7.18379e-006

